hdok,plok,none,nums,totalNums,average_rssi,snr,sf,tp,serial_size,rssi_0,rssi_1,rssi_2,rssi_3,rssi_4,rssi_5,rssi_6,rssi_7,rssi_8,rssi_9,rssi_10,rssi_11,rssi_12,rssi_13,rssi_14,rssi_15,rssi_16,rssi_17,rssi_18,rssi_19,rssi_20,rssi_21,rssi_22,rssi_23,rssi_24,rssi_25,rssi_26,rssi_27,rssi_28,rssi_29,rssi_30,rssi_31,rssi_32,location_id,realtime_average_rssi,median_rssi,mode_rssi,rssi_variance,rssi_skewness,rssi_kurtosis
HDOK,PLOK,17472,1,1,-129,-13,11,2,33,-116.0,-116.99009910792962,-115.99949776482947,-116.66523273309721,-117.24951610341509,-117.19941293261881,-116.99801263418765,-117.28731249479044,-117.37784062619407,-117.3349580866483,-117.300547306453,-117.27230107975159,-117.42216773964684,-117.46877893758332,-117.43338618572716,-117.40258823546561,-117.30830701922174,-117.28861767859445,-117.27103743919017,-117.3135376024978,-117.35196739900756,-117.33299268443338,-117.36771189737559,-117.39956624244665,-117.3311713521594,-117.26794087298802,-117.20929043241736,-117.15472235589576,-117.19199099980295,-117.14056255830246,-117.21917697550117,-117.29305132918132,-117.24035691739992,point1,-117.18435314317435,-117.28731249479044,-117.46877893758332,0.11275124911133284,2.824717258227087,7.95649836816872
HDOK,PLOK,17472,2,2,-131,-15,11,2,33,-116.0,-117.98019821585925,-117.4922900180888,-116.99567990170274,-116.74650765358552,-117.19901196242631,-114.47894303970814,-114.84325174596624,-115.11720966990697,-115.44438827845843,-115.70693035975121,-115.9224390783786,-116.10265399453282,-116.17503896703812,-116.31282329949934,-116.4327200239814,-116.470852274586,-116.44078234350606,-116.53575718987733,-116.56282359397727,-116.53131539153802,-116.61049281343463,-116.68281975014014,-116.74917860463334,-116.71256726969582,-116.77372016958809,-116.78418707070993,-116.79392542315543,-116.84710175432123,-116.89684353927909,-116.90120485031758,-116.98826972597162,-117.02949974559127,point1,-116.46246750664261,-116.61049281343463,-117.98019821585925,0.5048171970865378,0.9239246655888707,1.4705646971500363
HDOK,PLOK,17472,3,3,-129,-13,11,2,33,-115.0,-116.98019821585925,-117.98558450651863,-117.9903817508939,-117.74253538285687,-117.79423462595246,-117.99670159922489,-117.85267190221361,-117.49031525231122,-117.54816127212332,-117.49184778754572,-117.44562263825536,-117.40696776871394,-117.4548050817402,-117.42046735427331,-117.39058746172024,-117.36433238556215,-117.277202338585,-117.26031742876422,-117.12853581882415,-117.12134007819859,-117.1147985821489,-117.10882306085239,-117.1033406117636,-117.09829049724281,-117.09362171044195,-117.04303465508194,-116.9959687118251,-117.04023687011802,-116.99535585924599,-116.9955522070287,-116.99573671600378,-117.0774144285754,point1,-117.26681771395351,-117.26031742876422,-117.99670159922489,0.25943608768616466,2.4393494448696993,11.1965934472098
HDOK,PLOK,17472,4,4,-129,-13,11,2,33,-116.0,-116.0,-116.49776482947661,-115.33376495143543,-115.75074588299036,-115.80079644656233,-116.17007731716805,-116.29000640391179,-116.50721594362516,-116.44965011757876,-116.50618844159418,-116.5525981512373,-116.6781508607158,-116.78477864199559,-116.87652770434872,-116.8853020809795,-116.89301201254206,-116.963707333104,-116.96591798692035,-117.0845095612818,-117.07977851518955,-116.96765675671267,-116.91728807228117,-116.97183453490631,-117.02207957658386,-116.92603103982512,-116.9757090287719,-117.02192918118527,-117.0209623144398,-116.97691290410779,-116.97788899426693,-116.97880623098011,-117.02042190683066,point1,-116.66206102192572,-116.89301201254206,-116.0,0.2019694954597934,1.354385629262944,1.0760848056315546
HDOK,PLOK,17472,5,5,-131,-15,11,2,33,-115.0,-115.99009910792962,-115.9950274237827,-115.9966822171701,-116.49801923802116,-116.59881765347264,-116.83409821037887,-116.71356573344501,-116.87697324301061,-117.00442973122007,-117.10670625790662,-117.19066035434459,-117.08737830196613,-117.08032987700314,-117.07426498121652,-117.14005097533175,-117.26507573439021,-117.31201003461268,-117.23209306410126,-117.21856151439326,-117.15034354469361,-117.14223845923208,-117.13483463135883,-117.12804173290478,-117.07291587446267,-117.11695225895578,-117.11154246291589,-117.10650921574165,-117.1459035971087,-117.18275357911287,-117.1750270131146,-117.16776632112413,-117.32393746062954,point1,-116.91435181227429,-117.11154246291589,-117.32393746062954,0.24323926332909446,2.3936292055221724,6.137973250160222
HDOK,PLOK,17472,6,6,-130,-14,11,2,33,-116.0,-116.0,-116.99552965895323,-117.32980123279411,-117.24726736375989,-117.39841709446374,-117.3315165971097,-117.2836103480648,-117.24758514112716,-117.21948578158428,-117.29966925611376,-117.36548818222973,-117.33378445627378,-117.38752514662222,-117.35826704594233,-117.33280732658655,-117.17599729036078,-117.16475761567501,-117.09381006377437,-117.1466429832518,-117.13843356052674,-117.13097054745822,-117.1241532394314,-117.11789846393566,-117.06326829319111,-117.06026305687173,-117.1037319495537,-117.09905114433997,-117.09468393807022,-117.09059880037128,-117.08676840966795,-117.04168570759158,-117.03998693215115,point1,-117.11828656448027,-117.13843356052674,-116.0,0.09397386780992152,2.9491931807494094,9.37200217684318
HDOK,PLOK,17472,7,7,-129,-13,11,2,33,-117.0,-116.00990089207038,-116.5027374056939,-116.33543448298654,-116.75199760864905,-116.801796824017,-117.00299398527926,-117.14706767225871,-117.12838660732893,-116.88682808627514,-117.00118601811688,-117.0950571843495,-117.26029860096851,-117.07797021137513,-116.9965835936311,-117.06788990101401,-117.06332637889368,-117.05928218084759,-117.11658305220485,-116.99318148097335,-116.93758082119949,-116.88703543397709,-116.94496771277385,-116.94774021072229,-116.90142544135499,-116.9536076008012,-116.9094971007692,-116.91358095771396,-116.9173912093351,-116.96410035635704,-116.92333954024328,-116.92651966642057,-116.88876214842874,point1,-116.9186075868797,-116.94774021072229,-117.26029860096851,0.05432362870450103,2.3499368674949084,6.924443024649452
HDOK,PLOK,17472,8,8,-129,-13,11,2,33,-115.0,-117.97029732378887,-117.9850822713481,-117.9900466515103,-117.24177740869635,-117.39402952979684,-117.32786577356778,-117.56949976530863,-117.37013625752546,-117.32812811546688,-117.39715058920207,-117.3598253317922,-117.41535632631296,-117.4625169711338,-117.35209712055001,-117.3270758578447,-117.30508999706115,-117.28560610438404,-117.14638558714257,-117.13785097687051,-117.13013375155842,-117.17702861690232,-117.1678138840146,-117.10898002918516,-117.10365432403913,-117.05123087634747,-117.04886111799942,-117.09178035220846,-117.04364330108078,-117.08490530268323,-117.12359422799899,-117.15995040100296,-117.07192812896376,point1,-117.23422188706932,-117.24177740869635,-117.9900466515103,0.21997600961723562,3.0372541969508413,15.657366258083625
HDOK,PLOK,17472,9,9,-128,-12,11,2,33,-117.0,-117.99009910792962,-117.4972625943061,-116.99899768453264,-116.99924851735341,-116.59779671300831,-116.66533297164548,-116.71369447796899,-116.75006203560196,-116.77842842581852,-116.59572762803731,-116.72770484066687,-116.83806818215854,-116.77046489206361,-116.86329464076773,-116.94407293105156,-117.01505177274436,-117.07795329602344,-117.07320501583105,-117.12723925613018,-117.12011610016573,-117.05973015717632,-117.10867329188302,-117.15357786689174,-117.09720409246721,-117.42508606810283,-117.45167954427693,-117.43129793595966,-117.41228183006203,-117.39449393402711,-117.37781528164736,-117.2791757398816,-117.10479082303144,point1,-117.07392811058219,-117.07320501583105,-117.99009910792962,0.09307601812545159,-0.6816767304431697,0.8621684584114093
HDOK,PLOK,17472,10,10,-130,-14,11,2,33,-117.0,-117.0,-117.0,-117.3327839162404,-117.49975698789328,-117.1986037577456,-117.1652550627368,-117.4303873326283,-117.37571798495793,-117.44657007534168,-117.50342481702437,-117.45611162804055,-117.41654690676145,-117.38294589198077,-117.2785336480397,-117.18767653953732,-117.24228047952433,-117.22680777669473,-117.15208063412204,-117.20151624777205,-117.19023488928327,-117.23388967632125,-117.16966297682396,-117.16111544447739,-117.20211058668541,-117.19251035811904,-116.99857972236212,-116.99864381103491,-117.08688444020362,-117.08313581177349,-117.07962094580147,-116.99335147873074,-116.99362241918732,point1,-117.20849582569224,-117.19251035811904,-117.0,0.025190934017399667,-0.3127343272756174,-0.9237934649012862
HDOK,PLOK,17472,11,11,-131,-14,11,2,33,-117.0,-117.0,-117.0,-116.6672160837596,-116.50024301210672,-116.60059489071631,-116.49974556106768,-116.57203549751807,-116.75342068692501,-116.89489961476912,-117.00842834557372,-117.0076362274789,-117.00697383434255,-116.84508004428537,-116.93227635821763,-116.93708903896251,-117.00853733407264,-116.88026657386416,-116.88755975945976,-116.83581302135511,-116.7330398452899,-116.80134221471468,-116.81168279387923,-116.87154959539035,-116.87782679118443,-116.83613012415053,-116.75119726724789,-116.80754829860847,-116.86012399151323,-116.82301394924947,-116.83049667220645,-116.83752822369424,-116.84414927151369,point1,-116.83404378554901,-116.84414927151369,-117.0,0.019299039948435227,0.8849082598919383,0.4779511493881574
HDOK,PLOK,17472,12,12,-128,-12,11,2,33,-116.0,-116.0,-116.99552965895323,-116.33144948407289,-116.49875650186907,-117.00100957681964,-117.00084005299074,-116.85621232318564,-116.7474531529516,-116.66262191150221,-116.59454970229703,-116.5386723568151,-116.66543303851144,-116.61175546943183,-116.56556800709004,-116.52537675059519,-116.55728066656997,-116.58555395006573,-116.67171048872052,-116.69085050851257,-116.70815743179371,-116.72389079075799,-116.68621066653044,-116.7523986884232,-116.81336726014179,-116.77473241308198,-116.73889604380038,-116.70555406508399,-116.67444589205671,-116.77478190417119,-116.82658241349995,-116.83377634121945,-116.79979829806967,point1,-116.66403684271467,-116.69085050851257,-116.0,0.04887487523229929,1.4548289265059726,3.29776929331134
HDOK,PLOK,17472,13,13,-131,-15,11,2,33,-113.0,-116.9603964317185,-115.98458003617758,-116.3224954683671,-116.49204325874418,-116.79484301044933,-116.66137636592941,-116.42129695320189,-116.6218294949164,-116.77824319711769,-116.80102462830256,-116.81972485730574,-116.8353625550441,-116.92930875742107,-116.93464593749981,-117.01035375308874,-117.14409668869204,-117.13489427483172,-117.06576575454409,-117.12023372057426,-117.22546750448885,-117.32113331814061,-117.30441761533622,-117.3394606933484,-117.32287171300989,-117.26003546570018,-117.2942635964182,-117.280985232498,-117.22450605927801,-117.25796473872357,-117.24705834997512,-117.27829282807275,-117.34845581745846,point1,-116.86477054776896,-117.06576575454409,-117.34845581745846,0.577954278717856,4.169282431311508,20.501295376852624
HDOK,PLOK,17472,14,14,-130,-13,11,2,33,-116.0,-116.99009910792962,-117.49279225325931,-117.32879891732674,-117.24651588111328,-117.39781651054822,-117.33101686068092,-117.42768916354139,-117.5003861453573,-117.55708918201891,-117.7053217190978,-117.45106846532643,-117.41194120565736,-117.37871171261494,-117.42561890153415,-117.32430939636913,-117.30250949561719,-117.34705317211134,-117.3868253773638,-117.36427258440386,-117.45584449272036,-117.43126971913628,-117.35676894980931,-117.38917459487547,-117.37015616408468,-117.40007367056006,-117.38156768377554,-117.36434980624317,-117.30419505419408,-117.33421555263496,-117.32008538600502,-117.30680719907218,-117.29430419588851,point1,-117.33571662184458,-117.37015616408468,-117.7053217190978,0.06769921778739527,4.235052861294035,21.60831972123879
HDOK,PLOK,17472,15,15,-128,-12,11,2,33,-118.0,-116.01980178414075,-116.5077099819112,-117.33710401453767,-117.50299596704475,-117.40199369704395,-117.50240836208854,-117.42980717009306,-117.12116432007566,-117.10741293023831,-117.09637822804751,-118.49705981861281,-118.45394310776082,-118.33665988452437,-118.16024235200555,-118.07779144003554,-118.00534288724268,-118.00500167565716,-118.00469701429371,-117.8295163936929,-117.83906047115799,-117.84773679070376,-117.75155798486398,-117.71369488528737,-117.62994895736318,-117.55252657786878,-117.57322510877883,-117.59248291839789,-117.56636009939176,-117.58506948919789,-117.51805496570901,-117.53804761934602,-117.51612110941406,point1,-117.62487630322809,-117.58506948919789,-118.49705981861281,0.24400958224235506,1.0286567983711785,2.6161323906656677
HDOK,PLOK,17472,16,16,-129,-13,11,2,33,-115.0,-115.99009910792962,-115.9950274237827,-115.9966822171701,-116.49801923802116,-116.59881765347264,-116.66618248014622,-116.71442122710819,-116.87772006879034,-117.00509179696127,-117.00456870851224,-117.00413932926445,-117.00378026933578,-116.84214409018209,-116.77856231544492,-116.93642550899195,-116.87347949698562,-116.94542221811946,-116.94874665228541,-117.01003709620879,-117.00947519570812,-117.11678524806179,-117.11070631638992,-117.0547495110538,-117.05207397724323,-116.95460071005961,-116.9567007199365,-116.91353051309926,-116.96143340596028,-117.00624235278518,-116.83686402326556,-116.88511470137412,-116.849044518006,point1,-116.76959660883807,-116.93642550899195,-117.11678524806179,0.18522971147306372,2.671286243860651,8.030647708254156
HDOK,PLOK,17472,17,17,-128,-12,11,2,33,-116.0,-116.0,-116.49776482947661,-116.66490061639705,-116.74876036551144,-117.00001097521478,-117.16792486253622,-117.28816499261399,-117.12453763999663,-116.99690967604894,-116.99722714997314,-116.99748774971496,-116.99770567111008,-117.07855636526473,-117.07262536939518,-117.0674643546051,-117.06292943748228,-116.99504781801676,-116.9953494646285,-116.99562060134167,-116.99586577048697,-116.99608864858652,-117.04834446523408,-117.04590889627201,-117.04366539122844,-117.04159129039529,-117.03966742504987,-116.99275342483429,-116.993072929356,-116.90708181485049,-116.82645306011925,-116.83365235383934,-116.88118333869666,point1,-116.92103990146298,-116.99690967604894,-116.0,0.07451623570660233,2.438171019259187,6.298037266656152
HDOK,PLOK,17472,18,18,-128,-12,11,2,33,-116.0,-116.0,-116.99552965895323,-117.32980123279411,-117.24726736375989,-117.39841709446374,-117.3315165971097,-117.2836103480648,-117.24758514112716,-117.44647322852838,-117.40060631937652,-117.55092154602376,-117.4163891751702,-117.30213526321555,-117.27932408818043,-117.25947433371675,-117.30925206513614,-117.28950237125784,-117.27186824357861,-117.31431996911442,-117.24074121353281,-117.22776275068111,-117.32001163762315,-117.40464857573477,-117.38487395263877,-117.31909260640167,-117.30433251596922,-117.29059980166483,-117.23369671807988,-117.26675886662998,-117.29775927733128,-117.3268905154169,-117.35432106481129,point1,-117.23168131927537,-117.30213526321555,-116.0,0.10558570311346635,3.401981241274837,11.399165683806691
HDOK,PLOK,17472,19,19,-130,-14,11,2,33,-116.0,-116.99009910792962,-117.49279225325931,-116.99601500108633,-116.99701226048302,-117.39921490569228,-117.50009617351584,-117.5723354442457,-117.62665893500005,-117.55553707911987,-117.49846586608777,-117.35763610102559,-117.32661349211469,-117.38093263273798,-117.35217226604165,-117.32714566323277,-117.3723745647887,-117.34859369315765,-117.38827206240903,-117.48223944048533,-117.51122490715521,-117.42975411937334,-117.5114889067269,-117.53609984100129,-117.55877000802639,-117.62722825935582,-117.5982149082341,-117.57122103148306,-117.45785482370813,-117.48124567270641,-117.50317788090818,-117.48230441946544,-117.5441535310008,point1,-117.38718015913814,-117.48223944048533,-117.62722825935582,0.08621330063343233,3.479500027453552,14.770474516151355
HDOK,PLOK,17472,20,20,-126,-10,11,2,33,-117.0,-117.0,-117.0,-117.66556783248082,-117.49900724126054,-117.59960726432622,-117.66683950291673,-117.71498330592492,-117.75118715199329,-117.66593212508921,-117.59751985234568,-117.54136336434671,-117.40766010367307,-117.37477594837945,-117.34648041059135,-117.17973124009383,-117.23486925877621,-117.21986985704154,-117.14556531605399,-117.13707852943857,-117.12940454756956,-117.12242829249124,-117.22016007204734,-117.15868904354686,-117.15093412677764,-117.14376477390358,-116.9983453833247,-117.04354409184478,-116.99753379755664,-116.95449521038536,-116.95641908931513,-116.95822696778781,-116.9599293018801,point1,-117.25884584858069,-117.15868904354686,-117.0,0.06711365729316533,-0.5802775936806859,-1.0908062859441698
HDOK,PLOK,17472,21,21,-129,-13,11,2,33,-117.0,-116.00990089207038,-116.0049725762173,-116.33610169907031,-116.50224448439816,-116.60219446466655,-116.66899227162266,-117.00583765956044,-116.49700174567747,-116.44059516698843,-116.49806372056648,-116.63921964420672,-116.67051499679673,-116.69709310908839,-116.71996254191919,-116.88199004196656,-116.62104478850685,-116.58138314727474,-116.54597001886043,-116.51413873394937,-116.59732077903126,-116.67293982196557,-116.68996403099759,-116.65520400271491,-116.67205371206812,-116.68763112131357,-116.70208019598718,-116.67039949726343,-116.59675088667912,-116.65729405768207,-116.67178318612581,-116.68539869123684,-116.73897130751975,point1,-116.61015190890886,-116.65729405768207,-117.00583765956044,0.0410498838877675,1.2202576127151612,3.529985732114216
HDOK,PLOK,17472,22,22,-129,-13,11,2,33,-117.0,-117.99009910792962,-116.99949776482947,-117.3324488168568,-116.99899901373277,-116.9992000131281,-116.99933434350787,-116.99943053508913,-117.12652646891117,-116.99867278536462,-116.69061433205984,-116.71969121123051,-116.65726267306394,-116.76557541296577,-116.78327444031683,-116.79867572265427,-116.74498917615954,-116.82513764525345,-116.83578883638702,-116.72875820197682,-116.74394296248359,-116.81165754014897,-116.87351340581783,-116.8798857345098,-116.88575555457332,-116.89118215199467,-116.89621567908054,-116.90089884750218,-116.86117784153669,-116.8671673223773,-116.91506190529677,-117.00155194506515,-117.04224068785649,point1,-116.92618872968667,-116.88575555457332,-117.99009910792962,0.05394769386616614,-3.0668568983548594,12.849407675112277
HDOK,PLOK,17472,23,23,-131,-14,11,2,33,-117.0,-116.00990089207038,-117.00050223517053,-117.0003350993836,-117.0002512396345,-117.00020079037633,-117.00016707451366,-116.85563659436305,-117.0009977519556,-116.88739078989902,-116.89895931423447,-116.90845538375471,-116.91639628463003,-116.92314023022239,-117.00444300976302,-116.93306374832362,-117.00478262127518,-117.00447718982696,-116.88238075744906,-116.88923822487644,-116.89543893229252,-116.84716543251164,-116.9071730334804,-116.91184960767363,-116.91615739692224,-116.96763979025035,-117.01539310621274,-117.10494659803108,-117.100319458749,-117.05284618510392,-117.05061192222959,-117.04851237444085,-117.04653539875737,point1,-116.93894874146596,-117.0,-117.10494659803108,0.03160289887734897,4.448615844012512,23.22549050980317
HDOK,PLOK,17472,24,24,-130,-13,11,2,33,-117.0,-117.0,-117.0,-117.0,-117.0,-117.2008013515381,-117.33499937619553,-117.43109618032763,-117.24931319393188,-117.33451143471389,-117.30014653978648,-117.36592060952698,-117.33417937331161,-117.38788820743208,-117.2831028192852,-117.2629845348673,-117.24530685786013,-117.16577811092533,-117.21659211718317,-117.26226656570246,-117.30356663670658,-117.39502209239194,-117.37446031469842,-117.35559519920706,-117.3870863814849,-117.32119994514362,-117.35259882432234,-117.42693622996646,-117.45220285062118,-117.43269256249536,-117.45667752836289,-117.3962497882406,-117.42085380940632,point1,-117.28636452835258,-117.33417937331161,-117.0,0.01981630370782319,1.0537016476504544,0.10798364225848234
HDOK,PLOK,17472,25,25,-129,-13,11,2,33,-118.0,-118.0,-117.50223517052339,-117.00231546736254,-116.75148264659526,-116.6005839155015,-116.66765215899673,-116.7156785280517,-116.87881766284382,-116.89257109750672,-116.80087584049019,-116.8195900529635,-116.92198294908458,-116.92827624292113,-117.00919125413772,-117.0796016167167,-117.00703138483456,-117.07044511231165,-117.06615416954844,-117.0622972320863,-117.05880968497387,-117.05563922944383,-117.0527430839145,-116.99970643602092,-116.99972078209153,-116.9997340449086,-116.95348989943106,-116.91046457780446,-116.87032181479992,-116.87591677899223,-116.8811628442187,-116.8031260671937,-116.81114907126957,point1,-117.00147778234967,-116.95348989943106,-118.0,0.08892067529114234,-2.3219826957644987,6.14310453560571
HDOK,PLOK,17472,26,26,-130,-13,11,2,33,-115.0,-117.97029732378887,-118.48284710082471,-117.98937943542653,-117.99203726747328,-117.79283484338848,-117.32387394124173,-117.13256576757526,-117.24275038510109,-117.21519974002169,-117.09036032633357,-117.1758506564324,-117.16059675414014,-117.22830773797719,-117.28657040839472,-117.2662057048697,-117.31553095719134,-117.35924304706433,-117.2155371667376,-117.20297086322945,-117.19160807191022,-117.18127839795503,-116.96363356605998,-117.01584516686312,-117.01507083520498,-116.96685509258192,-117.01464470587092,-116.96885983197465,-117.01432323208772,-117.05685024781631,-117.0967253016559,-117.09271282032223,-117.37419850207684,point1,-117.22410803635127,-117.19160807191022,-118.48284710082471,0.2764710100196258,1.660653099122017,9.733726787897986
HDOK,PLOK,17472,27,27,-129,-13,11,2,33,-117.0,-117.0,-116.50223517052339,-116.33509938360295,-116.50149300175157,-116.80239523228916,-117.00349191138942,-117.14749364489067,-117.00173487304446,-116.88804425237085,-116.69408244533574,-116.72283338209498,-116.74687578599595,-116.92862544921176,-116.93401421897586,-116.93870340120843,-117.01004317976883,-116.94553902327917,-116.94885634262566,-117.06844264937504,-117.06461106719713,-117.00721742452014,-117.00684174153591,-116.90573810053337,-116.91034455078686,-116.96210305360746,-117.05636892695364,-117.09894937844966,-117.0504962419647,-117.09146257349127,-117.1298742665585,-117.1244866579249,-117.11941357918012,point1,-116.92872457304357,-117.0,-117.0,0.03622027537767718,1.56685562478422,2.2758453801620644
HDOK,PLOK,17472,28,28,-128,-12,11,2,33,-117.0,-117.0,-117.49776482947661,-117.33211670015665,-117.24900337761817,-117.39980451439298,-117.33267104740838,-117.28459797297977,-117.24844731437163,-117.10675638010493,-116.99305752629722,-116.89972736690774,-116.99516887153749,-116.99555857751355,-117.07139378078311,-117.06632028702177,-116.92742336425874,-116.99592108053939,-116.99616953510731,-117.05469511788034,-117.10761553186329,-117.04790349991286,-116.9933577941803,-116.99369242504767,-116.99400066761866,-116.99428563518543,-117.04080640901743,-117.12921314980315,-117.07942567101571,-117.07599885111846,-117.1150643287631,-117.15177434983863,-117.14558924341033,point1,-117.10046440003428,-117.06632028702177,-117.0,0.019439740044334557,-1.1834045516639604,0.8941381231039816
HDOK,PLOK,17472,29,29,-130,-13,11,2,33,-115.0,-116.98019821585925,-117.48781967704201,-116.99269721825644,-117.24477813124116,-117.19562635166096,-119.68151356345874,-119.14951152443301,-118.74944923758645,-118.66439145305948,-118.28794265583085,-118.16689841602593,-118.06567755746238,-118.06037963652423,-118.05582098142833,-117.98079062018927,-117.98208186422373,-117.91936339483112,-117.8024514019509,-117.75566667326544,-117.71336265692243,-117.62099453570197,-117.64072261231242,-117.6588228198541,-117.57775841480559,-117.55031495957031,-117.52485934447104,-117.50117556751853,-117.4790785276984,-117.5015536801694,-117.3957914855143,-117.37937276238334,-117.40466455589817,point1,-117.73247062112574,-117.64072261231242,-119.68151356345874,0.5606985907524937,0.6952733862633576,5.382450707215204
HDOK,PLOK,17472,30,30,-129,-13,11,2,33,-116.0,-116.99009910792962,-116.4972625943061,-116.66456551701346,-116.99876249313998,-117.1998123377281,-117.33417643336165,-117.43039215794809,-117.37572219734824,-117.44657380965214,-117.40069656764051,-117.26905541851028,-117.332460113456,-117.38630763273984,-117.2816415777869,-117.26162713434148,-117.24404070105736,-117.22845558560273,-117.21453993113658,-117.26033402673627,-117.189777532516,-117.17954654373057,-117.17020074715631,-117.16162612222068,-117.05599040667721,-117.10083074885506,-117.04991022898734,-117.04765807754251,-117.04555681302472,-117.04359126471607,-117.08402688983689,-117.03905791495454,-117.03746622728717,point1,-117.12187166227092,-117.17954654373057,-117.44657380965214,0.07800175878353961,2.3359580459515,7.315466320510797
HDOK,PLOK,17472,31,31,-129,-12,11,2,33,-118.0,-117.00990089207038,-117.0049725762173,-117.0033177828299,-117.00248749650487,-117.00198800384474,-117.1695699169601,-117.00055965259988,-117.00048856351282,-116.88693939114856,-117.00128588846256,-117.09514766861729,-117.00015072136901,-117.00013856333622,-117.00012810182146,-116.92905547295261,-117.00104377998858,-117.00097712130598,-116.94000574381981,-116.94350354442338,-116.94666635028024,-116.9495415903834,-117.00422028484334,-117.00400766909249,-116.95494318590296,-116.95708337915507,-116.91281210196371,-116.91674637264366,-116.9204170598002,-116.88070567362043,-116.84347066818134,-116.84996401595426,-116.81532629288381,point1,-116.99841107656032,-117.00013856333622,-118.0,0.035999677445675324,-4.612458406396479,24.326485079402172
HDOK,PLOK,17472,32,32,-128,-12,11,2,33,-117.0,-117.99009910792962,-117.4972625943061,-116.99899768453264,-116.99924851735341,-116.9993994160845,-116.8315845333386,-116.85592163549046,-116.87422298779339,-116.88849788923591,-116.89995267948507,-117.09732065259728,-117.0021352131023,-117.08262859550277,-117.1518900231742,-117.14109618263889,-117.1988312288126,-117.18613331553992,-117.17479558922932,-117.10630235366472,-117.15633367193486,-117.20181608824964,-117.19131111239768,-117.18167295826359,-117.17279484898104,-117.21208699419368,-117.20227660325688,-117.1931490646035,-117.22872345889539,-117.2620001786705,-117.29320178005032,-117.28103881287105,-117.39184188555565,point1,-117.14983538356775,-117.17279484898104,-117.99009910792962,0.044747928800930564,-1.7718797737568501,6.4709226960691115
HDOK,PLOK,17472,33,33,-128,-12,11,2,33,-117.0,-117.0,-117.49776482947661,-117.66490061639705,-117.49850699824843,-117.59920747078705,-117.66650684100163,-117.42568604211525,-117.24459027094275,-117.33032453384047,-117.19365816587646,-117.08147503053162,-117.07440760081482,-117.06840546551099,-117.21424061415982,-117.19901592081196,-117.18563817915437,-117.10992003939545,-117.10322460543135,-117.15550863587194,-117.20278526951681,-117.1918530280087,-117.12981442946634,-117.12327444616717,-117.16611882626711,-117.15822820199307,-117.15090912745632,-117.1892235426412,-117.2249710148338,-117.21526464232126,-117.16388495110075,-117.24005299848885,-117.2302703616621,point1,-117.23332220303915,-117.1918530280087,-117.0,0.029460560016864347,-1.315433119959317,1.1045226150840617
HDOK,PLOK,17472,34,34,-129,-13,11,2,33,-117.0,-116.00990089207038,-116.5027374056939,-116.66821839922696,-116.2507411274903,-116.40119332174216,-115.15841654052885,-115.42453702021392,-115.49763439861776,-115.78163718820699,-115.80406994925666,-116.01044923365542,-116.18302984046694,-116.16826562478076,-116.23106146732466,-116.35676847585255,-116.40000614809988,-116.374460646986,-116.47347527119831,-116.50417285179108,-116.47594805729312,-116.50419992398007,-116.5300074196617,-116.553685400906,-116.57549618564262,-116.64315994554639,-116.65966609883226,-116.7201473868031,-116.7324862052499,-116.70088309418377,-116.71352933906284,-116.7254130774433,-116.81810701559166,point1,-116.3501062107091,-116.47594805729312,-117.0,0.1750468827759857,1.2091796581540029,1.1559607267835816
HDOK,PLOK,17472,35,35,-127,-11,11,2,33,-117.0,-117.99009910792962,-117.4972625943061,-117.99734943325386,-117.49750601198122,-117.39760613237706,-117.49875753854664,-117.42668391368758,-117.49950858595716,-117.44281749663062,-117.39732614666603,-117.35998438990374,-117.41550158716642,-117.46265051443035,-117.7297199634477,-117.60679996471427,-117.63323065664258,-117.59279079210187,-117.61759466204268,-117.6981920147452,-117.71508794305907,-117.67653724304182,-117.69337419831294,-117.60806288876336,-117.57834768607883,-117.55087624052894,-117.5253946625664,-117.59193482093958,-117.52174575066324,-117.45609004325476,-117.35224998765078,-117.37912077315293,-117.3636708480923,point1,-117.53860226038289,-117.52174575066324,-117.99734943325386,0.03307889727380075,-0.13178540558319154,2.5036509605036543
HDOK,PLOK,17472,36,36,-128,-12,11,2,33,-116.0,-116.0,-116.99552965895323,-116.99701731655371,-116.4972570086036,-116.5982084807523,-116.66567559710806,-117.00300026553039,-117.12964275934668,-117.0014353963952,-117.0012879358268,-116.90718426089275,-116.91523542342037,-117.00273863129341,-117.0025318649692,-117.07341546722019,-117.0012610649334,-117.0011805298321,-117.06202048077591,-117.11670680472368,-117.16615565709554,-117.21110856594599,-117.30422434021101,-117.2385181976935,-117.2757307730936,-117.26263359452473,-117.29674154503287,-117.32847541156848,-117.35808321077592,-117.34263371370695,-117.32814763898797,-117.27305173834412,-117.26192433727874,point1,-117.01875023246639,-117.06202048077591,-116.0,0.10996720077150038,1.841896453604897,3.5877279725858515
HDOK,PLOK,17472,37,37,-129,-13,11,2,33,-116.0,-116.99009910792962,-116.9950274237827,-116.66389830092969,-116.99826225012787,-116.79780984111272,-116.49592928882285,-116.56877070079567,-116.75057059643014,-116.7788792681847,-116.69886375470847,-116.82114796276767,-116.92340572033189,-116.92958424544267,-117.01040050263052,-117.0807249317484,-117.14251810048168,-117.13341649963905,-117.12528985259665,-117.11798517128321,-117.11138008098244,-117.05146510056225,-117.04878622771662,-117.04632840299091,-117.04406439722709,-117.08947122341988,-117.03907615484539,-117.03731288065532,-116.99157732306766,-116.94879572793731,-116.95096057302219,-116.99447815370642,-116.99470317991832,point1,-116.92033281653937,-116.99470317991832,-117.14251810048168,0.05276160755459129,2.28044254885252,6.702844708530314
HDOK,PLOK,17472,38,38,-128,-12,11,2,33,-117.0,-117.0,-117.49776482947661,-117.33211670015665,-117.24900337761817,-116.99820181131679,-117.16641948571527,-116.99786447863364,-116.871112141902,-116.99923382829992,-116.9993125383446,-117.09335977913597,-116.91177441470623,-116.83822556561408,-116.92593939183895,-117.00226592525748,-117.00211361099745,-117.00197862994192,-117.06276996712421,-117.00080807828448,-117.00076284014158,-117.05463214722428,-117.15589286679237,-117.1984185442273,-117.2375907349112,-117.22630520357013,-117.26209357639142,-117.25026685391934,-117.23923248393979,-117.27205579191916,-117.26055365312834,-117.24974503685426,-117.23956743019987,point1,-117.10901156719949,-117.06276996712421,-117.0,0.022693688848355834,-0.3459271611356879,-0.4005580111400824
HDOK,PLOK,17472,39,39,-129,-13,11,2,33,-117.0,-115.01980178414075,-115.5077099819112,-115.67153618205685,-116.25424209304721,-117.20719669483596,-117.00448938028815,-117.00384063638809,-117.25739998161403,-117.22818669927902,-117.20474471454908,-117.1855022675236,-117.25615465563816,-117.2354917813483,-117.21771218095842,-117.27330431133662,-117.32215239920299,-117.36544162543979,-117.34318189660125,-117.26487135909713,-117.36200798425064,-117.34249197738721,-117.32466450890765,-117.35868755897407,-117.24342172022682,-117.27935909754727,-117.26643693808572,-117.34466231660662,-117.32946601130334,-117.31525120306107,-117.30192282263585,-117.2479148130018,-117.27856377924466,point1,-117.05508519262087,-117.25739998161403,-117.36544162543979,0.31886776979278036,2.6359285115274447,6.131956298058411
HDOK,PLOK,17472,40,40,-128,-12,11,2,33,-117.0,-119.97029732378887,-119.48731744187148,-118.65957820263242,-117.99400980192435,-117.59360993871772,-117.66184922261722,-117.85522048957588,-117.87361090395585,-117.77446154960012,-117.6948998754227,-117.72357398795144,-117.66080864412302,-117.52683848399641,-117.48706224356101,-117.52351340889655,-117.42110366844487,-117.39421082121635,-117.43111056638581,-117.46427810492953,-117.38230433650334,-117.4156045766438,-117.2898669906783,-117.32564312157717,-117.35859802097055,-117.38906453785413,-117.37106779443991,-117.30919966887,-117.383747760729,-117.3671909668716,-117.35166664579798,-117.29559509995897,-117.3243009997372,point1,-117.65943046061346,-117.43111056638581,-119.97029732378887,0.3597909380961613,-2.7609857440909376,7.93283355880558
HDOK,PLOK,17472,41,41,-130,-14,11,2,33,-117.0,-117.0,-117.49776482947661,-117.66490061639705,-116.99800026372242,-116.99840181346967,-116.99867017412795,-116.99886234239334,-116.87198325341629,-116.88651235065285,-116.795439518395,-116.8146646507236,-116.83074128851682,-116.8443946475359,-116.85614283241735,-116.79530230441267,-116.87628142649154,-116.82031966624648,-116.83126432943901,-116.84110200004132,-116.90597986440217,-116.91104853054064,-116.96773087430141,-117.0197360548508,-117.11650884856402,-117.15847457202881,-117.10488765367411,-117.14527874393694,-117.09478292640293,-117.0475485263986,-117.0878168440242,-117.04269064946746,-116.95944694537322,point1,-116.99341452551033,-116.99800026372242,-117.0,0.03400225767657792,-1.996936990723169,5.22979007599273
HDOK,PLOK,17472,42,42,-130,-14,11,2,33,-116.0,-117.98019821585925,-117.4922900180888,-117.32846381794315,-117.2462646414788,-117.39761572017191,-117.49876551639991,-117.57119707551516,-117.49864156762197,-117.32855515596258,-117.29480215908171,-117.17311324511162,-117.24484030045349,-117.14442448495664,-117.2845202070317,-117.19323767254173,-117.11302888696191,-117.04194777781713,-117.03939266068053,-117.09539823763393,-117.3139871242581,-117.35097037483224,-117.3847538090407,-117.46612907029896,-117.39448134554765,-117.28074376953964,-117.3140140076859,-117.29984442530856,-117.2425337424111,-117.18892463471269,-117.18093716510529,-117.21491456584577,-117.20615637011532,point1,-117.26682084139436,-117.2845202070317,-117.98019821585925,0.08118615912305659,2.233573801240804,12.084644435347846
HDOK,PLOK,17472,43,43,-129,-13,11,2,33,-115.0,-117.97029732378887,-116.98955261239487,-116.99302933495659,-117.24502713461878,-117.39662670636191,-117.16211111310074,-116.99417869316332,-117.24896533318461,-117.107215607034,-117.19893277623433,-117.18023655046484,-117.16460220035172,-117.1513244616933,-117.06439960711533,-117.20195019499639,-117.18837521302841,-117.04861950750345,-117.0456580029075,-117.04299603824128,-117.04058901783296,-116.9844904142177,-117.03734994473676,-117.08584775280204,-117.03278385652534,-117.03122662728222,-117.02978219443314,-117.0284383013358,-117.02718444476784,-116.93972158922138,-116.9422700762136,-116.90318163681519,-116.94787916519223,point1,-117.04317707371264,-117.04299603824128,-117.97029732378887,0.16485509160691558,3.634866856933713,20.422439775334304
HDOK,PLOK,17472,44,44,-129,-13,11,2,33,-115.0,-115.99009910792962,-116.49279225325931,-116.99436674980755,-116.99577648963685,-116.79582322468791,-116.99802344724363,-117.14281540846665,-117.25169807972476,-117.109638203994,-117.20110649593234,-117.18220597826584,-117.16640079308246,-117.15297796982505,-117.29242790484957,-118.33759982950282,-118.18046764384476,-118.1050797087993,-118.03776724916025,-117.97726307523448,-117.81058881229801,-117.87471048340059,-117.8812320811473,-117.83683606818414,-117.84480966662981,-117.75718142927947,-117.72215690616073,-117.68957026505318,-117.61507640732057,-117.58853894098279,-117.6059349397022,-117.62228204507817,-117.63767480250759,point1,-117.39063401396946,-117.6059349397022,-118.33759982950282,0.42708994441529224,1.6813630035452567,4.354715134430593
HDOK,PLOK,17472,45,45,-129,-13,11,2,33,-117.0,-117.0,-117.49776482947661,-117.33211670015665,-116.99875001035515,-116.99900100996524,-116.99916875610643,-117.14379521294116,-116.99850622922938,-116.99867576283614,-117.10154340390147,-116.99801745627195,-116.9981894290637,-116.99833547989208,-116.92296127453382,-116.92843591796561,-116.93324641653032,-117.00137225655607,-117.00128866985793,-117.00121353749537,-117.0011456007822,-117.00108384094898,-117.05307964673418,-117.05040552179602,-117.096810906682,-117.09221240025487,-116.9954340869624,-116.99564011943016,-117.03992276549883,-117.03820029812253,-116.99430663999661,-116.95305955402617,-116.99572445813764,point1,-117.03513358159115,-117.0,-117.0,0.011892215911302132,-2.989577480845396,10.294781115640248
HDOK,PLOK,17472,46,46,-129,-13,11,2,33,-117.0,-117.99009910792962,-117.9950274237827,-116.66554655220847,-116.99949802097403,-116.99959881904088,-116.99966618363459,-117.14422075903938,-117.12590131927088,-117.22510603322883,-117.09924893018885,-117.08992125457242,-116.99537766479688,-116.99575052833508,-116.99607136292063,-116.92528702022011,-116.99752864059352,-116.93382369725586,-116.9378546188917,-116.88317557691535,-117.00168043912198,-117.00158984592277,-116.94945486879466,-116.95200130616142,-116.95434693675715,-116.9090155720091,-116.95948063605157,-116.9613090336749,-117.00710535163455,-116.96365379984437,-117.00746906929864,-117.04864249304958,-117.04666021477418,point1,-117.05336706305742,-116.99949802097403,-117.9950274237827,0.06501144817169069,-3.0361733865521776,9.969575627773713
HDOK,PLOK,17472,47,47,-129,-13,11,2,33,-118.0,-117.00990089207038,-117.5027374056939,-117.33543448298654,-117.25149087412304,-117.00018981516153,-117.16807367244272,-117.28829229854601,-117.25167237341101,-117.1096154151855,-117.09835444819197,-117.18309346968333,-117.16721130038376,-117.07305747636113,-117.14304152234496,-117.13287648747398,-117.1911640570738,-117.2428185618336,-117.28893989099218,-117.1554895268741,-117.14678485361172,-117.19278205084858,-117.23479953883303,-117.27334993925552,-117.25999170115404,-117.34264188613567,-117.37304893729412,-117.35621546006575,-117.38460018896414,-117.41115160855246,-117.39376869296636,-117.41891714700793,-117.40184544061195,point1,-117.26616216412529,-117.25149087412304,-118.0,0.03163361822341831,-2.043696602702945,7.625035083613682
HDOK,PLOK,17472,48,48,-129,-13,11,2,33,-115.0,-115.99009910792962,-116.99055708273593,-116.9936995337238,-116.99527624662474,-116.79542343114872,-116.82977505509587,-116.85437363832014,-116.87287162279387,-117.000793619154,-117.1034436894511,-117.18770441065742,-116.47747423232381,-116.4389584770096,-116.55681691908298,-116.65937459675749,-116.68227125059303,-116.63869951782145,-116.66070700192469,-116.68048854984303,-116.64239318352313,-116.66167192153002,-116.73133487193329,-116.74487008106102,-116.75733793166044,-116.76886435072959,-116.87206876001268,-116.87784153510954,-116.83913713566501,-116.88922255402674,-116.93618467256563,-116.89734867558018,-116.86077993344644,point1,-116.72387465423739,-116.79542343114872,-117.18770441065742,0.13946616735017262,3.2269252109367166,13.514516434800244
HDOK,PLOK,17472,49,49,-129,-13,11,2,33,-117.0,-117.0,-116.50223517052339,-116.33509938360295,-116.50149300175157,-116.80239523228916,-116.66766045092413,-116.57117928491839,-116.62564963519075,-116.66813605197608,-116.59949736629704,-116.54315502633342,-116.58278336058248,-116.77776964114491,-116.7190481293547,-116.73901355977908,-116.68933747133424,-116.64531447012423,-116.66691902518411,-116.62803614009904,-116.5928771843389,-116.61482535125889,-116.63487454762823,-116.70364885643565,-116.71813113196922,-116.73151986930958,-116.74393880641061,-116.75549332336654,-116.7662737247269,-116.73321285142165,-116.78677084222417,-116.83709954904322,-116.84373806620674,point1,-116.68870080320454,-116.68933747133424,-117.0,0.01726283570364669,-0.08191236186657402,1.372375934762141
HDOK,PLOK,17472,50,50,-130,-14,11,2,33,-116.0,-115.00990089207038,-116.49826706464714,-116.66523571578065,-116.74901160514594,-117.20101311712921,-116.99934412254747,-116.99943890099554,-117.25355737048997,-117.11128647692725,-117.20258543914981,-117.0895632951721,-117.16853776601276,-117.2356081831982,-117.29331967090373,-117.20141181548848,-117.3223119323366,-117.3655909703454,-117.34332214463099,-117.38160794639107,-117.41622700326865,-117.33987759353622,-117.32218620954555,-117.3059546362273,-117.3398716850028,-117.32372782083036,-117.3087533218445,-117.33994516841646,-117.28086642702871,-117.26874844743466,-117.25738613854793,-117.28819218625395,-117.27644778184252,point1,-117.0957302681558,-117.26874844743466,-117.41622700326865,0.21990265765978764,3.2316452199602868,11.801402710055214
HDOK,PLOK,17472,1,1,-129,-13,11,2,33,-115.37070127370606,-116.32476302324928,-116.29835269905124,-116.81240113405597,-116.6997226111178,-117.96748189415484,-117.54996222866596,-115.69410466131826,-117.32130773076972,-118.20460225290536,-117.42403564300147,-116.89352683902139,-119.60171614995346,-117.11768526935627,-117.56095198603269,-118.7211257461432,-118.34186315745261,-117.28677868885481,-117.32550743067868,-118.15490907209352,-117.87648395029251,-118.06598959353323,-117.66660692388827,-118.68604471239841,-116.53748111085946,-115.78364485263171,-117.20651607661149,-117.13737011290296,-117.8816434955309,-117.52425778783521,-118.4651629507654,-115.60119127742225,-117.57102092720405,point1,-117.35378525040784,-117.42403564300147,-119.60171614995346,0.9120496969143073,0.15696506740589142,0.014768049648461457
HDOK,PLOK,17472,1,1,-129,-13,11,2,33,-115.96482477104126,-116.4064185763838,-115.68642884408916,-117.57431587543532,-115.71227247539305,-118.7088441192875,-118.26399885417665,-116.35461252858381,-118.3568919853963,-118.49565691523657,-118.24879796725446,-117.16844677201836,-117.08078963112092,-119.67117591631668,-118.35602374862836,-119.0830364527055,-115.61668903486239,-118.24096928761291,-116.64405454118396,-117.31993364880998,-115.13550604364616,-119.13078355027966,-119.68203668687696,-118.01546014601603,-118.00381438489806,-116.67132051963787,-116.45905471336576,-116.88081327587606,-115.86820257857435,-119.4610592416735,-116.92009920840086,-118.23267353990201,-118.06809731254508,point1,-117.49948797415844,-117.57431587543532,-119.68203668687696,1.5810587978946924,0.04073114120024167,-1.007745941223559
HDOK,PLOK,17472,1,1,-129,-13,11,2,33,-116.41544392647342,-117.46072782409267,-116.87376763584113,-115.57594308307321,-118.24848065533172,-116.92033139519813,-117.34812949418398,-116.66199527808709,-116.11547178145997,-116.6765460130057,-118.09859141349017,-117.04477028019272,-118.75387424621103,-116.96071785241688,-118.11516618314646,-116.79260480666612,-116.77556964977177,-117.34870233324372,-116.72814271953123,-117.37211373995405,-117.82114501418751,-116.86246801350086,-115.76934768713129,-115.85947324301343,-116.37999435302358,-118.2235456034013,-118.21707544557862,-118.49275228194908,-115.7497721578006,-118.09948438580781,-116.52710744670398,-117.93082405564061,-118.93046842602936,point1,-117.18638025530724,-116.96071785241688,-118.93046842602936,0.8116588531596304,-0.10420480408392269,-0.8796965075236534
HDOK,PLOK,17472,1,1,-129,-13,11,2,33,-117.27281822349444,-116.26867463425906,-116.29911423864138,-117.56952340394446,-115.87751658905161,-117.5794335978703,-116.68402079752592,-118.4568492497934,-117.35864381736803,-117.5228270778681,-118.58481289938503,-117.09557349604594,-117.4239197268181,-116.87136113089646,-117.08554661637953,-116.75121321103575,-117.27556304483704,-116.4619295627228,-116.85220470764563,-118.47513271429875,-116.51517453892997,-117.4858143301843,-115.28245690586118,-117.95801940717138,-114.52059848750255,-118.07493366724032,-115.85665820906331,-116.1057183019217,-116.52023002376976,-117.3011027704083,-117.78189869066283,-118.05557842045752,-115.55151356589843,point1,-116.99322351693797,-117.09557349604594,-118.58481289938503,0.8753368176061812,0.49125934846427427,0.16556377152834711
HDOK,PLOK,17472,1,1,-129,-13,11,2,33,-115.41946160992472,-117.52320252083207,-116.35098511680552,-115.59313359198178,-116.57551325330887,-116.04409888749471,-117.50743607103541,-117.38677444580922,-118.35284121643738,-116.53175370306822,-117.51266527660958,-117.72274982228029,-117.3905656258716,-117.25118102728398,-116.82831387837271,-118.28860632250144,-117.62739239505737,-119.81408745569045,-117.01847936798393,-115.66376596294852,-119.10008707181801,-116.87186732260058,-117.80636399830185,-117.7293880432072,-117.9141044862693,-117.322553924697,-116.48504035811865,-116.39036469565316,-118.10446246271343,-117.50911742602898,-117.60001261146188,-117.4579739950654,-118.39952598608691,point1,-117.30587484646428,-117.4579739950654,-119.81408745569045,0.8975047931610618,-0.17312956924550954,0.5697927030364105
HDOK,PLOK,17472,1,1,-129,-13,11,2,33,-115.8672800034407,-116.68823761615515,-114.88847527457901,-118.05491834297489,-117.18894104825435,-117.52691459254669,-117.18416907681316,-118.86335429739208,-114.63999051103123,-117.34276677805781,-117.34702241258539,-117.41072596965493,-118.53595638319577,-116.74939669010539,-116.63778077489845,-118.87762314956892,-116.631444717065,-117.42482178768395,-115.89454916073383,-118.11629914112864,-117.11558567562551,-117.00654717802833,-119.16015681538815,-117.18202832043974,-118.13075002637676,-118.51075218666189,-118.85488907174808,-117.00994660721376,-116.16531023746859,-115.5186261509981,-119.51172268120011,-117.7962153989291,-117.07843073836494,point1,-117.300352388373,-117.18894104825435,-119.51172268120011,1.339026566333176,0.2597336047440003,-0.05873933245001295
HDOK,PLOK,17472,1,1,-129,-13,11,2,33,-117.20392777944026,-117.97005212669316,-117.3719760098879,-117.47255719970484,-117.59579754389291,-118.63472809645128,-118.18175662764563,-115.46828878434465,-118.32322868796405,-119.54354649794563,-115.79758731821421,-116.64269879313414,-118.59344698583902,-116.51380819383616,-115.87760809672068,-117.8141235171171,-118.83743027233429,-117.61281574987608,-116.88025196703384,-118.49625234257597,-116.3683241222865,-117.19778439129239,-117.67070482708307,-117.53905115808388,-118.42105440628806,-117.60080939726805,-117.21519748544276,-117.47913079151445,-116.80129160896753,-118.10171764384725,-116.53789161643063,-117.45867671572498,-117.43131649539217,point1,-117.47438888637195,-117.47913079151445,-119.54354649794563,0.8146259000866102,0.14739194418312593,0.04101528778751673
HDOK,PLOK,17472,1,1,-129,-13,11,2,33,-116.2032978190488,-116.79501071680724,-115.91266826108652,-117.79765110024528,-116.97644524064064,-117.07660797130107,-116.3082086272583,-117.87390450167788,-117.44122515127765,-118.30319689414878,-116.35678509539285,-115.02909035028435,-117.7104828835231,-117.20876847023904,-117.20731474576026,-117.08871315682761,-116.59611854068575,-116.3627693158845,-117.04869618826842,-116.45593757159476,-116.17653670862063,-117.13632663916422,-116.26096781302805,-116.83466415367371,-119.72468256252795,-116.07091673001267,-117.49532101592469,-117.72873334752967,-117.52812705747986,-118.19195498613362,-118.48930565310364,-116.87136708931126,-119.5130823210044,point1,-117.14469329331716,-117.07660797130107,-119.72468256252795,0.9483212228541315,-0.6746253154570028,1.0451036678062038
HDOK,PLOK,17472,1,1,-129,-13,11,2,33,-116.27456806632033,-118.28802649295812,-115.69506918161325,-117.23637269048236,-116.08601572347693,-116.8829335781949,-117.68628805282235,-116.27679914618439,-114.68117019305467,-117.46529629458976,-115.99096945906496,-117.88353502217655,-117.8513565017205,-118.85964158763132,-117.62448094834748,-116.72998926907867,-117.50360082929431,-116.76108015490074,-119.65681936128101,-117.96227925291085,-117.44193988356777,-118.34156835185779,-116.46108178584082,-118.33328635478422,-115.75443048671067,-116.23317477654706,-116.46610275259799,-117.66987119860845,-116.12304194397544,-117.0542761606025,-115.94806037375581,-116.47688891556662,-117.26202262205682,point1,-117.05945567916895,-117.0542761606025,-119.65681936128101,1.0654939638818552,-0.21052999724669955,0.13472963223896572
HDOK,PLOK,17472,1,1,-129,-13,11,2,33,-114.87688772581434,-117.0834373326309,-115.4867340677488,-117.7719322404441,-116.32954411091484,-118.05353293829475,-117.27366330865112,-118.65391342987446,-116.37839148859437,-115.63647145377254,-115.06832166771505,-116.10052827693826,-118.46336548515332,-116.9404349227001,-115.80305044864582,-117.25436258278671,-115.87829456336593,-118.02004050857867,-115.43360772378664,-116.47713332849317,-117.84495503036682,-116.98843256635605,-116.6273557401811,-117.46221280218231,-117.32205236720279,-116.58985862549666,-115.69363552988003,-119.07126681165182,-118.94930616980548,-118.038375743023,-119.09416499351838,-118.22250293957417,-116.60723156955257,point1,-117.01499995435438,-116.98843256635605,-119.09416499351838,1.3777101247310672,-0.07716060775109346,-0.9283520797567877
HDOK,PLOK,17472,1,1,-129,-13,11,2,33,-113.90089544259287,-117.47533009979193,-116.74783410853162,-117.69729451464156,-118.9305483946237,-117.03740363073825,-115.12888834810887,-117.03129021241739,-116.84084610945573,-118.16111062427396,-118.73291949280129,-118.84913400959981,-117.34765437637623,-118.46062222709247,-115.99108533318271,-115.9421864701109,-116.28618288418285,-118.60338711368351,-116.5078059474205,-118.74293435340259,-116.20726132318774,-116.51535824390231,-116.57495163203652,-116.7144154653783,-117.54060348966743,-118.30190141757282,-115.7778421883373,-116.2592554859594,-117.06875187827137,-118.87886089146436,-117.4723737738541,-118.72023183913925,-116.68416633144912,point1,-117.1857978076742,-117.03740363073825,-118.9305483946237,1.4239677156104953,0.3908420701611928,0.14536802682903582
HDOK,PLOK,17472,1,1,-129,-13,11,2,33,-117.8146415798596,-118.61825609300207,-117.54276938901467,-116.81857191879995,-117.82790698050759,-117.54283547791928,-118.16153968961297,-117.84758194510046,-118.73952777810337,-117.86774884147856,-119.0961742468545,-117.00704000543337,-118.55755436211298,-117.39943854172166,-115.15496854123296,-114.95736538448489,-116.32689474485662,-116.54763436005078,-118.7582370129733,-115.54181004192054,-116.68814669698747,-117.89992840265309,-116.29213306258993,-117.3465630957785,-117.06984308862289,-116.43642975395875,-117.11386868068145,-117.1503860429867,-117.05730829783069,-116.94299827822005,-116.84982558813323,-118.88366687964722,-117.88697899518485,point1,-117.32565375146412,-117.3465630957785,-119.0961742468545,1.018748397918067,0.38475087389722157,0.018483999933131656
HDOK,PLOK,17472,1,1,-129,-13,11,2,33,-114.48831656126046,-117.21323873609609,-116.01504407389588,-116.35713591605463,-116.56148552305355,-117.72579125394716,-117.18537022371387,-116.85662971799835,-118.49333123740716,-118.17708659561632,-117.93515104216164,-117.15380444489111,-118.3021084042921,-116.8665063929367,-116.26376415893004,-117.04007842158396,-117.41225135891742,-114.32316723158065,-116.46941987292618,-117.17877869964859,-117.34049289804088,-116.79878919295163,-118.32207604763725,-117.97209049968808,-118.10502963109752,-118.24936427588513,-116.94449296156033,-118.64571969928271,-115.42140760149468,-116.0192847268263,-116.53064373433837,-118.13232101700986,-116.98321385551856,point1,-117.07525412146191,-117.15380444489111,-118.64571969928271,1.0922216971245553,0.8093426110020857,0.7112813633155253
HDOK,PLOK,17472,1,1,-129,-13,11,2,33,-115.56386753398654,-118.60485799095267,-115.82032230835422,-117.32020354551652,-117.37548123203658,-115.78558490624417,-117.17156318460476,-120.65820869713468,-117.79231779656003,-117.47329561972352,-117.98019244584374,-118.52192532184397,-117.22937862329731,-117.45899089052396,-116.92939247672277,-117.84422326800755,-117.14984659432862,-117.30558748505803,-116.08896715008633,-117.12167433907494,-116.70007558541737,-115.02641687317262,-117.01904970194134,-115.84873696500705,-116.67325568104418,-116.69523614904209,-117.45663908519892,-115.66479102874025,-115.53857164428368,-116.17702821093731,-116.4804609190636,-116.07641891726084,-117.89520504455292,point1,-116.9832656731989,-117.12167433907494,-120.65820869713468,1.1957629685880093,-0.9315788197472991,2.430288727436659
HDOK,PLOK,17472,1,1,-129,-13,11,2,33,-116.89820326774756,-116.20817845104969,-116.65384167459558,-116.55201784093768,-117.3015033061325,-115.720916793655,-118.11675022154915,-117.65491785082268,-115.64162416092844,-115.55501210966906,-118.3482625421154,-118.9405969531936,-118.60932625658776,-117.54717519546139,-117.75552850090115,-116.91556431594468,-117.63566856956997,-117.69150966486735,-118.03495771180533,-117.66767722587764,-116.73089164459867,-117.29514224925683,-117.35880510158191,-119.20506468148068,-117.49157655668462,-118.67777343487748,-118.6831674023529,-116.81961177854629,-117.14940868163833,-115.0306355439667,-117.79796041387405,-117.87864383656313,-118.26703293068857,point1,-117.3889377839249,-117.54717519546139,-119.20506468148068,0.9921162824548659,0.4566968857220211,-0.10064949792748257
HDOK,PLOK,17472,1,1,-129,-13,11,2,33,-114.94371215753966,-116.3007621202583,-115.3907373925931,-116.00493922067349,-117.72878060012299,-117.53446875347935,-117.08674226193884,-117.58016608797979,-117.99723834125535,-116.98553153944609,-116.99664413740253,-119.21260664016262,-118.1966399243653,-117.12670722772822,-116.8393887756984,-117.53370417252572,-116.51895639422668,-119.2151059548741,-117.82998872545991,-117.51401339652902,-117.42168135768796,-117.14654639108964,-116.30655045364307,-116.20856469268101,-116.3324774976235,-117.56784170727104,-117.05372920720585,-117.05557601048064,-117.20197161963327,-119.10460193886672,-116.88510023986224,-116.96698306127807,-116.86968416645088,point1,-117.17145885357678,-117.08674226193884,-119.2151059548741,0.8730301948998568,-0.20150699101863423,0.8812781416108213
HDOK,PLOK,17472,1,1,-129,-13,11,2,33,-117.20891982559735,-118.75205844162333,-116.6131760097494,-115.96681002847242,-115.24787201652802,-117.15702936569461,-116.33005739856556,-117.01152779052515,-119.02368462083012,-116.19498773970645,-117.39531706948695,-118.67734451974664,-117.90842671709466,-117.9656379098209,-116.94846892555013,-117.12201741408657,-116.0730188832915,-117.2863729580089,-115.63496765181343,-116.99261423734956,-116.16360817659486,-117.40207661584853,-116.66561620850838,-118.2541584590957,-116.24233689172098,-117.21759080217859,-117.15371338406727,-117.56626429675097,-116.15099750558528,-118.24802924425482,-117.60614329459473,-117.88277877111787,-118.59110797567318,point1,-117.1713554893798,-117.15702936569461,-119.02368462083012,0.868679486869461,-0.07756328795130212,-0.5683638880448179
HDOK,PLOK,17472,1,1,-129,-13,11,2,33,-116.51021132478112,-116.32640330720784,-116.26382863447613,-117.04975868592686,-117.39492767324175,-118.83212557027667,-116.35299573086323,-116.83371599718834,-118.81032404630693,-117.35778085980573,-119.3925391227649,-117.98355388846213,-118.59855609852414,-116.13008856787796,-116.93811893066919,-118.28829843712464,-118.48802475608561,-117.45309016293466,-117.58854916332108,-116.51468683878261,-114.66303643005197,-117.63411484300676,-116.88876520171493,-116.65830046052683,-116.39046702210742,-118.09652952918874,-117.73234021298526,-118.16634434527441,-115.86968850683763,-118.58882245175627,-117.87445203119077,-116.27887079541354,-117.85842653921463,point1,-117.32750715654215,-117.39492767324175,-119.3925391227649,1.0611553371353668,0.19669517277779927,-0.13792893298453812
HDOK,PLOK,17472,1,1,-129,-13,11,2,33,-115.14627544876619,-115.3985569570814,-116.42051181529,-116.2353551892825,-117.10965065607445,-116.09786389027201,-117.38550862786555,-116.80025450132288,-116.95282799129005,-117.82242870491355,-117.84212717168424,-116.14409920355652,-119.20539247474996,-119.00337672959276,-119.1659240518119,-115.86035877290021,-117.52850979110589,-116.86688050496528,-117.34518182735717,-115.50125722986414,-117.2396853766892,-117.06918555136008,-118.16063980619295,-117.63347479128164,-117.80890292679553,-117.37860328060485,-117.07380943272419,-115.94922404624911,-117.9937075606476,-117.48305008917082,-117.45968957920503,-117.33706396952982,-116.1191560793509,point1,-117.10722830392571,-117.2396853766892,-119.20539247474996,1.0074510104826768,-0.12747382253336156,-0.12757436230582897
HDOK,PLOK,17472,1,1,-129,-13,11,2,33,-116.53876064446084,-116.49395496298455,-117.67990402409627,-117.26685655165528,-116.64445525798479,-118.3597788781819,-115.28234167692383,-118.44679344249548,-117.2939040291712,-117.69469824832682,-117.20832362839784,-115.8881159442309,-116.43635123753667,-118.49243220920202,-118.59240397445637,-118.00597419113129,-117.21969115930642,-117.39101767742656,-118.0382883589798,-117.55897167015385,-117.54128441307601,-118.94665253802005,-117.14703280151089,-119.36952975779342,-115.53457250010901,-117.16238437765338,-118.53150546812327,-118.5453733573221,-117.3727621957935,-117.64695638211616,-117.22645279429582,-116.71693644645795,-116.72666692818531,point1,-117.42427659780482,-117.3727621957935,-119.36952975779342,0.8789068503297797,0.19535736805127155,-0.06205741314773139
HDOK,PLOK,17472,1,1,-129,-13,11,2,33,-116.41307607899276,-116.92256140986555,-116.00681001510796,-117.42750709627325,-116.73127161178826,-116.222339108747,-115.74023662248305,-116.67026604525086,-116.99622920064255,-117.94862194325697,-116.00372957536732,-118.5806931811978,-118.72409376593504,-117.02092125069635,-116.98820029881824,-116.46710286251998,-115.63805460588264,-117.92148681889482,-116.76188303395804,-116.90907476675834,-119.03450065024954,-119.02888840250253,-116.81861492629233,-116.4275026192704,-117.01175235266132,-116.92452763088923,-116.35241862963996,-116.77165592638367,-117.18664515663743,-117.83106297465841,-116.30564548707194,-118.65166970845608,-117.06289544070576,point1,-117.07581633932897,-116.92256140986555,-119.03450065024954,0.8228165727524712,-0.7770435615154967,-0.09918957557799768
HDOK,PLOK,17472,1,1,-129,-13,11,2,33,-115.76101393273504,-117.66273167666134,-115.84052481445788,-115.8249315828024,-117.84940253404697,-117.74693779703159,-117.51950162040106,-116.91506116745306,-115.5537085991417,-118.14587666617872,-116.22953039714335,-117.37746472664098,-116.87549408581522,-115.20055806132008,-117.31379732289459,-117.79830655620589,-116.77958711063698,-117.4811043486569,-118.50885641276808,-116.87470401558706,-116.0775972146039,-117.57281139253602,-114.71063212860119,-116.77807497606253,-116.07400825687087,-117.01350813795241,-118.44422879143372,-116.03218331156532,-117.07738501824237,-117.77227985584817,-117.12152999515204,-116.5083579500764,-117.72050274426441,point1,-116.91400585459967,-117.01350813795241,-118.50885641276808,0.8618783695981653,0.41767180961922323,-0.4469820421457982
HDOK,PLOK,17472,1,1,-129,-13,11,2,33,-115.7821909741014,-117.11264595414454,-115.97128682850872,-116.58443280999369,-116.47264126073671,-117.08558305307142,-115.29933557639357,-117.25912194579563,-117.87962203165587,-117.01939190071863,-116.94499482397018,-118.25538934826042,-118.00398764690179,-116.67324624904494,-116.81054071929566,-118.28461792053253,-117.33763401701461,-117.90706358010335,-117.92682466681487,-116.25551717108935,-116.17640868680364,-116.69634374518199,-117.17449892686872,-116.69228433344385,-118.49679213780911,-116.41123337346731,-116.78041873820185,-115.95024964474993,-118.10203595375292,-117.37677182140983,-117.57923218110528,-117.72722295964647,-117.59742991310208,point1,-117.07960578465729,-117.08558305307142,-118.49679213780911,0.6205170140178176,0.15898321343024732,-0.6134128152368956
HDOK,PLOK,17472,1,1,-129,-13,11,2,33,-116.85075778847637,-118.40531128007237,-115.72141296315863,-116.11564729686299,-118.61875085014475,-117.53734179181936,-116.9157972611088,-116.57646286956603,-116.61245318103555,-116.35601009020431,-116.46632097450207,-117.05366106102308,-117.25674064651652,-119.63005951066019,-116.73508594439271,-116.06575891203619,-116.45766666383659,-117.35109731785846,-117.0011005759679,-118.2560438377355,-116.8717785505445,-118.53558108959643,-118.2006949134364,-117.42693894134172,-115.81171855170118,-117.2765813556826,-117.33843000753289,-118.41310084935822,-117.07836008356058,-118.3185911494839,-118.06789420372947,-116.86595076198714,-114.468603977615,point1,-117.17144561371359,-117.05366106102308,-119.63005951066019,1.0370554027044483,0.023317553297744632,0.625242037262157
HDOK,PLOK,17472,1,1,-129,-13,11,2,33,-116.01297107470509,-116.46095499546495,-118.87241876293363,-117.55396996041013,-116.8415720587281,-118.28365431960864,-117.14260934289766,-116.00606633486926,-118.53206295607555,-118.5414012471288,-117.63252315184477,-116.46261786900763,-117.89136949961816,-118.60994197871588,-115.77562056762777,-118.81444677984435,-116.53959421196456,-115.68949017815517,-115.23747493896948,-115.40607257886234,-117.76234277170407,-116.50167791622941,-117.25916516228028,-116.99953164929708,-117.85505644570844,-117.91833283391036,-117.36564350105682,-117.67542299742239,-118.59814287340224,-117.08971137619824,-117.34606040256392,-117.09819015483438,-116.98365792269655,point1,-117.23514450953745,-117.25916516228028,-118.87241876293363,0.9955496162113058,0.19621480435627991,-0.7554513752747831
HDOK,PLOK,17472,1,1,-129,-13,11,2,33,-116.68767190311671,-117.70606323042499,-117.95649647945012,-117.63960666942977,-117.22842308307246,-115.70170200630217,-118.28232801991422,-117.43810300798974,-118.00565707600903,-114.38584288944978,-117.0492130497575,-115.79288910149619,-118.44286957292182,-116.82128482776349,-115.51130124092343,-119.53975571384821,-117.5351073509615,-116.23333378043773,-116.99142418658849,-117.60333276956936,-116.73169943059524,-118.52482130488973,-117.81642010354692,-116.80685460156174,-116.21627451991449,-118.54922760110149,-115.9121921676576,-116.43808926784243,-117.49500793469633,-117.61239605609974,-118.53625351601497,-115.82708091570821,-116.00932098620092,point1,-117.12206195046231,-117.22842308307246,-119.53975571384821,1.1902233853959634,0.20415336143083285,-0.030315829574494302
HDOK,PLOK,17472,1,1,-129,-13,11,2,33,-115.01086717266061,-117.20233232400516,-115.54402983696636,-116.14959866815015,-119.22007243593328,-115.54674069028746,-115.9512714331007,-117.73364533089162,-117.12560919912657,-117.77064352793,-117.06082834275485,-118.61001748172855,-117.16716691129685,-115.48848143351833,-117.04310966521878,-117.51888044894368,-116.58794753778207,-117.20787506913665,-117.48443180426476,-116.93925327533418,-116.20567805937353,-116.10769281194854,-117.98289750531968,-116.34003374848905,-116.03948808665442,-117.48429014327456,-114.80839358932032,-117.06771354070493,-117.03328799523912,-117.81189396492009,-117.00931181749667,-117.85664727435089,-116.76482272558576,point1,-116.87499860156693,-117.04310966521878,-119.22007243593328,0.9541671976690124,0.06466427908993531,0.06791856873315716
HDOK,PLOK,17472,1,1,-129,-13,11,2,33,-113.98538101308723,-116.80112071289042,-116.26928429541813,-116.57838779321764,-117.38512697353957,-115.43092791625492,-117.19025537916448,-117.54949810245992,-118.24883725454887,-118.07119778622464,-117.688483833919,-118.05201481768937,-117.24036563377804,-116.7548579904557,-116.40123187453146,-117.58752507985544,-119.02254393545189,-117.00499225250203,-116.61123451316352,-115.41385383711871,-118.85212354928994,-119.19164839189817,-117.02922372854955,-119.40821423170941,-115.96554021031187,-115.03325985904507,-117.0039606661334,-115.23679273573337,-116.56434818872513,-117.35152693942591,-116.53149969982026,-116.79986032975899,-115.91683236883016,point1,-116.97490763316672,-117.0039606661334,-119.40821423170941,1.468522392203612,0.06684794383593458,0.19476338800470838
HDOK,PLOK,17472,1,1,-129,-13,11,2,33,-113.76026075172827,-116.9054822415986,-117.74994684146245,-117.54178495735185,-116.5674919128304,-117.96188155562007,-116.69463183752434,-115.40478259145826,-116.74450248176196,-118.60103598280999,-116.99301029117063,-116.24259489433554,-117.17930726027137,-117.28634039303469,-117.25979707181887,-117.62953902387574,-118.60218059975442,-118.5207186680723,-116.69726264803094,-117.02679794149472,-115.61987601725457,-115.64940396896807,-118.26448996815435,-119.01440515340977,-116.31865283245234,-116.8503668344459,-117.3682860964571,-117.89159863217431,-117.77975344860182,-117.68921231656327,-115.98017672443565,-118.1673285341979,-117.03018146142419,point1,-117.12100248286501,-117.17930726027137,-119.01440515340977,1.141500771295552,0.833750233853939,1.5808666309575412
HDOK,PLOK,17472,1,1,-129,-13,11,2,33,-116.6464390660194,-117.60043818280678,-114.93093455284168,-116.71165579956633,-115.9781802381275,-118.49433869518786,-116.20364432639354,-118.24520227572897,-117.06678405046331,-116.61030300273838,-118.85213209436647,-118.17624523673268,-116.13183140408002,-115.27276943915916,-115.23313810819889,-118.78305550486549,-117.86736341064774,-116.822720295887,-118.34525329051623,-116.8738245640064,-116.91559738502727,-116.98072048428686,-117.505310760918,-117.74029343881392,-116.94021508600126,-117.80399990431863,-117.39367996747424,-117.88886729027831,-117.9140618511638,-117.96187338216863,-117.22507326158815,-116.82093562034362,-118.05201466780568,point1,-117.21178474662189,-117.22507326158815,-118.85213209436647,0.9637971811038798,0.5219436533431122,-0.13591886867919856
HDOK,PLOK,17472,1,1,-129,-13,11,2,33,-115.51910882506999,-116.68828213429893,-115.36089130740335,-116.87364305195898,-116.96828411294203,-118.35570538372235,-117.65739174373554,-116.42135799362886,-117.53433215610156,-116.22073823400036,-116.71882195657072,-118.05519594591092,-116.80862108545335,-116.62404941139121,-118.12388366167782,-117.42605167216398,-116.15894775694132,-117.12340164596377,-119.39850430226127,-117.4904861756116,-119.28060138856678,-117.22553298910458,-117.65672996814959,-116.39301663875845,-116.02985659105775,-118.51551362184429,-118.09596970743992,-117.56547487045599,-116.59069476176862,-116.3570180252375,-117.38425512026801,-118.7246713056844,-116.67409774937236,point1,-117.2127615543793,-117.12340164596377,-119.39850430226127,0.943900781572643,-0.38470809464592154,-0.16391642290422048
HDOK,PLOK,17472,1,1,-129,-13,11,2,33,-115.83507734023237,-116.72806995108134,-117.75593158994921,-116.62115566558033,-117.88222290362995,-117.77507959980966,-117.38156246531008,-116.4025611590395,-118.3114471697811,-117.40923668747394,-117.08122892056885,-115.69065663155973,-117.09519757104529,-117.14191319404787,-117.67710027581062,-115.05696001027084,-116.70554237934672,-116.69255672239743,-120.33481351716972,-118.01889643472128,-118.14565305890576,-116.52142302310624,-118.43545505838789,-117.89389376381182,-116.948709654487,-118.2876910092295,-116.22939247185559,-117.9918222739246,-117.66394972480889,-117.14432651474608,-118.12127548422852,-117.96336465866602,-119.53012630842417,point1,-117.40831191495177,-117.40923668747394,-120.33481351716972,1.0735025796051576,-0.33683300831351687,1.2250177753835216
HDOK,PLOK,17472,1,1,-129,-13,11,2,33,-116.42836621028925,-116.4303257802022,-116.81418196777538,-116.98314254389636,-116.76125215527486,-117.23255792541917,-118.07572186442614,-118.12700743418536,-117.37812619198661,-118.76705018422736,-116.73325755501305,-116.53860946228279,-119.2706507885708,-118.20213381242704,-115.75119259679656,-116.75569658388825,-117.6647399832156,-119.30634663783846,-118.85208043938945,-116.59499129667597,-117.13652743724187,-117.83989487575141,-117.61357523752328,-116.88867350414522,-116.71283468028456,-115.23389851847149,-117.81161075061121,-115.87121957028296,-117.1442803021789,-115.85418041331452,-116.92856414551991,-117.13310097730353,-117.03953232010774,point1,-117.20834315595505,-117.03953232010774,-119.30634663783846,0.9249262458244926,-0.41408374023363637,0.04778113948677065
HDOK,PLOK,17472,1,1,-129,-13,11,2,33,-116.84378678213638,-118.43328180732583,-117.56750473027326,-115.42845694734078,-115.67047556530159,-116.31979710212707,-117.34431766447815,-117.13296323828176,-118.05871583642151,-117.64857799776715,-117.53226825487505,-117.42616935051323,-115.44187118135116,-117.33710392446537,-116.00923954401416,-118.02943911387642,-116.09709893708222,-117.49529623477716,-116.36066452176475,-118.36038232348099,-118.57376447764427,-116.96240591690788,-115.23384870686121,-119.53396092912902,-115.98049982609275,-117.89281174259936,-116.24350464905424,-118.35330081945672,-116.91528745644631,-118.93243228651896,-117.39311169690659,-116.98518357791342,-115.22708548635973,point1,-117.11407904938014,-117.33710392446537,-119.53396092912902,1.21256964636574,-0.015238354092145806,-0.6377214454259139
HDOK,PLOK,17472,1,1,-129,-13,11,2,33,-115.67825369053786,-117.59968150327832,-116.17318430755101,-115.6504004593114,-116.41677831479619,-116.64937264034388,-117.21127597313479,-116.90564100575418,-117.49309460720686,-116.11638940386386,-116.84579487403269,-117.92098129450552,-117.26339861204208,-116.07331794621803,-114.44868961593787,-116.08175250153812,-119.16820881299805,-117.17413866968785,-116.78560538135831,-116.13556554212079,-117.7736245404171,-116.15534370960195,-118.47646874719801,-116.00294975935482,-116.71287347876417,-117.85968440615693,-117.47025806322259,-115.90358361706531,-117.2140990198606,-119.0820130554498,-117.37242166800392,-117.13662199032409,-116.97876341032507,point1,-116.90697668551398,-116.90564100575418,-119.16820881299805,0.9640301660973463,-0.19198769483572894,0.6225383706980074
HDOK,PLOK,17472,1,1,-129,-13,11,2,33,-115.75424380024303,-118.15767525124681,-115.83840121147033,-116.60328411377064,-117.88599097678507,-116.49649584093778,-116.89102645504164,-116.65377381286135,-116.28862481604266,-116.75407516016264,-118.06674610633016,-118.90517089461316,-116.97060098869711,-117.91344944095073,-116.34122063931059,-117.22502876147465,-115.54287667327384,-118.29223102337562,-118.14196684041896,-118.51603001455761,-116.22663257903923,-117.03651870033234,-115.37433009439494,-115.35987734485708,-116.73128492351921,-117.2180945496072,-117.05929964198192,-116.23361639968871,-116.13348146355757,-118.160347035188,-116.20831755750463,-117.0582186630116,-116.3158954225124,point1,-116.91984324838661,-116.75407516016264,-118.90517089461316,0.886207693633836,-0.31634702142153154,-0.7710985374866004
HDOK,PLOK,17472,1,1,-129,-13,11,2,33,-116.61183273132612,-114.30471160698632,-116.46944311578844,-115.15576040443099,-117.63162187171088,-117.0951360246949,-116.77911664200647,-117.67239840735587,-116.91175132766742,-119.49652294849936,-119.14692929129015,-117.43664420184551,-117.89893461606755,-116.31897393146629,-117.5806746550757,-117.14680617671196,-118.42451280680295,-115.91147659212557,-118.99949609956832,-118.49483661704208,-117.52450560604747,-116.37499323909259,-117.32219195959607,-116.17840852937368,-116.66029948449386,-118.10556891235089,-117.70486341935802,-116.71497353627157,-116.91187826775163,-118.50807633749255,-116.91360871508068,-119.03381682098573,-116.72236958792654,point1,-117.27767074194799,-117.14680617671196,-119.49652294849936,1.2558634485323978,0.1991421902024861,0.46387078995968434
HDOK,PLOK,17472,1,1,-129,-13,11,2,33,-115.26310149688071,-117.02485391476208,-116.22842729045973,-116.8858553428597,-118.34446373692163,-117.53312938664769,-115.63521215562876,-115.32928071753352,-117.03908524508203,-117.77461142505709,-117.63289173390751,-117.89551183298539,-115.90420218711536,-117.22048148675567,-117.8605884096674,-117.18476484554057,-117.40842414156054,-117.38434356536152,-117.12534316515112,-116.70277115812725,-116.38646533151352,-117.22603395115237,-117.32347096706208,-117.35101617071963,-117.98507897677011,-117.67076217963763,-116.76254331545206,-117.09710144721149,-117.4057430581309,-118.10438920984595,-116.00484852871058,-116.78443291450401,-117.34056178359327,point1,-117.05514518400938,-117.22048148675567,-118.34446373692163,0.5817126815823875,0.7925415819760826,0.17495080292125165
HDOK,PLOK,17472,1,1,-129,-13,11,2,33,-115.5456156385879,-116.93488527289054,-115.6516496683239,-116.55716354335223,-116.74960324297129,-115.80801784752461,-118.8983226322686,-117.76716698298227,-116.44715980344876,-117.21083990777726,-116.26341394069782,-117.63424491305443,-117.50054566122533,-117.40420105616937,-117.14308852561679,-118.88272657216002,-118.19177024529516,-118.86612404097038,-116.29138299354476,-117.21770005606767,-117.78467408503133,-118.18554694711233,-117.27228972760459,-117.81853366238684,-117.93553254193343,-116.63795494036881,-115.83104244355282,-117.39410212680463,-118.29224415341012,-116.3471891391858,-118.03271255507082,-115.9913609732191,-117.57697354504131,point1,-117.21411452683789,-117.27228972760459,-118.8983226322686,0.8736037593248275,0.014152203617188532,-0.8028466348181764
HDOK,PLOK,17472,1,1,-129,-13,11,2,33,-116.3178851074431,-116.85375480912518,-114.01283415998174,-117.17000626710751,-115.22894048698818,-118.69316565656099,-114.91544156441554,-117.5735751111667,-116.7689929411565,-116.00416577969905,-117.0383790812165,-117.37558843147954,-116.9025276188705,-116.70008012642776,-117.4100644647508,-116.53373775965305,-116.94501774854983,-116.84442263024391,-117.32863484690782,-118.45712691550963,-117.28299904970659,-116.70589343527723,-117.17297795781023,-118.62408471950087,-116.23030058076489,-117.69780059274323,-117.54603804528394,-116.55812674749104,-116.8637243150484,-115.52962149694251,-116.59886309894182,-118.17491105755323,-116.31010647658282,point1,-116.85969057820911,-116.8637243150484,-118.69316565656099,0.9697800277009982,0.6175769730214123,1.3259179553560254
HDOK,PLOK,17472,1,1,-129,-13,11,2,33,-115.73059529280073,-117.8539000781983,-117.54775219776404,-117.43163513434014,-118.12171271453724,-116.48137670894735,-117.2166635158975,-118.41275136888623,-117.33201436875491,-117.55902507188996,-119.11589118939729,-117.67001193835839,-115.81598381633715,-116.93760448575078,-117.67546586202315,-118.16438844200891,-117.35146397736469,-117.40281987707445,-117.03655069394982,-118.36229738006925,-117.0368483855436,-115.78594881264317,-118.90685291197397,-117.50499007502911,-116.89805290285234,-117.53193073569594,-117.66044550261833,-117.84706250884173,-116.88612358131016,-115.85578276886585,-114.68755261597522,-118.56244115525648,-118.01103355762653,point1,-117.34530210995703,-117.50499007502911,-119.11589118939729,0.9126702084172881,0.7098846998319734,0.7485583144660759
HDOK,PLOK,17472,1,1,-129,-13,11,2,33,-115.15263724029487,-116.56757793726283,-115.90439947286485,-117.36658426895451,-116.75721336124599,-117.19413530692391,-116.30932999197667,-116.41222193176178,-116.93585813829291,-117.46828110686802,-117.92819257340125,-117.42829328253983,-115.22704876274598,-115.71592129299115,-117.11470352981532,-117.85984785199629,-117.68397607305647,-116.76669797707457,-116.59256071701287,-115.49477511894436,-116.25853372541084,-115.93999014760517,-118.05308596453602,-117.57666530171021,-117.25799982297721,-117.86814916293842,-118.31669073247964,-117.24641624120216,-117.78953491012304,-117.61452313251439,-118.85537485625596,-117.5401553661868,-116.74323953793619,point1,-116.99820044963337,-117.19413530692391,-118.85537485625596,0.792461482549518,0.32919453111014096,-0.381843861478556
HDOK,PLOK,17472,1,1,-129,-13,11,2,33,-116.45870076556854,-115.47117384872047,-116.02506221519535,-116.42295029807913,-117.24829824283987,-117.2103638245785,-117.64084471090138,-117.64921854804992,-118.8891488242717,-117.71237107107665,-116.61175166246458,-117.98984680012863,-114.88998352062652,-116.52476641202333,-118.45853299046063,-118.7572006373131,-116.72901453232267,-118.11777279076088,-117.17064634994104,-114.51078907848445,-117.76937534672514,-116.90161908800725,-118.10744859278573,-119.26832327413959,-117.24140498815986,-118.04941811657683,-117.99911884042272,-117.85315187728852,-117.89339709357226,-116.95259189256994,-117.52237163482413,-116.92286121017469,-116.81586231517602,point1,-117.26622367861303,-117.24829824283987,-119.26832327413959,1.0949474113977768,0.655679548264914,0.7247931027742065
HDOK,PLOK,17472,1,1,-129,-13,11,2,33,-115.30801146178027,-117.34341903005348,-114.44487347871966,-115.86856893714742,-117.34307783500294,-117.07383962529279,-116.89975131497938,-117.85902040770121,-118.40707827620764,-117.01006486811742,-117.41988739358932,-116.26690672552317,-116.25455545247634,-115.61470951877997,-119.38456276118669,-118.22966682979222,-118.38031256761604,-115.54947812336498,-117.91390345755387,-116.3066551155564,-118.38646693532552,-117.96866755390276,-116.68881633687703,-117.29128428924496,-116.70772913913818,-120.08205111519086,-117.31968706167838,-115.826718418259,-117.40255475495543,-116.6651538388358,-118.39828073466423,-117.98782335513857,-118.23517191038569,point1,-117.20723480678906,-117.31968706167838,-120.08205111519086,1.417323383427735,-0.0006719791293109326,0.16638656800223028
HDOK,PLOK,17472,1,1,-129,-13,11,2,33,-116.67015204584604,-115.06865217120729,-115.84525102383391,-116.84506192237973,-116.37195740050062,-118.59823153006222,-117.30148191952811,-116.7885137610608,-117.08805905031434,-118.89727283015867,-117.66379941903429,-118.59066442063853,-115.85321939071558,-116.50834623927857,-118.89553715560476,-115.45176868587987,-116.13678022962341,-117.5985598766535,-117.81883440481259,-116.96942403067558,-117.1291924541977,-118.62854391653146,-117.71895988363201,-117.22496140391652,-115.92761887661008,-116.8644312795034,-118.24808742306608,-118.82644150529866,-115.614911883752,-116.5362834449705,-115.40675061935195,-117.52005881503064,-117.74522686178639,point1,-117.1016071477411,-117.08805905031434,-118.89727283015867,1.1707932990226642,-0.03150394706882113,-0.8889231596442504
HDOK,PLOK,17472,1,1,-129,-13,11,2,33,-117.22226743229905,-116.62308172714566,-115.44146665559374,-118.17421044948111,-117.87539012339047,-117.67302209797795,-116.7390900151219,-117.17988985501046,-115.90277330042821,-116.43549232577685,-118.15803351864531,-117.36580675829453,-117.64613787135544,-117.20850529176528,-117.62956691295612,-117.97193473359967,-115.8514306081954,-117.65566435788327,-117.53344900754551,-118.74045067507144,-116.52264364576858,-115.79550337768775,-117.03092612236695,-116.65487534587935,-119.27573240371994,-116.47267578958578,-117.0091030196832,-116.8250301959815,-117.22055930543101,-117.3590194910306,-115.98313308171399,-117.89496196275098,-117.49247371587062,point1,-117.16861518712146,-117.22055930543101,-119.27573240371994,0.7207430062955539,-0.09767468703945788,0.10241699366876134
HDOK,PLOK,17472,1,1,-129,-13,11,2,33,-115.91302885601678,-117.17545774736146,-116.42209886616608,-116.4245868340084,-118.4875682087597,-117.34064643682483,-116.57069253695434,-116.91905389613645,-116.96514045799624,-117.84533619701055,-119.72981760383993,-117.79644035357025,-116.63250025307799,-117.67637718945613,-117.36779487792843,-117.61221800963132,-117.18469936262078,-116.83060666133579,-117.46354348599313,-116.0478488120345,-115.71852792842738,-116.49366122899296,-118.8087051696528,-117.18804222011308,-117.7259655456093,-116.49419797658645,-118.84879220129038,-114.85790522423616,-120.05252862309732,-116.47274060178991,-118.84812448656405,-117.37726415553873,-117.36000389711309,point1,-117.29248230017377,-117.18804222011308,-120.05252862309732,1.2103408699376028,-0.5269239000121866,0.6372771881024883
HDOK,PLOK,17472,1,1,-129,-13,11,2,33,-115.51009929713108,-116.86546670530574,-114.95365006125664,-117.2317368779288,-116.54682645718218,-115.76020709146658,-116.07049191325527,-115.88509052600813,-118.21018731701992,-117.01695871750964,-117.83286859797728,-116.2403932050983,-118.56430905433439,-116.99659872390804,-119.14135057520282,-116.67109138466641,-117.29192528156943,-117.62731141289788,-116.72353543113243,-113.52879050865714,-116.12477712000619,-118.41692618255142,-116.8353782603093,-116.24538680976072,-117.24750328787366,-118.88570622483427,-117.38704752546835,-117.34269320638222,-117.57686582748869,-117.33707973841096,-116.6483722486387,-116.60200793260681,-116.00651714559008,point1,-116.8886409287706,-116.86546670530574,-119.14135057520282,1.2536387016004464,0.4647803887594366,1.4120274727637878
HDOK,PLOK,17472,1,1,-129,-13,11,2,33,-117.08510987024621,-117.81265972285973,-117.83105054523507,-117.58190998598715,-118.91054889385218,-118.05963334565179,-117.26816309901734,-117.06794983325194,-117.59253577623687,-117.73374392116654,-116.90627430990206,-117.28811390844098,-118.28781733760451,-116.14312547289957,-116.19301283386832,-119.15690349151322,-117.94065544732481,-115.28847523910247,-116.42833100597636,-118.77675049252181,-118.81838095690367,-117.66635343561792,-116.86418832217286,-118.50230746029281,-117.5074324079912,-116.09110255000046,-115.36535533813742,-117.37470478586022,-116.82563048351693,-117.42335150128383,-118.66742814576298,-115.65574058689938,-117.92045277793699,point1,-117.39500585712229,-117.5074324079912,-119.15690349151322,0.9981486565723763,0.346400884869632,-0.37645211322265393
HDOK,PLOK,17472,1,1,-129,-13,11,2,33,-116.75385346595434,-116.2922422381039,-114.91216203214975,-115.85436464176038,-117.93203695367113,-117.27936939062022,-117.89868394996712,-117.76473811803898,-114.53076018487916,-118.71561069110685,-117.90521005226313,-117.10669666348001,-117.53235366163416,-116.76128414684251,-118.77970418687318,-116.78999876060172,-115.20058242611607,-116.7360188246892,-118.6177699359825,-117.49901097073231,-118.32664172163406,-119.21371238703969,-117.16966433903018,-116.06309219002465,-116.38904400068472,-115.38020700147412,-116.12760910813827,-116.3306110728535,-119.36346169751181,-116.92357336916865,-117.22744800413271,-116.91805711208899,-115.70386784718319,point1,-117.0302860953464,-116.92357336916865,-119.36346169751181,1.4315842197295794,0.005337814486684484,-0.42738960971857365
HDOK,PLOK,17472,1,1,-129,-13,11,2,33,-115.80318371388016,-116.72366912500398,-115.98636863305997,-117.77159075534878,-118.14455036983522,-118.49134229445306,-117.72134932256424,-115.98063715933701,-117.24043852044105,-118.77488133656448,-117.19318971095507,-118.3799668252723,-117.05281002553039,-117.91055148752417,-119.47211110125853,-119.12495906395321,-118.52384979050655,-116.33004349369662,-115.68529769434832,-117.07307194955357,-117.5890729770174,-117.61229677002635,-117.95130808585522,-117.07108844515574,-118.14174601957569,-117.64839738451607,-117.00049999146883,-118.09833836275233,-116.86390917257847,-118.30132631858972,-116.71304461604197,-118.58948751113614,-117.00734463171767,point1,-117.51429462604602,-117.61229677002635,-119.47211110125853,0.8937216399365291,0.11050855723026194,-0.5228083489890629
HDOK,PLOK,17472,1,1,-129,-13,11,2,33,-115.81508769952814,-117.29389061725121,-115.76520774786415,-116.70948771678579,-115.50537399280313,-118.20082652033604,-118.77371892846973,-116.45052155096691,-117.4634116590166,-116.79634836523665,-116.73456691465647,-118.01569377464945,-118.87244290245201,-118.03642539568138,-116.1463835527104,-118.56786676910228,-118.31998540679993,-115.4485431325716,-117.0792942202765,-117.90424945662572,-117.85345725555112,-117.12754735206688,-115.42667837213934,-117.50375881976365,-117.40210648795069,-117.30964114696245,-118.93901348466643,-118.50827492015013,-116.33057973191904,-117.79546471853308,-116.19324207514438,-115.19864580504021,-115.9513505220038,point1,-117.13451778835379,-117.29389061725121,-118.93901348466643,1.1990087052716618,0.09913199296460544,-1.1150601455928095
HDOK,PLOK,17472,1,1,-129,-13,11,2,33,-113.2642463479668,-116.17409275685819,-116.0773664354689,-117.86892511754738,-119.19396891046671,-118.61042984992216,-117.948688151476,-119.4124665930313,-117.29414232979418,-115.5911893287908,-118.65513752318277,-117.51405370834323,-118.49272840790532,-117.59368157012312,-117.31320664565783,-116.01927938120582,-118.62987840458112,-117.6164005365589,-117.02105965062799,-117.70394378697675,-117.22322955392828,-117.78338971174698,-116.31635881897729,-117.25809215175525,-117.05528706454565,-116.51974145132242,-117.38907484935604,-118.89469983243585,-115.36460873055465,-117.76853063872984,-116.18656836516548,-116.45957089338779,-118.05953372542724,point1,-117.28101730981265,-117.38907484935604,-119.4124665930313,1.5311280277676076,0.8983080963184248,1.9142468434945061
HDOK,PLOK,17472,1,1,-129,-13,11,2,33,-114.83444490439979,-116.77348753912501,-116.4347365564468,-117.89762472839203,-117.60444302161098,-117.32600801040115,-116.54076715266245,-117.6725165301705,-118.33913037474514,-118.4142065342593,-118.1659409528433,-117.24978204433704,-119.12019502700986,-116.88280338869285,-116.51098437919892,-115.79481567963302,-117.69944957136613,-118.07258195500553,-116.33360364118059,-117.41467720067138,-119.170505677198,-118.71167529400421,-116.22623708695798,-117.49115257245562,-116.4576879640535,-117.3252893038463,-117.10732810833196,-116.36400891440623,-116.01263996905303,-116.10776820876355,-117.29067773562538,-117.98979144515648,-118.55040995446241,point1,-117.2693142856505,-117.3252893038463,-119.170505677198,0.9943795555502922,0.0932981498398984,-0.2614132161677323
HDOK,PLOK,17472,1,1,-129,-13,11,2,33,-114.37072167256345,-116.07593104017701,-115.16369758387297,-117.0338542526376,-118.63328091474813,-116.6281646392733,-116.37315260285837,-118.33087372058195,-116.48553936029673,-114.97045444686047,-116.30149042407527,-118.13249895325393,-118.00692493763985,-118.95906409911517,-117.07027772580777,-117.73326181449082,-118.81468806194232,-117.2326344826049,-117.70538285907217,-116.67328076799355,-117.55581132709361,-115.93389823514157,-115.69260274062503,-118.03509865212033,-116.26111472663459,-117.70244641758254,-117.19853798354255,-117.91535115625233,-116.0278518905459,-115.25493522383623,-115.40612436426952,-116.92776283973807,-117.5894585841085,point1,-116.91503540913199,-117.0338542526376,-118.95906409911517,1.3454075385116926,0.22542585832935935,-0.675991292315326
HDOK,PLOK,17472,1,1,-129,-13,11,2,33,-116.04978211044862,-116.2037728249296,-115.79198179468548,-115.76700020518206,-115.46691942628286,-116.60762330722557,-116.57297826979483,-117.42294324268076,-116.93984694336936,-117.08244176534268,-117.42663063181531,-116.73605817846804,-117.26348390357704,-117.124575296263,-117.791436651183,-118.03817809505648,-117.35383244461906,-118.70230895776724,-117.79804334800087,-116.92479945093594,-116.24978171772646,-117.97919165161935,-118.5565390461518,-117.14540995618124,-117.63889172410596,-117.44491422365492,-117.44348907456505,-115.94004806722269,-116.21719220499952,-118.66451926622011,-117.19106917271603,-118.86092211537823,-116.01574270988984,point1,-117.10340447812301,-117.14540995618124,-118.86092211537823,0.802714885857727,-0.15131555855441295,-0.6532853469830151
HDOK,PLOK,17472,1,1,-129,-13,11,2,33,-113.74867978027491,-117.31725388083815,-115.26619705654063,-114.8881745301441,-117.37110608976751,-116.31384545400633,-117.70945938322853,-118.14044578474392,-117.0170348277559,-116.75196429427093,-116.59319750855609,-116.50337952839583,-117.2722328040265,-117.69305757252532,-118.06493048692114,-118.5794950477502,-117.45050703592031,-117.9850924205725,-118.5458892385611,-116.38557979944574,-115.95634349839528,-118.1021256175261,-118.10709491892992,-116.85149928671649,-116.97045065055407,-115.76200546734023,-116.23951021284175,-116.74473928243837,-115.9437512651224,-115.71558359347361,-116.1857958039679,-117.11538423185826,-117.29307954672989,point1,-116.86620866364059,-116.97045065055407,-118.5794950477502,1.1458615274609685,0.6978390612306996,0.7553922580377841
HDOK,PLOK,17472,1,1,-129,-13,11,2,33,-116.63994627338363,-117.62208833117239,-115.78166484951998,-116.5970442658111,-117.10111935471318,-115.68299235012461,-116.98717193123387,-117.2372410038223,-116.86908205829265,-117.82574650107837,-118.3901381194219,-117.18861656295336,-118.16815105843025,-117.69009197264495,-117.95795242234293,-117.45235033268396,-117.3780968739257,-118.29722028998496,-116.02806611388615,-116.63157485926608,-119.35619521488327,-115.79962988465658,-116.6445037323902,-116.39899153631772,-117.96060165906053,-118.60050410680631,-116.54567446287889,-117.08912989268777,-117.2569790036245,-116.91220861225801,-114.77959111733553,-117.50861208311862,-118.56484043629035,point1,-117.18011567475763,-117.18861656295336,-119.35619521488327,0.9188021065618205,0.14766557004387468,0.23401763434283263
HDOK,PLOK,17472,1,1,-129,-13,11,2,33,-116.25949496359412,-116.4257922071205,-116.3143121293221,-116.31519662901825,-117.77357783969578,-116.89624628931875,-117.96372327911178,-116.78483881137096,-116.73448375064613,-117.55893145507174,-117.12280816759409,-118.55761242573944,-116.49792261283926,-117.7339971922742,-115.55290123843828,-117.96831049352706,-117.7747684893933,-119.21664395824251,-117.67739611049441,-117.19940973320507,-115.32710206597629,-115.79831183910748,-115.8270435033683,-117.71420043297886,-117.69806388055456,-116.95028994551812,-117.56332523718021,-117.3105056732237,-117.87501203227575,-116.29972926805937,-115.86268065203704,-117.28392011074901,-117.64172458235979,point1,-117.07515990907292,-117.19940973320507,-119.21664395824251,0.7863066790936061,-0.001208796233400505,-0.28715699380569415
HDOK,PLOK,17472,1,1,-129,-13,11,2,33,-115.54371413463281,-117.43025327202504,-116.3541791973413,-116.82156325553555,-117.82601334208707,-116.30451192445446,-116.63660825727713,-117.84255181896306,-117.99234649061125,-117.96261082312617,-117.85398646353765,-115.31223864477438,-118.25461199035716,-116.55073689078675,-117.79338418499813,-118.14061798567323,-119.16435811178168,-117.53615004898155,-116.97937274039023,-117.01337381155345,-117.34454050676821,-115.2771094934633,-117.79749817193333,-117.29649018855956,-118.29303950867994,-118.85150577612798,-116.38260900993616,-119.44465649211614,-115.84798588142118,-116.81513555278134,-118.24810679756315,-116.93232159773218,-116.51901523856716,point1,-117.28373326074356,-117.34454050676821,-119.44465649211614,1.0514453047868033,0.06802742118759553,-0.3347202252198267
HDOK,PLOK,17472,1,1,-129,-13,11,2,33,-115.08679745915076,-118.1675631569658,-117.1717286215646,-116.66505409762276,-117.18450850968797,-117.10107773617568,-116.74209637224466,-117.24621882226882,-117.12349770633067,-117.61982012739435,-115.41912631644365,-117.57875355712854,-117.15864746260354,-117.61573814442787,-118.22590017910001,-117.85212483017496,-117.76923247896555,-117.11860731905517,-118.45914111253803,-116.48612548384317,-116.38517948640126,-116.01724500638242,-116.86927241857927,-118.05731457838985,-118.2258201043102,-116.45324286133624,-118.12278252781297,-116.98959851902919,-116.10733415007097,-115.85039301623775,-117.24522141848291,-118.23374183803357,-117.56549000947153,point1,-117.14892107358254,-117.1717286215646,-118.45914111253803,0.697943431408426,0.5607708716422203,-0.11667227889766352
HDOK,PLOK,17472,1,1,-129,-13,11,2,33,-114.81819773164393,-117.12031923393458,-115.74953991016498,-116.30654730191235,-118.3365123728944,-117.10319397777774,-118.20896913609313,-117.72060468591216,-118.41368124025273,-114.84679031564681,-117.62350955096821,-116.5040235833248,-116.30292193783603,-117.01955594827069,-116.54745505153836,-116.73576231925564,-117.0935725728258,-116.25588304288853,-115.48312665012266,-118.05193025368213,-116.04577600937229,-117.56045129661584,-118.22888603312457,-117.24561811830297,-118.03283479810221,-115.48367219261648,-116.44376433693094,-116.6404506874762,-119.98046665675449,-118.50580058471186,-119.55147826360997,-117.92057862583056,-117.40970552252537,point1,-117.13004787705815,-117.10319397777774,-119.98046665675449,1.4337923485271964,-0.16696517538817804,-0.0066004455980412935
HDOK,PLOK,17472,1,1,-129,-13,11,2,33,-115.82953489530523,-118.14404199599863,-114.65931836955608,-116.23179237988761,-116.50693965947742,-118.75457267591867,-115.45210903882162,-115.90374980322838,-116.15790882473902,-118.02064682265721,-117.94963914594649,-117.29682728104476,-116.49350975685692,-119.03282430331318,-117.48726601034444,-117.52271443407277,-118.28790428665376,-118.57414431341637,-115.71603884835271,-117.6309212149551,-119.01630643992532,-116.79784118476755,-118.9253367074527,-116.78074682415296,-116.48464664293653,-117.72461531026953,-116.20980915209408,-118.12645926403782,-118.16341799420948,-117.29485236959624,-116.87864671363016,-117.32410656705561,-119.75518705919922,point1,-117.30710231181433,-117.32410656705561,-119.75518705919922,1.3962129230871032,0.06626742814676564,-0.5374959018025729
HDOK,PLOK,17472,1,1,-129,-13,11,2,33,-116.19369873249376,-116.82263940838818,-118.36837764829258,-116.87747450206332,-118.01932390398389,-116.92585279219668,-118.61466020904976,-118.05214668716006,-118.01926363682989,-118.11556189282686,-117.251988076045,-117.13821238168835,-118.0808700421945,-116.5702783716994,-117.4784701285046,-116.98240136697288,-117.95969346651553,-117.3058382206496,-117.83733200258509,-116.78679939452374,-116.44446459336473,-116.87245725987708,-117.39339913423046,-117.1456000456137,-117.78816985707323,-118.38617166535677,-118.62301475822443,-116.73476236359167,-117.3710244998346,-117.64414391914003,-117.62645133259271,-116.06129694120187,-116.09537040873882,point1,-117.38143059525771,-117.3710244998346,-118.62301475822443,0.5038924449659351,0.07547150512579757,-0.8623212400143068
HDOK,PLOK,17472,1,1,-129,-13,11,2,33,-115.5548265762313,-117.77487189048585,-116.53537236642478,-116.86373255987228,-117.84145454986646,-116.26693491003468,-117.64129436481124,-116.90026217972493,-120.08944169293825,-116.04599551059333,-116.40826116337293,-116.509611906609,-116.90179798588878,-116.07004547680066,-116.84882345936344,-117.65311558222072,-117.9073296674158,-116.49351468706236,-116.0960277042845,-117.4459694483737,-117.28014571508623,-119.31920706053018,-117.1626057958792,-116.38763354518538,-116.77038607353943,-117.51322363039807,-118.42939914531716,-118.54703214902945,-118.07007756012014,-116.21047459456497,-115.33023934392716,-118.75741989120809,-116.29810466342889,point1,-117.14923129850271,-116.90026217972493,-120.08944169293825,1.1233086711065643,-0.7740665234594374,0.5244695393770114
HDOK,PLOK,17472,1,1,-129,-13,11,2,33,-115.93132614830174,-117.48708531288423,-115.15008811673536,-116.89036985677976,-118.1067823648858,-118.32262463419467,-117.63442791866379,-117.7338867754885,-117.26344225628053,-117.66569938042971,-118.36670190175285,-117.88514432457589,-117.0675242665475,-117.33828018484688,-118.71746883156993,-117.14670870004933,-116.43107885000475,-116.01223761734013,-117.50178449205522,-117.06177657659846,-115.63184539928726,-118.1821069825554,-116.79191941353825,-119.13437501758033,-117.28254202610296,-116.251576361202,-116.55839202761004,-115.97205017532792,-117.52469659155882,-117.74257454231991,-116.94686292403506,-117.93321746738238,-116.81765054914358,point1,-117.2267953935645,-117.28254202610296,-119.13437501758033,0.7980006859675827,0.2306482226480881,-0.10049745798618703
HDOK,PLOK,17472,1,1,-129,-13,11,2,33,-115.32511113735191,-116.84480006180726,-116.88845556340718,-115.90562045716287,-117.55281702937204,-117.93189935868052,-115.99017197191444,-115.3017212785684,-118.61241660299788,-117.95057890061001,-117.99104801308175,-117.48687703344122,-116.57426246764247,-116.45673993200595,-117.06469117047921,-117.38560338415793,-117.29192872725753,-117.42233709904241,-115.59250026209828,-117.3593459001867,-117.85472177765922,-117.77412610154086,-117.77801863648064,-116.96844604725366,-117.54345579172919,-118.59323958158213,-118.1262431678404,-117.3479230362374,-116.49974267210187,-118.23406012382904,-117.68549090107594,-115.78989692967214,-119.02478907170024,point1,-117.21663879363541,-117.38560338415793,-119.02478907170024,0.8866943688117742,0.4245130160052507,-0.3924120582663293
HDOK,PLOK,17472,1,1,-129,-13,11,2,33,-117.63499228754205,-116.99526190867412,-115.85770386388164,-116.65613551974937,-116.55804547477493,-118.95546502168045,-116.54168991337235,-117.49822404331393,-117.3960928461868,-117.43887470278999,-115.78363127626112,-116.77841220907618,-116.28043395208948,-118.18286133754248,-118.64728860754873,-117.487071237204,-117.50130677346264,-116.97462677954987,-117.39707554120417,-118.17580150988493,-116.89552112894216,-119.91008238881034,-115.50300169900366,-118.0650883454533,-118.86385484321794,-116.59701693668524,-116.6291728616775,-116.50220550552397,-116.57511380669881,-114.18262057917913,-115.69363040001556,-117.57164546055238,-114.95704393713366,point1,-117.05112099086914,-116.97462677954987,-119.91008238881034,1.3623430778616614,-0.019674374015022606,0.5803118905001603
HDOK,PLOK,17472,1,1,-129,-13,11,2,33,-117.55637944002687,-117.72471508748481,-115.64313340115426,-115.81279554769183,-117.47960260885002,-118.3663036561462,-116.67396820291334,-116.71539493723492,-117.00725581084129,-117.19342754679084,-118.18272770042542,-116.13710728240845,-117.36254083796254,-117.47864413780232,-116.90014521578263,-115.91007855641726,-116.72835872479455,-116.72795196768155,-116.49397637422551,-117.21794142776184,-117.2110078109323,-118.66948826732113,-117.05056603857962,-116.84088589599969,-116.06723092273899,-116.06947489326701,-118.26314705380699,-117.3065499459248,-118.93739734491184,-116.75551669110014,-117.9808475118179,-119.34324657511597,-118.73201363049334,point1,-117.22847942564869,-117.19342754679084,-119.34324657511597,0.8602564715268453,-0.4061885116122204,-0.37778127643473614
HDOK,PLOK,17472,1,1,-129,-13,11,2,33,-117.28483678741378,-117.50885407236258,-116.62708470225085,-117.21726064966973,-118.43506465053837,-116.58061334964208,-115.67209066714011,-117.03688138597192,-117.60989577834255,-118.08667076983198,-117.50051628979561,-117.84097319546565,-118.16465080693271,-116.6550010127583,-117.74614968274169,-118.33805654763465,-119.11629393731748,-117.55631206475347,-118.10589331267175,-116.91505888592613,-116.84935625456181,-118.15390095690196,-119.43100235534045,-115.1302309537707,-116.11992103473976,-116.91250664447362,-116.401405660991,-117.80566235267027,-117.32983647937841,-116.15675732356527,-117.78757619199985,-117.5406542118111,-118.81089702068375,point1,-117.4069050300015,-117.50885407236258,-119.43100235534045,0.8780419719766028,0.16786606831350756,0.18193899915536038
HDOK,PLOK,17472,1,1,-129,-13,11,2,33,-117.11490480818783,-116.0588185750218,-115.42984634665294,-116.791895204969,-117.45097401486873,-116.31597663017918,-116.52467021941449,-117.40164302965948,-115.98996703140719,-117.77683477385446,-117.41479188226093,-116.57446822613771,-118.35250347516258,-117.15814925042706,-117.19772268111967,-117.15126555582553,-117.4899537651778,-116.8980614226857,-116.86690012089774,-119.00392741786217,-115.57466407532695,-116.62242357011253,-117.92120470036602,-116.94726947388057,-117.2147942388574,-118.01702261036863,-116.24292755116532,-117.8325762215672,-115.34834306830942,-116.20488230694333,-116.68884037990375,-117.39640874476852,-117.85590365144282,point1,-116.99486469772076,-117.11490480818783,-119.00392741786217,0.6776165655323673,-0.0075544030813894875,0.04473636524554703
HDOK,PLOK,17472,1,1,-129,-13,11,2,33,-116.22079467337906,-116.85116633920126,-116.38990532381563,-117.1012147659586,-118.16982930297094,-117.24172551937323,-117.55654508662892,-118.09030038421261,-115.9813515837941,-117.21716808873434,-117.29868935421565,-116.93124251533273,-117.01971182848588,-115.87155928395748,-117.02318968269353,-117.67679629265008,-120.17861996748869,-117.25908141671798,-116.09865341743142,-118.22314556739683,-117.52225894541218,-117.63732385974883,-117.94910035992456,-117.56568203102857,-115.55793914253708,-117.82495541108685,-115.9774883595922,-118.76457814476944,-117.5375981897477,-117.2602667414541,-117.14007265223871,-117.35205100937564,-117.99217874824544,point1,-117.28733890877578,-117.2602667414541,-120.17861996748869,0.8153569013655921,-0.6087272433316957,2.020254864991799
HDOK,PLOK,17472,1,1,-129,-13,11,2,33,-116.21983717086124,-116.18832274161267,-114.61470133223655,-115.63425584092575,-117.36798995510057,-116.74560523398844,-117.33380261828351,-117.27407620054238,-117.16576052373135,-116.45176994790852,-118.20872875868456,-116.64323785766096,-117.60946234655796,-117.86083090484578,-117.79871303070742,-118.37474430225377,-117.3377243326213,-116.04218489259186,-118.93806715376535,-118.73541660423483,-116.97919881827748,-117.07645745426568,-117.25005467677074,-116.90572383154827,-116.67432747254382,-118.0232856424521,-117.06144584429515,-116.62046530859759,-117.59693661143199,-119.22134714422249,-118.95262915697157,-117.49745158318308,-117.24188751389953,point1,-117.26201341841131,-117.25005467677074,-119.22134714422249,0.9420493093677574,0.17771266265472352,0.7013494751713414
HDOK,PLOK,17472,1,1,-129,-13,11,2,33,-115.48659111439227,-117.60273858140951,-114.97771467084443,-115.86503004328542,-115.29284517462582,-116.31142367278093,-117.95828979008347,-117.20042635015879,-116.92136396215068,-115.40599580943639,-116.75513176243088,-116.2684127458323,-116.62448444582111,-117.58996581096567,-118.32602587155225,-117.70286362844558,-116.87225776364208,-117.29226416867077,-117.69530863925729,-117.10267869132959,-119.08415323596321,-116.3776308403747,-116.91834086351653,-119.99313942220566,-117.7338112195165,-118.23512614822339,-117.72297277888521,-117.13655315631317,-116.89148639109347,-117.8715260939902,-116.05736214074541,-118.83414921989677,-117.3194526412588,point1,-117.13416717724544,-117.13655315631317,-119.99313942220566,1.202783244586035,-0.231118850023192,0.3530904905781913
HDOK,PLOK,17472,1,1,-129,-13,11,2,33,-115.96278290748928,-118.01675266374211,-117.60959153631495,-116.06129022560054,-115.76227151218716,-117.72225557043004,-115.64866266225225,-117.37823342328318,-117.11509977239645,-117.07527970282135,-117.18092663536785,-115.63216514430786,-115.99263309148651,-118.52794239229912,-116.77620960802967,-115.6305144020249,-118.62011096300785,-116.79849966385626,-115.33664215621337,-118.04137672159949,-117.58868366882535,-117.38886805349362,-117.90823984501156,-115.83735022473516,-116.64472348753162,-117.43838411853639,-117.97078445882559,-116.29814148836394,-116.21724567977469,-118.15968887060853,-116.55693064012485,-116.03599702252554,-115.88733778675048,point1,-116.87338230605506,-116.79849966385626,-118.62011096300785,0.8884655759527189,-0.13502304305834714,-1.2478261281263978
HDOK,PLOK,17472,1,1,-129,-13,11,2,33,-115.89444678438696,-117.52053955005094,-115.11286280597812,-115.5177299444597,-117.58580617746355,-117.48146943209767,-118.08529519972147,-117.06063705066104,-116.7948610514309,-117.9115704490516,-117.22285559792763,-117.68025193995648,-117.4214112075845,-117.48023948471916,-118.16295349178401,-115.97640856366694,-116.54021491686184,-116.6808474310897,-118.53421416823913,-118.1950034578332,-117.33851528301108,-118.14287976153433,-117.0074080314113,-118.06720656669063,-117.97569451196195,-117.61272900595243,-117.39010576443859,-117.56578677783303,-116.91170791107893,-115.39440211962288,-117.2645957168377,-116.40294021632455,-117.90904801516308,point1,-117.20735267838866,-117.4214112075845,-118.53421416823913,0.7295862132109887,0.8846512703952601,0.157624726571584
HDOK,PLOK,17472,1,1,-129,-13,11,2,33,-118.12211927659,-118.85613787994038,-115.66700017218034,-118.17031212160254,-118.21390489247649,-117.34632887995727,-118.57588876307187,-119.1803330047731,-118.68989597640173,-117.94891455703174,-116.62951573882215,-116.5953614254999,-117.37129253460428,-117.77874435390027,-116.17951067308012,-117.96508697638285,-116.40210174314495,-121.31710638640638,-119.76327763616491,-115.61780917212225,-118.29340554987002,-118.14136493522999,-118.29196569158607,-117.70559145548836,-117.39046012518332,-117.29425285711038,-115.98824989047581,-115.91554413858505,-117.41446961885669,-116.63934147465001,-116.61698177153491,-116.25648879217127,-116.63250437301824,point1,-117.544583722361,-117.41446961885669,-121.31710638640638,1.5321140774249071,-0.73360917402373,1.1022266853144962
HDOK,PLOK,17472,1,1,-129,-13,11,2,33,-115.69404083119313,-118.53199670107674,-115.34720665899147,-114.86982153510027,-116.04955829825549,-118.05457091960163,-116.54028504414671,-117.61925174906645,-116.31950159000604,-118.00824527242095,-119.39401901753881,-115.68108752645631,-117.62530058810772,-117.23540045381672,-117.96793237654316,-116.7842355736683,-117.40943830036748,-116.73070527715147,-117.48352971021819,-117.37906518112837,-117.75150398106284,-119.45840965093412,-117.50508912711076,-117.83555030450938,-116.93507488476831,-117.88792140116463,-118.06226145349419,-116.49275221617305,-117.31632332032267,-117.9396296288714,-116.45364174489359,-117.56812596419408,-117.51971773283114,point1,-117.25609678833894,-117.48352971021819,-119.45840965093412,1.0418285422900522,0.21013752878917058,0.31999746353621505
HDOK,PLOK,17472,1,1,-129,-13,11,2,33,-116.63359151808034,-116.93738604467997,-114.16464395410348,-117.92500610849777,-117.16496876040331,-117.84222497732743,-117.69299001354574,-117.66533114890348,-117.06236788912621,-118.01339945890484,-116.50296594196142,-116.51837844389044,-116.05758595227498,-117.68439804571769,-116.97857321155112,-117.36264237066678,-115.43862173421239,-117.10287578736643,-116.86047908330589,-115.0347461288696,-119.02538697879524,-116.9878078803137,-117.34683075494804,-116.96051416608701,-117.4910283967302,-117.7484043888444,-117.70475633169254,-116.47566622179579,-116.13748421211709,-116.9418140794235,-117.94351708132857,-117.86890137939008,-118.51281889551069,point1,-117.08448810122319,-117.10287578736643,-119.02538697879524,0.9170812713943377,0.9463480438443103,1.822454300559809
HDOK,PLOK,17472,1,1,-129,-13,11,2,33,-115.12412284110074,-117.3272943036204,-117.44929582108402,-117.36803200966169,-116.5247738628025,-117.31667486271962,-117.42158161058626,-115.2409280469823,-116.10851614296651,-117.25762643641828,-116.90918045616318,-117.59947772594192,-115.97369883124247,-116.79543730785532,-116.80185560606662,-116.10681178659343,-117.34485429235781,-114.90747037491896,-117.2601269233634,-116.26006674706112,-117.87055692603927,-117.210006487649,-115.6873274056241,-118.24612726666253,-117.8274161552143,-117.31481429795616,-118.19028404154719,-118.93026656432609,-116.61426974828925,-117.59490217656804,-117.75563302231183,-118.00987624505282,-119.63429801957946,point1,-117.09041225291901,-117.31481429795616,-119.63429801957946,1.0485720768329787,0.09944104656702113,0.4253045988437334
HDOK,PLOK,17472,1,1,-129,-13,11,2,33,-116.73522060569925,-118.30071849692156,-116.67343786180693,-115.98892727746609,-117.1552935912754,-115.84764055570561,-116.74339441883787,-118.05221572749355,-116.55067475817846,-117.39645876506466,-117.1252203497704,-116.03052709163121,-118.78360595245357,-118.51306482289719,-119.477055821169,-117.01156439520291,-118.43253553446391,-117.59639427634339,-117.26681212605517,-116.65241882591693,-118.06443367480914,-116.46986453698185,-116.64453557061503,-116.69879803965047,-118.60578223360146,-118.02359246845687,-117.6667785967159,-116.68050562944114,-118.35687923854073,-115.61380006269707,-117.26470009016033,-117.95463641275734,-117.77741649173774,point1,-117.33802740304601,-117.26470009016033,-119.477055821169,0.8581467055532185,-0.19682435038147233,-0.5903772697007277
HDOK,PLOK,17472,1,1,-129,-13,11,2,33,-115.82430690588097,-115.19525618971005,-116.04292723596234,-118.3898790891825,-118.77634304878845,-116.04781959428887,-118.23785207417495,-116.76165884617913,-116.06862316371121,-116.38054076739118,-118.2518674155005,-116.76517552930999,-117.09239504844149,-116.75098438810457,-117.75720607754246,-116.95683612757574,-117.76303965965539,-117.20625417721713,-117.9559184228499,-116.75343285135104,-117.07415155680667,-118.37286266468317,-117.40315952568041,-116.69591934718005,-113.62880283707628,-117.72093199599011,-117.65069377744558,-116.73561336891957,-116.24665591534952,-117.68633726530055,-116.29567316996082,-117.32285059867573,-115.56498415135853,point1,-116.95081675112866,-116.95683612757574,-118.77634304878845,1.1029837353072982,0.8087614617663381,1.563365459983841
HDOK,PLOK,17472,1,1,-129,-13,11,2,33,-115.21225627637244,-116.2652305627243,-115.68651632660733,-116.76037655666185,-117.10690419579448,-117.3968708943376,-116.73383565424305,-115.92343209174666,-116.4370862126484,-116.64814038164941,-115.0148579441927,-117.49300830323136,-117.83993860693647,-118.54113039919103,-117.03259811295155,-118.55256157821319,-116.59170453928192,-116.43230629422581,-116.12343924403801,-116.8013748535916,-119.35813594916817,-118.49263954767625,-119.89534974446744,-117.34812821827806,-118.0494944406348,-117.96117935825708,-116.23389977202797,-118.76596734015575,-115.87573141302047,-116.3430824518081,-117.36884128057564,-116.8296805245158,-115.52787443919883,point1,-117.049805257831,-116.8013748535916,-119.89534974446744,1.3424393558202086,-0.5294867900086444,-0.11197579271106761
HDOK,PLOK,17472,1,1,-129,-13,11,2,33,-117.09118507679514,-117.16390361907983,-114.42545080110821,-116.0938096657002,-115.9120303682741,-118.76599144761026,-116.1939698375156,-117.46392060983838,-116.99624183326542,-117.36293585026026,-117.44581414116189,-119.01672030470269,-119.05618698244913,-118.67712136419937,-116.22728864851166,-115.89043564917132,-120.47497243749166,-117.42320093362258,-116.96777055052341,-115.63704381990661,-117.54395698096579,-115.911218346455,-116.94222345066615,-117.59440604361725,-115.7099121209518,-118.51471302038954,-117.23123700491924,-117.11288608531777,-117.0578762871214,-117.99073595039984,-117.66912843878272,-116.31049250862146,-118.12062146994452,point1,-117.21198186816183,-117.16390361907983,-120.47497243749166,1.4416830892459886,-0.3234076681083307,0.6973347560638605
HDOK,PLOK,17472,1,1,-129,-13,11,2,33,-115.04713499399186,-117.9260968552812,-116.30034012172467,-117.3325220981561,-116.75743813252416,-115.10137407860627,-116.8790545473585,-117.60455713474462,-117.86721702632103,-116.06968007369854,-116.48750087697425,-117.42062809519788,-117.95328831020052,-115.83192788114354,-117.71877745751642,-117.0994681422406,-117.67622326775593,-118.1353178269563,-117.91040272876674,-117.8461656834334,-118.23617999621906,-118.09230036955447,-117.13707841091792,-117.7486102099169,-115.76122067056687,-117.59765226662623,-115.95597021083375,-116.22669331457627,-115.74147223329233,-116.05375469110915,-118.01350615581876,-118.84187858621593,-117.49745282213829,point1,-117.08693591728417,-117.42062809519788,-118.84187858621593,0.9466762510161011,0.4933108582679525,-0.7835772288394063
HDOK,PLOK,17472,1,1,-129,-13,11,2,33,-117.36345576913227,-117.0081955217843,-115.87086041855784,-116.01270327929058,-116.39928736180474,-118.14760103387074,-115.32128838271376,-116.46829391045381,-118.50597354585913,-117.71951557404566,-115.16553285004858,-116.87491528072337,-117.74127239967723,-115.6913106922264,-116.83270259328874,-116.52676391280015,-117.11988037529225,-117.75669999152387,-116.60630445410514,-118.62465655447599,-116.54152756298537,-118.67986642723562,-117.7919212608018,-118.05825990269366,-117.10332360459559,-118.03190083275055,-116.39530563186007,-117.81348816693314,-115.72538397786941,-117.57903136871614,-116.63023624917838,-120.23645499123917,-116.64220855726211,point1,-117.1207915889635,-117.0081955217843,-120.23645499123917,1.1612901393562698,-0.510585800914162,0.6558471826212471
HDOK,PLOK,17472,1,1,-129,-13,11,2,33,-115.02103240937907,-116.20423683112517,-115.34059846779587,-118.12611852206219,-118.36395261427836,-118.75682785115717,-118.70077320856042,-118.13513425837081,-118.68908553277883,-116.61752049943344,-118.91082926285952,-117.37889993857982,-117.20180290361203,-114.59247971555202,-119.28665645403362,-117.31845200229581,-118.27218426230073,-118.25797296650605,-117.95588342601728,-119.83495516552257,-116.8906015946853,-117.43951488561554,-114.80565353118911,-117.44673135323713,-115.81309643969243,-118.45893357204106,-116.75483084837165,-116.39470781435071,-117.28507507547721,-117.70832626051747,-116.9288768820796,-116.11745276046906,-117.44021492080994,point1,-117.34695188578051,-117.43951488561554,-119.83495516552257,1.6540621000256714,0.4049890935741467,-0.32926717253627436
HDOK,PLOK,17472,1,1,-129,-13,11,2,33,-115.82386422610253,-116.23549829581255,-114.94324000350258,-117.92105957943832,-115.9002276841834,-118.0025299977891,-118.0737837282928,-117.27662182769686,-117.9505156559782,-118.83737077695767,-117.53794794595619,-118.19090814821374,-117.41036637698045,-117.101884542798,-118.87933667052384,-116.26128055138646,-114.71703971187593,-117.89328626753813,-117.36611280794598,-117.58624007528189,-115.49518911353755,-117.9637104114048,-115.32775650681583,-118.52468418820257,-118.4290501225032,-115.38691795608464,-118.14441144210365,-116.41771591857969,-118.62251853401412,-116.95850960923269,-116.78509319638765,-115.54221598495224,-117.52322656310514,point1,-117.12212467942965,-117.41036637698045,-118.87933667052384,1.4065426459868366,0.4600997367629717,-0.9580053427987965
HDOK,PLOK,17472,1,1,-129,-13,11,2,33,-115.16631497989077,-116.99523390697789,-116.76372177033585,-116.78018649145972,-117.40365096518457,-117.13287042112445,-115.38014821328356,-115.82846773152298,-119.20747503480297,-120.17288522952202,-116.73972680953115,-116.29450311060911,-116.74768284725465,-115.8580584197958,-118.10947424660404,-119.19327322826105,-118.95004589865897,-116.80893944361833,-115.47587992419925,-117.49265975733867,-117.40348450412556,-117.28976442113358,-118.93151306612381,-117.27141692978982,-116.99937254033557,-118.9427732796976,-118.6527125819619,-115.1453087493307,-117.5521132727181,-116.06458565375101,-117.16998002575836,-118.3060452718431,-118.32690624421099,point1,-117.28961136275018,-117.16998002575836,-120.17288522952202,1.6020383010314894,-0.2305466547101321,-0.5101131658407732
HDOK,PLOK,17472,1,1,-129,-13,11,2,33,-118.16398950218242,-116.98385856341365,-115.52871400191869,-116.42241097581045,-118.16387150524382,-118.15746091892055,-117.19662608926807,-118.3747282664445,-117.62555103523562,-117.75002622689783,-117.60458330717269,-118.19313415224109,-115.50886230994715,-116.11916133617298,-114.58045117562627,-115.94898932040688,-116.40455055015723,-116.23274539994759,-116.1451646372655,-118.59181862368403,-119.19180437337923,-116.00219350891159,-118.52080015188065,-118.41376108621176,-118.81700861250343,-118.02056186783511,-117.58130327729108,-115.37078902771304,-117.57171554219356,-116.8053159913088,-117.6924660791197,-118.27966132528073,-117.65407955819673,point1,-117.26115631211462,-117.60458330717269,-119.19180437337923,1.317900620184679,0.48335465260252913,-0.7153103381248718
HDOK,PLOK,17472,1,1,-129,-13,11,2,33,-117.00943678690996,-116.4089371213648,-115.39642205188582,-115.18838697970575,-117.04164863814357,-117.64272585119785,-115.88208793420239,-118.29044341978553,-118.20541325111562,-118.12670997684081,-117.08574049931035,-116.32290201479942,-116.57542002672889,-116.30056677923484,-117.12402885563448,-118.40132154876594,-117.14595814179422,-118.91688885739504,-116.41242650535155,-116.26301536190437,-117.3836602809058,-117.07740565937299,-117.87124480039171,-117.17047979750275,-117.89823530025451,-117.46434844779768,-119.8081017097259,-117.51879962891432,-118.2253784359437,-117.44445862377793,-118.4282058984329,-116.53022259940906,-116.91294281755603,point1,-117.25678680612293,-117.14595814179422,-119.8081017097259,0.9655504235409875,-0.1960237477911611,0.3197911816293124
HDOK,PLOK,17472,1,1,-129,-13,11,2,33,-115.8046401360473,-117.24467837654058,-115.24679290452048,-116.53874298721892,-118.1695251780612,-118.05878854757368,-116.87018568038232,-114.59255225635388,-118.56806550028253,-117.99737903545679,-116.80510950816564,-115.54226553389282,-117.35045605188361,-116.66934508435791,-117.84538645237085,-117.65449430456847,-117.17271110477044,-117.82821302452412,-119.48826002582823,-117.16454189948846,-116.7377780190148,-116.29454482403816,-118.46540707836756,-116.70581925784373,-117.47371141992927,-116.99432723711598,-117.45723197792769,-117.43386650693884,-117.21546084209008,-117.08981744408678,-116.27601650158445,-117.3237427513505,-118.97244708712215,point1,-117.18340316786967,-117.21546084209008,-119.48826002582823,1.0269355555406863,0.2504802206195071,0.6939040268903134
HDOK,PLOK,17472,1,1,-129,-13,11,2,33,-116.91234102592715,-116.75863997041877,-116.99107461695336,-119.13666777305738,-116.35323538571735,-118.20782176092602,-118.70889136731039,-116.43348026864248,-117.27627788249369,-116.77419067108943,-118.48664812279918,-117.91277501559289,-118.57075310287019,-116.6458512796169,-115.65048345294608,-117.27150081512698,-117.29514431193195,-117.45934590716794,-116.62571361295723,-116.35504534651741,-117.15596450462087,-116.76130640620082,-117.55501793909697,-117.57742210902005,-117.73219430283737,-115.14207535882956,-116.75409773526285,-118.46949409866656,-117.10592898311646,-117.59778588171785,-118.0014425465329,-117.9036482514819,-118.03245062720468,point1,-117.3216578919591,-117.27627788249369,-119.13666777305738,0.7585587592528182,0.16414923224844835,0.11943600050376757
HDOK,PLOK,17472,1,1,-129,-13,11,2,33,-115.57835193726368,-117.08922451986895,-115.17626867306619,-116.48442737370553,-117.91215020954498,-118.4753865021268,-118.3797515610421,-117.43233349878565,-116.10825769912752,-116.70392664157626,-117.98878340619771,-116.73711709089979,-116.52020861684858,-115.58867830124417,-118.68810350067014,-117.20368473135,-117.10544453583586,-117.80838675894702,-117.50494396052353,-118.1561230280234,-118.15358842413004,-117.92839573816141,-117.06834940716055,-116.63742626412107,-116.51809067573781,-116.9377783972003,-119.02475900704967,-118.00317791729756,-116.90215421361128,-117.76408480807682,-117.8261261604999,-118.84651473122794,-118.94836106423203,point1,-117.36970785924711,-117.43233349878565,-119.02475900704967,0.9594338539703627,0.2933799020447425,-0.45981538807302647
HDOK,PLOK,17472,1,1,-129,-13,11,2,33,-116.84336352093437,-116.42328356591462,-116.73944838857297,-117.9606580608142,-115.9163526148756,-116.42234056559178,-117.51675272114345,-116.44835535627065,-118.3722920212694,-116.624855586913,-116.32330268891934,-117.05225420424414,-117.31579435845995,-118.23143251808625,-117.00464112238713,-116.60043012790061,-119.19511283438227,-117.39380198851013,-115.52352149066397,-115.5921744461074,-118.35899552158372,-118.10309998310362,-120.17067711100582,-116.54678945548686,-117.30512566088484,-117.16733045283851,-116.7279863833824,-117.76014401829485,-117.45070642365354,-116.06171559200705,-116.16374058485914,-119.34525319313335,-117.57040274311697,point1,-117.21915561531247,-117.05225420424414,-120.17067711100582,1.1194494188827384,-0.8335789924884064,0.6770853811717066
HDOK,PLOK,17472,1,1,-129,-13,11,2,33,-114.49619235503195,-117.25312611948297,-116.62952271213427,-116.87324220915109,-116.40642607222509,-117.73708677939852,-115.83089339702113,-116.17430363143214,-119.1355055566816,-116.9615147955304,-118.95294249432625,-116.36150407719815,-117.90234549180924,-118.03691304153737,-117.7909363848364,-117.01457089999316,-114.99372547864225,-117.71055370383543,-116.60790601249671,-118.1308186127132,-117.71828370090728,-117.48826628066115,-116.8262068045698,-118.6140573646156,-118.05258708183705,-117.29708783251738,-119.84701539918638,-117.17814408628237,-117.81805195955734,-117.09575232292516,-118.31247696742078,-116.20158849233925,-116.65373867000179,point1,-117.275857175403,-117.25312611948297,-119.84701539918638,1.2140055599054644,0.175488490284552,0.6769134365473488
HDOK,PLOK,17472,1,1,-129,-13,11,2,33,-116.03123593443365,-117.20297631190819,-116.8764071878636,-117.01000344603247,-118.21777754473263,-117.14586249319281,-118.16562274848275,-117.33637668947264,-118.25746724933425,-118.43369897530863,-117.91170758645794,-115.89140662403184,-116.90260130353701,-117.83119885488934,-117.78632592300565,-116.8214104863844,-117.07773285250569,-116.38581128423075,-117.43887810347967,-116.97257327281143,-116.94531848155283,-118.43447806411115,-118.53497820096187,-117.5976802494775,-118.99319111849309,-117.66598542990205,-117.89554363402227,-117.14115838359143,-118.62501066701383,-116.28168276967445,-118.30860466361453,-116.87311698697248,-116.82515526896293,point1,-117.44905996334684,-117.33637668947264,-118.99319111849309,0.6020848458660114,0.008058118589450143,-0.7166469768499977
HDOK,PLOK,17472,1,1,-129,-13,11,2,33,-115.15691390912669,-117.33914890649682,-116.17127948638675,-116.42078559058804,-116.0585912874163,-116.3725122203416,-117.88383949634996,-116.0730257787572,-117.46526514992163,-116.62033896160052,-118.14346969734115,-116.74521140515513,-117.93272120351273,-119.53589137872194,-115.74759528900282,-116.20330240043737,-117.58620578083485,-116.32519488965883,-117.35571401889989,-116.82630279177933,-118.24558677231792,-117.08010423287466,-117.48099877098745,-119.22536087360248,-115.07479215398122,-118.06602850948435,-117.77636461728015,-118.10153594738223,-116.11811298989072,-117.83613517404909,-116.50964912592865,-117.76542984201868,-116.86064291671873,point1,-117.09406216875293,-117.08010423287466,-119.53589137872194,1.062984692853738,-0.20811452456216184,-0.09351667286692544
HDOK,PLOK,17472,1,1,-129,-13,11,2,33,-116.50014234140241,-116.69353710098227,-115.85114245360492,-117.14251066129063,-118.93905883573866,-117.97854263634595,-117.25173591263922,-116.95508628987159,-118.03289177241825,-118.09260573673514,-116.75839169337547,-118.0785148459485,-118.96154593087154,-117.92048676424812,-117.18151478832506,-118.7080245526,-117.82509492115994,-116.16516820326899,-118.11509865119872,-115.21484301590134,-117.46274272783826,-116.4488768312849,-118.84783269979998,-118.27991892722885,-116.06380430091558,-117.62548140057359,-116.01906472479597,-116.25701330192945,-117.08113723728287,-116.19013196611864,-117.74574677041508,-116.92135434427078,-116.78315543882665,point1,-117.2755211448245,-117.18151478832506,-118.96154593087154,0.924893782698134,0.014994489936137292,-0.7660182959247868
HDOK,PLOK,17472,1,1,-129,-13,11,2,33,-116.80998820698807,-117.05259996479397,-118.00209912892358,-117.5166712225413,-118.31263523374456,-116.07521313678178,-117.22232482533673,-118.70694093872207,-115.8543845944079,-118.65681495631591,-116.6351282491189,-117.6083628933779,-118.3452990964717,-117.68563430188749,-117.46620607625816,-116.33546117980373,-117.86718073355716,-117.97862801247034,-115.70384423778188,-116.98324181041146,-116.22678072692361,-114.55237872354014,-116.1170313242595,-118.28579780404296,-118.23942209741794,-117.49884024853279,-116.19146046348433,-115.67907152017155,-118.44623270239994,-119.14340475691291,-119.72326809064343,-118.58193453747943,-117.9012699040507,point1,-117.37592580907742,-117.5166712225413,-119.72326809064343,1.324223386429112,0.3122683037269643,-0.3025027779101097
HDOK,PLOK,17472,2,2,-131,-15,11,2,33,-117.73045618521417,-118.16332479867772,-117.153453576242,-116.47893797896045,-116.25195204231011,-117.31249722322508,-114.43421566136624,-113.70644829820857,-113.94885850566845,-116.9180163274064,-117.16322261879142,-116.73933566186606,-115.15897348525489,-116.43816110356151,-116.31399791802352,-115.56695731730055,-116.38247544903147,-116.04359198487897,-116.95722472897533,-117.40516309376616,-116.41107553870954,-116.88159661963842,-118.64578327511151,-116.30738010481015,-116.40646891472387,-116.44010753982154,-116.62074704480153,-115.05779829670968,-117.1612782070654,-116.62636253819201,-116.6289629410421,-117.85451841361443,-116.50194320194302,point1,-116.47912989681555,-116.50194320194302,-118.64578327511151,1.146404432996686,0.7761282148979605,1.1077649350116965
HDOK,PLOK,17472,2,2,-131,-15,11,2,33,-115.90021214574674,-117.93273018404034,-117.57712557210817,-118.06705734314448,-118.06273338588055,-118.3260143859858,-115.1294530416091,-112.93609907485664,-114.91532468296764,-114.56768643041892,-113.55522752894319,-114.27685430352615,-115.32108515910548,-115.10871367127167,-116.5520211346233,-115.885846267164,-115.8832117458996,-116.92196534636862,-116.94223387843525,-117.7995240510212,-116.53220419674552,-115.85089832327478,-117.4271342163439,-117.29943062484313,-116.61913598907068,-117.32531546982604,-116.72270187068119,-115.1148460888721,-116.24184375500316,-119.04593356275073,-117.40580639417874,-116.69262686285175,-116.90579752501152,point1,-116.3892361882597,-116.61913598907068,-119.04593356275073,1.9437073991550902,0.5000697874418554,-0.04729839389760082
HDOK,PLOK,17472,2,2,-131,-15,11,2,33,-115.55466300094214,-119.31025931613837,-117.78080329922267,-116.98487045922714,-115.55693446532901,-114.62677233800869,-115.17471567705314,-114.61305377475128,-114.78516501929022,-115.83241549437594,-114.26224957941702,-114.94140499217336,-114.96828647752949,-116.8671881345944,-116.07047422279172,-115.73652603404244,-115.69542908188889,-116.89560399204069,-116.50371903109135,-116.83816805093151,-117.79154860051919,-116.73779982001385,-117.83024969697317,-114.51471058270559,-117.9063178910949,-114.63482916209898,-116.8660913905665,-116.34281495691562,-116.09066894471242,-116.22054350935986,-116.43838771706542,-117.46044874161842,-117.7112098466287,point1,-116.22861585760946,-116.22054350935986,-119.31025931613837,1.4736705642790984,-0.32219932500159165,-0.37290012796522864
HDOK,PLOK,17472,2,2,-131,-15,11,2,33,-116.19991035838532,-115.46128368598669,-117.15062425418085,-117.76922285632736,-116.09051611005276,-117.7617747033603,-112.5175870897289,-115.05553702013763,-116.01088382098914,-114.18988252604939,-115.5980256643765,-116.50983190298845,-115.59690028042036,-115.4278558543858,-118.84311208196115,-115.39289671456042,-115.88681055943869,-116.7939180314772,-116.39294473725346,-118.28662629068462,-116.75831995743384,-115.68487673186624,-115.52260977307508,-117.8357252654108,-116.9228212237293,-115.957921152234,-114.89920022881498,-117.60147276212354,-115.44476607596518,-117.05312622499243,-115.5091078472845,-117.03472498289823,-117.83071129181222,point1,-116.27247054728443,-116.09051611005276,-118.84311208196115,1.5792154277917994,0.4263762280615111,1.1496744778424213
HDOK,PLOK,17472,2,2,-131,-15,11,2,33,-117.15799620112823,-117.0097343100452,-118.66980516823173,-117.46551058011406,-115.57649725308691,-117.53725924805939,-114.69594926045636,-113.51279012064491,-114.69357743071129,-115.46560621142586,-114.50710076224156,-117.80160792321261,-115.68608094777655,-116.20315931222167,-116.73828321151021,-116.63674559107541,-117.85755138168092,-115.74167483893102,-115.95170300274567,-115.82825888115491,-116.09345444855029,-115.68795389931397,-117.2234679253376,-114.26512444534855,-116.11222001838992,-116.54981669476382,-115.63374659472872,-115.07242737924221,-116.72414651508664,-116.96551207542925,-117.9478413039119,-118.54592381961584,-117.82741480961931,point1,-116.34502853229672,-116.20315931222167,-118.66980516823173,1.5526425240327306,0.15334389621315006,-0.4708422410432642
HDOK,PLOK,17472,2,2,-131,-15,11,2,33,-115.02301083670442,-117.62779635997178,-119.28698583677004,-115.14295912865057,-115.79902836112468,-116.90802390722885,-113.96119719181371,-115.08357197592213,-115.4679635971311,-115.41012863777777,-116.74431526828923,-116.13094452212778,-117.6170053615454,-117.63707221895697,-117.98950141240732,-117.32775921676877,-116.13713119428972,-117.09324140378038,-117.05760606578157,-117.52168424094913,-116.57805251163329,-116.77264086596371,-116.53939000680617,-117.76660831217139,-116.13542260274491,-117.68251529811482,-117.18464167204779,-116.78682269331239,-119.07796202367665,-117.18451219351974,-117.4602679452532,-117.50485296568019,-116.01487111690703,point1,-116.77743899835825,-116.90802390722885,-119.28698583677004,1.2852607699804495,0.2001033710154571,0.34400360084362713
HDOK,PLOK,17472,2,2,-131,-15,11,2,33,-114.62254870374244,-115.95297793563111,-117.30118068542028,-117.00810690940321,-115.67855456817509,-116.56268030118505,-114.58945200452698,-114.1816836224852,-113.56458614644113,-115.27137502374886,-115.39291003344039,-116.50181645523254,-117.35672429842066,-115.74116697058926,-117.1327238634376,-116.15602650040111,-118.57986130470601,-116.14625616345542,-116.1715361502041,-115.73095439572168,-117.5926965542359,-117.09951241630851,-117.90875358392657,-116.33513171814988,-117.83993500080547,-116.17797817680622,-116.66333970218913,-117.82571256393298,-117.7239420102212,-116.21481701935201,-117.50961812447976,-116.54777456256679,-117.6094934030572,point1,-116.4452068749212,-116.50181645523254,-118.57986130470601,1.3254403302674251,0.5275634580496459,0.008247722445731576
HDOK,PLOK,17472,2,2,-131,-15,11,2,33,-115.23363003723708,-118.19603843680716,-115.1861053167483,-116.83005340131729,-116.4952427727328,-114.73443008391982,-113.82957820002152,-115.14638430184242,-113.2036504250324,-115.76492273745555,-115.36890583716497,-115.39312417269065,-117.26570406444155,-116.50360979444406,-117.85486540266328,-117.81262791380432,-117.25748067622793,-116.38502834839781,-116.46333388613941,-115.45925911258152,-117.08905711579497,-117.72598398368504,-115.53166064451067,-116.55238204138568,-116.51613791695908,-117.53949824838429,-115.84064933873238,-118.1674992913513,-117.2749488966948,-116.56559381689593,-117.34631086450457,-116.636823067217,-114.58070115820014,point1,-116.29549155472685,-116.50360979444406,-118.19603843680716,1.4804042199677416,0.5300256028093108,-0.11110575413171597
HDOK,PLOK,17472,2,2,-131,-15,11,2,33,-115.9844794958412,-118.08648672487412,-117.37446251528368,-117.9380550021949,-116.46916686361504,-118.17798145401339,-115.01513354080491,-115.16170675053695,-115.26252634181088,-112.57812600432322,-115.05792319391205,-115.50896973338155,-116.85675938225795,-115.84387680564164,-116.80268721563893,-117.5249875407383,-117.04324221332843,-117.2519155006111,-117.27108672174651,-117.24531951559814,-118.31999662728458,-117.57386366757767,-115.45221580258892,-116.1457907353769,-117.18668951684778,-118.26857810116002,-116.92837395058453,-115.60123692832967,-117.0659921098129,-116.70926575586363,-117.19493646012278,-116.75057744938847,-116.50152835992922,point1,-116.61072539336426,-116.85675938225795,-118.31999662728458,1.4211333578972627,1.145873076845047,2.3494650152619836
HDOK,PLOK,17472,2,2,-131,-15,11,2,33,-115.9328315571072,-118.9855656094674,-118.63885569092142,-115.81689467325472,-116.55703740379593,-118.43550524239687,-113.54369453797527,-113.34233651588949,-116.12369742622697,-114.39209872914194,-116.2739160663572,-117.16055504331536,-116.963887927502,-116.75526280233618,-116.7918304705223,-115.65458065767262,-118.0992296386005,-117.56291101435336,-116.21415936426088,-116.61787445823882,-115.71409745721176,-116.49887542345262,-116.84980853499465,-116.6729152662252,-115.421035530361,-116.08458433287397,-116.13184096365504,-117.85925614470847,-116.48101230016343,-116.79405548873177,-117.22512778016319,-116.57771336703094,-115.21204126724513,point1,-116.46621480867132,-116.55703740379593,-118.9855656094674,1.5232164223747056,0.43434144591301505,1.006082231407642
HDOK,PLOK,17472,2,2,-131,-15,11,2,33,-115.78689697653381,-118.8505867037798,-116.97374488168522,-115.5128417024915,-117.49296595228506,-116.41112331536384,-114.34228744718372,-114.15519501362927,-116.62731050695022,-115.42283968856266,-115.04053411831659,-117.54110542269207,-116.55173640608814,-118.26279762971487,-117.43003654141695,-115.30816635870922,-115.79588899584722,-117.29873458041688,-115.08389398486999,-117.84036189325708,-116.51939224783554,-116.0482763007722,-117.28744370706691,-118.02207634954696,-116.8098700109423,-116.9562142071176,-117.19265793126786,-115.32168591307266,-116.40219277326997,-116.66963563441067,-116.51677040469187,-117.80532635787641,-119.13801201762087,point1,-116.61874551440259,-116.62731050695022,-119.13801201762087,1.4136947347011315,0.04619876899640236,-0.3126393039813693
HDOK,PLOK,17472,2,2,-131,-15,11,2,33,-114.13285487716058,-118.85177241054748,-117.98712478000301,-115.32795557819966,-116.56244533041573,-117.91038282620248,-114.84144359365716,-114.13248570628679,-114.75874746355241,-114.70878310336579,-115.79048548508068,-115.37706000492304,-116.25437819175245,-115.67465500066196,-116.87966479365754,-116.18317096751264,-117.2449647350912,-116.38213207642119,-116.61834891979332,-117.15229904281748,-117.01500649288518,-115.610071851997,-115.93817175022988,-116.03766973473715,-117.3234978683074,-118.83475881206259,-115.96582948143731,-116.1847438031981,-119.03212050269653,-115.71759927588363,-115.62672181749247,-117.02482186267852,-116.34018836043346,point1,-116.3461320151861,-116.1847438031981,-119.03212050269653,1.5295259654020912,-0.41376875696288135,-0.04135563149056454
HDOK,PLOK,17472,2,2,-131,-15,11,2,33,-118.42140394933621,-117.64832183454699,-118.73772095297194,-116.68058627234437,-116.81343283235383,-116.80158244689238,-115.38262028296721,-116.38686195618307,-114.69877347638422,-115.66065027144137,-116.75017304211813,-114.9071825378753,-115.78751047023513,-116.56918493572834,-117.53675252634336,-116.47095431684184,-115.34928188112919,-115.54073586122664,-117.56439970017203,-116.45140121796328,-116.80517299406996,-115.27069595695615,-118.21112815654331,-115.02472502929284,-116.92338840430396,-116.23815284176055,-115.40916238223492,-116.10230503670255,-115.44508236514663,-118.33142557768923,-116.43111703359348,-116.39385406988328,-116.88434796285598,point1,-116.47363904776023,-116.45140121796328,-118.73772095297194,1.0887795745738473,-0.39438917409653823,-0.4410215551605785
HDOK,PLOK,17472,2,2,-131,-15,11,2,33,-114.67486413482652,-118.1685045848235,-117.34341293367115,-117.4045233729928,-116.72919548260171,-116.64359482846258,-113.6280721131504,-111.86365490444872,-116.06100795140202,-114.3434691986489,-113.90409955864324,-113.62246102901608,-116.18990798897555,-114.72329934722242,-117.06530288148417,-117.23723584806535,-116.50095523878777,-116.800814178774,-116.96021637557712,-117.56539540893012,-117.37360512713938,-117.42170284056459,-117.8371027628938,-117.101011453652,-116.7736678299879,-117.34732355049672,-115.70404036662761,-115.83279024123635,-116.65026684401141,-115.94535194589878,-116.79488519159482,-117.33313541976045,-118.8408415146972,point1,-116.31471855906258,-116.7736678299879,-118.8408415146972,2.2414605351869823,1.1369642518431193,1.1389112208953196
HDOK,PLOK,17472,2,2,-131,-15,11,2,33,-114.27097974283062,-117.26983234848468,-118.18786045997719,-114.8889997748782,-115.63958343705337,-116.64439713851381,-112.7026359449337,-113.90917999249855,-114.14292398132862,-115.62631829880422,-114.99818367066061,-116.53447429882517,-115.57892369531051,-117.024931168158,-115.13445170716288,-115.65864592008211,-115.20482996274546,-115.3189881669306,-116.23550398151023,-117.62226318633078,-115.11286428911006,-116.47237654738083,-117.08363968053476,-118.74214473850412,-118.1406415890379,-114.22417799113042,-115.48437485274192,-117.05928409500149,-118.40208736742429,-117.54015077780251,-116.70135685815328,-118.41021519515377,-116.73000735184819,point1,-116.14234024881341,-116.23550398151023,-118.74214473850412,2.130357862608671,0.1392378325945681,-0.4989746755240798
HDOK,PLOK,17472,2,2,-131,-15,11,2,33,-116.69631521034913,-118.39222650785565,-115.97480544698128,-118.10344603797306,-117.13626265820044,-117.059676785628,-113.30213309804179,-114.58096369372723,-114.41632554599049,-116.73297788370955,-116.3532204684778,-116.6890074623213,-116.96454782315209,-116.72358033757237,-116.11577799275918,-115.57554359047217,-115.16333818767994,-117.0199623846759,-114.78202523763633,-116.63396893536141,-115.84833162298716,-117.13740289025056,-117.84758830984957,-116.29599760372344,-117.79232112728782,-117.57814606411397,-116.99432698397513,-116.96654025465521,-115.57996089262254,-117.18697729046355,-116.25099457308585,-117.27757192424039,-115.86884160753216,point1,-116.45579110404097,-116.69631521034913,-118.39222650785565,1.2164460576104088,0.8174920636045551,0.8253339669311237
HDOK,PLOK,17472,2,2,-131,-15,11,2,33,-115.2012749255496,-118.15544828922481,-117.11948969496379,-119.26900032658767,-116.332628834862,-115.94262261135334,-114.89687754848786,-114.65515509263022,-114.74462010654692,-115.26286856182953,-116.5143774111569,-115.59699161959452,-116.07618564746002,-116.9202366564916,-116.5915862456238,-115.5802335803977,-116.40159933469685,-115.66275545643593,-115.43636012239942,-117.32539512105053,-117.05456213619918,-117.54946782101665,-118.00611080820386,-117.84594649343053,-117.73410514969038,-117.68613229453973,-115.64461514520295,-117.68290053185179,-116.22758753884726,-116.66156007712321,-117.57093579088267,-116.57698558067437,-118.24703383389073,point1,-116.61132273905746,-116.57698558067437,-119.26900032658767,1.2847825219608981,-0.15901505268439636,-0.6432187607745261
HDOK,PLOK,17472,2,2,-131,-15,11,2,33,-114.89894662886363,-117.94640352159739,-118.31934719730152,-118.94120176664187,-115.97340432007059,-117.91249476509995,-114.79236014173908,-112.91846957537888,-115.35293619012987,-116.32879524373112,-113.70767527908555,-115.19051753960439,-117.3589134701951,-115.79576895050215,-116.72870278170298,-117.14699805059514,-116.19595633306449,-116.13322608712615,-116.67564288549153,-116.13286915843824,-118.45990252006517,-116.79527093480195,-114.89651161522316,-116.8343931590352,-116.36966208967927,-118.64320471201674,-115.45628942131368,-116.17550695648383,-116.83758584729593,-117.38460949997126,-116.50474234749004,-115.11336371303602,-117.42590755375558,point1,-116.40447212898567,-116.36966208967927,-118.94120176664187,1.8389890454395073,0.32384162095921265,0.22631935371704337
HDOK,PLOK,17472,2,2,-131,-15,11,2,33,-116.23941716445825,-117.75340257482117,-116.9210236720845,-115.99813604165318,-115.62030210580126,-119.04491056937742,-113.84000641388448,-114.58620416843074,-115.05965283401899,-116.38145543486804,-116.49829123488469,-114.23467786448202,-115.20466580988567,-115.07423309647378,-116.72312216366085,-116.4510260871143,-116.95866976194307,-113.44166941330847,-117.25579579925122,-116.07283710896215,-114.68037342677779,-116.72330517559459,-116.6434798164907,-115.88096737571286,-117.26033109918062,-117.0439521524037,-117.7345985034139,-117.08053815848322,-116.44009063110907,-117.36568862907805,-119.00959838338851,-119.47418130236227,-116.17249086988454,point1,-116.38997257100742,-116.4510260871143,-119.47418130236227,1.9230878294569358,-0.04990001201232091,0.18370949944306636
HDOK,PLOK,17472,2,2,-131,-15,11,2,33,-115.26852341293534,-118.91146169825875,-119.75967864293654,-116.38554491502282,-117.90069748509788,-119.6665262849298,-115.36356133023249,-116.7876565749651,-114.10507709073325,-113.89752032914024,-114.38819217558887,-115.52918910615212,-116.94098800216257,-117.87166375279116,-116.15033976308727,-116.89607714897865,-116.23342094794172,-116.51427674219605,-117.25859896932936,-116.03015071496125,-117.55653714545612,-115.93725652862409,-117.5102829675845,-116.38024245842807,-116.98457950810547,-117.15038974169046,-116.01582377987401,-114.01468234467866,-115.7826271838638,-115.92024943512318,-116.22428421447651,-116.39591677538975,-116.99603955718418,point1,-116.50691080993698,-116.38554491502282,-119.75967864293654,1.9147207868507858,-0.31566717505913705,0.556585394085797
HDOK,PLOK,17472,2,2,-131,-15,11,2,33,-115.94173725130845,-116.41508262769548,-119.28996919998312,-116.58659222748173,-115.70401881793087,-116.59902861509084,-114.57423985651111,-115.23896038635141,-115.33052009156,-116.9149498928552,-115.917817057465,-115.11314903253825,-116.40004295337201,-114.49609622765966,-116.84684993221092,-116.439469090575,-115.48515064299266,-115.82877502566144,-116.50657160129107,-115.44987692808346,-115.60920015911412,-116.17567688112514,-117.22747656906171,-117.96322683897334,-118.1984798809299,-117.31687054977293,-118.78819494184553,-115.0304438881972,-116.65988353542154,-116.66671076933456,-115.79639261272699,-116.84986831501625,-118.08260801248133,point1,-116.4073918306854,-116.41508262769548,-119.28996919998312,1.272619364295837,-0.6500106357371664,0.271504423523965
HDOK,PLOK,17472,2,2,-131,-15,11,2,33,-115.40909957075847,-116.1067217259603,-116.752151351465,-118.34542583167315,-115.31687631052064,-117.22702468486176,-115.34955040384695,-114.76625493508072,-114.26367795439069,-113.90571904437238,-116.3908692435034,-117.09151079046865,-116.59972383247201,-116.5619090357717,-115.30993001729146,-118.4607556141158,-114.28942818724481,-116.64740067629448,-116.33285355726724,-117.4130397544325,-117.09486370099312,-115.63642431311617,-117.2270829947375,-116.92719961617239,-118.00630045491697,-116.94349090413604,-119.0174050577714,-116.26907659559635,-117.35515606485832,-115.52686130094763,-118.62350202696798,-117.11739660890139,-119.73429786145807,point1,-116.6066357582535,-116.64740067629448,-119.73429786145807,1.8645649834337905,-0.09241284694720908,-0.16067359044112406
HDOK,PLOK,17472,2,2,-131,-15,11,2,33,-115.97399859350523,-117.2301869239719,-117.6429055470632,-116.99880517652541,-117.01922005106444,-118.2867414617461,-113.40085588141567,-114.64123242522234,-114.0223213044589,-115.25014312323701,-116.99650140000783,-117.4255635613155,-113.86344554773241,-116.6285841966658,-117.26447436206203,-117.1144492100006,-115.95644996710605,-117.41527795363858,-115.690270977041,-117.10892657193156,-115.47111267277691,-114.60110978087904,-114.2297597216502,-115.26402456657858,-117.87049795004506,-117.90219232451857,-116.33839805552145,-117.33563200992103,-117.17979851176138,-114.69252818343236,-118.67182045328724,-118.37945604085067,-116.73755080717952,point1,-116.3819465246701,-116.99650140000783,-118.67182045328724,1.9778785194345838,0.4935117148210615,-0.7811265833208991
HDOK,PLOK,17472,2,2,-131,-15,11,2,33,-113.84020363854658,-117.71558157326437,-116.16057258306554,-117.39061314966101,-117.39740146152664,-119.00719170584988,-113.75919974862452,-113.40277753085786,-114.39165240675939,-115.56419831056972,-115.15348922971738,-115.89018414758677,-115.40620931612301,-113.7823794989506,-116.38016932054997,-116.4656794434644,-116.70475139097985,-117.0018764985496,-116.28255834725726,-116.60529112579425,-117.73154641649653,-115.30089342902933,-117.28321980328757,-116.07096064563976,-117.24431401232715,-116.3288073309263,-116.81416254779845,-117.23005850080034,-114.34411622980761,-116.89244159889383,-118.55096837575937,-117.72445679609037,-117.10408977096405,point1,-116.27036411774303,-116.4656794434644,-119.00719170584988,1.9458018721921748,0.43949541310634455,-0.36626211588120183
HDOK,PLOK,17472,2,2,-131,-15,11,2,33,-115.68511822556474,-116.67133782968784,-118.08516491527617,-115.9896824570403,-116.08683452080068,-117.583812130017,-113.22510165237824,-116.05854201257068,-114.50646350758595,-113.99293743134433,-115.78418417772971,-115.96579325503906,-115.89866412128737,-119.34968709434821,-115.96976352233625,-116.94464188623388,-116.99435597517076,-116.53796760598271,-116.50859216066505,-116.96825042419616,-117.230694436946,-118.70590864272104,-115.19119268507494,-116.70425567618929,-116.74665856011008,-117.51269467788988,-118.38725683402384,-117.79884891265672,-118.00217123593002,-116.35221142477555,-118.04300353057971,-118.28498890591686,-117.53719404397245,point1,-116.70618104460733,-116.70425567618929,-119.34968709434821,1.7340462876163285,0.4836880835113896,0.5263580805785826
HDOK,PLOK,17472,2,2,-131,-15,11,2,33,-114.27315213571939,-118.3486089859295,-117.46695987853083,-116.90911139563013,-116.33869185690229,-116.38316958731588,-115.29709561029641,-115.53123340044189,-113.95378021493572,-115.92007816368191,-115.34051307154579,-114.83828714986413,-114.34471759019077,-115.95184739595685,-115.47559005563795,-118.60869979299459,-117.08932324655099,-118.27903602352814,-116.953041388157,-116.57086062344598,-116.3341472912001,-114.75458781261042,-117.25385231879365,-117.53446023850871,-118.39546946525535,-115.93769679152929,-119.1334582837778,-115.83979990363876,-116.7962474311683,-117.19069130518834,-115.40488045195028,-117.78327631533878,-116.25865822921637,point1,-116.43912192137674,-116.33869185690229,-119.1334582837778,1.7070438733355635,-0.10046297242899642,-0.6104001637220509
HDOK,PLOK,17472,2,2,-131,-15,11,2,33,-115.07641817676613,-118.13527911029075,-114.90067843476608,-114.81414991861433,-115.8983155624481,-116.74074872460692,-115.44298786618604,-114.17613291535483,-116.66483566118421,-113.70986116160088,-115.44053729825598,-116.26299070967238,-114.45088934074276,-116.53719662570668,-116.22673953178483,-119.23447945766944,-115.65435622733244,-117.23620835618071,-113.70881062852628,-116.57704173409871,-117.11720173365431,-116.45537305041722,-116.5138713025843,-116.8790921933321,-116.35648042692397,-115.24342196878735,-115.18145828467037,-116.0214905529651,-115.5984355090978,-116.26528472216894,-116.78754288405304,-116.12467717097495,-118.82278401903831,point1,-116.06835670486232,-116.22673953178483,-119.23447945766944,1.5535550707278707,-0.3662086034709687,0.647419907839561
HDOK,PLOK,17472,2,2,-131,-15,11,2,33,-115.52681060623044,-118.13118229661559,-117.98647771511504,-116.64141300646173,-118.32721406098626,-116.91123343879215,-114.55757303907883,-115.33735344469711,-115.12859657919373,-114.62851597076954,-116.4851069790844,-114.80522637729106,-115.57184857816601,-116.43741170331569,-116.99561062956302,-116.25393485907271,-115.50076343571058,-116.48837438789921,-116.64221945850713,-116.0589398337461,-117.60338924250925,-116.4023468554355,-116.93589482624063,-116.0174071870466,-118.37955878750397,-117.58421140458242,-117.25465902536894,-116.3423701148339,-117.21820838741212,-117.18011804725352,-117.38490365158175,-115.64632359768773,-115.10137331356457,point1,-116.46868396488838,-116.4851069790844,-118.37955878750397,1.105369151298681,0.019102607917991156,-0.78179844148876
HDOK,PLOK,17472,2,2,-131,-15,11,2,33,-116.3899700456515,-118.07466501409633,-115.43199760611907,-117.62970740731126,-117.31704613242395,-118.64376541957216,-115.50777434375043,-115.1412816397,-114.63901816561075,-115.69261780281917,-116.07772880592131,-116.58573311054214,-116.2017290172247,-115.76145359394631,-116.19210480816955,-116.0202152988736,-114.62011466074806,-116.91447440767998,-116.62815288091767,-119.04510172335497,-118.58481326484932,-116.92289719917682,-116.71835916093777,-116.55922768365697,-118.25230676948249,-117.28992469694113,-117.79385760157383,-116.93590616053208,-116.44774465496452,-117.65191803322111,-118.73499486715657,-119.06921159113625,-116.25753859885671,point1,-116.84040461111871,-116.62815288091767,-119.06921159113625,1.4472151315147366,-0.1856390789559901,-0.6510796342244918
HDOK,PLOK,17472,2,2,-131,-15,11,2,33,-117.01976309173598,-117.45072192582266,-118.74317648459514,-117.85410520145753,-117.33643409049756,-117.31663877778654,-112.82919523607852,-114.9367364237823,-114.72229421134935,-115.55524586046862,-116.43139457698166,-116.51285555177608,-117.29997580176153,-112.96781770140721,-116.91655979320466,-117.08756319938554,-116.59295675564529,-117.14988736941584,-117.25723809471316,-116.59419253544377,-116.86339729861848,-116.74653145601349,-115.68699555074761,-117.91642785746049,-116.2699710387947,-116.5710496082252,-118.26903686433191,-118.8922788764311,-114.97414222822336,-118.32975506912821,-116.7298597505358,-116.39100386625493,-117.78608771054067,point1,-116.66670575329137,-116.86339729861848,-118.8922788764311,1.887241751920635,1.1201244916671447,1.6985175633665013
HDOK,PLOK,17472,2,2,-131,-15,11,2,33,-117.49599217142706,-118.02375549275777,-117.23975554489651,-117.81802025868033,-115.16913530696189,-117.71371475152054,-112.61222012508406,-115.46412835567158,-116.81550404308167,-116.300796519512,-115.66347992762383,-114.49348878280729,-116.70703184162177,-116.17886060230256,-116.41076656846187,-117.22041101595636,-117.7194873227652,-116.32937152354772,-116.13041980871411,-117.09861392748441,-115.85278951453704,-117.47683607008467,-117.56865982909939,-116.41653586795252,-116.48321071792374,-115.36958941503123,-115.82696822827776,-117.39886495076325,-116.71841400660945,-118.18633470943992,-116.80382968499717,-115.4013478521333,-115.54004848241479,point1,-116.47419343091343,-116.48321071792374,-118.18633470943992,1.2948808681222803,1.1372465545015205,2.4821988492475584
HDOK,PLOK,17472,2,2,-131,-15,11,2,33,-115.56661411643746,-117.89237605440505,-116.71871186583057,-118.14189223373114,-117.57604574159542,-118.13402517903918,-114.67623835392293,-114.96322352617268,-115.83977581725124,-115.5131281629224,-115.97559092855631,-115.81201844343978,-115.32860792485516,-116.37818765572112,-115.50636888419736,-115.64339835959865,-117.48461074149057,-116.0122071959226,-116.11182984849893,-115.57564663127442,-117.64582172371489,-117.10603939083913,-115.68671905948432,-116.52653348617905,-116.51216899455663,-116.30589645385288,-114.81008476599871,-117.82484717379148,-117.0440525369071,-118.01395596724593,-115.9668497998133,-117.01909155639545,-118.26337432450545,point1,-116.47199796661056,-116.30589645385288,-118.26337432450545,1.0837735533302155,-0.22743030066799985,-1.1024642134072047
HDOK,PLOK,17472,2,2,-131,-15,11,2,33,-114.37994413742237,-119.44003921367062,-116.78387449091144,-115.64871300958703,-117.25794526509314,-119.3853441042374,-116.33342532242662,-114.0039309094443,-116.0299003143791,-115.75536595325441,-116.00661405757883,-116.82186094782519,-116.23397001975788,-116.0936054720384,-116.19645429345334,-115.53913410833374,-115.78470201789878,-115.47264970443078,-114.66267534255961,-116.12105820999815,-118.22476717447391,-117.94142751155462,-116.05106322335243,-116.81394596275727,-119.12711916241447,-115.99394860952992,-118.81011829421169,-117.28187076639516,-117.26869417722394,-119.2913365231352,-114.62781538909307,-116.52576209899254,-118.32739540372835,point1,-116.67383246033828,-116.23397001975788,-119.44003921367062,2.098504867199794,-0.4097171370241457,-0.46603083023732417
HDOK,PLOK,17472,2,2,-131,-15,11,2,33,-117.27265123318917,-116.71803172928023,-117.45873656387795,-116.60367708143701,-116.41924850776383,-119.22294771308924,-115.28266701199713,-114.21198102663409,-117.07387143389668,-115.05984163671184,-116.68063834872605,-116.06653787666092,-117.36589072898647,-117.98718064639093,-116.92167203938895,-117.01124130751901,-116.93032792485684,-114.176853902773,-117.82877783910486,-115.91899599119617,-115.76954697923513,-116.9469657647601,-115.10395337043008,-115.10579397549728,-116.45029704691831,-117.8464316445482,-117.43835055313875,-118.12323493678171,-116.30664696384314,-116.23016307590147,-119.12956153694678,-115.7966670237462,-118.35604969672698,point1,-116.69137676096831,-116.71803172928023,-119.22294771308924,1.488936567935495,0.06470765118327494,-0.12097561739523588
HDOK,PLOK,17472,2,2,-131,-15,11,2,33,-115.3532944181255,-118.10651733291559,-118.77373834927998,-118.16647353357645,-116.11674555240963,-117.36088231019717,-115.98603525456437,-115.84770892347758,-114.9592349436695,-116.10785372504328,-115.66349671118249,-116.14864168000837,-116.83279258760378,-117.70177768390552,-115.4881604579382,-115.61308761648664,-117.28148691075917,-114.82172539415905,-115.61815467359811,-116.11030967367178,-116.63893898270152,-115.69375134609403,-116.33903083782685,-116.38091419665032,-117.97541173267209,-118.1507744812833,-116.01354469671053,-117.27088063187853,-116.61868435265653,-116.04126586183871,-116.47378156418223,-115.49554911294857,-116.79185914773866,point1,-116.48310620235618,-116.14864168000837,-118.77373834927998,0.9771465126852396,-0.590779480225641,-0.416777174749861
HDOK,PLOK,17472,2,2,-131,-15,11,2,33,-113.49971846482465,-118.34783057085491,-117.54378617791481,-116.98359650564505,-116.3285323991948,-115.51723834548817,-112.38540292365623,-114.75074021510143,-115.44916718117041,-115.51808878528807,-115.85262901191342,-115.33295529460298,-116.86842753914947,-117.75422548621441,-115.52996951218896,-117.72305916449977,-115.31045142684654,-115.05889150307654,-117.12799892989169,-116.12066099659852,-118.62301442914871,-117.46959409588224,-117.38410932195163,-116.42815557117693,-116.57822681746448,-115.29461127369554,-115.65647816945481,-117.60640345173239,-117.3983604839054,-115.35547996439463,-117.25582698670078,-116.57160054136651,-116.09552814981308,point1,-116.264265445176,-116.3285323991948,-118.62301442914871,1.7394482288321478,0.6941577986658429,1.0234311547005714
HDOK,PLOK,17472,2,2,-131,-15,11,2,33,-115.56291707597254,-118.31424585218579,-118.16011922038318,-116.9779482841469,-116.27886259820309,-116.73590793363411,-114.51841783658135,-117.02619349502339,-115.53135731740171,-116.26363802318707,-115.84719411668974,-117.18173323831483,-115.1713343915889,-116.5515949269201,-115.03308620877799,-116.14984818450685,-117.34140579227451,-115.60981065581349,-117.32511407048649,-116.28439700469077,-114.95196173892636,-118.29458380517967,-116.96186370499578,-116.80222110042028,-116.9120799355538,-115.71718054161236,-117.93322231783263,-116.96631768088187,-114.88877613620657,-116.82249839841153,-117.07903731320827,-115.61564753307567,-116.66703300120712,point1,-116.46901664952408,-116.66703300120712,-118.31424585218579,0.9820238533373686,0.019046975027223006,-0.6032342058771158
HDOK,PLOK,17472,2,2,-131,-15,11,2,33,-117.07620607866768,-117.78783941248192,-115.88201640181502,-116.93675384831798,-116.54575134564337,-117.28014973453467,-114.7327888822253,-114.15167159220653,-114.48309514882453,-114.10625182488636,-114.3659900002675,-116.03519589241212,-114.28178489871178,-117.35042292437329,-114.87148135807756,-117.01495721687137,-116.90861868787856,-115.62900233148619,-116.25177191343033,-116.33179012984984,-116.12979043917898,-116.55406178236201,-116.69596131903074,-116.73871627507894,-116.35339318376,-115.88717430181072,-115.36346697344179,-116.70033007598184,-117.63979170878626,-116.14783431152026,-118.15287128984905,-117.63732071067726,-114.39012663512989,point1,-116.13376904938089,-116.33179012984984,-118.15287128984905,1.3149810031838531,0.3591104485526364,-0.8800204484534273
HDOK,PLOK,17472,2,2,-131,-15,11,2,33,-116.6444685920072,-118.48261743470793,-117.9821753225885,-117.36687191237723,-115.74954383923182,-116.12793973878242,-116.53703946935676,-112.96852592646006,-116.2097702585863,-115.395501063872,-115.52636861163012,-113.29091181161483,-116.56277686161772,-115.82264192790433,-116.65608638052315,-116.0258789558935,-117.12700219306612,-116.12209436964847,-115.80536841542859,-117.63451926246405,-116.61985124896268,-117.68551328623997,-115.0752802663297,-115.85217573949744,-117.8627472320625,-116.41557326312072,-117.7374429911358,-116.43038210010164,-114.17575005412637,-116.74226624396924,-114.95153223295914,-115.93904362899472,-115.6772448955679,point1,-116.21826986457057,-116.2097702585863,-118.48261743470793,1.4891709751808513,0.6823700292073275,0.9721209240951967
HDOK,PLOK,17472,2,2,-131,-15,11,2,33,-115.27140181884221,-119.27886420428453,-115.89529137497271,-117.96845924921931,-117.10939561047977,-117.55787419406361,-114.02214491916124,-115.59525407238158,-116.52540668548158,-114.47483247138435,-116.1091312741791,-115.97362994884219,-115.4275224328298,-115.58384973923853,-116.21865962606883,-114.6534269711201,-116.31841169019127,-116.69685901281689,-117.24190907903377,-120.0700092310623,-116.35323362546183,-116.7824590527767,-116.77439226291762,-116.72175915679442,-116.56927590850071,-116.60346378333838,-116.83371650479894,-115.99866676783952,-116.48593455570845,-115.63508207882211,-117.12125726418917,-115.33581961817318,-118.81630335625134,point1,-116.48556659215834,-116.48593455570845,-120.0700092310623,1.5767199196254729,-0.7980787493967134,1.4596489379452495
HDOK,PLOK,17472,2,2,-131,-15,11,2,33,-115.57044727462508,-119.37092381860303,-118.74496513759749,-117.34798856773499,-115.74618527856808,-117.99177179123392,-115.19422060031584,-114.37740074426046,-113.17045042350621,-115.26060115249732,-114.94677762855132,-118.60050904529467,-117.28185968180162,-115.51085969585985,-115.15781137970818,-116.43440484974064,-115.84340842567178,-117.72071894648423,-117.10928285464998,-117.75000821586306,-116.02378766116684,-116.95088033839504,-116.43129495078949,-116.67688508180852,-117.04692086775613,-116.78410042111817,-115.76355218395797,-116.81621935287743,-118.4273260798216,-116.05416712808758,-116.44389932935938,-116.48206213536695,-116.81075480266652,point1,-116.5406801771436,-116.48206213536695,-119.37092381860303,1.6973792245865897,0.09382382660836865,0.3640029441702777
HDOK,PLOK,17472,2,2,-131,-15,11,2,33,-118.12018456565264,-117.79907393730483,-118.28043830137241,-116.59096056942,-115.3665353422696,-116.43557321421169,-113.43300382431282,-114.50133211002334,-114.84842574604413,-114.46907055797824,-114.66812821337754,-115.4098138120488,-114.49822784364062,-114.9028464387532,-117.81066009277562,-116.4800184144538,-116.4709508235089,-116.34495203804389,-116.40661423349783,-117.17448145039312,-116.15880711675607,-117.5141151796539,-117.15274427150446,-116.83867021481024,-116.71843327716658,-116.04329559296632,-115.43657719432898,-115.69355479923883,-116.32825719339344,-117.08128905107807,-117.85878837275467,-116.50175357210144,-116.45233108986224,point1,-116.23605783196054,-116.43557321421169,-118.28043830137241,1.3934055065424238,0.3252552412321546,-0.41643606216081164
HDOK,PLOK,17472,2,2,-131,-15,11,2,33,-116.3697391942112,-119.09168827616661,-118.37298214846712,-117.97437843480395,-115.29297805029545,-116.20836878290163,-113.6875073969804,-116.0838109064087,-115.1087327893738,-115.45965682432458,-116.32126632422543,-117.07140331491681,-116.84316376443405,-115.97219501383218,-116.47265319272297,-114.864309362926,-116.27110722053723,-113.53098802962305,-116.22760540095088,-116.08250757446807,-117.6206108033348,-116.99463282076215,-117.44359700524032,-115.0939982710416,-117.34657764732457,-117.87101274416574,-115.35356922705566,-117.7230413257711,-117.20180873648722,-115.49559620229316,-116.1207822651798,-117.96831348147272,-115.7798126602574,point1,-116.40364833918049,-116.27110722053723,-119.09168827616661,1.5573757788785518,0.1841795604836591,0.06202424353005043
HDOK,PLOK,17472,2,2,-131,-15,11,2,33,-115.89662216970552,-118.99469008521672,-117.28819590539908,-116.95268426852634,-119.05881603541971,-119.08012676480222,-113.95134086679067,-114.86876308179838,-115.40652205958023,-114.53570314126326,-116.77663977343357,-115.40893692828841,-118.40873128227157,-117.28508174647727,-117.18939045727919,-117.20029596904408,-117.47190129184058,-116.31432852326905,-117.07601351811876,-115.73157334561846,-117.6443457374411,-116.23086814807905,-117.29710983399974,-116.13985143510794,-116.93034804062154,-116.75662650024186,-117.45549817169163,-117.35333601823643,-115.21262858645255,-117.46700213101978,-117.87434104638452,-117.20763054433748,-115.4358431015199,point1,-116.78490262149323,-117.07601351811876,-119.08012676480222,1.5362941962953114,0.20908523915289665,-0.13983351994566773
HDOK,PLOK,17472,2,2,-131,-15,11,2,33,-116.19884103332761,-115.47089583714434,-117.4761357508769,-115.94137620923581,-117.12827881988613,-116.27517300664375,-114.23516439757802,-114.26777570240382,-115.84486006015544,-116.75768006411042,-115.68719344287054,-116.35471705719507,-116.20029028975061,-116.46204099223719,-115.75488501038825,-115.74400347912928,-116.05089041301711,-115.60709623744155,-117.10779335847077,-117.10906151324598,-117.1817868283662,-117.77686192043413,-116.5065354104231,-115.03811871533414,-118.90513434759362,-115.5831586022754,-116.88201522234164,-117.91358488186597,-115.26711332935379,-116.57109800727584,-116.9510759085146,-116.64157515366887,-117.11249416749335,point1,-116.36377894454697,-116.35471705719507,-118.90513434759362,0.9581847901436564,-0.06297275163396637,0.6063935449562221
HDOK,PLOK,17472,2,2,-131,-15,11,2,33,-116.98711416427368,-117.72801744577295,-118.95188312267011,-116.38897393758029,-116.558910752117,-117.98843224300259,-113.96094424532912,-114.83722496282297,-116.44542932782217,-115.02516460459509,-113.97351311830477,-114.52386195002207,-115.13308523154824,-114.67957235647735,-117.29225868138612,-116.20686422862029,-115.2904791803676,-113.51137815460835,-116.07930547325223,-116.04313145157312,-114.82342805636735,-115.39328620700412,-115.15386389573894,-115.13504998782268,-116.0261842452906,-116.08609385413173,-116.63204701850171,-116.3730397425593,-117.24862166740112,-116.49550555050199,-116.56644311930461,-117.0135025840477,-117.72013356162154,point1,-116.00826497340726,-116.08609385413173,-118.95188312267011,1.5400248347229346,-0.08770751896612225,-0.2578712451956875
HDOK,PLOK,17472,2,2,-131,-15,11,2,33,-114.26818946229209,-116.91846212447086,-116.74227658699293,-116.78046743449109,-116.32012347716152,-117.53104454382928,-115.34377609286972,-116.25540584900092,-116.06295151560744,-115.74466884357943,-115.31017320237116,-116.68670514921675,-117.33823980020962,-114.94836446702392,-115.70625779170354,-115.75130305622184,-117.14213664312506,-116.71384165394123,-115.6227288799308,-116.46693322266485,-118.03417768314723,-117.76013867676873,-117.19669487501004,-115.2652034432648,-117.93291168123952,-116.55254085576522,-115.89501970429434,-117.48622914533422,-117.24994990884295,-117.5015949527924,-117.52871530841009,-116.83195800350518,-116.7037529234153,point1,-116.53311930177256,-116.7037529234153,-118.03417768314723,0.8367565969815508,0.438809672338831,-0.3919043566841842
HDOK,PLOK,17472,2,2,-131,-15,11,2,33,-114.85278317636126,-118.74935533279536,-116.59555306435226,-117.20889143774338,-118.32713571888516,-117.28800945104535,-116.88552723306275,-115.8715658788458,-115.44991568216037,-115.71736895529581,-115.21677253330229,-117.10750380411152,-115.44960618154028,-115.31330076271404,-115.75795496905884,-115.76636445742007,-116.43280454128777,-116.93714784719734,-116.5902813450945,-116.22380152150264,-117.38325056566812,-116.02656288590288,-115.81726062726364,-115.63531251731689,-117.87359639971979,-117.01108559878483,-116.38365798110308,-116.55980915293952,-116.144987675721,-116.22648103431469,-117.74031461103996,-118.00876675224015,-116.48454219701284,point1,-116.5162809664486,-116.43280454128777,-118.74935533279536,0.8724001831849104,-0.4983280098741474,-0.27771582852728427
HDOK,PLOK,17472,2,2,-131,-15,11,2,33,-115.81831844784331,-118.1107381557327,-118.50407132847342,-119.00322385196527,-116.49722873037167,-119.03000464445682,-113.23157310870181,-115.70356876792788,-116.32872578855368,-114.47962843733896,-115.5200402711293,-115.7348732882561,-114.31254427620921,-113.98010860256274,-116.27160672495282,-116.0095674313261,-116.3511843866489,-115.84855928007315,-116.29227051692337,-116.4994492312449,-119.18849825558742,-115.83914877376165,-116.12628036649846,-117.98644461140185,-117.09893346478727,-115.6507700205531,-116.31533236966855,-117.78602046650167,-116.27143313926993,-119.02638511035703,-117.19129939274168,-116.30890387584377,-117.98981418913432,point1,-116.55474391838786,-116.30890387584377,-119.18849825558742,2.1359187680406673,-0.04176233249261041,-0.1663793723297382
HDOK,PLOK,17472,2,2,-131,-15,11,2,33,-115.64831634490773,-117.65117826865641,-116.58198191206418,-117.21199618302005,-114.65049365973901,-117.3818384894206,-115.29190233341279,-116.08495913258082,-114.5823637886844,-113.38257346367169,-116.07770931448103,-115.65223097120487,-114.49997820721639,-115.21050638090567,-116.71650046215582,-113.43419757433911,-117.03823261730123,-115.89622340628503,-115.57425003723236,-116.31243869894048,-116.09607489681316,-115.54774301319362,-117.14541073203344,-115.8400183195564,-117.9477285371363,-114.34016210026431,-116.58845098585128,-115.95871075165972,-115.93078354221613,-114.53740301920843,-118.72684232760157,-117.35717082589169,-117.53594684257845,point1,-116.01310051940074,-115.95871075165972,-118.72684232760157,1.5589477069147457,0.1339005832949134,-0.2217036137246562
HDOK,PLOK,17472,2,2,-131,-15,11,2,33,-116.88306119115708,-118.75085036259362,-116.00570442614983,-117.70435825605533,-117.7847735642799,-116.58656118986731,-113.82151947651664,-114.22215803150547,-116.06707407756178,-115.56158981615599,-113.72168055046822,-116.81909482100944,-116.23305610381982,-116.06137792510039,-117.76234837753738,-116.16860283278031,-116.96564305388594,-115.4746903120812,-117.01954705178996,-117.33375325034916,-117.19033440071004,-115.77322332374158,-116.54354590167156,-118.50245020784315,-116.76097483228256,-117.39730331780801,-116.28801112077976,-118.218671490107,-118.45551548512718,-118.25799998300194,-117.0240689385411,-116.27230549022843,-115.34445133953679,point1,-116.63564546975891,-116.76097483228256,-118.75085036259362,1.5416848987960952,0.5316386382237879,0.23819954509137942
HDOK,PLOK,17472,2,2,-131,-15,11,2,33,-115.2287549138466,-118.75668834498096,-116.02684700770241,-118.05163332379479,-116.55655367749007,-116.81329992632955,-116.57603073041254,-114.3093722444359,-114.87605159376541,-115.53883969977089,-116.98898322488753,-115.07137618977055,-116.82489622337879,-115.22647916356581,-115.32075867808094,-115.44462435993492,-115.96246804799932,-116.82720241119242,-114.25115459322926,-115.94575649770826,-117.61957490891862,-114.3835798034011,-115.9456778029105,-118.65181118909345,-116.75563929241989,-116.21552738625833,-117.65152692024085,-116.75490479385739,-117.11703235021348,-116.67404846832954,-116.1571949187865,-117.29989836548741,-116.32268663939838,point1,-116.30748102095735,-116.32268663939838,-118.75668834498096,1.2807213681436267,-0.14710823475945856,-0.2280436283262781
HDOK,PLOK,17472,2,2,-131,-15,11,2,33,-114.61726388709934,-118.70108550158379,-118.4886826433403,-117.09083224918476,-115.34774785314177,-118.19135549202969,-113.99942613264395,-113.13341058764026,-116.60149398268378,-115.2080913853831,-115.65398089815177,-117.48669825240958,-117.76537584172766,-117.65551025478113,-115.2860750027958,-115.23280756533049,-115.85998197225662,-117.19009743765972,-116.0775043687164,-116.96511486225842,-118.28670135385812,-116.80422620111075,-117.72363135917462,-116.59547733701466,-115.36436428090121,-117.6718027237022,-116.01745491420814,-117.89054581332788,-118.0852557053404,-116.2841874754695,-117.62778499736038,-118.09932240708869,-117.74927743780304,point1,-116.68947176294475,-116.96511486225842,-118.70108550158379,1.8642285717188722,0.6719679271407225,-0.1682316836075466
HDOK,PLOK,17472,2,2,-131,-15,11,2,33,-114.69153420208366,-116.92983024655057,-116.25818350154807,-118.42375991695268,-116.74898234520545,-118.46271804842294,-114.8693619127727,-114.27617164922465,-115.25415468818682,-115.17402674005365,-115.7713306081979,-114.85976132720252,-114.90678903957634,-116.86362767818281,-116.32085552374666,-117.38905630730109,-115.40993834223919,-116.61972556375126,-116.8433499652521,-117.65838715469981,-115.0192386968276,-116.10817934171996,-116.90399242071048,-118.53553069744578,-115.54962010116758,-116.27695808612789,-117.15787904520798,-117.0971711138638,-116.86776370245335,-117.87943873515327,-118.26501413182059,-115.7737086986207,-115.63463199665738,point1,-116.38789913724018,-116.32085552374666,-118.53553069744578,1.388804041952182,-0.17221167057675923,-0.8771480628277684
HDOK,PLOK,17472,2,2,-131,-15,11,2,33,-116.27237228108065,-118.72176226193373,-117.5592124099778,-117.6055821165407,-116.48305619576892,-117.43036688258519,-114.75785479355598,-112.44915146166956,-114.35589290311181,-115.85283497388549,-115.8497560650645,-116.97782068264492,-115.03002492992354,-115.6106879112615,-116.82451386992086,-117.09373996692074,-118.10125965951298,-114.87034691274205,-115.29367238406674,-115.77849368317779,-116.56315794087847,-116.14722363476143,-113.68123146292929,-116.41926518074787,-118.2401119227508,-116.06635465458022,-115.48260679651192,-118.95388780770496,-118.38813437818122,-116.97210683748114,-115.17481734052552,-118.22260049751381,-117.02827805702941,point1,-116.37145996536186,-116.41926518074787,-118.95388780770496,2.136764310201574,0.4092676006425038,0.23784183174522733
HDOK,PLOK,17472,2,2,-131,-15,11,2,33,-115.13581240140132,-117.82273036489133,-118.35858074913196,-116.49305421464342,-117.56822084035844,-117.79251097996257,-115.87423872592981,-113.3213362445473,-114.27564203857612,-115.14838183385939,-115.3133589887843,-114.45216611032642,-114.93119797168188,-115.67811897030302,-117.95162747439622,-115.54289175221045,-116.16437915814065,-116.89946909462617,-116.15079525141182,-116.75290256687194,-117.79893876506439,-117.50461040295588,-116.68186232302605,-117.14737759097954,-116.30089897377191,-117.42387274347665,-116.37693446419625,-115.88619327470651,-113.99535807036983,-118.38131885125793,-117.78064470248283,-116.3061752134673,-116.60724904256222,point1,-116.3581469742537,-116.37693446419625,-118.38131885125793,1.6556964268887497,0.42254552226203324,-0.4474790782157827
HDOK,PLOK,17472,2,2,-131,-15,11,2,33,-115.83411857728098,-117.66365115032772,-117.44083221296673,-119.93246330570504,-116.37360362816614,-116.85057976759913,-114.49622681805668,-115.33651114147546,-115.56846499561273,-116.56167747780943,-117.1719255999969,-116.99849584538676,-116.7405795541566,-116.88608530803535,-115.01872010867575,-116.85891254679144,-115.4074325553994,-115.33749636197247,-116.41447762041075,-115.33259182068932,-116.8820244542257,-116.81174766155188,-116.69258067733381,-115.86745220941705,-117.17190934788724,-114.03068590106756,-116.88814672976034,-117.06080639345984,-115.86711597987312,-118.23991579797384,-118.10380600351422,-116.96798343000975,-118.04073609355375,point1,-116.57120475988312,-116.81174766155188,-119.93246330570504,1.336636009860553,-0.2832759299133167,1.154118985798259
HDOK,PLOK,17472,2,2,-131,-15,11,2,33,-115.29943591282135,-117.65351897588744,-118.5520888279659,-117.6201555318034,-116.89119199320929,-117.07789344842834,-114.84750211512136,-115.3330187017018,-115.67807904586581,-114.55404279948361,-116.31927889936478,-116.48374935889463,-118.43123188677139,-115.49515741589747,-116.19048600874822,-118.146173223912,-116.6133019615667,-116.40376943211653,-115.1187922441368,-116.27404230134653,-117.63851701187716,-117.51070099004015,-116.86117794309439,-115.00542598112918,-115.05961868806514,-117.49857553358788,-116.68341052605301,-115.77034498541711,-116.89323438231384,-118.60888567229034,-117.3810475129528,-115.31066986460806,-116.79408127721709,point1,-116.54541213496029,-116.6133019615667,-118.60888567229034,1.2718051246400073,-0.0804836766372177,-0.938942434323299
HDOK,PLOK,17472,2,2,-131,-15,11,2,33,-115.95927279849256,-116.52131204259504,-115.96939337782453,-117.22151064201854,-116.40211745293524,-116.23865218080917,-114.58782442115336,-113.54562245823031,-114.36919972068446,-115.3388437935207,-116.03844670743216,-117.99507667922232,-116.41780882100737,-116.70584139493339,-115.79324648593521,-114.99614382516071,-115.77532736805114,-117.51004600911426,-115.81904280518202,-116.35363992800363,-117.3126894535322,-117.44919026479836,-117.6418462878565,-116.56080417870321,-115.53455857072198,-115.75123915601968,-115.37720244668313,-117.8477829911004,-117.5387914387548,-117.38731056759276,-116.29134471740005,-118.19543135915636,-116.5478773770208,point1,-116.33316477944383,-116.35363992800363,-118.19543135915636,1.1527944228061555,0.4021326010550806,0.0740062967412416
HDOK,PLOK,17472,2,2,-131,-15,11,2,33,-116.45052684931875,-117.14901118719406,-117.41939626084661,-116.09767723243456,-117.16037410548553,-117.08182603652105,-116.29704412073576,-114.04131039074034,-114.5398843726717,-115.96484159691232,-116.82820934337683,-116.55881340256067,-117.50849622307618,-116.12155786920377,-115.30218923242494,-115.34068712872254,-116.96374674862751,-114.71687617377174,-118.0073898861192,-117.4873154242144,-116.45306854220325,-116.07132271278941,-118.21312147008048,-115.9624022028998,-116.59265303909366,-116.44901165126873,-117.87819347498035,-116.30496592683899,-117.0714904391915,-117.25158653234716,-116.4671704269435,-117.68634165491896,-117.24663757566488,point1,-116.56621634042969,-116.55881340256067,-118.21312147008048,0.9449454613205555,0.7137618118772349,0.4095553497431639
HDOK,PLOK,17472,2,2,-131,-15,11,2,33,-115.05791651130949,-117.45447513112872,-118.70334978163166,-116.66150656786897,-116.77947301368137,-117.39165965408658,-117.23625005928403,-115.84287237712259,-115.60397520437402,-113.32012702899449,-117.93631152148009,-115.7975041644586,-115.89066616744016,-115.96907686608961,-116.58654544287063,-116.03945859534906,-117.30302296956117,-117.31423330898826,-118.33508946175006,-115.96580683270749,-117.83175528047074,-117.30214936657342,-117.66728345935213,-118.43752862728711,-118.07110225327612,-116.33626479602069,-116.19795262808763,-117.02424244739177,-116.75254752678713,-115.90045038279588,-115.98988370909511,-115.62338618779619,-118.71883280274884,point1,-116.75886970084423,-116.75254752678713,-118.71883280274884,1.3206497869348959,0.481288097973853,0.8966874742114981
HDOK,PLOK,17472,2,2,-131,-15,11,2,33,-116.6708431027774,-119.6107184551954,-117.75648166476827,-117.64730557096043,-114.94984960994523,-118.0324546163423,-114.83204833885173,-115.64063711454747,-112.85702254210682,-114.86045405186773,-115.44988910806318,-115.00325907736025,-117.37835514388075,-117.6092519225407,-117.33412610969116,-117.25947883525563,-116.39626547184564,-117.42544477535158,-115.70527266936563,-117.99154435338164,-118.0587740680403,-114.92780217511635,-116.4922745312131,-118.08178821808404,-118.63007053995557,-117.67759085575207,-116.15466696415848,-116.62683160377442,-116.63740957260808,-117.90325787066202,-117.70375512983199,-116.09275457080592,-116.45720191493783,point1,-116.72287516815271,-116.6708431027774,-119.6107184551954,1.897018529088325,0.5478257360457071,0.48225888942989226
HDOK,PLOK,17472,2,2,-131,-15,11,2,33,-114.93079887626737,-116.94588265018321,-117.85533282544546,-119.2948892589489,-118.65349166905958,-118.95854384890254,-115.71376336922962,-113.51527873157974,-115.23120833158661,-116.37676469266543,-115.77338027105836,-115.4818633904318,-115.27623582132871,-115.85111267510761,-116.2256266776581,-118.03294470403162,-115.15044415522351,-115.99325356887296,-115.10036935419889,-116.09735428490023,-117.73245035316918,-116.74773698401326,-114.6558290587895,-115.11339040428071,-115.3297239950474,-117.34032941513345,-118.73966235003353,-117.33465081356486,-115.88447562703723,-117.5125097556642,-116.48292731422596,-118.0004038963629,-116.02977290409461,point1,-116.46552733418477,-116.09735428490023,-119.2948892589489,1.9024454455324067,-0.3055880511667704,-0.5374786559392639
HDOK,PLOK,17472,2,2,-131,-15,11,2,33,-115.64952020326311,-116.91711223541148,-116.67498323120095,-116.49267004613434,-118.16752242525295,-117.66709705281905,-115.15892200197862,-113.70006372103697,-115.31650511324375,-116.77584667191175,-116.86019487309952,-115.22161086883347,-116.73661713675745,-118.05026108593607,-116.09856742257564,-116.41555851505176,-114.90729163133726,-114.39712046802477,-117.32923631954773,-116.60955533786982,-115.85468499094266,-116.00548946725822,-116.56664544771753,-116.77278486864559,-115.38949228889376,-116.31922717552993,-117.60452846755814,-115.95979708221896,-119.61056615730378,-115.50174981632142,-116.1261692945621,-117.54819911532513,-117.08948541022785,point1,-116.4089416952664,-116.49267004613434,-119.61056615730378,1.3253834751835378,-0.2160512616902999,0.9883999326230755
HDOK,PLOK,17472,2,2,-131,-15,11,2,33,-116.71327727479935,-119.34366879501604,-117.3003852077047,-118.07997047677006,-115.52438531567951,-119.09352897114428,-117.23931007529531,-114.98865106870727,-114.19850853544217,-117.43235188964404,-115.34721042382355,-116.02684769335198,-116.02356051642036,-116.03311792167175,-116.10094075903729,-116.12407756960488,-117.7160295764643,-117.21735199838734,-117.44345980049664,-117.03828675644786,-116.62961209594368,-115.93506531569156,-116.78095838117423,-116.10638427533455,-116.28991569140642,-117.06430791153669,-116.46399993633192,-117.55909099207072,-115.90772792260493,-117.27910342946633,-117.28832823502889,-117.144475935872,-117.18664595909837,point1,-116.7460768699233,-116.78095838117423,-119.34366879501604,1.0890509008621072,-0.17367192760813652,0.919543458832297
HDOK,PLOK,17472,2,2,-131,-15,11,2,33,-114.8641406461916,-117.37939045037517,-117.40329845374717,-116.02095096376394,-116.67920324521008,-117.33737010458195,-113.6681014797719,-117.1069201315357,-116.19652394769953,-116.73700847586721,-116.33897828912852,-115.6360453376464,-115.23122194042723,-115.51807378089909,-117.30166329889738,-117.45403725216464,-117.69217018930092,-116.54038364561039,-116.6251590045016,-117.89997163586872,-115.3209466062385,-116.9978845736137,-115.4234061585986,-117.06307172183062,-117.46391515147447,-115.65660462993904,-116.22325588946684,-116.45176655362509,-115.80326774306415,-117.03925335621898,-118.42639548221275,-118.2891044782314,-116.29379850527721,point1,-116.54797827645395,-116.6251590045016,-118.42639548221275,1.0469768419815155,0.5158141452019605,0.4686711505095418
HDOK,PLOK,17472,2,2,-131,-15,11,2,33,-115.82479602501321,-117.44812577095395,-116.78039237405709,-116.8572486309632,-116.95513883703138,-117.26124918039827,-114.15000798441781,-115.22338841881253,-115.2656725341085,-116.57391631852724,-115.80716732291111,-115.40898237204689,-118.29821078999764,-114.62452860364795,-116.63788125986909,-116.99153025764417,-117.88714275215882,-116.10032077256393,-116.2383038084532,-116.73740160660442,-118.14280506255386,-117.67278118237743,-115.42421464587284,-115.10533327961483,-116.35465235339781,-117.64895993162227,-114.64711556185401,-116.67263090191996,-118.27805002595449,-116.99487728083535,-115.99061866352133,-116.92785116058741,-118.49374559770852,point1,-116.52803155357581,-116.67263090191996,-118.49374559770852,1.2635896796688713,0.18180368707447084,-0.646319140123063
HDOK,PLOK,17472,2,2,-131,-15,11,2,33,-115.33976331865013,-116.83723140819087,-114.32549469127655,-116.59604564199012,-116.97169060210835,-116.48391519247853,-115.48178539275392,-113.87923923425407,-115.91178185374481,-115.18363855030952,-115.68883510932258,-116.70363386037602,-115.44555408171583,-116.14810830930601,-116.13804626027559,-116.69186105998654,-119.30445896914676,-116.0557745521628,-117.88908606432351,-115.55007594379018,-116.1450808137303,-116.47324507484487,-116.74519803550344,-115.68558304037447,-115.63291252161437,-119.0882608550042,-116.91993404146446,-117.39953229950225,-116.87277791292162,-115.79604568781131,-116.71091137337793,-116.35683430203659,-117.2972697930933,point1,-116.35604866204368,-116.35683430203659,-119.30445896914676,1.1921002607920301,-0.5611521650741848,1.6695250887990283
HDOK,PLOK,17472,2,2,-131,-15,11,2,33,-117.3265719527867,-117.46686761523672,-117.72114225388341,-115.9470219810577,-115.59331023638278,-117.05312930778766,-114.73826146480151,-115.60796511026814,-113.87398268764011,-115.14739370743503,-117.1798276295375,-116.88206060464675,-117.19096865674135,-117.06902757819603,-116.73794526227837,-117.26762831618433,-116.32339902698745,-117.99060326871901,-118.09746383028802,-115.85857572883751,-114.4822130134096,-116.00116916178166,-117.45859318409401,-117.36446497792849,-115.53669293441115,-117.57922462351037,-117.69118280317215,-117.40357411461929,-118.2655209962171,-116.82667890589842,-115.8988982681841,-117.37241702311566,-117.72063073116092,point1,-116.68710324112726,-117.06902757819603,-118.2655209962171,1.1950035255030436,0.8344845077055958,-0.04890964698304057
HDOK,PLOK,17472,2,2,-131,-15,11,2,33,-115.75558297817686,-118.52006324550649,-117.6398827907724,-116.84506413749773,-117.40517173596317,-116.92071730070877,-115.35122175210064,-114.72509481181244,-114.15257866648022,-116.66365380674073,-116.85949231274033,-117.09661872016027,-117.11816364054759,-115.16585202104044,-116.42216784179729,-116.98704530369574,-116.7788639139263,-116.2994411477588,-117.57805705535795,-115.90165928839119,-114.73619870096408,-116.90775026140199,-117.50477962514461,-115.13971536104876,-115.33088218629577,-116.42995504734903,-117.21919413487456,-115.52442975031427,-117.60696058728712,-117.56560739550271,-115.14793291689259,-117.22470823206227,-119.4860587494006,point1,-116.54577470968826,-116.84506413749773,-119.4860587494006,1.337119643139711,-0.028344026911994002,0.04169739985223897
HDOK,PLOK,17472,2,2,-131,-15,11,2,33,-116.34941271735477,-117.96340190732961,-116.74765446896582,-116.62721888591052,-116.40661295264057,-116.06992481552659,-113.48694728951804,-115.51131783201984,-116.09492561684664,-114.85164761800021,-114.1806546738919,-115.85443322925198,-115.52856185143767,-115.2393845340757,-115.65403230345208,-116.1908115582726,-115.58577843776375,-117.04588113865464,-116.225807500802,-115.5531842571171,-115.46756221259523,-116.59994509546962,-117.54278802246257,-114.4933548982258,-116.93303576468935,-117.23567497952105,-117.25497905729218,-114.96887765920668,-116.3563234462615,-115.84311649343874,-115.79866078116098,-115.18339607105878,-116.20714460184664,point1,-115.97128644460791,-116.06992481552659,-117.96340190732961,0.9087785139190139,0.32224787674870087,0.41889969910920133
HDOK,PLOK,17472,2,2,-131,-15,11,2,33,-117.99041433982455,-118.21493640431774,-118.57084396959164,-117.04837502119264,-117.3783161606224,-117.10012236693225,-113.22579085413363,-115.14912057761669,-115.31193105594805,-115.65686299692814,-117.28430935142462,-117.68988667334979,-117.02601268057856,-116.19576136195936,-116.12741796267183,-117.03676208746802,-114.10494368741506,-114.65885281919782,-117.09637401500053,-116.91983309878619,-115.85254377624332,-116.22495593359767,-116.83465184038175,-116.20934726483073,-116.62782984959073,-116.31039462938585,-116.77624283629001,-116.20556767490801,-118.51872285209876,-117.24529110773398,-118.81452419276366,-118.74284265560853,-116.24712829781252,point1,-116.67869425443044,-116.83465184038175,-118.81452419276366,1.6051762378511722,0.5532960735794734,0.6448434707116326
HDOK,PLOK,17472,2,2,-131,-15,11,2,33,-115.80003413206062,-116.00754813930918,-117.59315031819845,-117.48739344386236,-117.4718472511176,-115.87061037979197,-114.54942332594302,-114.11994252581776,-113.94070822136739,-113.92250860065018,-114.86788948830522,-115.36420006187065,-114.02354874894816,-115.36549379262227,-114.5610280011777,-116.43733507818233,-115.899871069951,-115.85188965444199,-114.68008532414106,-115.86279568959235,-117.39526299603963,-115.89865931506137,-116.59436997726608,-116.67861446829332,-117.65939042934748,-118.15106042597478,-117.4249524951645,-118.11281678709926,-116.76896331291229,-117.6377654665554,-115.92795895959344,-117.15439193496051,-115.33823448866568,point1,-116.07332558497835,-115.899871069951,-118.15106042597478,1.5980789663111201,0.11326964878754565,-1.0649359341691125
HDOK,PLOK,17472,2,2,-131,-15,11,2,33,-115.31579086722503,-118.40776323588442,-118.4186646937669,-114.63091948491463,-117.01797776432954,-117.2053771679745,-116.80281977411552,-114.47880517854693,-116.43968581929181,-114.79498748996247,-115.2113350888093,-117.35753300958902,-116.8683777364173,-116.69485123989838,-114.42383832493472,-115.63407229397046,-116.5047831652682,-116.76491778917926,-116.98721766324175,-115.5814327509844,-117.07061624324437,-115.49085695450883,-116.53495591731044,-116.9221457063489,-117.25378186114695,-115.60107527811357,-116.60471161741533,-117.81335584612476,-117.86168904478086,-117.4133897403516,-117.94890165502429,-116.22365940920768,-115.82476244074304,point1,-116.4880318864432,-116.69485123989838,-118.4186646937669,1.1758290171592582,0.24855258054816934,-0.6610983628441902
HDOK,PLOK,17472,2,2,-131,-15,11,2,33,-114.1998935391384,-117.96111568562385,-117.54322278323869,-116.48955822939769,-116.32523750029246,-117.09938810900789,-113.94889231739236,-113.39817330614551,-115.60309908475026,-114.19902836439672,-116.75631920914792,-113.96781166216928,-116.77378123891101,-114.83642924933656,-115.75774086492514,-115.43983474118451,-116.09303486002462,-118.73084819097555,-117.06063266142912,-114.71493226949947,-115.1405571479124,-117.27930080609767,-115.2291570596233,-117.39285232456176,-116.25407716959266,-115.71010564806019,-117.86964947799702,-117.90550423156144,-119.34756562322737,-116.85706830791561,-115.15415050205938,-114.79353319427278,-116.90301848359984,point1,-116.14350041949902,-116.25407716959266,-119.34756562322737,2.0939791668259105,-0.09137300367670811,-0.5990658377012448
HDOK,PLOK,17472,2,2,-131,-15,11,2,33,-116.96187628836908,-117.52793502450734,-116.28656221834564,-117.84404684561933,-117.13372859095563,-116.83432839794749,-114.48685164295415,-115.42539967690686,-116.36713546800513,-113.89052732158689,-114.69712525828889,-117.19485524995656,-115.18441505965701,-118.50350593937738,-114.01190974864906,-116.10611535538423,-117.41198791884845,-117.2854531692426,-115.44500081638952,-115.53294355280482,-116.43271227584067,-116.66204884331263,-115.44573794391151,-116.65034820787035,-114.46407000167301,-116.12595520440651,-116.25198125999206,-115.81961470251588,-116.6375977372955,-117.0297977048825,-116.05152059529367,-116.13688315352115,-116.89064767720652,point1,-116.20395814701568,-116.28656221834564,-118.50350593937738,1.177509148712833,0.34509006363118877,-0.18751576021404892
HDOK,PLOK,17472,2,2,-131,-15,11,2,33,-116.38713994106055,-117.28578583501621,-118.02210306658394,-116.73637546824806,-115.90062450570076,-117.58895340059932,-115.62056282762207,-114.7569869153534,-117.86126785207617,-117.27977473666684,-114.88159967191889,-116.76698515126338,-117.67519405581955,-117.22413271508697,-115.64763825308002,-118.02732949483092,-115.22964981602102,-117.16322397333707,-117.87973899613485,-115.9589437066455,-118.29802215971436,-116.05874973378002,-116.35115980298855,-116.32114329126557,-117.31217926332852,-115.97181940838372,-115.4971454155311,-118.39661191068996,-116.97086875931508,-115.58820814831913,-116.4695134757588,-118.20774789520502,-118.83958712054277,point1,-116.79323535660272,-116.76698515126338,-118.83958712054277,1.1622887583321382,0.049788982049877945,-0.9708905919280109
HDOK,PLOK,17472,2,2,-131,-15,11,2,33,-117.42541437996151,-117.12873681003046,-116.52272902729553,-116.7017247363761,-117.65441083896364,-116.55938821722602,-114.48499357572672,-115.4746036107456,-114.9257276537808,-114.5914235403734,-115.43431809939369,-116.20484566488173,-115.22833957038696,-117.2624691197183,-117.42768737795116,-116.90044156213632,-117.85067202616389,-114.46376223781446,-115.92188724972559,-116.10665363913655,-115.61775801270541,-115.12387380901689,-116.96025867233703,-118.07897311758033,-117.85274009685153,-115.4251570140033,-117.86416134682148,-117.07404035110021,-118.57396178291211,-115.08468199448772,-116.63863178323027,-118.69437135375884,-116.51683173657837,point1,-116.47805060633857,-116.55938821722602,-118.69437135375884,1.4072595773271457,0.025285701464037674,-0.9850238827215647
HDOK,PLOK,17472,2,2,-131,-15,11,2,33,-116.42425220451749,-118.4392567107732,-116.87930599915056,-116.59084123577259,-115.34131299145935,-116.976417795341,-115.48023170613389,-115.36250128584962,-116.81924412757294,-116.0195464950352,-116.80364270430914,-116.48021713733289,-117.8359640435294,-115.47970110258079,-117.8666503827123,-116.22049771326178,-117.2252857561177,-117.27441849594685,-117.48389852355204,-117.82795689562381,-117.67948593492385,-116.64748483796224,-116.17839365028517,-115.87123556400728,-118.38341475535105,-117.3164191144234,-118.0166258639803,-117.18307974179035,-115.62214370712744,-117.30523168771927,-116.86275577979563,-118.23951304589772,-115.5748126838536,point1,-116.83974968708148,-116.86275577979563,-118.4392567107732,0.8300547656315415,0.04799822834585377,-0.9881157709020805
HDOK,PLOK,17472,2,2,-131,-15,11,2,33,-115.34437019252479,-118.65011811791338,-116.9084108140637,-116.88333559664699,-118.27235179008504,-116.16221318612496,-114.30988917868747,-114.04254669581756,-115.10375709901015,-114.70688536651423,-116.40855658868914,-117.27551295568239,-116.38263050454445,-116.80982081453159,-115.93587352710706,-116.74734930774416,-116.91861452112703,-116.08066606621749,-116.22349172184732,-117.4919592123176,-115.06798986297093,-116.99259909133126,-115.19163405933837,-117.12907772636281,-115.68714013795984,-116.63834113079582,-116.78011609295895,-116.23950533076649,-118.37540759280532,-117.10707017200401,-117.6323797217141,-117.49800019455353,-116.48105127547194,point1,-116.4690504741282,-116.63834113079582,-118.65011811791338,1.1938867111127844,0.2657197598052165,-0.08041644934487291
HDOK,PLOK,17472,2,2,-131,-15,11,2,33,-116.60577565118959,-118.19272056236478,-118.1758157537269,-116.04457591248872,-116.09340735314917,-116.37764147127007,-114.79064977411838,-115.00083076081776,-115.39838649758329,-115.74280106139727,-113.88597363171175,-116.5438500738824,-113.81021522996421,-114.81023223658381,-116.7972931758775,-117.55482840057587,-114.23759523784939,-115.10780271128063,-116.11433089883255,-115.30698096607476,-115.63355232508637,-116.24250356612791,-116.25707413805846,-115.07512105830357,-116.53098830252574,-119.24479881304103,-116.84818322849358,-115.4947602779735,-116.42067773491716,-118.39181729367938,-116.3113865343123,-117.82081535461016,-116.65057689720615,point1,-116.1670897843962,-116.24250356612791,-119.24479881304103,1.608714350835834,-0.33810796089560574,0.03308720912688168
HDOK,PLOK,17472,2,2,-131,-15,11,2,33,-115.35012226845107,-116.60019368444594,-117.33998126705688,-116.98063324325283,-115.98107748576528,-117.30932525414151,-113.94351460181967,-114.39240760704806,-115.2635768267101,-115.19282369570436,-115.02181704474812,-115.47382650614271,-116.18028348817909,-115.53139568351365,-115.84008058037898,-116.55913795007577,-115.35674147566584,-116.88731571492787,-117.08210971442203,-117.79070997008694,-118.02413749688094,-117.14694681919795,-117.79018193827781,-118.28537503652417,-116.9436739228717,-116.73254041410395,-117.27814158413577,-116.82143192437616,-117.018242963664,-116.14617794753039,-117.5411771485154,-116.46325261165458,-116.72981658304968,point1,-116.45449001373697,-116.72981658304968,-118.28537503652417,1.0789237172271822,0.47881880894279927,-0.2956254023900171
HDOK,PLOK,17472,2,2,-131,-15,11,2,33,-115.32719548320836,-118.30463438559326,-116.42659693811528,-116.93913199882121,-116.25477443977637,-119.27441406190817,-117.25080671926277,-114.40159693470477,-114.3700356842106,-115.44161288272883,-116.59519348809127,-115.66699786718593,-117.06485276403417,-116.06364971624458,-116.62790062991294,-115.56929293632433,-114.17310524306691,-114.55274059989449,-116.77120662070304,-116.74711715497854,-115.80468314949336,-117.46649598613031,-117.49581018562009,-115.160988233754,-115.96738664703064,-118.11802741779084,-115.33144024071382,-116.51270529969509,-116.87885820666494,-115.8080673896024,-117.35367560940247,-116.50834756690509,-117.80146472783574,point1,-116.3645699154365,-116.50834756690509,-119.27441406190817,1.3805136628474783,-0.14836415630715397,-0.04350968355460383
HDOK,PLOK,17472,2,2,-131,-15,11,2,33,-116.9391516577637,-118.3842604814117,-117.75543117999709,-117.6892748479781,-118.44432199258868,-116.01407677730276,-113.92150579119074,-114.28436465674099,-113.35897286713215,-115.17789764303747,-114.33669204589677,-115.56049205248229,-114.52195196111343,-115.03103900838137,-117.35219591346386,-117.09997512253052,-115.85214638455331,-116.18164967616768,-113.92837766444919,-117.77354413043176,-117.7367461548033,-116.23447986955927,-113.51453082903025,-117.62667214185014,-116.78557981904348,-117.00190839278834,-117.5104434137982,-117.72907107312155,-117.00992242384278,-117.19402951606672,-116.36042050165773,-116.58622989889929,-118.15901574105949,point1,-116.33504156454954,-116.78557981904348,-118.44432199258868,2.2020605574434655,0.574031199534678,-0.8625240943784593
HDOK,PLOK,17472,2,2,-131,-15,11,2,33,-117.03889295724781,-118.01177575160798,-116.39675213400554,-117.2847038121307,-116.7379526513219,-117.12746526380599,-115.12125298370414,-116.5875176208219,-112.55402305746452,-116.47095599403042,-115.88042918484338,-117.04079974386431,-116.66765553662347,-115.29001928985227,-116.99646897019005,-116.7643850006713,-115.46040617542121,-115.85171861381268,-116.48409918776936,-114.84795192274974,-116.42693358430485,-115.83405829627088,-115.06000025229163,-114.64400447325106,-116.6023071711175,-116.38768532829722,-118.11724405824891,-116.36040941892624,-117.19093479987677,-116.3047018745454,-117.16109316535758,-117.16498152388206,-118.79829386666965,point1,-116.38387495954484,-116.48409918776936,-118.79829386666965,1.2941008322478074,0.9665080719717571,2.8483511332486375
HDOK,PLOK,17472,2,2,-131,-15,11,2,33,-114.8084371938622,-118.25475511865052,-117.82741233904733,-118.41806094060239,-116.2561318898968,-114.43122133632798,-116.60877530823365,-114.19160703127135,-115.17023486373611,-113.82053218765607,-115.11558925604271,-116.0722616982464,-117.2778473958676,-115.89770643217679,-116.68345265240033,-116.58074836373211,-117.57694235093909,-116.28714409114042,-116.69685745357293,-117.93985772537631,-118.4470640090664,-116.22936097514253,-117.2201928582246,-117.5527956072282,-117.20183746333352,-116.81630467700583,-116.30642781479695,-116.35143714743957,-117.2244418253494,-118.00081072301668,-116.42102179421559,-117.7761260279674,-118.59948676902513,point1,-116.66857222183609,-116.68345265240033,-118.59948676902513,1.5290720114927507,0.5435497312381381,-0.23589960782742958
HDOK,PLOK,17472,2,2,-131,-15,11,2,33,-115.63368979295106,-118.25676085843581,-115.7455400010304,-117.39561468977575,-115.68924187886392,-117.10286520109288,-112.61415463526352,-113.30002562443892,-115.93779599221351,-115.6169408870391,-115.62439780954662,-114.04196632623798,-114.75973504069025,-114.61921707142072,-115.32208676322895,-116.13629900858797,-115.48392619166401,-116.39126076548024,-117.97652134448029,-116.42526513513084,-117.4103855757443,-117.21314695543718,-116.49712344527593,-117.40939902768676,-117.54926580951602,-117.856342191979,-115.60557433033117,-116.63643495277583,-117.74599152664553,-117.30427515640386,-116.2153005368027,-116.02438167160959,-115.79804526243736,point1,-116.161787013946,-116.13629900858797,-118.25676085843581,1.6950502882469338,0.7154611975789589,0.5915021748309846
HDOK,PLOK,17472,2,2,-131,-15,11,2,33,-114.14081423225346,-116.98338762662084,-117.76168071377,-116.46519625204968,-114.9050062154539,-118.5721966383501,-114.15846137779637,-116.0627025492838,-115.57323173307631,-115.59972715112222,-115.59198128878974,-115.6461611246006,-116.96536738079757,-115.75311588033188,-116.27972661789249,-117.67858074325665,-117.98644966691403,-115.27397760387238,-117.48565392050541,-118.42968226355953,-116.52731847883899,-116.56793287085839,-117.59797648351595,-117.4282517241895,-118.24924334597551,-115.54559131893681,-116.94919025829292,-116.68944597551301,-117.29215161185444,-114.5926206360243,-117.24538550086633,-116.75802402010326,-117.8268025214688,point1,-116.56312229474955,-116.68944597551301,-118.5721966383501,1.410452499964567,0.3202116788704311,-0.6650508181596435
HDOK,PLOK,17472,2,2,-131,-15,11,2,33,-115.99869333621788,-116.32129142154385,-118.82009972059419,-116.3316102544574,-117.41700747695565,-117.09381352847892,-114.91329053578518,-114.37948065798324,-115.34016871015618,-115.41748843665646,-114.9912510729446,-115.26563800936688,-116.36579146652825,-117.18243112290025,-115.7708410126418,-115.15618994850406,-116.90935789620083,-117.99993925057943,-116.76662229039523,-115.05418652194444,-117.63716524625929,-116.89018019017979,-115.91605434781317,-118.00411232041371,-114.674499180382,-116.72256238179791,-118.01773214061774,-117.15954431343944,-115.85622974955712,-116.54418736295078,-117.22488166783181,-118.1659989151406,-117.86936031830183,point1,-116.49023335774304,-116.54418736295078,-118.82009972059419,1.3144832496228056,-0.013093336913385697,-0.9326247957824068
HDOK,PLOK,17472,2,2,-131,-15,11,2,33,-115.2799338856688,-116.75576873604675,-117.94919870625534,-118.36447714195104,-118.62163375794759,-117.53418503402948,-114.83086008279477,-115.52134368839708,-115.42685378141516,-113.93306689799205,-115.0464028654497,-115.72657526210335,-117.12463270846057,-114.92674292987174,-116.14709987688228,-114.79314346016712,-116.21028378139495,-116.87903570285897,-116.01395311759894,-118.11637448989985,-115.320394019826,-115.69434816547582,-116.1264944889682,-116.47079533641845,-117.75690341041889,-117.6800266978006,-115.33399912409915,-117.31567073948602,-116.63581967318653,-116.06204740537856,-115.87342992269242,-116.97811687832129,-115.27337593313398,point1,-116.29463599098158,-116.1264944889682,-118.62163375794759,1.3333050142683056,-0.2533977724420446,-0.6995078238086365
HDOK,PLOK,17472,2,2,-131,-15,11,2,33,-115.61614302226332,-117.02397220287435,-117.30198457350677,-114.6342441994823,-114.48088833454085,-117.05280382158166,-114.35772062270159,-112.61179773200458,-115.85038559644994,-114.64841640339596,-115.22179899113394,-116.84391609227009,-116.30686462449125,-115.27578225324275,-117.44626109564001,-118.94729904605329,-117.01544759339134,-117.15256482451447,-115.73391329495242,-117.5343830378167,-116.36114084346575,-115.06817694076044,-116.500464017597,-117.31541112308781,-115.64098675860441,-117.80818831509531,-117.7465957605489,-116.61591519272628,-117.23427528840186,-116.35632944182832,-117.45722311256533,-116.78117009566056,-117.19306823969158,point1,-116.3374403785558,-116.61591519272628,-118.94729904605329,1.622902245480702,0.7390977640892683,0.8281402176839676
HDOK,PLOK,17472,2,2,-131,-15,11,2,33,-116.71277507549846,-120.07758883624825,-117.91043305609163,-116.91797554491336,-116.95292418891684,-116.5166695247769,-115.51738231416775,-114.46403387183476,-115.9824453498402,-116.8970758899262,-118.24212900774425,-118.04171141667162,-117.36085014524933,-116.3374753928213,-116.4981714509687,-116.22230000382683,-114.62775930954841,-117.69136109249264,-117.11403989055393,-115.28207118254834,-118.14501569315847,-117.86796407266266,-117.7478461308124,-117.15258355398332,-116.84225494242264,-116.13569030348546,-115.76152837402302,-116.27287774314937,-118.56447288431416,-116.9429483991776,-118.90382931099268,-115.8076032435154,-117.73768938624568,point1,-116.94695383583583,-116.91797554491336,-120.07758883624825,1.4198292712153462,-0.1840529155977896,0.408270045520291
HDOK,PLOK,17472,2,2,-131,-15,11,2,33,-114.18493099073953,-119.76598663237867,-118.86003775278996,-116.92123371440113,-114.66783362622982,-116.90664528352038,-114.02588226965008,-112.88641246053317,-115.12311339422455,-115.18415273983305,-115.95515462626967,-115.97925413480615,-115.28870770359183,-114.94224354713651,-117.73271126928634,-119.03289610544651,-119.08359386780778,-116.09613342367926,-115.41830363006265,-115.37005461561307,-117.62738531332612,-116.6824715235316,-115.61332058556025,-117.50457179764939,-115.32004200294925,-118.11576068845731,-115.88054165812909,-116.50223318295204,-118.22808805664442,-116.27765074914713,-115.5019521316664,-116.85222969353616,-115.9204841850686,point1,-116.34703070777631,-115.97925413480615,-119.76598663237867,2.4542425198640245,-0.28473312203175066,-0.18044745841273846
HDOK,PLOK,17472,2,2,-131,-15,11,2,33,-116.16439924307679,-118.57829516715002,-117.45149965988011,-117.18642802107362,-117.51699866355821,-117.2830435830501,-113.29019754192007,-114.61133721281188,-114.37850186801414,-116.63488092925991,-115.88359983016164,-114.34347624341774,-115.36668577192412,-114.2475738255139,-115.41400008613368,-115.41447998178994,-115.23713011825065,-116.23838348642714,-118.2374701241713,-115.60075603967934,-116.6725811800814,-117.75507322009804,-116.76783360864142,-116.06614320998854,-115.79215834352367,-118.16621486159694,-117.24833860716043,-117.52827740410508,-117.54262287328176,-116.43936644758948,-117.39073302870487,-117.91766212475419,-115.87863087744353,point1,-116.37105373285557,-116.43936644758948,-118.57829516715002,1.6840162973874988,0.39541191837004314,-0.5171518049095152
HDOK,PLOK,17472,2,2,-131,-15,11,2,33,-114.65889990322731,-116.77079448652434,-116.13328221000495,-115.8861479277023,-118.17990428984503,-117.77798222178141,-114.51718930020358,-115.19171495802178,-114.42230096651149,-114.73942223515887,-115.66702729311301,-116.23953948069003,-115.42475742701386,-116.54056330996823,-116.47478446377147,-115.64180839285373,-116.93661504469058,-115.20555989725705,-116.15984293460542,-113.79227762757124,-118.12462825941675,-118.60640307949161,-115.87803986153621,-116.00494564795476,-116.91109935105213,-116.32527235528556,-115.44208389663943,-115.61802609936836,-116.28542380082322,-118.5392566087797,-117.45009002193764,-116.12001213528026,-116.91482039555518,point1,-116.1994095722314,-116.13328221000495,-118.60640307949161,1.3850422469416586,-0.2794786592001897,-0.21704897090391206
HDOK,PLOK,17472,2,2,-131,-15,11,2,33,-115.79358573210712,-116.17739206170434,-118.32317646825918,-117.58006531015027,-116.8524980179565,-118.4187515480413,-116.052753803896,-114.85982146297924,-116.43660947061211,-114.85568220829924,-115.82963770350187,-115.74864307539937,-116.62036740065317,-114.15639547336433,-117.24378526261121,-116.1929147611229,-117.40878561419372,-115.59679477395966,-117.2915570365226,-115.7375975709422,-115.88955628416382,-113.95138184939756,-118.3117759653293,-116.54657386611284,-115.23490600773737,-115.00625779141639,-116.4453348028629,-118.18439991166632,-116.33111194799555,-117.11410218089462,-115.38258914442599,-116.81850275615598,-118.23604416865787,point1,-116.3827076191846,-116.33111194799555,-118.4187515480413,1.3835046624924128,-0.014604482775885826,-0.5255128303658281
HDOK,PLOK,17472,2,2,-131,-15,11,2,33,-116.03066655424536,-118.42455870858568,-116.82672803521817,-117.42899136208888,-117.23450037146017,-116.4860918895543,-113.79129089443143,-112.83454583410973,-114.52354512443904,-114.37175094223342,-117.28397864610464,-114.91701955254715,-115.81600412507571,-118.05309075859418,-116.17471738580502,-117.1101902516952,-114.76305476083209,-114.8070812916003,-114.17152377803468,-116.79259975233617,-115.05524839876185,-115.73833592582844,-115.00554812427804,-116.8778018489545,-115.53395763109044,-116.06197451904514,-115.57056214579055,-116.53859459793016,-116.74436117028282,-116.75710746273718,-118.19504404358294,-117.0367089489923,-115.81953648036064,point1,-116.02353670656443,-116.06197451904514,-118.42455870858568,1.6910168091970195,0.3067601701588821,-0.25052422981737754
HDOK,PLOK,17472,2,2,-131,-15,11,2,33,-114.95272896058735,-118.41248779379912,-117.68257604395937,-115.53884354489749,-116.216930762779,-116.78427179172266,-113.48335887685558,-114.77959165941796,-114.42194628986829,-114.26166998715118,-116.8910448306826,-116.84216890512374,-115.36000265369857,-115.9077599477705,-116.40951435947557,-115.73024368108908,-116.74192459525507,-116.36231558110765,-116.7418603168967,-115.3972190176923,-117.06053626812414,-118.01470712809575,-118.2684958311444,-115.76221708133129,-118.32805177945595,-118.6179741579224,-115.2140570681076,-116.69812746766597,-115.14114477918922,-116.06591271209379,-116.24591262404577,-116.85609860200057,-117.4313480295278,point1,-116.32191039783439,-116.36231558110765,-118.6179741579224,1.564982400958987,0.0606894146757824,-0.3778801255288271
HDOK,PLOK,17472,2,2,-131,-15,11,2,33,-116.94443860403281,-116.8808734824812,-118.12885572096752,-115.80442910246599,-114.4549117327891,-117.15171514525657,-114.2112572688061,-116.67260846215656,-115.46792805062321,-116.72943199950052,-117.04873620256558,-116.27288243334539,-113.82831417302518,-118.2770437364153,-115.41482870024196,-117.11114572506027,-115.04647497050854,-115.94559460180832,-116.96134172410149,-114.89753238971299,-115.42549883927276,-115.41807301771793,-117.2441332303115,-117.67096285902915,-117.99868383707862,-118.34186811859243,-117.3385166383575,-118.44005546329028,-117.39148359279027,-116.40018253668269,-116.68109102658504,-116.3184564971089,-117.7946583631718,point1,-116.53678812866224,-116.72943199950052,-118.44005546329028,1.4766808189424385,0.43048081614080513,-0.5385415474594595
HDOK,PLOK,17472,2,2,-131,-15,11,2,33,-116.40786875373374,-118.56011498919328,-116.48301132827642,-117.97866780602283,-115.05095300711513,-116.13353409354717,-114.84968365129956,-114.21454010140191,-115.0529634313067,-115.55192533176427,-114.75775608849037,-115.88424169110887,-114.69075313616806,-114.76664793023937,-117.33045939200379,-116.00011930773285,-115.8091884377727,-117.10786293135544,-117.45126954219961,-116.9794378190932,-115.60663430584216,-116.75300946383786,-116.60158127541649,-115.54368706021631,-115.27415895195054,-116.37051388773611,-117.3955947837701,-118.21374383120859,-116.40407366673494,-117.06903306346364,-115.24087429943978,-117.27642322418176,-117.63096655370752,point1,-116.2557967617373,-116.37051388773611,-118.56011498919328,1.2455833532090745,-0.14312443219456183,-0.8605012864551829
HDOK,PLOK,17472,3,3,-129,-13,11,2,33,-115.08380484339827,-116.17590303128159,-118.66753804194323,-118.81673536320328,-117.48732857024471,-117.89512902919545,-117.78040900477846,-118.47383056245177,-118.38398726927794,-117.23916959937131,-118.41261911539931,-118.4843096679326,-118.30593320073577,-116.82310764171714,-117.79596517577265,-119.44059967405758,-118.53805885092873,-117.72611992008052,-117.1063898982182,-117.38707498373725,-116.6291955935887,-117.55569036337316,-117.13466776295925,-117.78268652598032,-116.69381923767146,-117.48242128844284,-117.82675855173682,-116.14550415633074,-116.61405708898336,-116.3768433737848,-117.00497971817367,-116.54741536896015,-117.86175143309652,point1,-117.5054486032366,-117.55569036337316,-119.44059967405758,0.8386490438991556,0.31876241684247886,0.1685259597332438
HDOK,PLOK,17472,3,3,-129,-13,11,2,33,-116.04835053400116,-116.64240615097575,-117.17540941400551,-118.43140072756282,-115.53397421311266,-117.78598632635797,-116.50244012495023,-118.03116184870647,-117.56109023870879,-117.52672285389004,-116.68705044667517,-117.24797451154039,-117.24740124084738,-117.03896252110569,-117.07123908181791,-118.38583517172319,-115.09261556705074,-117.38367457310073,-116.7450863384169,-117.05265313024316,-118.31138047623261,-118.06447826532657,-115.41044485146176,-117.63966695742563,-117.20944323815628,-116.74028016632006,-115.62909867519255,-117.45313265569031,-117.72232742553035,-117.93779229257424,-118.40690927507485,-117.40774574699844,-118.90218808969021,point1,-117.2129188827414,-117.24797451154039,-118.90218808969021,0.8314549277749881,0.5559431175163493,0.009432745536428033
HDOK,PLOK,17472,3,3,-129,-13,11,2,33,-114.89009577010088,-116.84935522552239,-118.72653526838404,-118.43113720851329,-117.99596534831826,-118.11407421536805,-117.98375176847551,-117.38183225365543,-118.03351658917396,-117.8633539377534,-117.75182150360021,-116.1901978275204,-117.45912379905351,-118.31023630972403,-118.9254442077685,-118.91098292391098,-116.99980473388,-117.43430520737455,-117.16786070634204,-115.89890067843629,-116.45165578740198,-114.52230734987151,-115.60351917631971,-117.39209806126796,-118.44092997007766,-117.54607364447531,-115.95497870843847,-118.40270582249732,-118.25012573427392,-116.57856707561255,-117.06676172384263,-115.51134875517218,-117.63506625963174,point1,-117.29316465308362,-117.45912379905351,-118.9254442077685,1.2759500401056931,0.7356041184217509,-0.11960274758560008
HDOK,PLOK,17472,3,3,-129,-13,11,2,33,-115.09542027335098,-116.74895417272579,-118.1346291580667,-117.68805221451622,-118.81484221256572,-117.32595675603352,-118.05584798806454,-120.64562424686031,-117.17729993360561,-117.83184218377596,-117.83495854121672,-117.32474703907826,-118.34901327859697,-117.90247604211214,-116.20802347799005,-118.72315889276669,-116.35137276056545,-116.58887231031,-118.61171276131199,-117.55521289232587,-116.68738546006995,-117.2693908190638,-116.74897081510996,-119.67955207215077,-115.37037440610429,-117.37509207869505,-117.34942399277605,-114.76281654543014,-118.1671829168735,-115.30638488169372,-116.88038965537488,-117.5644855615559,-115.93041286885105,point1,-117.33514785483604,-117.34942399277605,-120.64562424686031,1.5711112914862053,-0.15525110160714067,0.602360139583356
HDOK,PLOK,17472,3,3,-129,-13,11,2,33,-116.1059945122786,-116.37491364782672,-118.97051081149296,-115.27066283150945,-117.80735978203009,-118.44741042787508,-117.51777399782355,-115.65188035633989,-116.5046332028414,-117.83598469528341,-116.47010676038099,-119.3448954253065,-118.2525458387635,-117.75496797155488,-116.97217909547216,-118.77911076561539,-117.47300332040143,-116.4378959425402,-117.59682690734431,-116.19061289914494,-117.3359400205448,-116.1680609897955,-118.2989435300426,-116.0499070481192,-117.49110999420915,-116.24189728846143,-116.47227753193515,-118.01966090917692,-116.74658527216774,-117.29531194150313,-116.70653714289405,-118.26014776302215,-118.16244489608968,point1,-117.24266950059962,-117.3359400205448,-119.3448954253065,1.0072053969238053,-0.12230356993128175,-0.793961244162734
HDOK,PLOK,17472,3,3,-129,-13,11,2,33,-114.76290663396121,-117.26150332007995,-116.62443411201579,-120.32582901681027,-116.46175827326101,-118.57877213245852,-119.56168257901248,-118.39320799702526,-117.23691042369335,-117.27876017602814,-119.15300304888875,-118.1101932539796,-117.85022414582741,-117.91277104054674,-118.04056779924888,-117.12666859602241,-117.92315241213532,-117.9518810518902,-117.61715530808247,-118.67899158651734,-117.8692959386374,-116.6735345649388,-118.3900994467935,-116.92443866118867,-117.97590273907092,-117.76169929432054,-117.37385181934941,-117.66729426804164,-116.32890973136224,-116.4933619955918,-115.92369716604573,-117.11586525664363,-116.63565787828706,point1,-117.57527217175021,-117.66729426804164,-120.32582901681027,1.1267909392043736,-0.05848633428222492,1.1777135631274214
HDOK,PLOK,17472,3,3,-129,-13,11,2,33,-115.20687922289194,-117.31357002946241,-117.27012533652507,-119.0702736622265,-117.29433492981241,-118.23949518970286,-116.71112490218806,-117.58493702336902,-117.91987313319005,-116.43175741494049,-117.43526252397083,-117.91886948456606,-117.17678499624442,-117.71521150972723,-116.86606986095893,-117.96201554383727,-116.29575035305648,-119.2489793315873,-115.68798635234015,-116.49225495229764,-118.3502798180441,-116.34871630030952,-116.99660201853996,-117.24373344263628,-117.72719396720812,-117.81352494356396,-117.91398328672267,-116.28184642732188,-116.94728357888934,-115.33888026869747,-117.77124872092672,-118.12699822030947,-116.64935248187663,point1,-117.25306664327093,-117.29433492981241,-119.2489793315873,0.8614685452044615,0.1877137804382491,0.10134902691801972
HDOK,PLOK,17472,3,3,-129,-13,11,2,33,-114.94183511859661,-118.13263976631337,-117.50989401299609,-119.58512556498813,-118.60742981306223,-116.26158564993948,-118.10047663874339,-115.89320089029896,-118.36171411881415,-117.43483879113897,-117.30262218743006,-117.4233488439698,-118.60850743426928,-115.74214616380137,-117.44551033721208,-118.04667571842421,-115.61849102752656,-115.55527716215552,-119.36767020388108,-116.44196452595989,-118.87492323551959,-117.00807492354001,-117.72386567760972,-117.31994693072673,-117.78088552700409,-116.96826597380175,-117.8182497538522,-115.68322857702779,-117.00430726056435,-115.33301050298252,-115.83877281771501,-118.92658306305525,-116.38851442050846,point1,-117.24392674646754,-117.4233488439698,-119.58512556498813,1.4885770542568988,0.04413063725021358,-0.8639334714323921
HDOK,PLOK,17472,3,3,-129,-13,11,2,33,-117.5216712635121,-117.16025422871289,-117.89105093165617,-118.41708450073764,-114.62290245695334,-118.1702220314663,-118.06880825733685,-116.74641869294297,-118.53857093494535,-117.56272163498419,-117.79338988725459,-116.96306140887144,-117.38133167427245,-117.71062852646808,-117.10313237919416,-115.27780300351796,-116.54894934142771,-116.1068585462472,-118.19769182365506,-117.68249336412943,-115.55134621436537,-117.54972380895155,-117.07362574830609,-118.85854396472496,-117.10099639797406,-116.00586980842897,-117.79023416708431,-117.32856466772388,-117.54067316900341,-117.81994265829688,-115.94176663051479,-117.30293816829403,-116.05048792896658,point1,-117.19332600669458,-117.38133167427245,-118.85854396472496,0.9274387145815925,0.7919048414533364,0.3527721768625094
HDOK,PLOK,17472,3,3,-129,-13,11,2,33,-113.96689904498137,-117.89265171519123,-117.9182418193619,-118.42425864165145,-117.2586877047389,-117.6689778248939,-118.26850715875825,-117.42452794325678,-117.03352089670739,-116.49587165655936,-118.90705147683565,-119.61272873421794,-118.57496048117926,-119.39246701828678,-118.60334335334251,-117.79963800992981,-118.72639203527498,-117.2878939238508,-117.00973816857417,-116.36908048728289,-118.3225727986124,-117.55823333312517,-117.69502483143576,-116.92419290442449,-116.32379959692554,-117.04718980201258,-118.74539327208582,-118.13793482414863,-115.46421156410786,-117.00018651488914,-116.58413220410712,-116.5130605472738,-116.98984494416275,point1,-117.51337015855111,-117.55823333312517,-119.61272873421794,1.2784407327619038,0.7305673710706638,1.6262289207218292
HDOK,PLOK,17472,3,3,-129,-13,11,2,33,-114.80822607016606,-118.86242111645649,-116.76129096192986,-117.86096031083058,-119.73023411495512,-118.13737868490256,-117.53098010411435,-119.00536563330803,-118.01037959862599,-115.96724286271169,-117.54701752415342,-117.64256459018068,-117.96420167654544,-116.9189236607794,-115.95180825310426,-116.99796966674445,-117.74185437560169,-117.4735597521986,-117.65730014860574,-116.93208313910272,-116.94541747410271,-118.4263743593104,-118.82108201896449,-113.06814614541636,-115.49846128970727,-116.71647627440798,-119.28686211188642,-118.77478470176545,-116.84450648171357,-117.73905917894713,-117.00903351384794,-117.99800440227861,-117.87019972484714,point1,-117.40909605824889,-117.64256459018068,-119.73023411495512,1.7120171474397194,1.1309197440168237,2.5679328605229483
HDOK,PLOK,17472,3,3,-129,-13,11,2,33,-116.02904383848636,-115.88578230695902,-118.96850490339115,-118.61303699557976,-117.42660662818884,-116.67568072003266,-118.02308252202316,-118.36350797731971,-116.69116351706586,-117.83714481673265,-117.09339529620375,-118.57615338549274,-116.64771504457052,-118.67318041526792,-117.95453978499658,-118.09078997505328,-115.96502210071505,-117.91436064463927,-116.20299117525484,-117.02334845668729,-117.65110354161419,-116.9453534796718,-117.44869787466703,-119.04290294819106,-119.95876714495704,-116.2284692022582,-115.52073437692235,-119.36145533544604,-116.30886600909643,-115.58376474032856,-115.83968555249956,-116.28053672563334,-116.43278336977686,point1,-117.31085366077949,-117.09339529620375,-119.95876714495704,1.3971879749590512,-0.35768700311015134,-0.8584961637548743
HDOK,PLOK,17472,3,3,-129,-13,11,2,33,-114.73504642190828,-118.93803236091377,-117.55693751089703,-119.3360838538067,-117.17913050411781,-117.96145065035526,-117.42651777481139,-118.74185864505107,-116.90497101523933,-117.48150345311312,-117.30617564931492,-117.8527802992671,-117.90826052732669,-116.61638949726505,-117.88480511682431,-116.00662683559575,-117.2969155351824,-118.43739408086948,-117.40078747461361,-115.95009669462203,-116.76227077283278,-118.0388916613678,-118.1469670137452,-117.54936817619497,-116.3341649355538,-117.76836436624892,-117.00597651609434,-116.11907176671144,-118.90556033211132,-117.51832760497935,-117.50788700465745,-115.98932377454497,-118.25846240262815,point1,-117.41898182511412,-117.50788700465745,-119.3360838538067,0.9569581396887814,0.46850740214747383,0.5164079522236764
HDOK,PLOK,17472,3,3,-129,-13,11,2,33,-114.92844543250895,-117.11166508514422,-117.32246055833708,-119.62099737766225,-116.81399937156958,-119.6419321441039,-119.60693659932878,-118.88504057345119,-117.51463001069963,-118.95570884821633,-119.56293930261711,-115.31809263509548,-116.85071184595468,-117.79118009505859,-116.88372579855194,-116.13778309945927,-118.60844729652017,-116.75007039111878,-116.08770355472734,-117.37800769245025,-117.07910169497072,-118.19432785377629,-117.53686572773152,-115.98168057336588,-117.39425787940043,-118.19966484453849,-116.97146063482549,-116.42174704785953,-116.68060747909021,-115.15849816298524,-116.74332487135501,-117.15514345954678,-117.0648089390513,point1,-117.34399899639612,-117.11166508514422,-119.6419321441039,1.5614632187744315,-0.2697566904505809,-0.33089086807546453
HDOK,PLOK,17472,3,3,-129,-13,11,2,33,-115.7516750343087,-118.2955588379396,-114.68341338257339,-117.51279368916647,-119.06632902896395,-116.59988738503951,-120.30706887975462,-116.99675409639579,-118.6668564655332,-116.08819881623037,-118.29156026041247,-116.14077189274872,-116.88495241251631,-116.19515995252881,-116.43257105036359,-118.23648699674897,-117.09243042646315,-117.83208724415978,-116.14519798437462,-118.34504942302219,-117.53025587279737,-117.64045105489775,-116.84898943491771,-116.72791782071091,-118.00387027970368,-117.84506122723181,-115.91425262844585,-116.33422233186863,-117.47236913407602,-117.40666419431153,-116.8601972643123,-116.85557946940575,-116.73650984251361,point1,-117.20427708528597,-116.99675409639579,-120.30706887975462,1.189549028267816,-0.44222474240835397,0.9476344238606145
HDOK,PLOK,17472,3,3,-129,-13,11,2,33,-115.2653197517361,-117.4209260112895,-119.40183501716899,-118.13518038211075,-118.7032643683734,-117.4800367975989,-117.94294377336233,-117.76750854319785,-116.88219608634795,-118.05420386757746,-118.16903438085946,-117.1284625399437,-116.33839249773588,-117.03440278454052,-118.66872318773193,-117.0693381253012,-116.29235674498433,-116.89705828969105,-118.18071988666127,-115.96543360119084,-117.69184411659393,-116.17705326310076,-116.39262628956779,-118.22223561324975,-117.37901097032764,-117.16958739528025,-115.8914506095158,-116.36513530775828,-116.58163583097912,-116.69989941339138,-116.91829469001622,-116.41646776822557,-118.24744709313366,point1,-117.24090984844074,-117.1284625399437,-119.40183501716899,0.8679441469198443,-0.1619634981402706,-0.41894666376440215
HDOK,PLOK,17472,3,3,-129,-13,11,2,33,-114.66789478007726,-117.54909307607845,-118.09514230594517,-118.54984797245426,-116.36958756654248,-117.77632636984556,-117.89532043732814,-118.85503047599337,-118.245627041135,-117.9558150471367,-115.61912250304111,-118.90247087044472,-115.66213600258608,-116.84723954021428,-115.89755872377336,-116.59936847215059,-117.89747328038621,-116.79350439450565,-118.3857294500411,-117.64732659820336,-117.16250212924487,-117.69830462049981,-117.19182614327218,-116.55867641733818,-117.38968162068092,-118.09801416005595,-116.34080895695452,-116.54737687563781,-117.93684328442477,-118.18647609418343,-116.70096452703991,-114.84661371990082,-116.71961202446265,point1,-117.19967622671452,-117.38968162068092,-118.90247087044472,1.1354410706746962,0.5839331924659046,-0.16612554626842346
HDOK,PLOK,17472,3,3,-129,-13,11,2,33,-114.89659336299769,-118.6729517204101,-118.47814744373906,-118.82556383649485,-116.80066291755932,-117.36816319138153,-117.4835971807153,-117.81844691625942,-115.39088292059972,-118.72265945481976,-118.44147300482909,-118.18258250694728,-116.89438184814061,-116.7585037160525,-118.67354465910373,-118.36447658448037,-116.80372904558526,-116.9480683554999,-117.42212067190529,-118.07273554368886,-115.6122141500444,-115.92064384045973,-117.96971291366333,-116.33003836851587,-118.13005828960893,-117.20005342072754,-117.1224414837672,-116.28198594947516,-117.8175274473814,-116.8632895573167,-115.84910009564894,-118.46147917059305,-117.81668158163889,point1,-117.34528821666822,-117.42212067190529,-118.82556383649485,1.0958452130040783,0.5224386589125687,-0.5504786843052201
HDOK,PLOK,17472,3,3,-129,-13,11,2,33,-114.18467933456705,-116.85544139688972,-119.11565834209821,-118.285435229365,-117.97576527547965,-115.66664703228774,-118.57584639040653,-117.42662670921217,-116.59756192241021,-117.66302544880062,-117.98845344447514,-117.41800001272554,-116.2533578039802,-117.70815302681974,-116.50917377756372,-116.85853652172433,-119.9833754309892,-117.63579172422308,-118.11217756023605,-117.83231656302507,-115.55630119256837,-119.02914113234955,-119.01859298168598,-117.62254113970369,-118.80259458563603,-116.3635367834718,-117.97480003761977,-115.87219337532677,-116.64473798801245,-118.12522437719336,-116.5276000832543,-116.49400790102156,-117.01249459447527,point1,-117.38453906423024,-117.62254113970369,-119.9833754309892,1.4336581942666717,0.2726690189043881,0.35455188230478285
HDOK,PLOK,17472,3,3,-129,-13,11,2,33,-113.33208332264579,-118.74291277706351,-118.26045456971148,-118.01736789639166,-118.8915941440022,-119.79218317815516,-117.8715458132561,-118.27046954204782,-117.71554077571874,-118.44672213115307,-118.03353415391216,-116.49150052652612,-117.89632377972696,-115.51464732231761,-117.36287245891018,-116.55343183171489,-118.71241890588976,-117.86305146033179,-116.36108345889885,-117.26253202268812,-117.67567848396894,-117.00689193974745,-117.52971549280413,-116.17371490414297,-118.29705445518968,-116.26938502672469,-117.47114060136079,-118.86815794147039,-118.05702585411734,-117.97724015565308,-117.38553282418313,-117.02326184264355,-117.20458137113624,point1,-117.52520154436982,-117.71554077571874,-119.79218317815516,1.3575437658295388,1.3542507302625595,3.9032884706964475
HDOK,PLOK,17472,3,3,-129,-13,11,2,33,-115.6291272655004,-117.51450374985774,-117.0560741373291,-118.80584218916748,-117.79622663333058,-116.39956514863088,-116.9922560778727,-118.64229680513336,-120.97178277700432,-117.5673847493021,-118.4840402476943,-117.52826012989571,-118.72323383205588,-116.26726024615418,-119.00052360658863,-118.41160974776639,-118.68451523907346,-115.31021595469788,-116.24933870339456,-117.42604936671115,-119.02204494169561,-117.08892655709731,-116.47989053712278,-117.9550630161027,-115.96635850910009,-118.84972285643352,-117.67864690545588,-117.9122030060864,-119.13489904677088,-117.75090423746282,-116.07394649984653,-117.2991170794462,-116.96512672260216,point1,-117.6253623188601,-117.5673847493021,-120.97178277700432,1.4498066710290622,-0.29886796938857607,0.3464246719306936
HDOK,PLOK,17472,3,3,-129,-13,11,2,33,-114.98642441878569,-116.19036392364382,-120.57269380142732,-116.84902034018515,-117.95652502284499,-118.46586722146986,-116.8130345114436,-117.32768649147376,-119.03264323915278,-116.65204165034325,-115.99629984123507,-117.93147037379151,-115.88862191158081,-117.37133480529123,-117.23688263833294,-116.23066219925296,-117.35097940661353,-116.56226418142643,-115.51825056380147,-115.48418764830576,-118.03833129531455,-116.23720919783908,-116.21958957183709,-117.02432351838175,-115.52096290570167,-116.49661304285293,-116.6117352015821,-117.96879939285785,-118.60565158126195,-118.10964864296457,-116.83092926782304,-117.60072545185109,-117.9197440012485,point1,-117.07883385642175,-116.84902034018515,-120.57269380142732,1.3424082042142231,-0.6997356081129266,1.031440403837896
HDOK,PLOK,17472,3,3,-129,-13,11,2,33,-115.75734267715201,-117.61770862315362,-116.8444312681505,-117.49706174162033,-118.32350754300406,-116.94771274709215,-117.05485395253136,-117.43748221914775,-117.25887168027762,-120.61574258001227,-117.7577130396335,-117.10388002032008,-116.92861742436075,-119.26142074074328,-117.13649423732915,-116.93514920896004,-116.35628839507889,-117.06513848466038,-116.85031072545627,-116.90286109028638,-117.19468279488751,-117.33245234377216,-116.76289033753045,-116.76487934791975,-116.6384468098561,-116.67023641306622,-117.2858512804791,-114.58410087108838,-116.09243052833824,-116.54482777732309,-116.63676274860802,-117.52367948013725,-117.14502018201772,point1,-117.11602573678772,-117.05485395253136,-120.61574258001227,0.9362205585667496,-1.1981144846134595,5.588937888790639
HDOK,PLOK,17472,3,3,-129,-13,11,2,33,-114.5774410517029,-115.04380156910756,-118.42603862152177,-117.24233251942515,-119.21241015230888,-116.63525565567227,-117.26935752384507,-116.97960748314192,-115.45056657790018,-116.54614304977672,-118.24848257865591,-117.19910630495966,-117.20955670643858,-116.44407042718201,-116.79244033246604,-116.56900421243613,-117.6658286175318,-118.05264920722473,-116.61618592931035,-117.86608780790417,-116.78340854346285,-116.52160285666952,-115.83740252425416,-117.82729214466576,-116.75246486043568,-117.88683837744466,-116.86665934518291,-115.78219377167865,-117.91810098353298,-118.31699451806804,-116.74105043644148,-117.57502893709837,-118.68581212390531,point1,-117.07700653791977,-116.97960748314192,-119.21241015230888,1.0426082255549407,0.30547616832083935,0.17319035687492157
HDOK,PLOK,17472,3,3,-129,-13,11,2,33,-113.08694331946121,-116.75944150221606,-118.18967498900153,-117.54241588994702,-118.29731279197203,-119.88284854615011,-117.39771068385913,-118.97302844276038,-117.13557066714782,-118.30867208776867,-115.64476037962734,-116.1765185196447,-115.86522651955475,-118.70098453227799,-117.41864533810836,-118.1355765130066,-117.0859481957673,-117.28042027356757,-115.14785197814132,-116.56450055270761,-115.89840427163954,-116.4406004911029,-118.87152048887467,-118.69230461682076,-116.31806162493753,-117.00832306983182,-116.70092911693305,-116.84050203698334,-116.19742726589762,-118.31976701382288,-116.36189761593587,-116.77699867071243,-116.93435456795855,point1,-117.11985280527692,-117.00832306983182,-119.88284854615011,1.6838808332039228,0.5147014581002911,1.5977985454890749
HDOK,PLOK,17472,3,3,-129,-13,11,2,33,-114.5917065325604,-117.04521306650373,-117.45069210670748,-116.94028867874316,-119.68980536493265,-119.1833771296892,-119.30360235209405,-115.65818162881826,-117.89695101169579,-117.34652439372408,-115.9934599316655,-116.45364384682564,-115.9375255446066,-115.40621561297684,-116.49651879802295,-116.6731382064232,-117.76189834377959,-116.76328501014447,-117.70745378589038,-116.61143702273037,-118.1563258949894,-117.19963669319682,-116.61681687396215,-119.07782831671913,-116.9182792171914,-116.52769904692873,-117.2694749086885,-116.04414180796505,-117.446495569956,-116.00103691871321,-117.95156109538868,-115.97247101843728,-117.66065948540216,point1,-117.08343470351734,-116.94028867874316,-119.68980536493265,1.305875875714456,-0.394993383298469,0.1654319111910012
HDOK,PLOK,17472,3,3,-129,-13,11,2,33,-116.3445550254476,-117.19878550231583,-118.63725054182166,-117.77157441571727,-118.43218048721596,-118.28986565624791,-115.61546447281684,-117.46978546031414,-118.04334609793986,-118.11780781496378,-118.126134804058,-116.90517535539064,-119.3987018319574,-116.17157811111214,-117.1034585453008,-117.63532238394163,-115.01339676740065,-118.2754010963709,-115.84705142300834,-117.98276820517914,-116.49482185615926,-119.18939473965983,-118.12373654963594,-115.96005750236256,-118.26486371208618,-117.28181955403036,-117.06412151370773,-116.70824029989902,-116.01583963566647,-115.48371575797347,-117.65941674025756,-116.98259827994882,-116.17290748790028,point1,-117.26609507963053,-117.28181955403036,-119.3987018319574,1.1862820445933258,0.1401454928032188,-0.734384859370214
HDOK,PLOK,17472,3,3,-129,-13,11,2,33,-115.86012285372249,-116.77443325387948,-118.56145888078886,-118.11784371149365,-117.85264535989471,-119.96263674462313,-118.37062545116747,-118.67309555383245,-118.64236774683215,-116.40749826890153,-118.25549665962997,-117.05558020958411,-119.6455499654705,-117.93916833044503,-118.1325133514297,-118.90732688223771,-118.73267892228158,-118.65461592702844,-115.99608174204207,-117.17734233910242,-118.56585749586654,-116.69418657444898,-117.42190956698995,-115.65380526796116,-117.25812315299792,-115.4459427326666,-116.7073446258486,-116.84561431779268,-115.24528710713918,-116.50460367161679,-115.5184873244847,-115.57981844907461,-116.49238243873032,point1,-117.38340742060622,-117.25812315299792,-119.96263674462313,1.6211587098568747,-0.042643639100376426,-0.9870716947284723
HDOK,PLOK,17472,3,3,-129,-13,11,2,33,-114.80359826334526,-116.76379455110641,-116.7739219802161,-119.35183264140954,-118.0285989961168,-119.5513349377316,-117.08273158889858,-117.19846244982807,-117.41914441928495,-116.23196220369383,-117.41911349051705,-118.94431928797665,-117.75075691956916,-116.86413722360068,-117.04544066295355,-118.33358213582538,-117.61358310438817,-117.16478436913098,-116.73734804888603,-115.93110729187164,-116.8985006278947,-116.93511844631234,-117.6506597330817,-116.3309123937282,-116.2172509263336,-117.86617416273627,-116.60507742430815,-118.1214558640163,-115.62749475082833,-117.77146416713298,-117.65536423274901,-116.79790747771423,-118.69100223979385,point1,-117.27811930342362,-117.16478436913098,-119.5513349377316,1.0210133644282624,-0.14097085778849863,0.48039612486726124
HDOK,PLOK,17472,3,3,-129,-13,11,2,33,-115.99130079992175,-117.39101407416308,-118.45212572057365,-117.57137093191193,-117.8402502013146,-116.95699444601014,-115.8348537165834,-118.53267364970789,-115.85064500003242,-116.7027911515554,-118.6687693283225,-117.54447927868242,-119.25308557870088,-116.78429416796824,-119.69396268348768,-118.39087275480018,-115.78878762709006,-118.30441288701708,-116.35380677050566,-118.31264454193273,-117.1008454952782,-115.39475465720332,-118.49751560949478,-118.15170785870193,-119.50285046410526,-117.05587414714397,-117.98016318265321,-117.58411926632046,-116.88527438625322,-118.59273945659403,-117.86453428297797,-115.74593798975839,-116.8746824842339,point1,-117.49848892700003,-117.57137093191193,-119.69396268348768,1.2892566310835885,0.06879062838630647,-0.7978176864481101
HDOK,PLOK,17472,3,3,-129,-13,11,2,33,-115.57665332527404,-117.18584734121904,-117.59311299873357,-117.42405827831656,-117.04484122501435,-116.55454896957116,-116.85350359772525,-117.64160859085544,-116.23783751836788,-118.48153635199309,-119.10038518329029,-117.88284738907839,-117.36981682227135,-116.70445465694867,-115.06928236435895,-118.55671842248972,-116.52132701237932,-117.73892679149468,-115.41746840120977,-117.64579426775671,-115.25732100551475,-116.53465441779447,-118.0088663834695,-117.88738604463846,-116.94329239398859,-117.70694451857901,-118.51960712666052,-117.80051480559912,-118.086768846942,-117.58263028981244,-120.15518862993068,-117.23615356920396,-117.22829251772485,point1,-117.31964212297594,-117.42405827831656,-120.15518862993068,1.1511512771568202,0.008666944347080454,0.7264486200049158
HDOK,PLOK,17472,3,3,-129,-13,11,2,33,-112.6369032070963,-118.17415355419948,-117.6412358180264,-118.27930816185724,-118.27898083108943,-117.35456687658817,-117.27114131166961,-118.19666650838668,-117.84783417221686,-117.27898118310051,-117.61255629859986,-117.39373386855843,-116.20877903837547,-117.99505331688813,-116.40049192683193,-116.68794730245271,-116.44140968668164,-117.91241449477442,-118.18075394262183,-116.16137267771032,-117.37097463607361,-117.83159689143973,-118.07810056111413,-118.84695007473613,-117.23383139588387,-117.05527176298915,-115.86623009223113,-116.84427720995066,-117.1338163454354,-118.75121176279774,-114.94350240040016,-116.22300549824166,-116.69623771320894,point1,-117.17664516734023,-117.35456687658817,-118.84695007473613,1.397641756989936,1.8094061520731775,5.37094097626297
HDOK,PLOK,17472,3,3,-129,-13,11,2,33,-115.960516591999,-116.1064893683056,-117.52994746640604,-119.15299109995811,-118.36620373765331,-117.58834899113417,-117.5012273409505,-117.88679569311357,-118.11930489503506,-116.65245995865466,-117.03637921101252,-118.6870379679221,-116.24802821999906,-120.09903774787747,-116.74369977861205,-115.90846155717998,-116.64244471585243,-117.59938074612016,-118.12063553956204,-115.62589677927663,-117.07059975341768,-116.35042586684783,-117.40233552294056,-117.37235163115142,-117.30102991198227,-116.44886913333698,-118.06410479632113,-116.95059601453205,-116.69090812541305,-116.24893454327481,-116.92427434125531,-117.23615653249088,-118.90082179452592,point1,-117.28899076891257,-117.23615653249088,-120.09903774787747,1.0048183152378292,-0.71983648248972,0.5018561906237298
HDOK,PLOK,17472,3,3,-129,-13,11,2,33,-113.72921829713697,-116.47507416953795,-116.91070348746729,-118.32174486939677,-116.4657349092879,-117.01435413847376,-117.1944651439689,-119.78116684979561,-117.4537865788557,-118.7054852288528,-117.82125839649906,-117.94591365508488,-118.69174039390086,-116.48727495417073,-117.51998472745008,-117.0415424323457,-119.56399859187619,-117.60156309882177,-118.40355972553466,-116.75863291062197,-115.48588603042897,-115.74510945973043,-116.58465291960286,-116.23739488448666,-116.66383855923823,-117.0082380004987,-116.27946058734263,-117.7829570787126,-117.08303418541578,-115.77503954225541,-116.56295562462589,-117.0008922975856,-117.739355459916,point1,-117.14654597542182,-117.01435413847376,-119.78116684979561,1.370755249791359,0.1531179505811311,1.4674268872895797
HDOK,PLOK,17472,3,3,-129,-13,11,2,33,-115.1024134479911,-116.69090480262219,-117.84052247501647,-118.61613290142519,-119.75203762764735,-118.44378237469645,-118.03859193833912,-117.60157229718239,-118.90275427493384,-118.67391154433105,-118.52959602976924,-116.81369489395105,-119.36808166087908,-116.93064855707556,-117.26225251916352,-117.71542781055349,-118.4529086862668,-117.3090905746584,-116.95994349776535,-117.13864972443064,-116.58781915360994,-116.78644357869268,-116.79962758808904,-117.96059780560718,-116.68960220167882,-116.04675285988917,-117.5585748713988,-117.951607381251,-118.23167642550699,-116.99421645466393,-115.76890526139873,-117.14700938690945,-117.00790819326677,point1,-117.50526238789882,-117.3090905746584,-119.75203762764735,1.0109585258889147,-0.03675075580552873,0.07934861970155715
HDOK,PLOK,17472,3,3,-129,-13,11,2,33,-114.16366355519166,-117.94201297439906,-117.9755161500313,-118.3040381762223,-117.63947268396267,-118.19234645161896,-119.04811250469035,-118.57488363622086,-118.36172543870696,-117.4149191379173,-118.93122468572211,-117.56946400420983,-119.38294390758594,-118.47011138559424,-116.6023363088899,-116.73387453506753,-117.53458297796215,-118.7289420452487,-117.99727643547513,-114.78947382752412,-117.995665034111,-118.14142913039178,-116.26731414445614,-118.8134851002817,-116.37391395101076,-117.95192759442453,-117.83791761269744,-117.68383677160735,-118.23764186928072,-118.5019772594541,-117.99666852519037,-117.28396361420297,-117.66264656692205,point1,-117.73046387867488,-117.9755161500313,-119.38294390758594,1.2022830302872305,1.5881202605120075,3.1666854209368975
HDOK,PLOK,17472,3,3,-129,-13,11,2,33,-115.28868649044823,-116.0881608839217,-116.09150108641366,-119.28217146908425,-116.78524265320537,-117.66691555879397,-116.99754056266947,-119.33091088517959,-117.07503805937766,-117.05936138100586,-118.40355597261646,-117.22676654664733,-115.20995153508429,-116.70370789458055,-118.1816064497226,-116.43550375647794,-116.68794181744784,-118.87163402250296,-117.45728326990294,-117.30689017011441,-118.12393608076634,-117.12919565582045,-116.72817117079504,-116.82490980189716,-118.88916037509597,-116.3613782736313,-118.6267662583674,-115.88054700111329,-117.51948788594237,-118.07434191600647,-115.75788795932986,-115.15084441248393,-115.67204968941927,point1,-117.11784990745045,-117.05936138100586,-119.33091088517959,1.3215490203557003,-0.19989057352694053,-0.6876095456910005
HDOK,PLOK,17472,3,3,-129,-13,11,2,33,-115.19608795345833,-116.24891145482158,-118.1720589260603,-116.94599049736708,-118.50582627933187,-119.02626720478504,-117.36625977104335,-117.83481370690538,-117.25892514194756,-116.63913632994982,-117.82340747484747,-117.839061366177,-118.04050419255347,-117.66025891131639,-117.76143038784352,-118.33415374542861,-117.85158559732156,-115.52553188718029,-117.11720727492101,-117.08659144196344,-117.69236587047918,-116.95384115705205,-115.6526954596495,-117.76677737405254,-116.55919325806401,-117.10692231658828,-117.00425893959515,-115.04583565675662,-117.14232217715731,-115.43357396019056,-115.42450465506522,-117.52992380566343,-117.9601684409624,point1,-117.13655735201512,-117.25892514194756,-119.02626720478504,1.0069698870004478,0.6029380474569755,-0.34043826675305455
HDOK,PLOK,17472,3,3,-129,-13,11,2,33,-113.7355238948025,-118.37672866112949,-117.12530027830509,-117.90059970591432,-117.47940407187697,-116.51508356804437,-117.47486827752367,-117.24794794005439,-115.89359061797462,-118.8431910848327,-117.53325505872458,-117.49770740836195,-118.07198244265975,-118.15849887973873,-119.05001321661595,-118.64032332214848,-117.97510892914389,-117.51966790888235,-117.44586591205272,-116.30614775902586,-115.85210664406648,-115.43035954985054,-116.1229371583213,-117.00990159203837,-117.46856905821657,-116.53550571779004,-116.85511483793864,-117.88826851321271,-118.55046154624799,-117.72046983147631,-117.19181652279283,-117.86030558165288,-116.97405089057797,point1,-117.28032352672712,-117.47486827752367,-119.05001321661595,1.1355635044959738,1.1119363852163284,2.353905219929429
HDOK,PLOK,17472,3,3,-129,-13,11,2,33,-115.2246843864441,-116.71024825380579,-118.73610418209269,-117.96380159140348,-118.1405779477951,-117.32615468458108,-118.99612039263374,-119.30714369150061,-117.86995203571425,-117.43731793978627,-116.85894734246767,-118.78044879172523,-117.21567702906708,-118.00884110908724,-116.5809315553039,-117.04646548882177,-118.79567051609008,-116.51902342238589,-116.32080804589405,-116.09664161222008,-119.09973923736199,-117.80575745391401,-117.91732865684189,-116.97133020794132,-117.3977445867883,-117.26053513913436,-117.55676868237943,-117.60857025289333,-117.36963404889559,-119.49781221416072,-116.53754667673692,-115.40690143630835,-116.96815002471244,point1,-117.49495086778448,-117.3977445867883,-119.49781221416072,1.0865977331453454,0.01361075403623116,-0.25875543639955234
HDOK,PLOK,17472,3,3,-129,-13,11,2,33,-113.67407808667122,-117.4950375644688,-116.9435058172229,-118.00614029629124,-118.04410827069516,-117.71044386313959,-118.31827427346201,-118.47308916861884,-116.44336359033697,-117.73202051120913,-118.65683408912929,-116.08681152378279,-115.796635062452,-117.17904645710732,-117.31005805485668,-118.39861282765216,-115.81210929538017,-116.6016683719348,-118.35945432437208,-118.3757202864013,-116.77808698212297,-117.90380081499337,-117.30171950620621,-118.57339424127858,-117.09226369705101,-116.81713036953003,-117.0928518512762,-116.18239016025763,-115.98848648789496,-116.23640150021411,-118.03065023206943,-117.35224486501536,-117.83929529631754,point1,-117.23047659816397,-117.31005805485668,-118.65683408912929,1.1208619229743308,1.1212128903162362,2.1483596962349583
HDOK,PLOK,17472,3,3,-129,-13,11,2,33,-114.82502822228274,-118.0537474514112,-117.76261604225716,-117.23510183547394,-117.29511668967179,-119.00459308107715,-119.94536694973556,-118.23245692733745,-116.81522472696209,-118.15783373323815,-118.33004346389421,-118.50120286016416,-114.95293707494068,-119.1928806109753,-116.21249800063069,-117.56335887657072,-118.3864360098131,-115.55589865049939,-119.02044987922477,-117.85076986257346,-116.50671328823124,-118.91431438726154,-116.94314737937705,-116.46784012451192,-116.50229941063661,-117.10313194041642,-117.53554620379751,-117.11491571346066,-117.29918308937201,-117.84393776162722,-116.01575456775103,-114.87663655090438,-116.83884806670345,point1,-117.35926755856924,-117.29918308937201,-119.94536694973556,1.567379412780205,0.26071633087374446,-0.24229338411979606
HDOK,PLOK,17472,3,3,-129,-13,11,2,33,-112.2552355748026,-117.08016039438607,-119.24222408833445,-117.24647982111874,-118.99453519412938,-120.4783243783252,-119.09926649912758,-116.13332149021633,-119.51789122999335,-116.31219095566311,-115.90958389692995,-116.41466854399863,-115.63171516624524,-118.28996434806535,-118.03476887196538,-117.7564235957653,-118.96205922619343,-116.6647314365174,-117.31105652029608,-118.63125686239745,-115.92955019631553,-116.97081136716416,-118.3569114693721,-115.05514298495227,-117.35644595146844,-118.70519320451228,-116.6911787801721,-117.47076986810441,-118.47917923712924,-118.53439969511814,-117.01559577805956,-116.56197301621863,-117.38941304302172,point1,-117.4085582632145,-117.35644595146844,-120.4783243783252,2.381388616720901,0.886107371804685,2.3964010485509095
HDOK,PLOK,17472,3,3,-129,-13,11,2,33,-115.36307675829406,-116.62631427844026,-116.49420798444679,-117.37082850790762,-116.88834287098285,-118.33010482122718,-118.41598567861375,-116.4463142738991,-118.5095938716765,-117.14802983684304,-118.93700087378788,-118.5266430927652,-118.6848088594966,-118.76372465061989,-116.60754303944032,-117.90713032640036,-117.13783687249258,-116.6937285286833,-117.83533484098479,-118.71403418985612,-116.7279431154513,-116.59498481785694,-114.8757310763969,-116.31187937610993,-116.34509975870391,-118.33376272596965,-116.04357308579422,-118.5209614134626,-117.54755670060268,-117.21291893109607,-116.44515624770925,-114.0055491331657,-116.86471530167536,point1,-117.18880048002586,-117.13783687249258,-118.93700087378788,1.3783499586679333,0.5256305523433298,0.2046941480287754
HDOK,PLOK,17472,3,3,-129,-13,11,2,33,-114.30906487360629,-118.72593657869405,-118.01039020087245,-118.08051628852071,-115.34128422368823,-117.4613397455726,-116.75530497491125,-118.33385427797309,-118.0045669112889,-118.15141181409594,-115.64380116996004,-119.23105234043176,-117.8444461574244,-119.0701809729966,-116.44275445702974,-119.33847609213869,-116.7993805089267,-116.73727321941477,-117.10652871866176,-116.71006203517832,-116.19800568017102,-118.65382339419942,-116.68694536062532,-119.70615230554841,-115.79721527976197,-117.28562441274028,-116.44034685397608,-119.45862607832406,-117.33265876261444,-117.02048530432899,-119.0319739975168,-117.67409932813698,-116.46985120659,point1,-117.45010404624,-117.33265876261444,-119.70615230554841,1.6461088663909966,0.18017086617080816,-0.3448328826830207
HDOK,PLOK,17472,3,3,-129,-13,11,2,33,-116.01118656704823,-114.58261491841927,-117.82471034045393,-118.31806369604075,-119.11996618174962,-119.6038983814537,-120.30373842251709,-117.97127227914422,-116.46202768365126,-117.98963869895717,-117.62197536357074,-118.0557681428541,-116.94818217729936,-117.48832156809117,-117.24154733300244,-117.22338310915453,-117.37348520340213,-114.92366875315005,-118.17034435784267,-118.11896222897524,-117.99260005545261,-117.26029600793112,-117.78292418418314,-117.3733533033719,-116.51588641900369,-117.20895863702668,-118.13503786792754,-118.74611858800115,-115.36986819911124,-118.71081820364861,-117.03783805940493,-116.07861052965828,-115.90148812042314,point1,-117.43838041157339,-117.48832156809117,-120.30373842251709,1.5237512275187006,0.23204942835140518,0.4285672990188698
HDOK,PLOK,17472,3,3,-129,-13,11,2,33,-116.63314110714754,-116.08717706127395,-117.97225385414421,-117.26890485818322,-119.022755247198,-119.60298648966084,-119.80782105280481,-117.87029897591292,-117.74306129399437,-118.77038711713986,-118.38537316819402,-116.76094672039349,-118.53997986343994,-117.46974042548612,-118.166101329346,-119.23127855931759,-115.98351070000302,-117.54169522939156,-116.23340990465766,-117.8640050631355,-116.78725964249716,-119.16417259522186,-116.80874185082794,-116.87577018169625,-117.12368202314849,-118.23611157591368,-118.01121473215117,-116.34873176191866,-116.9515773812645,-117.03311239585587,-117.09400673652861,-117.46223576080196,-117.16066783614664,point1,-117.63673068166052,-117.46974042548612,-119.80782105280481,1.0118672005216276,-0.4294609856107378,-0.5673209690316883
HDOK,PLOK,17472,3,3,-129,-13,11,2,33,-114.43419435680323,-115.21038797206737,-118.66754038759882,-117.107114146943,-120.08004457718789,-117.69976072288063,-117.16147444877555,-115.50729727972544,-117.95820863265641,-116.94151139275685,-118.37237787182927,-117.49760065886744,-116.17894613152231,-118.4553550988504,-116.50859234474476,-119.42831285558495,-117.7018343765165,-117.89442378434019,-116.0620405565613,-117.40668826363661,-116.75816450513835,-116.95134260950722,-116.72444664289112,-116.40208639108998,-116.26330225139233,-117.70420544043722,-118.51542237287924,-118.4048282408257,-117.09867783186073,-115.88669536722166,-115.38548853561825,-117.55831928322509,-118.06243310834039,point1,-117.21179146788715,-117.16147444877555,-120.08004457718789,1.4772291507885948,0.011900134394298854,0.098121853298343
HDOK,PLOK,17472,3,3,-129,-13,11,2,33,-114.18368488962521,-116.52288164388955,-118.31381896034448,-117.4466156799746,-119.9351554012505,-116.51279978907375,-117.56177065171285,-116.96704556554552,-116.76442076518282,-117.73720602000506,-117.94514812918604,-117.43221913872851,-118.18745122967408,-117.30022586482283,-116.77210680937661,-117.57609995786802,-117.49083440376181,-117.41326201110017,-117.34346697454504,-115.7727800751407,-118.56673080268752,-118.86077158800367,-117.63868657465777,-116.88790408295415,-116.99339557899795,-117.56092774054565,-116.51330395057066,-117.1229104702531,-115.78004928146694,-115.83321728144576,-116.10652536285859,-116.21519394411168,-117.72128646397745,point1,-117.1812090025254,-117.34346697454504,-119.9351554012505,1.0744743472469374,0.17835675101083018,1.8301285088838664
HDOK,PLOK,17472,3,3,-129,-13,11,2,33,-114.41365488579859,-117.75181101271608,-118.3574847674457,-119.11459271851763,-119.24642355342326,-118.24512657659439,-118.83553738914866,-116.06075955131591,-117.6080263620189,-117.78759226464376,-116.55215351539267,-116.22468558930014,-118.26082304604326,-118.59450841403518,-117.17219777406231,-117.38216129780805,-118.36438031889048,-116.5940262570625,-116.36976470208594,-116.4372223646252,-117.81097495155421,-117.54016934312986,-116.10103515902019,-116.54743821076897,-114.59771944819403,-118.30050832331926,-117.26610859136107,-116.4501998587477,-116.26634759401843,-116.63110446919468,-116.94256507127683,-118.24705927197695,-118.49297471585932,point1,-117.28991325361667,-117.38216129780805,-119.24642355342326,1.3558323748044758,0.49922194440465295,0.038588336303313486
HDOK,PLOK,17472,3,3,-129,-13,11,2,33,-114.3504125155605,-118.48500559167589,-118.35676280506284,-117.81999193284692,-116.9892645733183,-119.2541529215328,-117.3550339653456,-117.29934012475505,-118.94948289761395,-118.00150017799983,-118.03835040112219,-118.04827464674052,-115.80402275605138,-118.01671426469322,-117.7117756615951,-117.04311775571314,-118.26377689499425,-117.45650220866533,-117.35753821391386,-117.46653527504776,-116.55064708181978,-117.2478300468711,-117.66056402906841,-118.10728342911682,-116.22742462758704,-115.5329543962612,-117.20663220094937,-117.52561562597823,-116.9734139335889,-117.32144198654913,-116.2098775265696,-116.66326853104246,-117.91617795280374,point1,-117.37002081674102,-117.45650220866533,-119.2541529215328,0.9483799371493042,0.8991104029059898,1.7406030705138824
HDOK,PLOK,17472,3,3,-129,-13,11,2,33,-115.28957095828575,-116.92150268490863,-119.28392883506105,-117.67010859966794,-118.95510766167148,-117.07235777370742,-117.94970501474103,-118.61919807773577,-117.13458523586944,-117.23319158278736,-117.25170446893628,-117.39787974473579,-116.3768454081678,-118.02571909694402,-117.48202091111705,-117.30822538157078,-115.90362581031576,-115.630299120495,-117.75292529526716,-116.709635675247,-115.0220471736974,-116.53315306566368,-116.00573022324077,-115.31388879870279,-117.94809847280467,-117.24266434018236,-117.8199642152742,-116.06994570763962,-115.82111639294706,-118.01582981562942,-115.123982092381,-117.15508173648088,-118.43047610204383,point1,-117.04454895375517,-117.23319158278736,-119.28392883506105,1.2164431340671422,0.12453749458235015,-0.635034356064692
HDOK,PLOK,17472,3,3,-129,-13,11,2,33,-115.46514359798657,-117.22806929320721,-116.73072158445376,-117.59091232206873,-116.15724817268361,-117.54782566893056,-117.3815359990543,-118.5319149292635,-116.37753152007993,-117.76020611025372,-117.57222626120046,-116.62570251236478,-118.33398808890173,-116.625654511128,-118.29041950108925,-116.58575365228974,-116.29955721933067,-115.16185470959812,-116.10258552432892,-118.58949924756067,-117.1413262290544,-116.40436149656433,-116.49662941180642,-117.19533817044861,-118.85308859891583,-117.27874767470948,-116.34956365996865,-117.63520875859011,-117.1920502563808,-117.27784004061922,-116.60973235904882,-117.73261273299629,-118.38459953054686,point1,-117.13664998016434,-117.19533817044861,-118.85308859891583,0.7827662864999712,0.016012744688026728,-0.3696997022395454
HDOK,PLOK,17472,3,3,-129,-13,11,2,33,-114.9345924114871,-116.54034528814746,-116.6310113546018,-117.8846575843086,-118.79338707009926,-116.21675667739154,-118.04667521240722,-117.03902594262317,-117.20863256447089,-117.20518131978994,-117.85659194602611,-117.61846187206528,-118.10541977858544,-116.94914592802202,-118.06200797793979,-117.9551168370629,-118.91457808355995,-115.02501144994892,-118.87871443454148,-118.39390575925182,-118.03798243413794,-116.48250446827088,-115.68957359103625,-117.06041757411494,-117.49652557944717,-117.25956980176159,-117.61257988331515,-117.37071340698951,-116.38351644196634,-117.7493122036331,-115.64424306921785,-116.91538268669726,-116.17004498274956,point1,-117.21610865502025,-117.25956980176159,-118.91457808355995,1.0198494301618484,0.45509056039121343,-0.1696215292335732
HDOK,PLOK,17472,3,3,-129,-13,11,2,33,-114.60561567741425,-117.35593557005427,-116.49336738303592,-118.51343329387166,-118.41671295865459,-117.03352386238768,-116.57231871846815,-117.70850698520994,-118.67141573219635,-117.70377113092097,-116.89384552067496,-117.46826641002929,-114.8916447685866,-117.8039760960727,-118.40384109705539,-117.29634363162452,-117.27660750410583,-118.41533387509851,-117.96239497945217,-116.07775109447881,-118.66733543219482,-116.69560790693734,-116.54783374593573,-117.74950488026325,-117.28898261834493,-115.19061735413548,-118.44249711838499,-117.74413645959922,-119.29702227143372,-116.79125411328891,-117.96127596510243,-116.66250670511852,-118.65531157154088,point1,-117.37146946762648,-117.46826641002929,-119.29702227143372,1.2060929652077805,0.7506856015525333,0.4225570936793397
HDOK,PLOK,17472,3,3,-129,-13,11,2,33,-113.73305119332126,-116.05992464629956,-116.6939789965627,-118.12452007751912,-117.94283512637817,-117.42434128458954,-116.854208338798,-117.8526456895351,-116.4305590056304,-115.51464188865809,-117.08085076664142,-116.36088813509582,-118.17237341759157,-115.13389847469402,-118.73774433878188,-116.10637164972663,-115.81676875028259,-118.16813123993217,-116.43405256777116,-117.16728584690628,-116.90817307326995,-118.6296030716824,-117.41900618090126,-119.29277947687336,-117.08607226229172,-116.97527604839414,-116.85633954229863,-115.53004998108258,-117.11748446153119,-115.1281871797224,-115.91857641817252,-117.89294294395535,-117.88576503122066,point1,-116.92270688200341,-116.97527604839414,-119.29277947687336,1.3885839143220478,0.3802622439919572,0.3201458600361944
HDOK,PLOK,17472,3,3,-129,-13,11,2,33,-115.13184239099904,-118.19059893525666,-117.49445381315509,-119.12888416094741,-116.76181926286874,-115.09133458632749,-117.68238519331211,-117.62715437483101,-116.5388706730075,-116.22320393100563,-118.05830228772113,-118.24302121264722,-116.35635447307382,-116.64169535013916,-118.37146938157912,-117.23835074764467,-119.4117395196396,-117.08783353858922,-117.90475950394416,-115.71441603148233,-116.69016257227292,-118.94687626954276,-117.22225351921604,-116.85165148636054,-117.26704704013143,-118.28879758959913,-115.0454549290233,-116.37369880750722,-115.71586205981214,-116.62343971562908,-115.68646012224839,-117.31736296428522,-118.08993177965372,point1,-117.12174206737735,-117.22225351921604,-119.4117395196396,1.294492893082106,0.020890926347328493,-0.5710696166774025
HDOK,PLOK,17472,3,3,-129,-13,11,2,33,-114.74552055497473,-116.92349292373062,-118.39914978144891,-117.10623248603764,-118.56820155973139,-118.85769417616781,-118.12097388842855,-117.45831880994442,-117.51825411841087,-117.8233969206192,-117.67189592717413,-117.07084550096647,-116.94882692461694,-116.56772971310996,-118.56617950892753,-117.17370601871671,-118.33664752127298,-117.35619921608226,-116.64982873066819,-117.11657091716111,-115.5020123128064,-116.15493311682798,-117.01731181688416,-117.25084621058204,-116.16312117827096,-119.18142295723335,-117.22600720626481,-118.1196696072367,-115.89983152738598,-116.38776965362274,-117.02818080009908,-116.36580405285382,-118.24330643083262,point1,-117.25817824451792,-117.17370601871671,-119.18142295723335,0.9599718638044945,0.25416408564332843,0.10628381421041899
HDOK,PLOK,17472,3,3,-129,-13,11,2,33,-115.53643055837757,-117.33756457331624,-118.03721221709016,-118.09911349583216,-117.31758389669508,-119.23851333843137,-119.55709667003714,-117.33574039329646,-117.08356842710417,-116.63587524043727,-115.98447598090688,-116.1328487235731,-117.32141986552956,-118.24318988960796,-115.56873457603072,-116.7849486109175,-118.29383324355052,-117.83204435922308,-115.14878271174247,-118.01026703903173,-116.1174972541252,-117.26113815152962,-115.57886262502785,-116.1820670675228,-118.1778843762002,-118.51375782335232,-115.93642576369201,-117.75979366646385,-116.8410576065839,-117.10506845169691,-117.11563496840873,-116.81415152757286,-119.15196565387163,point1,-117.21377420444786,-117.26113815152962,-119.55709667003714,1.2398048158538049,-0.1310916173014801,-0.5671296810999586
HDOK,PLOK,17472,3,3,-129,-13,11,2,33,-115.2709265982217,-116.41367480650419,-115.15593376027394,-117.02316296804358,-116.90473144759923,-118.77333656490985,-118.56033788795513,-118.41603959988083,-117.51466820019397,-117.80601451719009,-116.34757515952951,-117.58789651816292,-116.24046279644203,-118.30530113680555,-115.6528132233687,-116.89321990582211,-116.96439765676644,-116.14458351426363,-116.86135682929343,-115.94113543164366,-116.28224952599287,-117.43351412403925,-117.3808814259223,-118.11371650166619,-115.99930657658203,-118.1655595432207,-116.34710539123982,-116.65641389960841,-116.4349346117005,-117.67281199694223,-115.90278194867453,-117.18914614120665,-116.12104639912326,point1,-116.9235465639027,-116.89321990582211,-118.77333656490985,0.8963199875321439,-0.18799502159130224,-0.7734361720489873
HDOK,PLOK,17472,3,3,-129,-13,11,2,33,-114.97410273582838,-117.44372658497278,-117.78429623790387,-116.98523872492335,-117.16977416873266,-117.25199372728571,-116.6425017727068,-117.83696240101966,-117.81888658029187,-116.46743335654193,-118.33854594978087,-116.384004407742,-116.47214233139508,-115.36438918385579,-117.62899912596639,-117.08968705240083,-119.07344231599603,-117.65942255148566,-115.43419195488663,-117.46886493027756,-119.23744769739876,-117.83232659735535,-116.38750190681777,-116.31795833608032,-118.43478870797264,-117.11724015084346,-119.21412324806127,-116.78149370396908,-116.03240452852833,-115.86419087591408,-116.52588148921662,-117.91454836082859,-116.87852103075213,point1,-117.14627371902218,-117.11724015084346,-119.23744769739876,1.0873793955660924,-0.113078392543398,-0.1772191996419581
HDOK,PLOK,17472,3,3,-129,-13,11,2,33,-117.05602805804841,-117.42129679926686,-119.23555165604746,-116.72634318581176,-118.55311903708635,-118.7385700437111,-117.76157501306344,-119.5683519027035,-118.61126445679187,-117.5335285037236,-116.65828164591123,-115.82129067996428,-116.26461263452771,-118.0516307526075,-116.80261315749968,-117.22306233354082,-117.74885477343558,-118.8035863506807,-118.16397413822234,-116.41738599013821,-118.58218796864959,-117.31099207480256,-116.79191022367182,-117.70112270378647,-116.89669244991947,-115.67859299185442,-117.29447946506582,-117.23635289125728,-116.8248969239078,-115.10353040196316,-116.4457333304047,-118.17621564083684,-116.78071655847577,point1,-117.3934649920418,-117.29447946506582,-119.5683519027035,1.0541287589545898,-0.06779313987446711,-0.28073298836855276
HDOK,PLOK,17472,3,3,-129,-13,11,2,33,-115.520956469687,-116.77878245869381,-118.89541963933226,-119.45757800287211,-117.50273651372967,-116.97938866732444,-117.51163420520102,-118.21143685726075,-115.9112631252041,-115.8859742334739,-118.65961162161709,-115.24246323192922,-118.03208914507212,-118.16309575221815,-118.97837955466217,-118.70500468797394,-116.24443259384068,-116.46445740694199,-116.49817708888446,-117.29199656015386,-116.45038818463004,-117.20477142443288,-117.17442648676057,-117.20330104931959,-117.56078390026391,-115.89654668271899,-116.67928778077075,-116.11056204396237,-117.38139494651314,-117.32621812347061,-118.58524031415675,-118.46662446867224,-116.61560359851238,point1,-117.26030384303809,-117.20477142443288,-119.45757800287211,1.158308564431141,-0.16034936053834672,-0.7980131469810101
HDOK,PLOK,17472,3,3,-129,-13,11,2,33,-115.80803551435194,-117.28163454205891,-116.95820119281072,-116.43039631045127,-118.43032369547991,-117.33495259498744,-117.97565024465459,-118.08196693186899,-116.7776845220222,-117.73738944500667,-117.0437041428615,-118.35438096235528,-117.40189390105085,-117.33243413121393,-119.2737630575726,-117.1123213686594,-118.33170459448206,-117.47208545481502,-119.42521049911478,-116.25430178364054,-119.68587615279374,-116.43006073239219,-115.9550089553269,-118.11302387254855,-117.02505692303272,-117.70988947770567,-119.3020352388966,-116.25051925741268,-116.80696424539548,-115.4502525781221,-118.50200169057288,-117.78172091595528,-118.03443940192749,point1,-117.5110571009558,-117.40189390105085,-119.68587615279374,1.1035579781536766,-0.18966222921397136,-0.40483432691235866
HDOK,PLOK,17472,3,3,-129,-13,11,2,33,-116.33578631553257,-119.2992797488573,-119.39951964554886,-118.44942761171309,-117.34204301041726,-117.29052491173312,-118.33463809885684,-118.12788824306249,-116.651342615989,-117.04953010888273,-116.19328715049808,-117.48553263276612,-117.67032954703546,-116.19744158367051,-117.29901192075698,-117.83042101001142,-117.56239707442101,-117.31471844195619,-118.29617655122752,-118.12950286832549,-117.32765129909629,-117.22354884108867,-117.45086114704881,-116.9530306813254,-117.91009690320047,-118.2476718916599,-116.26231241820028,-117.46562076540879,-117.8902885614523,-117.8434807082692,-116.39653094047893,-118.02489182304053,-116.70051752251926,point1,-117.51379704830457,-117.46562076540879,-119.39951964554886,0.6333602017171439,-0.27320780790743804,0.07676462860597422
HDOK,PLOK,17472,3,3,-129,-13,11,2,33,-116.116352248845,-117.20970179648528,-117.02614380753549,-118.53087388988016,-115.92525961398582,-116.34555364550799,-116.20330433414041,-118.25543791695426,-116.57097726059516,-117.00230972193366,-118.08779386854441,-116.86310971784113,-117.62677094893641,-117.63976941341978,-116.80103361566243,-119.56126542196867,-117.25626308917512,-117.2475020427777,-117.41867984000817,-117.22558612106738,-118.12090631747942,-117.18961596811462,-116.7032231267382,-118.08972885047739,-116.21329139888216,-115.3889850778525,-116.78252925531903,-116.38354569300218,-116.85858565009072,-118.46113442911353,-118.40091369437684,-117.7198805314237,-115.56320809993503,point1,-117.17543140630514,-117.18961596811462,-119.56126542196867,0.8484340199870029,-0.30944663397304495,0.0458172404423145
HDOK,PLOK,17472,3,3,-129,-13,11,2,33,-114.71168042342141,-118.24248656378165,-116.85140831067007,-116.5154072213693,-119.65259097098635,-117.21569943348038,-117.18926806084693,-118.14889820440169,-116.79434275376602,-117.26434973178179,-117.3021286753915,-115.20854956688045,-116.69151930969339,-117.4586814656506,-118.68925788340526,-117.01078587899642,-116.0308780799709,-116.25962740551371,-118.04172302582343,-116.80132779891981,-116.20031551426608,-118.25839238473792,-117.75182600055314,-118.57024924901066,-117.77702151633446,-117.42656580432345,-117.84864621707314,-118.87708623468087,-117.71488973700035,-115.53181942073252,-116.4748546175242,-118.04723383575619,-116.61700680007988,point1,-117.24777327566133,-117.26434973178179,-119.65259097098635,1.1243292214821006,0.19677449449512208,0.18460723049640348
HDOK,PLOK,17472,3,3,-129,-13,11,2,33,-114.7370582000703,-115.82696043039493,-119.56525671145872,-118.11872048922007,-117.93082860291754,-117.9747491914043,-118.57222045690521,-116.04394012668021,-118.37510179386715,-119.32547770455835,-116.54985978519619,-117.79004089380308,-116.42865551961545,-116.14871620079447,-119.26102735029191,-117.42719853804564,-117.76872265135319,-117.42633214655564,-117.71052773636178,-116.34393585633111,-117.62699765263584,-118.036982844664,-117.55845193770499,-117.6754057726339,-117.03499103539609,-116.43798073680652,-115.65710893582758,-116.44471033499454,-117.280247718328,-118.12806485513211,-114.92719852801571,-116.41277800905978,-116.99241138419904,point1,-117.25874727670373,-117.42719853804564,-119.56525671145872,1.3381599822896462,0.13511425490315276,-0.2018084839436307
HDOK,PLOK,17472,3,3,-129,-13,11,2,33,-114.09100664276555,-117.53648189422975,-117.73774284338307,-115.37351098178682,-116.25864688483429,-117.10717854862058,-118.51610316297496,-119.43540880838435,-117.67149052607049,-120.17316948879699,-117.231644263967,-116.37113508220838,-114.48428335379457,-117.4265442574385,-116.81608748956478,-118.43324226600667,-118.08237981135666,-114.82472572331645,-116.79681071947834,-116.74193305940108,-116.84491425658346,-115.515096500018,-117.78369686891767,-116.47844370966416,-118.58156493610174,-116.72175866216499,-116.8633233730991,-117.48962069507984,-117.0798187303663,-117.55979465257606,-117.91398565880542,-117.14239885721997,-117.8877231629405,point1,-117.1203535112702,-117.14239885721997,-120.17316948879699,1.6287129237914788,0.26728920266843137,0.7911601345673804
HDOK,PLOK,17472,3,3,-129,-13,11,2,33,-115.5114372106953,-117.1676687409031,-117.89531381120771,-117.0101517928303,-117.59479197815169,-118.1225399953302,-117.48565985867302,-118.24972382211256,-118.27147361098866,-117.60596470891156,-119.19909528766473,-119.16028333260084,-117.28551706276893,-118.85470206514643,-117.41385999717218,-117.2741216615871,-116.5515677620114,-115.74696559470999,-117.3891118399477,-116.72144083710698,-115.97724341645707,-116.37830233112315,-118.19005681994558,-116.73073371545064,-117.60122395642341,-119.30938308320252,-115.7682084535156,-117.05594645854579,-116.6183874355628,-115.01784839486523,-117.40287407629927,-117.58603356329805,-117.15049898115134,point1,-117.31206459564731,-117.3891118399477,-119.30938308320252,1.0678063224176533,0.0564305846118536,-0.08948100003294046
HDOK,PLOK,17472,3,3,-129,-13,11,2,33,-113.9517325385619,-116.59628022845907,-117.42490989052159,-117.17218229207437,-119.05303620735181,-117.17683881202986,-118.50184576673207,-119.51736812197537,-116.79103296449784,-117.31858500619124,-118.36567785909224,-117.12634784113453,-115.63665375932158,-117.39149129311737,-118.04219135613363,-118.00368204437297,-116.85602728662722,-117.51568745513772,-116.62225238332978,-116.80189158140536,-117.69181060531423,-117.54574938386232,-117.9640523078173,-118.41572388207378,-117.17609116362756,-118.51334773044019,-117.2312113734272,-116.96369125568829,-116.01187934913574,-116.49019895783508,-116.69358145524215,-118.02067680778728,-118.89203501480152,point1,-117.37805345379152,-117.31858500619124,-119.51736812197537,1.1038097483998832,0.7305192417964992,2.2969407639190558
HDOK,PLOK,17472,3,3,-129,-13,11,2,33,-116.21316122104199,-116.72422560719222,-119.3493968591538,-119.70450050212514,-117.273001499349,-116.16120136287823,-117.696464790617,-117.21190547584104,-119.60912935881865,-116.94800278402542,-116.54259239582608,-116.81985850452169,-117.48437471693427,-117.03957124700999,-117.33130868775017,-118.25534916696128,-116.92298347041239,-115.65902271941236,-117.55572713124255,-117.0502119735819,-115.16679057358398,-115.95090386860181,-117.27830556898039,-116.78523884067387,-116.21819119550432,-117.94968986037797,-118.30194325815577,-117.2619852136537,-116.8405400226056,-116.33296085510416,-116.90609674190767,-117.97323054292613,-116.75017679686879,point1,-117.18994069132242,-117.03957124700999,-119.70450050212514,1.0329214763486216,-0.781357656278819,0.9498297126372415
HDOK,PLOK,17472,3,3,-129,-13,11,2,33,-114.52410019718721,-117.62855589153433,-118.00960410807619,-115.86764446862894,-117.28082261756573,-117.87948354708277,-118.61843946066455,-118.38819983924027,-117.19399477405845,-118.98895949367078,-118.22834880540556,-116.22756328111954,-117.89899121850982,-116.75933795515425,-118.41664795938654,-117.64962694086901,-116.25531102914064,-118.222613490184,-114.96152045009691,-117.81239972156007,-116.54949026651131,-117.39558084151055,-118.37341005416404,-117.60923645398083,-116.19522583634763,-116.53989008522579,-116.31015912515336,-117.65337110121686,-118.32066562283632,-118.06492402301461,-117.91966098717229,-116.07854958497983,-117.3060197633099,point1,-117.30691966650181,-117.62855589153433,-118.98895949367078,1.1036806440163984,0.8216741270343678,0.22811043533445474
HDOK,PLOK,17472,3,3,-129,-13,11,2,33,-114.55069266646268,-117.19718967083526,-118.84712059963574,-118.35414499973521,-118.45484377040215,-115.47762678770623,-118.33846751282793,-117.63246990831152,-116.75755817119664,-116.91078963632388,-116.1808380286032,-116.35561441164567,-118.516336992524,-119.14823239338192,-117.66552683421303,-116.15923934195696,-117.96925271727063,-118.2014396468968,-116.53874574362814,-119.07868298088371,-118.67048023073002,-118.51230369127516,-117.66581198398676,-117.07055751422654,-116.68605784776868,-117.96870430130824,-115.90419230722797,-115.84202586443104,-115.24316831151613,-115.30394646999125,-117.32785436273211,-118.42200066394469,-116.78570992399568,point1,-117.26477655416895,-117.32785436273211,-119.14823239338192,1.4840106789055378,0.3582724652714321,-0.8260892123795682
HDOK,PLOK,17472,3,3,-129,-13,11,2,33,-114.1867532699779,-118.01764938955874,-119.85158975464532,-118.49234344191093,-117.34593202164828,-117.06155314483188,-118.6410683703241,-118.5111066166829,-116.23526162976935,-117.78497031547101,-118.59628400623816,-115.88657757991649,-117.60733998876553,-117.85345551463783,-116.30956914422218,-118.36876231664424,-117.31127079819638,-117.29276484104122,-116.99496732044048,-118.31661694321866,-116.54913805909592,-116.4793827626878,-115.61167268219184,-117.83818699617994,-116.35252980230109,-115.03728391726908,-116.88813504911555,-114.37301662853949,-118.08323070830691,-118.30282661088879,-117.84692469187422,-115.87754773941583,-117.060100913758,point1,-117.18078221120504,-117.31127079819638,-119.85158975464532,1.6007092068602318,0.5191126070714598,0.16007005755591353
HDOK,PLOK,17472,3,3,-129,-13,11,2,33,-116.26654861761749,-115.54916179576865,-117.9082545487348,-117.46717894772823,-117.93623672515355,-117.45055835965869,-118.45475635209424,-118.77901292255603,-117.44510906859736,-117.07896061883648,-117.49480955690777,-117.80353599067347,-118.39922790947993,-115.77272966463038,-117.04725647294138,-117.65005708337526,-114.89153761035932,-118.40425891316009,-115.09170087136359,-117.93548375154046,-116.49601476317734,-116.91712254285444,-115.73964201844517,-117.61646797307553,-116.51766084416491,-116.28086830895913,-116.83608322289797,-116.70315428051069,-117.91073068766245,-117.13782781812859,-117.65893421021576,-118.38942750698457,-115.14754259297963,point1,-117.09629856215861,-117.44510906859736,-118.77901292255603,1.0726576462730981,0.5465269738734434,-0.5283362579899169
HDOK,PLOK,17472,3,3,-129,-13,11,2,33,-113.86500617648848,-116.83972730691829,-117.07028842152545,-118.58516622057705,-117.80238284474433,-119.0698171759583,-118.4876549629254,-116.3501209821457,-116.73741343593089,-117.73927054298784,-117.46213915948414,-115.35600467738338,-117.60833607913577,-118.54850576619847,-117.78346072434884,-117.03836124356516,-117.77842764429181,-118.83333217120168,-116.47097237541654,-116.13888081038249,-118.51111692812857,-116.14469576485722,-116.1938053915158,-117.35595188868493,-117.78021013392096,-117.91320170844722,-117.7664986222309,-117.37531012380948,-116.76513191650263,-115.91292152805366,-115.54824419621458,-117.95333530241652,-117.98547871172946,point1,-117.23549002842793,-117.46213915948414,-119.0698171759583,1.248352315053651,0.822275358041014,0.9824700957269186
HDOK,PLOK,17472,3,3,-129,-13,11,2,33,-114.54924674774185,-117.6608535405232,-117.33166679165548,-118.18046674955333,-117.87063314845447,-117.74273761958705,-119.12525403868455,-118.53247721946617,-116.77357116472405,-116.29367203649949,-117.24070162216849,-116.5031330830435,-117.22947946165979,-118.38148986980207,-115.13449307911834,-119.14724659544416,-116.378562743865,-117.53457697047357,-117.84828465376741,-116.89257941822856,-116.14770357897088,-117.12738554833943,-117.85323419080433,-117.42632520831785,-117.40524601730353,-117.97997512737165,-117.52871626368389,-117.62425001326002,-117.79253669372726,-117.59001850696762,-119.22259344401974,-117.81806964634785,-116.93324416908185,point1,-117.41819469583807,-117.53457697047357,-119.22259344401974,0.9907906450919974,0.7118021441716843,1.477421480058823
HDOK,PLOK,17472,3,3,-129,-13,11,2,33,-114.16313022188325,-117.57827434614829,-118.3035897011043,-119.57559371096995,-118.41826018503637,-117.06778518662894,-117.7407725930763,-117.82422837184419,-117.40017803927614,-117.40346842047926,-116.43522658580942,-117.8693013646707,-117.44967314252334,-116.77727024010989,-118.24712408545288,-117.64103757058241,-118.29244576072081,-117.95011578642155,-117.72188076996734,-119.54335779156521,-118.3671346092909,-116.78903266163775,-117.79748709544336,-117.71364712725611,-116.70268870117252,-115.38287979645219,-117.39155716104094,-117.81433926541267,-116.77077505987592,-117.11636106391964,-116.83474125013525,-117.64597541177618,-116.4177441225281,point1,-117.45900233940037,-117.64103757058241,-119.57559371096995,1.0186033847898366,0.8170282025512782,2.9157526440151114
HDOK,PLOK,17472,3,3,-129,-13,11,2,33,-113.94200117475155,-116.97554655714362,-118.22027369102683,-116.53686687056948,-119.30013080511408,-117.36196025653459,-119.85925376682137,-118.7501374085758,-118.90131239029411,-119.18599386113416,-118.19127699379,-117.66805198250157,-117.50083571847773,-116.45964628219086,-120.03516604506503,-116.00646815570921,-117.74447173040757,-116.8371656894786,-118.86493930058171,-118.43381130171745,-119.67752535692006,-116.14201013708681,-115.8275386060454,-117.71066644852385,-117.17565545042379,-117.4699637680395,-117.95101686077709,-116.67904529868484,-116.07788595336486,-116.02560234802854,-117.66965008529972,-116.6004316216991,-116.25306838754429,point1,-117.51622334255524,-117.50083571847773,-120.03516604506503,1.8196063656351888,0.14239807954672326,0.0819884797767303
HDOK,PLOK,17472,3,3,-129,-13,11,2,33,-114.74963690883882,-115.99873450982996,-116.98600897908372,-119.74326582051168,-117.70506416436949,-117.37388252232894,-115.99656777073089,-116.81525747212196,-116.96751311224953,-117.57468414359965,-116.30277964230473,-116.59821588692203,-117.73710693623852,-117.98471311892436,-117.05108681707722,-117.1322688734683,-116.58631029604184,-117.49824684847283,-119.30535733004466,-117.93869786867558,-115.55925437875578,-117.16636981882993,-117.21853890789707,-117.5002987545039,-118.71250471775387,-117.0728335626536,-117.06140515871395,-116.3891503190392,-116.08566432782153,-116.85219936891184,-116.71015366975445,-116.22980914751172,-116.7743770819043,point1,-117.0720593404814,-117.05108681707722,-119.74326582051168,0.9554070075494813,-0.536174019336118,1.5101161452217835
HDOK,PLOK,17472,3,3,-129,-13,11,2,33,-115.31662855105336,-116.89872513627687,-118.43373878024235,-119.33027099157471,-117.09475770422591,-118.2244604100931,-117.8464744117082,-117.46127794800785,-118.05092806063767,-118.10985086273328,-119.70155923367204,-117.14144566016644,-116.60816674200152,-116.7450601424783,-118.68886242217236,-117.07909965165601,-117.66167582251121,-117.30646226301837,-117.03409798314355,-116.10658294348282,-115.9419911553906,-116.71577553527923,-119.59214000990085,-118.76223237353183,-118.0537712456948,-117.33930610052214,-114.7919757493805,-117.30766815098157,-116.73395800208533,-117.4059242519489,-117.95334316760655,-116.98674153374175,-118.4085877523162,point1,-117.47980426512835,-117.33930610052214,-119.70155923367204,1.199462026504102,0.11583282897461226,0.34846148699540835
HDOK,PLOK,17472,3,3,-129,-13,11,2,33,-115.77913091361755,-115.91754995180061,-118.26725317326394,-116.84561484112047,-116.22703030869326,-116.42848545779532,-118.61696334322755,-117.82382414820509,-116.29311046965014,-115.41690917580345,-116.94128324395473,-116.47805862921487,-119.1961950480296,-117.01322830027141,-117.72514701428244,-116.6978298328195,-118.26517694999052,-117.61691508586193,-117.29930340734985,-118.43744331679663,-116.38736860454992,-115.7870607645541,-117.91238172070229,-117.44942179935195,-118.17697376834974,-116.7853443182445,-118.68066441404734,-116.56986689518381,-116.77044558453026,-117.8981871430108,-115.82047630949717,-116.1950194930571,-116.32898166668308,point1,-117.09238318465187,-116.84561484112047,-119.1961950480296,0.9623650242360481,-0.3151373177687822,-0.9235586122727009
HDOK,PLOK,17472,3,3,-129,-13,11,2,33,-113.64497737018006,-116.67208409538259,-119.26154454729581,-117.97074116926713,-117.20386840314457,-116.8848531102029,-117.25328524719193,-118.11020471527135,-117.55991489667176,-118.82279935111087,-117.79565306890473,-118.20450547577326,-116.91653418185946,-117.59032860106178,-117.48317019801239,-116.62954763411997,-117.1813371452931,-118.2662794300928,-118.7496214707077,-116.63464027427584,-118.65334710467381,-116.59275602559616,-117.89634024349958,-116.84532191221993,-118.01528422087779,-116.70686037983059,-118.47440094475333,-117.3340707059399,-117.38340970015906,-114.20280490052673,-118.53393219935776,-116.09433188426526,-116.4479285777888,point1,-117.33383876319117,-117.38340970015906,-119.26154454729581,1.3621131228367964,1.2744053647847065,2.7592413691262387
HDOK,PLOK,17472,3,3,-129,-13,11,2,33,-114.34487738662278,-115.99327183411918,-116.4112246451228,-117.28072394607298,-116.79986563322527,-119.02758532502422,-117.96531818129907,-116.47925234460143,-115.96472087064234,-116.2067256455156,-118.32333866848182,-118.29627055169034,-116.91404944564091,-117.80401253978401,-117.23836631880347,-117.0357785133558,-117.99375479353851,-118.00832688027174,-115.96250850977145,-118.36768597610286,-117.92423025834977,-116.71621204789501,-116.99369598105463,-115.636509016156,-117.74832449204742,-116.91627222697302,-117.31914890610405,-116.58648874758381,-116.05550533044722,-116.43625413775763,-117.22708729340364,-115.29207146966614,-117.34894085585034,point1,-116.98843632645384,-116.99369598105463,-119.02758532502422,0.9869132614990376,0.3296380513381827,0.21610996883654465
HDOK,PLOK,17472,3,3,-129,-13,11,2,33,-114.3523780917508,-116.81699695878478,-116.71374410754714,-119.72605855103461,-118.15831424146725,-118.61278329552022,-118.93214504561652,-116.38166188155355,-118.42854369478952,-118.23880628329746,-117.2441441422977,-117.31774481360517,-117.6439773641446,-117.30370742508359,-118.091585382504,-117.73036327971612,-117.23786452888025,-116.5701663554283,-117.8787482718221,-116.9192381132432,-115.80373697825385,-118.04508229142726,-117.45017803041057,-117.04533177474406,-117.92186610900225,-118.10137807199655,-116.07684154649807,-116.6320630667812,-118.59389663952021,-116.81372644735325,-117.16140910266549,-116.93301201204552,-117.19930481519759,point1,-117.39626662769642,-117.30370742508359,-119.72605855103461,0.9953015537402836,0.4602067349696938,1.6995407268304308
HDOK,PLOK,17472,3,3,-129,-13,11,2,33,-116.14830527334342,-117.80643813155154,-117.89418928447863,-116.80280999798067,-117.45335148821837,-118.04612695714901,-118.46568507692463,-118.24827276787735,-117.81581104304627,-116.87924174782596,-115.8920048896181,-118.46034016465062,-116.65358910736283,-116.8264780642253,-117.75377858480589,-118.51338679596718,-118.1815564859361,-118.17929022261188,-117.3841583392762,-116.83991174721925,-117.25365115566389,-114.40496842315895,-116.6089453054128,-116.97899615847231,-115.78559421395246,-117.40454586814352,-116.39610875469302,-118.03669534669525,-116.02719255314138,-116.3201542223142,-117.56737360701956,-116.14919521446608,-117.04314164894416,point1,-117.15822086794387,-117.25365115566389,-118.51338679596718,0.8754348928544557,0.6759682132379858,0.5424211357027695
HDOK,PLOK,17472,3,3,-129,-13,11,2,33,-114.6455190069394,-116.99780878139418,-116.91766532757016,-117.97859119339036,-116.46769945948704,-118.08100262722178,-117.82723238918705,-118.02490403481558,-118.49608724369168,-117.75710494656167,-117.57695492158247,-119.25162997791045,-116.91565648335065,-116.89256245494212,-118.84094186713695,-117.49337799857221,-116.28664251415172,-117.62701944210484,-117.63678009825259,-116.42029800348915,-116.41710893863171,-116.9307648706771,-117.55844518311703,-118.36722103391293,-118.43337285840074,-117.35228799514643,-118.81129514298112,-119.51742060407464,-117.60654183631385,-116.69940094630425,-115.7889874672194,-116.81791258007001,-116.8600368571299,point1,-117.43322045714335,-117.55844518311703,-119.51742060407464,1.0094018157219316,0.2447463924689478,0.6663470763099628
HDOK,PLOK,17472,3,3,-129,-13,11,2,33,-113.63127502656444,-118.6692561148006,-116.61774778430025,-118.95426921308378,-116.09253978090192,-116.85522991161844,-117.10375100597012,-117.68829653788241,-118.08321677735748,-116.65377660833697,-117.23713255492947,-116.11501667204753,-116.4719027212284,-115.96263766400419,-118.00125520500885,-117.06652144858852,-116.70742646296164,-118.9040210009641,-118.5561911862129,-118.02812225513914,-118.22179250095891,-115.99712117689185,-118.87648797967066,-119.02896648660179,-117.6482263770572,-116.30916413726636,-116.91729404368907,-116.86154355692462,-116.8152691813556,-118.62621814149558,-115.82090604696802,-117.9850706032323,-118.72513415789588,point1,-117.31008425217907,-117.10375100597012,-119.02896648660179,1.4247135987669834,0.6506148282303829,0.9570818305675455
HDOK,PLOK,17472,3,3,-129,-13,11,2,33,-114.51572007461442,-115.46064234303101,-119.58579102508239,-115.7606113533666,-118.48635678929325,-116.53691149645407,-118.6163661971095,-119.13075955089485,-117.08694103534826,-117.29568022552047,-115.5341517800645,-116.24636798498948,-116.39486238940982,-117.95755388234909,-116.78158411250365,-118.16451208013207,-116.44706873770976,-116.98248675954824,-118.97200975367178,-118.40112488611753,-117.93089078807435,-117.78561787766931,-118.30799216079838,-116.81007244496335,-117.08261889872291,-117.7211328152332,-117.44676031659456,-116.11633570960566,-116.74055844145785,-118.08727860536372,-117.40970190815126,-116.44170852239955,-116.3448317771419,point1,-117.22978796131473,-117.08694103534826,-119.58579102508239,1.3075907440270373,0.07556073020361027,-0.27253830683311664
HDOK,PLOK,17472,3,3,-129,-13,11,2,33,-116.0546151884728,-118.04161234783517,-117.73083593514892,-115.64827064850728,-117.39809959646402,-117.25919332350398,-118.64169729752007,-115.43737879419888,-117.0632497640033,-119.0754859931103,-117.84732157176191,-116.3860045443729,-117.73209032577809,-116.677084543156,-116.86283991255188,-116.13455737369762,-115.88687298746508,-116.20288715810187,-119.42379024084522,-117.15494027230886,-118.67227339362141,-116.83138169805046,-116.95371203887676,-117.23264505982515,-116.91655097281152,-115.51914322310849,-116.44199244618288,-116.86691182085214,-116.71686750818047,-117.3521024162278,-116.22492919668173,-118.23322906138752,-117.88884871050195,point1,-117.10634592015492,-116.95371203887676,-119.42379024084522,0.9831272799750185,-0.4327812124081689,-0.23777887368552353
HDOK,PLOK,17472,3,3,-129,-13,11,2,33,-114.51626831943867,-116.12669478469672,-116.29880879478492,-117.65353661213545,-118.38642655858293,-117.0414683251901,-119.59327874593397,-118.29798307395552,-118.86076361941339,-116.50824802244409,-119.28166119583562,-118.5299818755388,-116.87496645458339,-117.3053962049108,-116.99211572522557,-115.4312938338483,-116.72037761100106,-117.11944146609889,-115.96953447260074,-117.65631838087694,-117.29498798742385,-117.06845463260082,-116.3316449132788,-117.67417389247828,-117.57517674778639,-116.90693956245119,-118.5041507246299,-120.15415779007822,-116.52501718870523,-116.86648997969263,-116.08399074085484,-119.54091925556186,-117.7811748973062,point1,-117.3779346178771,-117.11944146609889,-120.15415779007822,1.532397662842465,-0.2553556175976882,0.06641415400613226
HDOK,PLOK,17472,3,3,-129,-13,11,2,33,-116.7698227430251,-116.5219007423665,-118.19800126117187,-116.69844208833656,-117.09482647931605,-118.67212506796712,-117.62305378617673,-116.18515637777165,-118.77765584218457,-117.9976510474921,-116.94914043866856,-117.01525485446393,-117.77852643125888,-117.64910283204823,-119.12382859889968,-118.161734560558,-116.99629737565246,-118.49782562890634,-115.80828636966375,-117.5860979425276,-116.0612806567447,-115.90567192982033,-115.73577175810449,-116.38549035387962,-118.52606295452395,-119.37413125721885,-115.47430859727694,-117.84998117797555,-117.65029832227378,-117.52594005279012,-115.36461494311564,-117.98991357534057,-116.7741565084458,point1,-117.29461674412019,-117.52594005279012,-119.37413125721885,1.131173244923142,0.02385446790252765,-0.8324656174121285
HDOK,PLOK,17472,3,3,-129,-13,11,2,33,-116.28336726046972,-116.75848813437584,-118.36303109229904,-118.40449241187635,-116.86038344628604,-118.2834227093908,-116.75047955783775,-119.21127043315937,-119.7958751629555,-118.1850423010548,-116.62346758151726,-118.22778538955416,-116.22325339657363,-117.47024192350827,-119.56382871195537,-116.4312904155464,-118.39186023780502,-115.71688161414552,-118.6356229992257,-117.40412535077397,-115.2725824108904,-117.22407328546448,-116.44658235900431,-117.70529413215841,-117.23356269445641,-118.09910817729053,-117.78436049706974,-117.68543358988862,-116.83594455585111,-116.14803267471991,-117.43638237319358,-116.55464451744878,-116.04035160745923,point1,-117.39547160621838,-117.40412535077397,-119.7958751629555,1.1855053420482518,-0.28770923814684635,-0.434529100685062
HDOK,PLOK,17472,3,3,-129,-13,11,2,33,-114.5570045004307,-118.92823378405771,-117.45701884681829,-117.60742726470677,-118.12699816870258,-118.01125977190054,-117.65067592550032,-117.73952044830627,-118.51762587519255,-117.38805818548634,-117.03556026964043,-115.9668693790947,-117.71165131484767,-117.00093965860532,-116.38722815483507,-116.61717996176147,-118.47501241635413,-117.93263145993825,-116.36898696605883,-115.3799692817535,-115.24314323699163,-116.90445977418874,-115.50453560612443,-119.28316140214072,-115.83242383705453,-116.32552553281546,-118.04536801816855,-117.47035188695834,-116.0291803287375,-117.18972151340529,-117.80285794078382,-116.01555261586505,-117.49925407045065,point1,-117.09107234538412,-117.38805818548634,-119.28316140214072,1.22397137625497,0.274518164330074,-0.4221071881333587
HDOK,PLOK,17472,3,3,-129,-13,11,2,33,-113.32687725062566,-117.3486329796272,-119.1558846044982,-117.76396454932402,-118.28918266639087,-119.07642605985308,-117.5894102108512,-119.64388496348076,-117.33776208784828,-118.66339535240805,-117.71316069600526,-117.5029990307806,-119.17291105635695,-117.33714889839749,-117.38725747989001,-118.40107381398255,-118.79316891591282,-116.82937066643339,-116.74400772194234,-117.69116439230994,-118.71193538504058,-115.90236972005187,-117.91498924827174,-117.73891189416264,-117.62004752791998,-116.5879400696319,-116.78764219725535,-115.22057662509759,-117.7837600960658,-115.59950783606106,-119.21957796170358,-117.08121249851891,-117.54373393298395,point1,-117.55999661786922,-117.62004752791998,-119.64388496348076,1.614383470191516,1.1155181179447025,2.5017827016366465
HDOK,PLOK,17472,3,3,-129,-13,11,2,33,-114.75818797083441,-117.5156246980439,-116.74604198030563,-117.83196293440221,-118.5350183158147,-120.09664964535685,-117.58663541444969,-116.3630461378566,-117.20987903595977,-118.85145977448127,-118.79273767995048,-117.96423814903247,-118.40010860224893,-118.28042252039923,-118.25944171554369,-119.16690403286546,-117.86883237788003,-117.34772242364,-118.84758801401769,-116.0982408647146,-118.59512759433586,-116.97663703987054,-117.15445598461899,-117.60914589338338,-116.43625105863616,-119.01845086820722,-115.12776247130334,-116.78344924559474,-115.57626781254936,-117.64966288804374,-117.20933059921568,-118.69361031725333,-116.6014077611402,point1,-117.57431217642274,-117.60914589338338,-120.09664964535685,1.420084388786325,0.3764393111739721,0.009073637589271932
HDOK,PLOK,17472,3,3,-129,-13,11,2,33,-115.62746138183586,-117.0777809613965,-117.60033352574806,-117.0338062848077,-116.93613936078519,-120.04921444447463,-118.12847890550131,-115.24097425512745,-116.71575074695967,-116.86477405079829,-116.41205242515218,-117.79927483541344,-118.6699535741503,-117.07035955423218,-118.4479847232532,-116.3598370110948,-118.00493783676679,-117.34037735453069,-116.18435717131331,-116.95745427324569,-117.21980208314267,-117.37222357949406,-117.1366544575563,-117.94972602193182,-117.87833693730362,-117.50189002822209,-115.71610450171457,-116.49199309166589,-116.19886173267463,-118.27043028858796,-116.18038733027585,-117.52014215009315,-116.19506415539846,point1,-117.15614906165605,-117.0777809613965,-120.04921444447463,0.9447351749222742,-0.5380393437319209,1.0507973927820644
HDOK,PLOK,17472,3,3,-129,-13,11,2,33,-114.82114864473783,-117.96007725590083,-117.2232716643064,-117.2152983115887,-117.74690057733281,-119.17578182945495,-116.95837746339448,-119.44989115408941,-117.8036453288597,-115.45796569696942,-116.29535342594978,-117.8157755947186,-116.1504505539865,-118.98990516868679,-117.17412475599409,-115.90775805981563,-117.92525208390303,-117.20880044290365,-119.1152567643206,-115.95661599284674,-116.52311005974431,-117.70707544253138,-117.99237004115244,-117.86879167506638,-118.6388502904754,-117.49522809388073,-116.63017023556284,-116.78508503859257,-115.25206192475436,-117.53035581047438,-117.68522461635584,-118.65246621027356,-117.96357939946175,point1,-117.3659399881238,-117.53035581047438,-119.44989115408941,1.280037339729027,0.28482891992321685,-0.27352064782401
HDOK,PLOK,17472,3,3,-129,-13,11,2,33,-114.41602037197029,-116.90772255935082,-117.23246935937078,-116.5703310814818,-119.57341966850636,-117.665080093612,-118.52735928697398,-116.2762897239078,-117.13493930414975,-116.87746954687628,-117.85678902329389,-116.08910699849038,-116.47180070865554,-117.06776291684172,-116.13105076726781,-117.99963013375185,-116.19404583940289,-117.75333707878679,-114.74600569359674,-117.39911309966503,-115.35845777866379,-115.56830627723872,-117.01286555840669,-117.35669232816134,-116.95452133945042,-116.93352607610643,-118.49214266294476,-117.26823755938534,-118.87636235923686,-116.25823026977899,-115.61621255245078,-115.70751423215061,-116.66280311586746,point1,-116.87744288987255,-116.93352607610643,-119.57341966850636,1.2541955160410931,-0.10048380492289591,0.25527438231376065
HDOK,PLOK,17472,4,4,-129,-13,11,2,33,-115.51276051041522,-117.05644405520056,-115.65574119541917,-116.04063858853476,-115.68186111136222,-115.49692270915962,-115.74071917865385,-115.32847671048107,-117.24071840601873,-118.0622588581625,-117.17020426503781,-117.11739748333545,-115.11865196094189,-115.35183191603166,-115.51803066561854,-118.05367281350048,-116.26218095394066,-118.29749106583547,-116.97009885968257,-117.71760852222395,-116.08516248723409,-115.53622759964547,-116.67557577926716,-117.52743875076183,-116.9816212497031,-117.24469324410349,-117.04053019197673,-116.6329199096881,-116.41249060867601,-117.91637030883012,-115.95684393384906,-116.32515390914449,-117.48528116573095,point1,-116.58224299903536,-116.6329199096881,-118.29749106583547,0.8369267410119982,-0.15057618797927896,-1.1826798220070542
HDOK,PLOK,17472,4,4,-129,-13,11,2,33,-114.80466777060938,-116.30752287590077,-117.05510925664848,-114.62948118806415,-115.79677189355839,-116.09326770947611,-115.07642426265248,-116.44419542636062,-116.75055657144881,-116.97348042113157,-115.9291848442487,-116.77637813086592,-115.58669491841322,-116.0021859044721,-118.20210499457295,-115.89479645579821,-116.35177043918054,-114.28076245660951,-117.75612990938174,-116.42771345361858,-116.34913630146372,-117.39304535508843,-116.40947964852336,-116.16472677562622,-117.01398041183201,-115.2569510752586,-116.99558151369989,-115.77854031296545,-116.46831355342039,-116.24743176254643,-116.46967075462496,-116.12182096668192,-117.68678011278746,point1,-116.28771689174337,-116.34913630146372,-118.20210499457295,0.7460262796337428,0.17236773921372142,0.3229850264582139
HDOK,PLOK,17472,4,4,-129,-13,11,2,33,-115.72354597434477,-116.52248516446055,-116.83761781703582,-116.23835968580211,-114.3969017608385,-116.86565576251867,-115.92434071966434,-116.1880864283249,-115.93091843513058,-114.51528227271302,-115.72258236324049,-116.41408071292645,-116.20515126422853,-116.39242799866517,-116.92345842121128,-116.87908322008377,-116.15085720015153,-119.77530262595627,-118.94050513461687,-117.47500728465056,-117.64377927737665,-115.60527763147749,-115.42233023748113,-118.52178905007587,-117.98691312506159,-115.54795751944857,-118.2656845446363,-116.68597931814539,-116.05084019751801,-118.78715464343527,-117.08739061666951,-115.32114556245709,-117.546282255118,point1,-116.68164164319592,-116.41408071292645,-119.77530262595627,1.5037708158595822,-0.5570512694861339,0.15739467501105775
HDOK,PLOK,17472,4,4,-129,-13,11,2,33,-118.16429398321245,-114.52285171605781,-116.88678732391352,-114.87474173478645,-116.0069075928075,-116.30449671900017,-115.36308628083219,-116.47100312494719,-115.28264392203948,-117.38292687231898,-115.49264585516791,-115.89612153771394,-115.10444317936654,-116.27712733174738,-115.77614030990574,-118.22290631043019,-117.43516601812883,-116.44021139467993,-117.22349558565837,-117.62684014797102,-117.40527759555812,-117.14563897466485,-113.7293713901043,-117.34001792483457,-116.95100785215172,-116.31416838694237,-117.01871665413545,-115.1507314573942,-117.01678707507715,-116.4033957675245,-117.68985352045067,-116.97678534072486,-116.86988273477387,point1,-116.44746883681887,-116.47100312494719,-118.22290631043019,1.113875338085419,0.5618776811402197,-0.10156803380024115
HDOK,PLOK,17472,4,4,-129,-13,11,2,33,-116.43880227703058,-117.70055150825148,-116.71772801896259,-115.14189584664354,-116.2793608821579,-114.90219531362622,-115.13783698087556,-118.56285942884494,-117.13161509724313,-116.40461803714837,-114.68272437266687,-115.50813460674586,-117.50442943860811,-117.50823908899513,-117.26867356066151,-115.51301788264342,-117.36189876137848,-115.3065108607715,-117.70283049642462,-116.39667729743215,-116.64613493508068,-116.98338895449588,-117.36721492645536,-116.89319645507017,-116.61273428729089,-116.760618910427,-117.13126791759346,-115.81619293470263,-119.38877123916967,-115.49068649479726,-118.12573715154271,-118.48252661824604,-117.41929011871177,point1,-116.7360109303241,-116.760618910427,-119.38877123916967,1.242771911793944,-0.09478035653813287,-0.30205141955836323
HDOK,PLOK,17472,4,4,-129,-13,11,2,33,-115.29696260808217,-117.57905035546787,-114.02595399037702,-117.0568059471113,-116.55068240660296,-115.45334088993928,-117.8360953161002,-117.17190747139887,-114.46131289001649,-117.42458151530941,-116.79827902110243,-116.70728696839987,-116.51168887215313,-114.95756931101914,-116.1087103580957,-117.06050909415552,-115.68168760380883,-117.06774424547557,-116.67837896655341,-118.32054900067607,-117.93667143677992,-115.35661992692414,-116.89899774197853,-116.70538352033961,-118.02905538577299,-117.75239699176844,-115.5539295727935,-117.13976613661464,-116.67335185708004,-116.79809673703417,-116.98639985392671,-118.14392270490829,-116.46403884716312,point1,-116.64205234984632,-116.79809673703417,-118.32054900067607,1.0873315164773396,0.6650842042821966,0.06499113816050706
HDOK,PLOK,17472,4,4,-129,-13,11,2,33,-115.05752913497392,-117.09043850599596,-117.2771268493631,-116.08482897032299,-111.74973591130927,-113.73206755164712,-116.4388573246816,-117.06628715164999,-116.8825412652167,-116.16934906702025,-117.03723391880902,-116.17121928915196,-117.20114831887844,-116.70270829123069,-116.42409357342393,-116.17598454890546,-117.27099680739087,-117.26872142296426,-116.30572351148186,-118.82157509113534,-116.87252226760086,-117.0447989247333,-116.6483454510263,-118.18154614023237,-116.3700047854824,-115.7658899400517,-117.41943532417667,-118.24570208118408,-117.60195895530259,-117.52848563615238,-117.34578686846619,-117.84780552163065,-117.6607072815455,point1,-116.71094411161022,-117.03723391880902,-118.82157509113534,1.638844261688821,2.0221678845357567,6.302893892061901
HDOK,PLOK,17472,4,4,-129,-13,11,2,33,-115.54443871774906,-116.0232598033431,-116.16369573853203,-112.79943732794116,-115.56627061350493,-114.95888727294829,-114.35609499196237,-116.70683972672765,-116.27317096264233,-116.11549854923668,-118.49435996032784,-116.01166947692583,-116.87678035186907,-116.53451534092153,-118.66737726477542,-117.77386225694777,-117.14088321377605,-117.21861663693267,-116.71497074749884,-116.9471277018099,-117.0355371523989,-116.75410124862232,-116.48747101983197,-118.28683524653182,-116.78741953155277,-117.74493466145431,-116.50841782816998,-116.65003850613424,-117.79299875408937,-117.64504399304425,-115.01913267531444,-116.67260982654533,-115.7877006615903,point1,-116.54727265944398,-116.67260982654533,-118.66737726477542,1.3855837475451045,0.8536195536662705,1.9964765888393772
HDOK,PLOK,17472,4,4,-129,-13,11,2,33,-116.53935761144369,-117.32003702446924,-117.26496298150842,-113.61353995494767,-115.84497367448141,-117.30600478902859,-114.75962271934765,-116.95544299692686,-115.53521586222841,-114.31821066186139,-116.68415579109656,-115.90482528087954,-116.03387463826238,-115.08463197655782,-118.6089800212464,-117.48259685450451,-116.79308183959182,-117.28902218205693,-117.79710373358671,-118.11247578288572,-117.50789155782104,-118.26559133145538,-116.24889775433444,-116.81879718271546,-118.3513649264203,-117.105467027145,-116.82204858363625,-115.98038106951233,-116.55372225149718,-116.47191873623403,-116.55208872498679,-117.45651194017805,-118.21670776670994,point1,-116.71513652210783,-116.81879718271546,-118.6089800212464,1.315654699721366,0.7283011519355133,0.5542973989146995
HDOK,PLOK,17472,4,4,-129,-13,11,2,33,-115.19275393162965,-115.76987216383515,-117.67627071383423,-115.47999593914302,-115.70872084519483,-115.22046102589788,-117.19659566721273,-114.94356256233505,-114.48102988720795,-116.1105224141723,-116.05723010706784,-115.59178036863187,-116.04023403726328,-116.80725212578614,-115.50451134359828,-116.44247715249082,-117.59108313555768,-115.58106629274192,-117.74073459521878,-116.72953778094961,-119.64220787172901,-115.7590422492545,-116.75422347793798,-117.75652022900339,-117.14075782103338,-115.7183803274376,-116.06562168861592,-118.01190325551251,-116.50151126828496,-115.4979580234219,-117.15618199491337,-115.1189565429622,-117.83665854407592,point1,-116.38865501163488,-116.06562168861592,-119.64220787172901,1.2210457207220935,-0.765118477932803,0.5928696068784247
HDOK,PLOK,17472,4,4,-129,-13,11,2,33,-115.96928166593153,-115.87575800480764,-119.20117998939676,-114.24224375516594,-116.72871844571733,-114.89294351128754,-114.22363028995657,-117.75131947214722,-117.22056521346968,-118.11441509808373,-116.06534617935439,-115.44932263371595,-116.79826674516616,-117.33836245323977,-118.27724487158738,-119.43131589680024,-116.39136990965157,-117.37286185432961,-117.97322449518468,-117.69278769201311,-116.27108012706553,-117.83367072600316,-117.4802005771142,-117.20636488781494,-118.49323140824337,-116.27839018029115,-118.19168064832814,-119.761259016348,-116.96248092615504,-116.34474652699492,-118.06436330553962,-116.7926305914906,-117.94994370233793,point1,-117.11030911517376,-117.22056521346968,-119.761259016348,1.7323628098280093,0.27776606757065403,0.046929860398196244
HDOK,PLOK,17472,4,4,-129,-13,11,2,33,-115.37192805018458,-115.85543749249351,-118.45953695000178,-114.86461652141375,-117.11184491965871,-115.08878625790054,-116.52870200425288,-116.57043646632627,-115.60328216397943,-115.87735837367156,-115.57463966357129,-116.263042763798,-116.9262489165594,-118.04618429848354,-118.66796436344006,-117.2116444874944,-115.88302225949272,-117.84846165225039,-115.25021489301363,-117.02619227057754,-116.95821473314153,-117.91611291609557,-116.13719167746171,-118.21157417847292,-117.32810989051792,-115.72084018454647,-117.43943189626512,-116.5914540711825,-115.84175545187325,-118.09023221800304,-118.32092892001965,-117.11382422321401,-117.8598897524527,point1,-116.77451832975183,-116.9262489165594,-118.66796436344006,1.1506725727973561,-0.031520078760503834,-1.1582498178281733
HDOK,PLOK,17472,4,4,-129,-13,11,2,33,-116.95413847019576,-116.42483011454674,-117.54673718402563,-115.19659680559324,-116.65865980733857,-115.69577688723194,-114.85268822934108,-116.85711087307976,-118.02404945595012,-114.7729580777946,-116.81969006881741,-117.54324641871466,-117.85772275134163,-116.8507959592179,-116.45257255096166,-116.032884674501,-116.30622983266478,-117.45333951854215,-115.5112831103556,-116.78182872326504,-116.97934199097894,-115.79999008398443,-117.32010711672854,-117.6863061742681,-117.40702241957494,-116.71441185117246,-116.93435179321767,-117.9050036683889,-116.66106847594621,-116.89942544632845,-115.67209503509106,-117.11765344686788,-117.47919424716929,point1,-116.70209428070288,-116.8507959592179,-118.02404945595012,0.7242506872871761,0.643557122837812,-0.21150125515768936
HDOK,PLOK,17472,4,4,-129,-13,11,2,33,-116.18349621675759,-116.34027228911314,-116.40433137557042,-115.7340858067244,-116.51271081093589,-115.12037961709939,-116.05516301957951,-117.61192396635727,-116.89286692996882,-115.58064151497544,-114.92061181292549,-116.4462490433061,-118.40164261965778,-117.46368970624978,-118.08196082094021,-116.98282913061595,-115.8513799555428,-118.02035602535224,-118.64126547474467,-116.95492560204248,-115.45197605259013,-116.2856557153317,-117.79869495951166,-117.08820149594166,-116.31896726793475,-117.45530672400145,-115.68585181310895,-118.03097294286123,-116.75297702693403,-116.92859516401226,-116.9320943955466,-115.83573039265572,-115.8879949091337,point1,-116.6864788060007,-116.51271081093589,-118.64126547474467,0.8967460707286411,-0.24489860178204959,-0.6758290748321256
HDOK,PLOK,17472,4,4,-129,-13,11,2,33,-116.77648592818052,-117.26487129081049,-116.10597906279855,-115.65476397293119,-115.5499584522024,-115.83091811082562,-116.98035896081377,-116.5481311597319,-116.89963167577893,-114.99393022457033,-115.11653349222425,-115.79099644401738,-115.61992691590186,-116.13492236565747,-118.13050491986101,-116.78044166399665,-116.67720149643355,-117.767031751047,-116.7282057845905,-117.80549316358453,-117.6097883402168,-117.03055636210237,-117.1597085596173,-118.40067429620717,-117.63399589736103,-116.40787607689353,-115.67804996248876,-117.8708616148056,-116.29863143085424,-118.29863959662002,-117.69797464757627,-116.37093245783548,-116.00183856112888,point1,-116.7156307466565,-116.7282057845905,-118.40067429620717,0.8438990444346641,-0.06187318478528354,-0.9069027281733648
HDOK,PLOK,17472,4,4,-129,-13,11,2,33,-115.43534793545416,-115.36727033464943,-116.66245630661362,-115.07685733121718,-116.88211325964149,-117.05288628291385,-118.54818203480419,-116.21310867600049,-116.13518612003058,-115.49012616451046,-115.86223662099262,-118.43448235813398,-117.0950678420261,-119.08364534795322,-116.23920089074971,-118.62975010938919,-118.46859266789012,-120.3990088202902,-115.74667289368436,-118.19101339181823,-118.0091681212074,-115.5509944381878,-115.46616978721974,-116.44750576712251,-116.24098790468912,-115.88294055039468,-117.36133507930731,-116.64395803068216,-115.28764785563752,-116.97270993489482,-117.72063862436177,-117.28176657737997,-115.4687540895171,point1,-116.8287206711929,-116.64395803068216,-120.3990088202902,1.6784621782430755,-0.7765968047422396,0.06224614259294281
HDOK,PLOK,17472,4,4,-129,-13,11,2,33,-115.74082249730176,-116.10289833553685,-115.11739358570418,-114.761841253074,-112.80857701498365,-114.72753616448873,-115.2824720766175,-116.9734670591191,-116.48771135862195,-116.12060910255894,-115.52427211691482,-116.1398391281111,-114.58297394650492,-117.41897837087679,-116.22019686187154,-117.09357843333584,-116.1923222440665,-115.19216528455382,-116.89539282929978,-118.33451221994109,-116.02520236180771,-116.47251786313176,-117.16225743309737,-117.46195719465862,-118.0565206182012,-116.1942542319964,-118.96877262043718,-116.27362759654683,-116.9470420133016,-118.03930634428337,-116.78138994263746,-114.80118451490945,-116.94088494408996,point1,-116.2982568958358,-116.22019686187154,-118.96877262043718,1.5237168284350884,0.33117085843646066,0.8274067540805006
HDOK,PLOK,17472,4,4,-129,-13,11,2,33,-116.18979367461804,-115.1864968639531,-114.60407196935196,-115.41811290024404,-116.53417939205224,-116.40961337359826,-116.2238128030871,-114.98510844881505,-115.38185642996665,-118.31452310736236,-117.24881322563108,-116.84761064655203,-116.81482121292717,-116.16119601701132,-116.68175988765702,-117.40332261928683,-115.54147038351276,-116.99513780906447,-117.5279950209331,-117.63875805791216,-117.05461121100956,-118.87195887444634,-116.4549668905497,-116.65560821344333,-115.29216023347533,-116.80215048725847,-116.38643583219043,-116.49426334056518,-116.86298269667232,-118.02505134062625,-118.36750514689903,-117.74987001193116,-117.02928785884019,point1,-116.67137290852862,-116.68175988765702,-118.87195887444634,1.0034289561538596,-0.015916019262178317,-0.2237976679474536
HDOK,PLOK,17472,4,4,-129,-13,11,2,33,-115.08386748527141,-116.33027730662337,-118.53556182124193,-117.20093976221492,-115.21246684023231,-116.47890481728041,-115.54398758925241,-117.21975796250776,-115.14137653249631,-115.06912487033185,-117.63126168619135,-115.95016056540913,-118.00353992253565,-117.15984017376998,-117.09384803206615,-118.06868318540984,-117.25679360211068,-116.05671318237236,-116.2738271422411,-116.83670399285509,-116.1538594648342,-118.15478497350446,-116.35999494571342,-118.06491536835647,-118.69888888848956,-116.70472440722588,-118.07229386079801,-117.3739238268468,-116.66075731706715,-116.91016436954123,-116.89121597775434,-118.71373537683634,-116.44877031302238,point1,-116.88956562310317,-116.89121597775434,-118.71373537683634,1.0715037267768528,0.043196877631226774,-0.7242847119741396
HDOK,PLOK,17472,4,4,-129,-13,11,2,33,-116.4512667550793,-115.17421294267774,-116.06651087033984,-117.15631939865446,-115.09136455234741,-115.46797514699884,-116.12995264974185,-115.10649344699313,-117.63446589451846,-116.85962755848202,-117.16054498798093,-118.00110088066347,-116.55637257796212,-116.87683819554886,-115.31632633767488,-115.5193713223355,-115.06136846881644,-116.14877387303602,-115.44961609762912,-115.57732914603315,-116.42398520523359,-117.29020390267407,-115.81299475390654,-118.35054323210817,-116.07479956666545,-117.25882909546544,-116.92566169724063,-117.59164013598713,-117.07568912115232,-115.22376808786038,-117.3274177996745,-116.97366999123614,-117.56436464880423,point1,-116.44543631337945,-116.4512667550793,-118.35054323210817,0.8735866790802301,-0.07170487464747967,-1.1259173237081206
HDOK,PLOK,17472,4,4,-129,-13,11,2,33,-116.32622723877988,-116.24495877670627,-114.00644153798893,-115.89417849299525,-115.80036704032914,-115.21479698638957,-117.1271380674647,-116.91339328798088,-117.75744561622092,-115.56757829266394,-115.51332948242882,-115.75893212105113,-115.9572015347782,-115.53558758937045,-116.8243401541173,-116.78413774772686,-117.14794859811842,-117.38196955678211,-116.15554528861142,-116.4382196749823,-117.06156481848178,-116.57695717955525,-115.44904265910222,-115.72096703516085,-116.50299775296928,-117.99642743235981,-117.19267053650472,-118.10878971762287,-116.64991372661197,-117.05402488648991,-116.1645295499768,-116.1326262303284,-115.92918707293812,point1,-116.39058896010874,-116.32622723877988,-118.10878971762287,0.7253735454455421,0.2045430083834623,0.6464688586725411
HDOK,PLOK,17472,4,4,-129,-13,11,2,33,-116.29934812452824,-116.65695336673217,-115.96658174649755,-114.5831784478486,-115.40781074577536,-116.70761081613257,-116.26773310079635,-116.65094108175325,-116.1431335876168,-116.02308129567939,-119.21761504140812,-116.74342601287395,-116.31864486120342,-118.56530192408682,-117.95075969852783,-114.95443872883548,-117.06978005524692,-115.88844689598999,-116.83127021963466,-116.21982779247647,-117.07893581132822,-116.95990558620318,-117.28592667323616,-116.85202977314663,-117.45853425445593,-116.54050284713514,-116.46392469176878,-117.23177101847398,-117.12091134982602,-117.30305843108324,-115.6106278171093,-117.2148918109258,-116.0620073360934,point1,-116.65602760437663,-116.65695336673217,-119.21761504140812,0.826697073636218,-0.3844899339582963,1.4541522968758387
HDOK,PLOK,17472,4,4,-129,-13,11,2,33,-115.26599221741671,-115.01336547926361,-115.94527170021178,-114.60631651731592,-115.68183990474589,-117.76455260819317,-116.66280153477534,-115.5996338104212,-117.4200083077661,-118.19400545147451,-115.14698924422134,-118.40202032625152,-114.95173106698452,-116.65464955281571,-117.98076511441782,-118.26951953981676,-115.90926403651126,-117.40510184652113,-118.63329246252263,-117.13900059395212,-116.25110166692718,-117.36124551598621,-117.9763714907047,-118.2022131386029,-115.70082638506773,-117.78964779703068,-117.99050760461901,-118.6153871548125,-116.0539351308946,-116.26765237759497,-116.29612479343119,-116.73561431129853,-116.98671538006268,point1,-116.81434739583734,-116.73561431129853,-118.63329246252263,1.3931607856659305,0.13378336430527268,-1.2153611543358487
HDOK,PLOK,17472,4,4,-129,-13,11,2,33,-116.45904620104452,-115.38292845034414,-114.02299882172022,-116.32790599144151,-115.06370525837043,-115.1904323676785,-115.07582523028431,-117.21741634185722,-117.49749685190696,-116.213059178854,-115.9038104223778,-117.29395238254955,-117.22980534865519,-115.5801083072251,-116.60612531634138,-117.0663572233721,-116.8672816698222,-116.07382360789455,-117.54214367845313,-118.42751667140922,-119.46755793093344,-115.07532839942601,-117.54440450531943,-117.00572678766501,-118.12793264814036,-117.7580470711112,-116.56501158860868,-116.74390802099957,-118.0622621197517,-115.50141897695237,-118.58345609157524,-116.80835538980017,-117.71439339825137,point1,-116.72725885606474,-116.80835538980017,-119.46755793093344,1.4166890299688872,0.05195902266628063,-0.1801854994356482
HDOK,PLOK,17472,4,4,-129,-13,11,2,33,-116.2068905072016,-115.25123075995798,-116.52290037342728,-115.87589400090185,-113.44242109798311,-116.36381936486639,-116.73190076194092,-115.9104481241268,-117.11577396166665,-116.02184384119336,-115.19688248418008,-117.1341931656131,-117.81706134862083,-116.67881830807156,-115.54518365377469,-116.84302877511224,-114.89678422230442,-116.15311064315844,-116.04026279056326,-117.05683169612243,-116.28166101653875,-116.36955127899361,-116.15405511994783,-117.46616450521367,-118.51470895178358,-117.76225845722628,-116.31333105490889,-115.79016465130691,-115.92403308974703,-117.78327105749271,-116.36038979952838,-117.86862782413588,-117.4099312986869,point1,-116.44858872685751,-116.36038979952838,-118.51470895178358,0.9830609585087561,0.4738100791800786,1.3791658895234336
HDOK,PLOK,17472,4,4,-129,-13,11,2,33,-116.25738742248528,-115.90420712325934,-116.06902526922924,-116.04138066370092,-116.69375296104565,-115.01776444995141,-115.35936257106438,-116.92520751004638,-115.92584047935422,-117.87630931662301,-116.31838870837747,-118.14732982894598,-117.10631675995766,-117.18019380309619,-116.11975429321254,-116.23646034821826,-118.36505555036072,-114.8177261726107,-117.21170430288488,-117.51795123937943,-117.5634056662161,-116.61163638473248,-117.08038741334965,-117.12923381916244,-117.18087936729123,-119.22146561737519,-118.23782246970232,-117.62677785435086,-117.34048583626844,-117.23684991043895,-116.26533151217436,-117.29946759452588,-117.42863401570538,point1,-116.88828776469991,-117.10631675995766,-119.22146561737519,0.9169320429667674,0.023789821097498127,0.1474703712857086
HDOK,PLOK,17472,4,4,-129,-13,11,2,33,-117.21358556747012,-115.63823905277063,-115.46183088837442,-113.41963020883391,-118.11630795248043,-114.20593548162654,-116.84592291685523,-116.46867565749379,-114.86873551133239,-117.3731386985232,-115.69486434319718,-115.80864901051635,-117.96468106323546,-117.97235349077037,-115.98225248355666,-115.46253685255571,-117.26455599607728,-117.42996770967264,-117.56185668227528,-116.29956399872286,-116.63398679355308,-116.4690656639347,-118.20023136358193,-118.03650781364117,-118.83538951632289,-115.46886835112124,-116.97064495104674,-117.74716397293734,-116.77309703091514,-115.90191033830118,-115.09568260693061,-116.67445496777364,-117.19593559227057,point1,-116.5774612887476,-116.67445496777364,-118.83538951632289,1.482553209304802,0.4789434107694721,0.018628613921427117
HDOK,PLOK,17472,4,4,-129,-13,11,2,33,-115.54334077816095,-115.54266270023183,-115.0601052356497,-115.09789511555546,-115.53223231159679,-114.63994630926855,-116.69535550216395,-115.98653585503023,-116.07209277544958,-116.38472531000181,-117.66985773226844,-116.24461317022322,-115.56580500666497,-115.34566514294724,-117.47212205743095,-116.60084230181397,-115.80398183055352,-117.64730960053113,-116.61589002915669,-116.36710476675505,-116.96477209868485,-118.32477446845708,-117.53561749049054,-116.19189837705318,-116.75692473215533,-116.04259253609335,-116.37505795994475,-115.69938531993958,-117.76438579930628,-116.24174443900137,-114.9520372977333,-117.43336992676218,-116.031667048315,point1,-116.30916094016334,-116.24174443900137,-118.32477446845708,0.8117212633790989,-0.32634667933647044,-0.5178612949035215
HDOK,PLOK,17472,4,4,-129,-13,11,2,33,-116.92747349150316,-118.78408632782407,-118.54657524389489,-114.70388903974279,-116.48382600728861,-114.2703501557324,-115.53901743750805,-115.8629446563412,-117.70457856722032,-117.29377728896104,-117.62946325751051,-116.04366368416765,-116.06838113339427,-117.81055977669998,-115.42435416251065,-115.75925513584966,-118.24388894518195,-115.38712284718018,-117.73526082196207,-118.77536673090758,-117.24303252189516,-116.75760265027053,-116.66361841303124,-116.74910360276503,-115.08468141173569,-116.64255864978142,-117.23407187482087,-118.58390088248866,-116.00941707022932,-118.15945977695102,-116.60616160727923,-117.13727889077626,-117.53539782330905,point1,-116.83030666323377,-116.75760265027053,-118.78408632782407,1.3869205245655198,0.1830998026705722,-0.6462823409335314
HDOK,PLOK,17472,4,4,-129,-13,11,2,33,-115.59707389343122,-116.06712797594722,-116.50484435266196,-114.46949793667646,-114.52553554398186,-116.11354217232385,-116.852196963372,-118.14707936313422,-117.85508508336736,-115.454408784416,-115.14192193209371,-116.88454771279179,-116.48094330536051,-116.20988314898948,-117.67370717684409,-117.77460523539894,-117.72195734402383,-115.83495647110831,-115.57787034805756,-116.38254082895006,-116.12531452506707,-115.90259153169379,-116.21871186731966,-116.83113395605618,-116.396087318849,-117.04431441766711,-118.04949660220656,-116.25205044263987,-115.40585516482957,-116.39158676126604,-115.72786793479989,-117.3515096771861,-115.96546470938364,point1,-116.39185789339074,-116.25205044263987,-118.14707936313422,0.869818101824477,-0.09921591106196855,-0.32908903184987137
HDOK,PLOK,17472,4,4,-129,-13,11,2,33,-117.10787543767312,-114.79053038752292,-115.33650726358276,-116.30074617415976,-114.87372810591636,-115.87100578841773,-115.23934320286833,-115.97522918567243,-118.11425198927746,-117.16303714653492,-116.95178534008575,-115.00209006590647,-117.31291843991819,-118.2573867925663,-118.31233032212377,-117.18138553834578,-117.77915063847938,-117.77816970084612,-117.18329820140887,-115.8460703765526,-117.40779105012697,-115.36541301009814,-117.52633034612523,-117.95659298911376,-118.18616460840742,-116.08317272760848,-116.23028115531642,-116.9334140111811,-116.69631339586743,-116.21647180796764,-116.91448053330436,-118.45927397784398,-115.50397083269195,point1,-116.7229245619246,-116.9334140111811,-118.45927397784398,1.1755013121681954,0.1706119918504402,-1.113151021706905
HDOK,PLOK,17472,4,4,-129,-13,11,2,33,-115.88902944273849,-116.07742753859462,-116.96661864915738,-115.67141732544141,-115.87765257998495,-117.47253451789366,-115.9309190713855,-114.81401377339917,-116.20618851969644,-118.47734316424258,-116.97875892614172,-117.39860438923613,-116.28966095149342,-117.64148512983714,-116.26573607309524,-117.67114345730288,-117.53625044101734,-116.86590017614398,-116.80130558779818,-117.04655269067896,-118.77326130814367,-119.45385168367413,-116.38828109945207,-115.38378605627302,-117.56953518168058,-115.36939225679234,-117.08098994384561,-115.2444951247322,-114.3495236214086,-118.23091998178913,-116.80868178437872,-118.88166694939329,-117.3326601191653,point1,-116.81047234896991,-116.86590017614398,-119.45385168367413,1.3862871765731415,-0.15140629498488767,-0.2170169070106942
HDOK,PLOK,17472,4,4,-129,-13,11,2,33,-113.84346248286123,-116.24725648557397,-116.38593490056793,-114.19940217565535,-114.87509279692009,-115.32651495233672,-117.8533724886264,-115.49728547451174,-114.65890881857308,-115.88616974579212,-117.18923934691338,-117.31136415997821,-116.64108172313055,-117.26991254294416,-117.85492449945825,-116.91458417724408,-117.85764086802547,-117.47515409106526,-116.29317122481844,-116.18832015856636,-119.18130701566778,-116.43681241073105,-117.88287488862049,-118.49364819028261,-117.39194276533871,-117.82512785597424,-115.09822455316029,-117.53996070892744,-116.42479067570864,-116.15001176264339,-115.90741606508186,-116.27165741655544,-118.01557560991724,point1,-116.61782251612641,-116.43681241073105,-119.18130701566778,1.5389135458097645,0.30140102599657914,-0.2941298559761969
HDOK,PLOK,17472,4,4,-129,-13,11,2,33,-115.49759814730362,-115.3065417640185,-116.74852891232932,-113.81949523941826,-119.00955370210235,-116.29116407099268,-118.16058394979711,-115.81706565973147,-116.60091010765309,-115.20834291172444,-117.30750366800444,-116.31138598722774,-116.45864568337596,-116.16158665074884,-115.56406742237033,-115.73216544497608,-116.09124601260443,-117.73987005776884,-114.2524397393575,-117.63927834535431,-117.54314563444287,-116.31369121081963,-116.26354481925092,-115.19145347605605,-116.08944707717724,-115.95890931390987,-119.55821323278438,-117.38647136238052,-118.33476543660339,-118.12880518144132,-116.85931745714667,-116.77824011036579,-116.5995303089662,point1,-116.56737903327894,-116.31369121081963,-119.55821323278438,1.540004047009735,-0.25518129947691615,0.3034945598214369
HDOK,PLOK,17472,4,4,-129,-13,11,2,33,-116.73283657518768,-118.04285875005645,-116.21797041852838,-114.98055439761502,-114.79571178088212,-115.92628962721692,-116.86551263760651,-116.62087121097835,-116.76002375801629,-117.1032418901922,-115.88597322066961,-117.68132048477506,-116.81756265900158,-115.35965486680624,-117.92542165486593,-116.49213690057618,-118.48119652941888,-116.69144613304067,-117.09147421121762,-117.44303289127096,-116.71809187818867,-117.1734051930798,-116.01454657681658,-118.47501283267849,-117.27808414984818,-116.98094646171924,-115.73509851202404,-117.340756803416,-114.97902981816338,-117.4738410407594,-116.87750017904723,-117.21881254427248,-117.9672339374175,point1,-116.79234698561679,-116.86551263760651,-118.48119652941888,0.8806756303807729,0.3726428045029615,-0.1925990702612963
HDOK,PLOK,17472,4,4,-129,-13,11,2,33,-116.08077999828363,-117.33802698793625,-116.99566744652422,-116.19320150785734,-116.32477119960947,-115.4584039253231,-116.89452144976208,-114.25012583349552,-116.15777199749971,-117.24544457682612,-119.17852842776992,-114.80492899165924,-117.55987544592213,-116.52987007993259,-116.88761145063933,-116.54118551474157,-116.61979226644499,-116.19515070906218,-117.30492552550649,-118.00386336381655,-115.57968683380456,-116.60380992795996,-116.29000355606361,-116.87752154276053,-117.63546537423764,-117.092087066692,-117.98403550554654,-118.04834960682308,-118.1616901141771,-115.67821497338234,-115.2241732043521,-116.17374033882506,-117.27743416820574,point1,-116.70274723974069,-116.61979226644499,-119.17852842776992,1.038399658295614,0.08396715815107422,0.3885828314135269
HDOK,PLOK,17472,4,4,-129,-13,11,2,33,-114.3476450454941,-116.58338923030854,-117.62560252212684,-113.60368741905243,-117.43128951685698,-115.70669719994825,-116.06147235906735,-116.36475531997809,-117.21439335389664,-116.11914088105323,-117.05471686057905,-116.13048607604823,-116.57941953023753,-117.0592875883254,-118.88256014126715,-115.99441397871483,-116.40367628413665,-114.45369695624386,-118.2535027351823,-117.63836821342956,-117.23278661310583,-117.13800455133499,-115.9945309268599,-117.62966310843332,-116.20993239493475,-116.69919671636445,-116.10869242559394,-117.49164377703279,-115.65842276980197,-116.92753671332932,-116.83604472248976,-117.62204323923845,-116.20775692406635,point1,-116.58377139680405,-116.58338923030854,-118.88256014126715,1.1446492024205086,0.6759920410712783,1.2559092250183688
HDOK,PLOK,17472,4,4,-129,-13,11,2,33,-117.51506820510461,-115.0213680486335,-116.01156351835463,-115.00262604344968,-114.98669202919197,-115.14125197824919,-114.49265759667325,-116.80950816584925,-119.24333068769647,-114.58913656426492,-116.97292263863106,-115.48157610054167,-117.5682272387303,-115.91823247286273,-117.43405545509135,-116.17495710726423,-116.42159291898243,-116.38964701976873,-117.20697457795,-115.46204243874155,-116.93577007580262,-118.29928917129631,-115.55451875252004,-116.69499691102622,-116.55194892629802,-117.82474216735963,-116.65316365801488,-115.82667009905674,-117.7455729398015,-117.85147115112616,-117.57951619195057,-116.96691075225505,-116.20346386382857,point1,-116.50095349898079,-116.55194892629802,-119.24333068769647,1.2694898559998598,-0.15031523177716993,-0.3939456495512599
HDOK,PLOK,17472,4,4,-129,-13,11,2,33,-116.36144247074726,-115.06537983203567,-117.21192286847109,-116.00689267115528,-114.30379923579282,-116.16727911959768,-116.44337212742666,-116.69014393588446,-115.61425038347413,-116.09026696495887,-114.78662503821246,-115.50856620983963,-118.35688490339848,-117.86310136428324,-116.11915406656354,-117.08138040497046,-117.02743197613282,-117.27970942005967,-116.93145964634141,-116.98502674766421,-118.67195241974714,-115.87436814707405,-117.63926222230637,-116.47156523951529,-118.53735016224704,-117.33747280389355,-118.57265003633348,-117.71485339988527,-118.024436100851,-117.14199277821375,-114.76816638422267,-118.89403191948779,-118.18462013080617,point1,-116.84020639792706,-116.98502674766421,-118.89403191948779,1.4328787180498075,0.211826219525874,-0.6394474767956471
HDOK,PLOK,17472,4,4,-129,-13,11,2,33,-114.25337930972398,-115.99078081336826,-116.5867856765516,-115.67264984020123,-117.72721699626294,-115.05324367844146,-115.9688028618257,-116.6010068641721,-115.1273267341231,-116.9748921431081,-116.59516283325262,-116.38798053954665,-118.04441192572078,-116.3202102724253,-116.84701456669495,-115.68859267818158,-117.46702512512519,-118.35593305096529,-118.49398336540163,-116.46157696642979,-114.20719354558888,-115.36259819648573,-116.04945159590032,-118.23711358629264,-116.78941399707108,-117.21692325831135,-115.96800095409061,-115.35164351280223,-115.38217859381531,-116.17019023749548,-118.56240950346805,-116.78878511508421,-115.76116339829854,point1,-116.43833459806746,-116.38798053954665,-118.56240950346805,1.2624623958282761,-0.17005582088632484,-0.3567651456110257
HDOK,PLOK,17472,4,4,-129,-13,11,2,33,-116.68425173363084,-115.72575743428048,-117.73098524452932,-114.26146174362853,-115.03728452192973,-114.49027475170946,-117.13776951169608,-116.08209985164993,-115.49368665265159,-115.99237459063642,-118.0385426891011,-116.83006662068061,-117.05489968750683,-116.76880739383951,-117.101156819913,-116.3920493549302,-116.95668023225059,-118.63489113729996,-117.30075303281548,-116.70191935421373,-118.70565264558797,-115.59881333566948,-117.69090659045767,-118.05066565081984,-116.59919365670729,-116.49112064575579,-116.4880540523033,-116.97857125645,-117.72404771171509,-117.7952895601468,-118.6238648851688,-115.77903499687075,-117.77287983721324,point1,-116.80950930859878,-116.83006662068061,-118.70565264558797,1.2203692881958652,0.3571897644424142,-0.14171622033016096
HDOK,PLOK,17472,4,4,-129,-13,11,2,33,-115.92153807138665,-116.73298061914187,-116.09682138523728,-114.40699371332632,-115.87506943552941,-116.26871956689708,-117.15908832122994,-114.40323083343318,-118.03249919296803,-114.89849498559933,-117.5870514151428,-115.92366875741288,-116.72416570164611,-117.04566674335697,-116.65148896779101,-117.920514677014,-117.56801350418424,-116.47843467181956,-117.60269536960261,-117.6554824713578,-118.83766619486155,-118.38594539398721,-116.25432117276061,-114.23866617813258,-115.30597381227278,-117.63845254749197,-116.6113669636192,-117.61951147351058,-117.15448160844879,-117.20201378887951,-116.96778110171078,-118.78165129410996,-116.714636657692,point1,-116.74742686641073,-116.73298061914187,-118.83766619486155,1.3718146669345634,0.4602131447895979,-0.11682939991782337
HDOK,PLOK,17472,4,4,-129,-13,11,2,33,-115.41592410557176,-113.8713341264392,-116.49752752821735,-115.24400746504557,-113.87300975061427,-116.5396246841065,-116.85135164726265,-114.8958394671711,-116.02152975471155,-117.44073251271999,-118.09013809959835,-116.21004388556678,-118.31964447793493,-115.96591821710574,-115.3182212510668,-116.03042677980929,-117.58876630212701,-115.60771859741439,-117.32043683241139,-116.83065927459724,-116.59098378024275,-116.95419293202848,-118.30663792179574,-116.58345600052968,-116.66345275672053,-117.06288036145455,-117.54619512660673,-117.03180239117975,-116.84829706901226,-117.20036709264798,-115.26422560861054,-116.74338585056304,-117.62768143714378,point1,-116.49564888145535,-116.66345275672053,-118.31964447793493,1.2012625578240266,0.6198576047157895,0.24659242093328038
HDOK,PLOK,17472,4,4,-129,-13,11,2,33,-116.47660779131644,-116.34049699651506,-114.56574279012288,-116.91808257220208,-115.91101883978293,-115.6503702551424,-117.0782951845542,-116.4542375557934,-116.27736097844894,-116.14482455497544,-116.97672272332163,-118.79036414642641,-117.4404329166772,-116.88863609180581,-116.0792509740858,-116.51078821756786,-120.13794083494274,-117.79304972889993,-117.06336235252225,-115.7253883230036,-115.05170253429903,-115.83977570011761,-117.0010730052106,-116.98599650795002,-116.36250996612047,-116.44952642495794,-116.37968747386604,-118.67260294410768,-115.80507506903736,-118.91065827972794,-119.01067903437732,-117.2779613184459,-116.27314177261735,point1,-116.82555648057401,-116.47660779131644,-120.13794083494274,1.3808011969231782,-0.9122385228688401,1.023357276715346
HDOK,PLOK,17472,4,4,-129,-13,11,2,33,-115.81436867742,-117.39380322659963,-115.2397153295391,-116.35080319433796,-118.47572592363821,-115.88663097973419,-116.10733636862354,-116.9501190339389,-117.17277493224125,-116.92317569490903,-118.32093174858053,-116.44798243746196,-116.26972077145464,-116.69947985658189,-118.4219266370798,-115.43887231450948,-115.41215709243299,-117.46226755413008,-117.49600067720593,-115.96066908268733,-118.46307011605714,-118.66760897648292,-117.19697525592493,-115.77758555993637,-116.01338178708075,-116.84108269290702,-118.5620261148626,-115.92828726445113,-117.86111974248195,-117.23522174710088,-115.52970176189962,-115.95945964110132,-116.96803381722093,point1,-116.82569745486705,-116.84108269290702,-118.66760897648292,1.0487338670061632,-0.3508660821919709,-1.018476021043174
HDOK,PLOK,17472,4,4,-129,-13,11,2,33,-117.96460578083435,-117.2453268783155,-116.81746054504687,-114.32547790110404,-115.23906311624312,-115.95099036465203,-116.315851796605,-115.33958708847864,-117.18272265608616,-116.35090457171673,-116.31440863628472,-117.34894541306163,-116.9311897867417,-116.56255068787695,-116.86630703517226,-116.74183788609727,-117.89013988972673,-116.2013604612049,-116.53992688951895,-115.20388548378642,-117.35080229105365,-115.14115855083512,-116.89646489772282,-115.6123392412102,-117.49429533154978,-117.82692060828263,-114.82449611680538,-116.13966325630976,-116.65166673712821,-115.26035969045479,-117.34357009659857,-116.026163113626,-115.99857848719115,point1,-116.42118246325217,-116.53992688951895,-117.96460578083435,0.8447009315986156,0.3181248290098178,-0.5647724525233961
HDOK,PLOK,17472,4,4,-129,-13,11,2,33,-116.69390254499078,-115.13589598164992,-118.99350756771963,-115.26118480495164,-116.26233179319387,-115.51189735551992,-115.47915166954577,-115.66920473930938,-115.25907369176932,-117.67921689551962,-116.40784999827117,-119.3822946620976,-115.54520742000116,-118.74933230278195,-116.93366593347868,-116.5752790830448,-117.25590932956132,-116.89422529879904,-115.86807317549942,-118.23882853973912,-116.2896371783411,-116.19588440416307,-115.98048452039184,-117.57671360318291,-119.56199053619297,-116.8376995380696,-117.4539631149845,-115.90679406234767,-117.56676718304547,-115.09472724094142,-116.93330939882958,-117.6864561824273,-117.0646010361631,point1,-116.78621396322802,-116.69390254499078,-119.56199053619297,1.4732816879434194,-0.6492073801887902,-0.23125041137445868
HDOK,PLOK,17472,4,4,-129,-13,11,2,33,-116.25646694413372,-115.48007403347174,-115.8213236214974,-114.97168254379855,-115.33028028893109,-116.87658686503285,-115.92552634618049,-115.81362911068713,-117.63248895474115,-116.10386484672031,-116.9548250896991,-116.1462390202461,-117.21793882696994,-117.35034581859306,-118.35526344109594,-117.51431353523365,-116.46740017381201,-117.53392339906809,-116.82552982890077,-116.83350191070151,-116.15987630770243,-117.22044031013391,-116.89057584780728,-117.50994322362648,-116.56220008961449,-115.75051361096506,-115.6167854591907,-118.06952144252804,-118.13615927453819,-117.08018615453256,-118.2442388570314,-115.81372709615172,-117.63091338851703,point1,-116.73019047460164,-116.83350191070151,-118.35526344109594,0.8075406607559822,-0.017248656147722342,-0.9455249147813864
HDOK,PLOK,17472,4,4,-129,-13,11,2,33,-114.74183374039711,-116.60066237723623,-116.7397585518719,-115.01889434669869,-114.13761041697296,-117.10226543078416,-117.88094451102178,-115.687847122728,-116.01125357785196,-115.46505359596307,-117.88923993191479,-118.30599715578917,-116.752581222756,-116.86227151568364,-118.09628039372447,-117.38842216662978,-117.75070882155572,-116.83345763981643,-117.5665425638932,-118.5274554819737,-115.81807259542748,-119.00087969501858,-118.218761231499,-117.25974742709467,-118.25364901009637,-117.04548439443002,-116.45446643970108,-117.00581287181214,-119.02297253116284,-117.05682642653078,-117.76183230846607,-117.2967134654364,-117.20998682791488,point1,-117.05346320575313,-117.10226543078416,-119.02297253116284,1.3333235001850459,0.5950171558482882,0.18191073904640565
HDOK,PLOK,17472,4,4,-129,-13,11,2,33,-116.3103912362753,-114.19113179725147,-116.14380069893076,-113.20525587271099,-115.34941692883716,-116.1949626740656,-115.1133974134156,-114.90796326690432,-116.69668382148684,-116.60286792572597,-117.11643513574012,-115.08139323740076,-117.37533831268327,-117.77924163133446,-115.7401526293774,-116.48725863627438,-118.26258953054239,-117.37875389187158,-117.28983768676694,-118.10273143261618,-116.39014335091265,-117.48515126446755,-116.96527826492317,-117.32769636129397,-116.73467633031431,-116.49263907532449,-116.32115118263425,-116.60392820091566,-117.03975912996731,-117.89813373255366,-115.34250592047954,-115.92228993720691,-117.75568062437073,point1,-116.47298900410836,-116.60286792572597,-118.26258953054239,1.277909034953158,0.8295486355699172,0.7928933734645605
HDOK,PLOK,17472,4,4,-129,-13,11,2,33,-116.0613896926771,-116.41982462863837,-115.9197609784664,-115.55295778580563,-116.06463266646384,-115.47319403491599,-116.02034398577706,-119.42692169970633,-115.21379349182928,-116.75078676468202,-114.9896163738764,-116.2379818207993,-116.6491641451098,-117.27007180121798,-116.21147476451284,-118.25202655647406,-117.06363791153593,-118.79736372902717,-116.40457249165802,-116.97607274813414,-116.95283977105147,-117.34053694162505,-117.07670272874483,-116.53738494570052,-116.85701244993477,-119.58879565478482,-116.25993215315533,-117.5054283846594,-115.33691215539433,-117.65208135310496,-117.88645857502158,-117.30467747652249,-118.36977537932783,point1,-116.86133715273742,-116.75078676468202,-119.58879565478482,1.2593696896322644,-0.6694847014347848,0.22312604235304212
HDOK,PLOK,17472,4,4,-129,-13,11,2,33,-116.6347515276807,-115.51956050461892,-114.8414040340103,-113.77533399795658,-114.91104695951097,-115.55535880650206,-115.84314157106732,-114.50913417638041,-117.16651377687627,-117.37441214025051,-116.08606460699242,-115.06800480818472,-118.27503621226398,-118.98596103997109,-116.37367213555304,-118.7369474646661,-115.7232510621055,-117.51521281031276,-116.95260143940342,-118.7698006218096,-118.10955270708611,-117.62309728749176,-116.61085811163181,-117.47087539088349,-116.55495813291832,-116.10544164907067,-117.04046965590577,-115.9091024462553,-116.12051372024764,-114.90881429923346,-116.5409604580094,-117.2136089567262,-116.30004193907746,point1,-116.51895468032286,-116.5409604580094,-118.98596103997109,1.5927380339370614,-0.0535155324596036,-0.3880555137266821
HDOK,PLOK,17472,4,4,-129,-13,11,2,33,-115.81729489505335,-113.84449190919213,-117.39147729931112,-114.91343232058661,-116.2053595325014,-116.98567248410927,-114.45506528985952,-116.36967825027725,-118.24211294790781,-119.14799238419516,-117.28505647975801,-118.00671537040616,-115.28352939443936,-116.53750808809635,-117.99992233833737,-116.51860418261572,-115.11559758310288,-116.56656196446376,-117.77793681579995,-118.83785127789803,-117.78602790946667,-115.61070524968108,-115.670513888849,-115.41083379676024,-115.02533674769826,-116.98765641644391,-115.7149782321382,-115.75501961867371,-115.25960636200747,-116.9515798556254,-117.94743154456921,-114.69176901054588,-116.2169007809623,point1,-116.43424909761615,-116.36967825027725,-119.14799238419516,1.6964535187568106,-0.1819590652313622,-0.692706215565364
HDOK,PLOK,17472,4,4,-129,-13,11,2,33,-114.16435104150364,-114.88737655090692,-116.5874779444789,-114.41642569340169,-114.25547060484763,-116.33781040339409,-114.93593132461572,-116.57937899285803,-116.93730062556224,-116.03562001931184,-119.0928878877135,-117.20574057180124,-116.72784606716584,-117.16842642883776,-116.12976125044446,-117.8873312113528,-117.29559674866545,-115.74727299889379,-116.44414627161004,-116.68940479316856,-117.62788596755071,-116.63654168323221,-116.5444209746901,-115.00327428350778,-115.94159125454865,-116.34114886333396,-118.84978041117346,-118.00648741023302,-115.78089817488882,-118.05907552956143,-116.98719417410925,-115.22319562591683,-117.32480581343125,point1,-116.48035932111253,-116.57937899285803,-119.0928878877135,1.4694719533313603,0.020805509918318518,-0.20957019677395605
HDOK,PLOK,17472,4,4,-129,-13,11,2,33,-115.273877001109,-114.92190880444318,-115.5480428722813,-115.32827612675844,-116.31067250804541,-115.90673348077097,-117.17488048144186,-116.32196391519956,-115.57529330245336,-115.9609156427692,-116.67913915399384,-115.34242874601958,-116.98039012659846,-117.18159073260816,-116.99237395732305,-115.78936989737453,-116.74407673047348,-115.17018649439841,-117.5101532121661,-117.31491054959784,-119.26678175843914,-116.9780288816008,-116.71515496713408,-118.26129700380174,-116.18199311485624,-115.22144798417979,-116.77104091382154,-117.09901898663243,-117.37051412059093,-115.72696974291844,-116.63751476699163,-115.27221093048587,-115.7083611582961,point1,-116.40113691107801,-116.32196391519956,-119.26678175843914,0.9396039958333968,-0.7229548262148446,0.7274486584701791
HDOK,PLOK,17472,4,4,-129,-13,11,2,33,-116.3766697280114,-115.92003203526342,-115.89602469822675,-116.89296368111317,-115.31629128945616,-114.31053765121922,-115.01464648792904,-113.98259804210092,-114.5431729382937,-116.84740495954219,-115.96382263830222,-116.4028061579664,-117.7859868529024,-117.86406458157526,-118.410334499357,-115.77615847444319,-114.95281351639998,-119.15300332838794,-117.48167380871043,-116.74793070164971,-118.02521785623755,-117.72139590091892,-116.36214619261216,-114.88062025241912,-117.00084830432732,-116.85311645400218,-115.41121380604147,-117.37288848504518,-117.54647932226014,-116.78197308259331,-116.29771968057705,-115.94948581925168,-116.64215213867577,point1,-116.43891495047917,-116.4028061579664,-119.15300332838794,1.4605849494843892,0.0298474248683978,-0.35540009817162854
HDOK,PLOK,17472,4,4,-129,-13,11,2,33,-117.53664907432825,-115.48568753708732,-114.99686394931194,-114.48698389391107,-115.24234808660005,-116.05187307345382,-114.73126585384558,-117.49206705902944,-118.03439174500625,-116.42219693887934,-116.7028155104133,-116.79457511059626,-116.45844893479315,-117.11328517902444,-116.65467913935706,-116.17536057044614,-117.06982699801573,-115.65468888544073,-115.84592504885015,-116.35616846619871,-117.55026904804365,-117.26908465173969,-117.88173432053846,-116.73781630014736,-116.48614849893482,-118.27921201187448,-114.36598000353152,-116.81039880106529,-117.87086373317555,-117.7933047976111,-116.97080413093859,-116.32769118085123,-116.17675121521286,point1,-116.54018665903796,-116.65467913935706,-118.27921201187448,1.0340730093760762,0.4252613595664081,-0.3907435901922667
HDOK,PLOK,17472,4,4,-129,-13,11,2,33,-115.67074554775374,-117.32587393785849,-116.18692728256111,-115.56155220337118,-116.36021242424104,-117.4093247200815,-116.24816117672574,-115.43044535565724,-114.97898952487951,-115.70853027799,-116.52475395253245,-116.99890946410743,-115.55433404059377,-116.7183515377094,-117.6524634237982,-117.35603840903322,-115.87169212564817,-117.17216380629476,-116.63157187779888,-117.7754476325319,-117.37784337531996,-115.46520853426965,-116.9427875503185,-116.60255360033673,-115.56273317524965,-117.04615026695745,-116.3345254648517,-115.88574945349072,-116.02323962803284,-117.41109396752596,-118.88388838788916,-117.6657340620179,-116.05641538672907,point1,-116.55740641133809,-116.52475395253245,-118.88388838788916,0.7546031390069405,-0.4054906835160737,-0.13263799477957505
HDOK,PLOK,17472,4,4,-129,-13,11,2,33,-116.27311319891389,-118.00532829552785,-118.3289453952157,-113.70732388712773,-115.29630459562514,-115.58547941401159,-116.56124009801364,-116.86177601267258,-116.18750460616175,-114.90370752209147,-116.27461569294529,-117.4116304291009,-117.05708851576952,-116.51469710443259,-117.2583346364713,-115.53627736843168,-116.685755101421,-116.31905755152648,-117.99921898109442,-119.89272658001946,-118.5376321980417,-117.35156176567064,-116.09718272007035,-117.16776759013219,-116.54977184976559,-118.23818661089014,-118.42181884064368,-117.35994444924533,-116.24308203518942,-117.94406697778187,-117.69949395980333,-115.84075000153763,-115.6324179073123,point1,-116.84072126947449,-116.685755101421,-119.89272658001946,1.482950522518157,0.020942688457111863,0.5911064617479131
HDOK,PLOK,17472,4,4,-129,-13,11,2,33,-115.16192370384145,-117.03549338091335,-116.5524234640721,-115.24681017089567,-114.78673155951438,-115.63958083456149,-115.97913575305442,-116.25018884059195,-118.12218742320545,-117.03836991976317,-116.13228252139659,-115.9963008704004,-116.8984017326737,-116.41942743670388,-116.9532877219239,-116.49712314203329,-117.39967826867847,-116.55595152706809,-115.8824484414909,-118.8823001084805,-118.70903040937296,-115.61736870758536,-116.70363871507968,-116.56051527449291,-118.9861712317527,-117.72081455755864,-116.22219939524912,-116.985762236807,-117.71108308919233,-115.70301889214642,-115.94708907070635,-115.83364449466238,-118.07086743118505,point1,-116.67276516142587,-116.5524234640721,-118.9861712317527,1.097964483758875,-0.5935141727032248,-0.1379479227689493
HDOK,PLOK,17472,4,4,-129,-13,11,2,33,-116.67408825077888,-115.75607535560229,-117.25424124799108,-116.28013120499648,-114.17301998742207,-116.52267052211106,-115.14187966498889,-116.55242988023555,-118.24060627233823,-115.76127446487142,-114.09749253807445,-114.72212847657632,-116.12415764566273,-115.7334728418952,-116.11762686434378,-118.15669419912116,-116.81224548844337,-116.25067152103547,-116.71259043290061,-117.15012858992921,-116.13879123474184,-118.8116289797982,-118.00027612600049,-116.95230197726502,-117.11440678353223,-117.8438775208428,-118.0796200567284,-114.78646280068713,-118.32179140157633,-116.95525849064042,-116.62694061410505,-117.35753180313996,-116.44701580506838,point1,-116.59604633464983,-116.62694061410505,-118.8116289797982,1.3557421066512823,0.28626675297119314,-0.20235800353511602
HDOK,PLOK,17472,4,4,-129,-13,11,2,33,-117.70699544192729,-114.81186197793005,-115.6266358570178,-116.72664821947708,-115.0483982079875,-116.85796361603161,-114.9625277464846,-114.46024145289141,-116.96058175710189,-117.51231801677397,-116.91629438849765,-119.03639411930179,-116.28638436274967,-119.38944763174914,-117.92107064721849,-118.10840746912487,-117.3028714061704,-116.56114305905342,-116.8331972105582,-118.35308924119015,-115.59786953379368,-116.48713305628256,-117.5094985244882,-118.70671021678778,-118.54279075875543,-116.03040793716902,-117.53006359822562,-116.689076701493,-117.63623403128868,-118.81145667180422,-116.48572482768961,-117.85291319175523,-115.42817907363346,point1,-116.9906221197698,-116.91629438849765,-119.38944763174914,1.5994254438240363,0.14470598249304106,-0.6394198017724864
HDOK,PLOK,17472,4,4,-129,-13,11,2,33,-117.07000149242323,-115.78347914240096,-116.5152616931963,-114.61075511160699,-115.07264516242292,-117.31149725514602,-116.5184519589147,-116.4821769158027,-117.20185806931242,-116.33408475720566,-116.54654098735844,-117.6122765601734,-116.97819496030753,-116.79087146990685,-115.98586974352492,-117.19774092445047,-117.98285124720573,-116.39216942844665,-116.69075471782239,-118.00132103190528,-117.42211609487937,-115.69195859011155,-118.20275310648816,-116.9049725089927,-118.42936731114844,-116.44825615654048,-115.92333562229346,-116.84823889807893,-116.60430371032514,-116.79171603221243,-117.80149376347325,-118.59892451985668,-116.6265835617151,point1,-116.82947946986815,-116.79087146990685,-118.59892451985668,0.7819270285576437,0.16117780869297563,0.35130073295244113
HDOK,PLOK,17472,4,4,-129,-13,11,2,33,-115.92419101135388,-114.81329447223496,-116.82870280314083,-115.67371492595323,-115.34285805508283,-116.51066923538245,-116.77705504342383,-115.89735426214177,-117.46807528960146,-115.14629370545163,-116.84729210636822,-117.03833279863689,-117.24628052974906,-117.53271011121393,-118.19009677748595,-116.80101290351956,-118.22939389908862,-115.61548792867156,-118.30254437642479,-115.38164437603996,-117.89793605699114,-118.13770898766205,-115.81203706466385,-118.42034144312028,-116.37704865153256,-118.4117547521214,-118.71439780066564,-118.050477566583,-117.06054763299264,-116.09310400437514,-117.28694795173881,-117.309460275296,-116.00396563403503,point1,-116.88311310402251,-116.84729210636822,-118.71439780066564,1.1727726905809388,0.08032280105131552,-1.1023825728155128
HDOK,PLOK,17472,4,4,-129,-13,11,2,33,-116.23194391100856,-113.76054801212823,-115.63962242617689,-115.92005911623617,-116.84599488887439,-114.56861109252212,-116.80383575633394,-116.25365352143068,-117.99817092815331,-116.2096218342728,-115.06311732241353,-116.08569213998915,-115.56037223287304,-115.11597463964776,-117.39806368440004,-115.23312146236633,-116.76515415206572,-117.225231680054,-115.99486942966368,-116.51677040301678,-118.47106968667944,-118.8541291760101,-116.70729349856342,-118.18212198052699,-115.70828423309948,-116.3041908820756,-118.19899462286398,-117.47613852163288,-117.87148511157697,-117.21851458390671,-117.0131843604383,-117.07829921591285,-116.40951101295481,point1,-116.56617107635967,-116.51677040301678,-118.8541291760101,1.3013820288246198,0.15471657830451357,-0.027148242873631823
HDOK,PLOK,17472,4,4,-129,-13,11,2,33,-114.54668791033738,-116.76212847675313,-118.2212752738995,-115.26209783521024,-115.86956721106355,-116.47607285589446,-116.24306839655581,-116.29925891045588,-117.49209171702724,-116.58146789399649,-117.1474906830625,-116.22678276012333,-116.995360045794,-116.54704056791596,-117.75566033428271,-115.57027067785805,-116.45470253788406,-118.97542265163352,-117.04213592534354,-116.52164687948937,-116.41673583725867,-117.1191602548337,-118.83416780341973,-115.63607101185967,-117.97160286261736,-117.54645257118797,-118.99912348998838,-114.67376040295409,-117.95885796514017,-117.76247007108215,-118.32183850461136,-116.00276947167177,-117.05280737272419,point1,-116.88745597466455,-116.76212847675313,-118.99912348998838,1.2590213726456803,-0.011307789045456621,-0.31452156633060335
HDOK,PLOK,17472,4,4,-129,-13,11,2,33,-116.73933016381807,-114.94008122560173,-117.53913891779342,-116.6658016274574,-115.36730629178591,-115.50147092927206,-116.20217157460151,-117.30113974490601,-115.27760571220621,-115.82583451866327,-116.75918678054542,-117.50423576535782,-117.3867555794015,-116.3987877453905,-115.59399722853732,-117.3291050525287,-118.20437322810568,-115.8869125814427,-117.46269884011694,-117.59537169685201,-116.07597680120767,-116.50408974353756,-117.1676631045526,-118.60189941793895,-116.34472572817786,-116.03261647713148,-117.19452994673657,-116.84575958108817,-117.14714001428311,-117.53296272349166,-115.65622158800285,-117.42114484019416,-114.61984036477621,point1,-116.62502653137888,-116.73933016381807,-118.60189941793895,0.8878371075888385,0.1761050275051953,-0.5642678584171339
HDOK,PLOK,17472,4,4,-129,-13,11,2,33,-116.71221867383338,-115.99852727621597,-117.56945589204845,-113.93761460887157,-116.16337073907782,-115.47396447591271,-116.96122118974037,-116.78327001445427,-116.40854315726307,-115.11933254995562,-116.53699195828449,-115.89374933365696,-117.68627970803917,-115.14503909865707,-116.19428756164228,-117.0548228082243,-116.83344898863045,-117.47836241084403,-117.21906916883682,-116.49320354935674,-115.72525652434341,-116.14707750017239,-117.61462940519779,-114.20174028175478,-116.8142345880056,-116.30570475514506,-117.33949302169442,-115.22474962346965,-117.59961044404113,-116.48114932868414,-118.15409225769353,-117.2542993403496,-117.74957113613259,point1,-116.49316307182514,-116.53699195828449,-118.15409225769353,0.9930190479389651,0.7291936271284908,0.29645789552748836
HDOK,PLOK,17472,4,4,-129,-13,11,2,33,-116.06403035735573,-115.57064453505413,-116.15040724340663,-115.87562837797996,-115.07998978042242,-115.66723625470225,-115.51548673056409,-117.25360838145792,-116.91058422870577,-115.71104549373612,-117.32968683221232,-118.33990178348935,-116.55639774090007,-116.35101151633599,-118.47455190442092,-117.54649544040855,-114.73343263145168,-115.30506403582692,-116.65842919414621,-116.42297734338815,-116.61437393861493,-118.60107242288571,-117.32219401003337,-116.65292595757566,-117.65901890822643,-117.45408334325882,-116.46026232832632,-116.65215611627258,-116.67422539837874,-118.26918405052224,-117.47184194959603,-117.9085794977631,-117.58825965031869,point1,-116.75287234477993,-116.65292595757566,-118.60107242288571,0.9953039397132686,-0.007151669694758297,-0.6932056510354148
HDOK,PLOK,17472,4,4,-129,-13,11,2,33,-115.25894195593,-116.09709646852349,-115.01376475691633,-116.15838659413872,-115.98790848259527,-116.37223879346935,-114.57616880383786,-118.24090383202893,-115.068337189602,-115.49473656350301,-115.91813437531145,-116.32991198309769,-116.67299631992555,-117.12618462892588,-115.82396672233146,-116.38392835849803,-117.37346558548592,-116.54757834337086,-117.19642820451296,-117.72652590980788,-118.27696696834028,-117.17402500986364,-116.98574720546223,-118.99583164677803,-117.21969575687106,-116.78522964407017,-119.18417948865743,-116.24868825177019,-117.60415513627842,-117.00154643032543,-114.83194510965329,-117.06054996264987,-117.79108429448188,point1,-116.68264390233378,-116.67299631992555,-119.18417948865743,1.2482163321154258,-0.20599468747025784,-0.17390202940880917
HDOK,PLOK,17472,4,4,-129,-13,11,2,33,-115.33199043842976,-116.31574388071577,-116.71990333575508,-115.19741961476794,-117.34323949714211,-115.59282533832044,-115.92525928497355,-116.2007289620534,-117.22105461416078,-115.51893891707662,-115.8496062721435,-117.5906884811334,-116.02905453738364,-116.05750932559899,-117.07703902873008,-115.93632763992254,-118.83967229188958,-117.69261681199538,-116.99817961536257,-115.21704181290107,-116.12097280800148,-117.22710114375121,-116.0029873862614,-117.50541572071624,-117.16696052115512,-117.38565174948046,-115.13675697503068,-118.00107234577101,-117.5843119206077,-119.20600923877774,-118.68795947592984,-117.60368596495046,-116.32029351041982,point1,-116.7455763170094,-116.71990333575508,-119.20600923877774,1.1475084505653104,-0.41881264699527376,-0.4957048223178431
HDOK,PLOK,17472,4,4,-129,-13,11,2,33,-115.9770672870264,-115.94459964810504,-116.50111454316709,-116.71918020743891,-115.23894775754123,-114.12557552567758,-116.87154613355855,-116.15569081757918,-116.95926537145743,-115.97029693990957,-116.58554017415935,-114.8281910641146,-117.5050189555379,-117.76513328783341,-116.92601577818809,-116.3139683973814,-116.80719729698792,-116.05770860067418,-117.90683027839901,-113.03165274210485,-116.25659213702771,-118.83428034475395,-117.59617484152609,-117.50266130931732,-115.49496351535896,-116.95429760709641,-116.62491430009003,-115.97192097994794,-118.35425282803405,-115.88844643517027,-115.99774677096393,-119.1332682531084,-116.0807027020628,point1,-116.51153826761515,-116.50111454316709,-119.1332682531084,1.4827219644298626,0.34869102325140994,1.357766204990218
HDOK,PLOK,17472,4,4,-129,-13,11,2,33,-114.84657939084477,-115.32904734978929,-115.3424413685419,-115.11401069766512,-116.21297519555591,-113.98417934535998,-116.47085832000182,-115.98201791547173,-116.06752117504665,-118.83453656845222,-116.67929916919086,-116.8101558575535,-117.01474719695867,-116.96377506507658,-116.01134303543934,-117.88984268729403,-117.59502036219497,-114.67731364581711,-118.26794053872126,-118.79988993902332,-116.00961912231637,-117.73862376492889,-117.38223888670706,-117.5413781194104,-117.5318783006301,-115.92295688400462,-119.34119394825527,-116.35160086607102,-117.8176938387873,-119.817983472942,-116.77847391112026,-116.19852273128471,-118.02508307417213,point1,-116.82881035589784,-116.77847391112026,-119.817983472942,1.824256943141354,-0.14494618639349371,-0.2685983046943172
HDOK,PLOK,17472,4,4,-129,-13,11,2,33,-116.6247330911261,-113.44087108527462,-116.34563127701519,-115.42544585689362,-113.93870014886569,-116.46158884916896,-117.82818399392593,-115.7048960798479,-117.51137687747219,-115.60449319926992,-116.35575166273026,-116.82851877503207,-117.7245071092247,-115.33435753442558,-118.84176825242378,-115.734885078821,-116.47017600046988,-115.76028769468631,-116.013677500603,-118.10280694562775,-116.53463889380937,-116.51775648257156,-116.3256901006072,-117.38904194167318,-117.05081628289129,-118.3669482171635,-117.1444172713171,-118.4266032638831,-116.16550588241,-117.3346337758755,-115.25422765378384,-115.87192150229471,-117.00728369558796,point1,-116.52854975687188,-116.47017600046988,-118.84176825242378,1.3778328174133687,0.37025652660955766,0.6276891743583857
HDOK,PLOK,17472,4,4,-129,-13,11,2,33,-115.29043994628172,-116.5573274506573,-117.10797519040877,-115.49010029851861,-115.73561422635909,-115.47398919512554,-115.96695752382969,-115.1644901815991,-115.57005406316227,-116.79870382198817,-116.45501413494527,-116.24013905179343,-116.73357600664956,-117.50742780231003,-115.74195249529322,-116.75951678455208,-116.4334081297561,-115.68985107600426,-114.65877689440998,-117.00528519007199,-119.54934865279034,-117.76408949608211,-116.26509478776252,-117.48248674954813,-117.08644556734522,-115.12674163134928,-115.4779232337558,-116.98950758031602,-117.6921011538275,-116.18919303350569,-116.82985100017288,-116.28861313160635,-116.7418905012236,point1,-116.42011775706067,-116.4334081297561,-119.54934865279034,0.9258129611026202,-0.8400058564871293,1.8801470130129698
HDOK,PLOK,17472,4,4,-129,-13,11,2,33,-114.92100362958006,-115.49951464773204,-117.09046717016386,-115.8137637561144,-115.42531399850823,-115.24213545457513,-114.51641336196495,-117.20010830738956,-116.59787068662028,-116.32862393201563,-117.86501569171313,-116.68467109485998,-117.44425941455624,-117.14925249513881,-116.30921240417123,-117.91984213383319,-115.31283776815978,-118.31173772990603,-116.8732869917361,-116.61058769164737,-116.73222916811153,-117.1689935897331,-116.51147030097205,-117.1774522801632,-116.43843061929398,-118.20729497296202,-116.79049352012025,-116.81832929138976,-115.8003197953598,-116.46302974546212,-116.76385069837346,-117.59928565498593,-117.76836153863634,point1,-116.64713513745305,-116.73222916811153,-118.31173772990603,0.8590630293886302,0.3519860902523975,-0.2707312750853772
HDOK,PLOK,17472,4,4,-129,-13,11,2,33,-117.53730254728485,-117.31654095108087,-114.84558871153273,-113.96128422217922,-115.84002622178832,-115.7245287228347,-114.78375870952392,-117.22364877154523,-115.7946221036097,-116.0109696783527,-116.0318421288599,-116.2288272165423,-117.17172337448973,-118.23840604859521,-116.61065680781742,-117.2672653567857,-117.84167726029888,-118.00824640495952,-115.74406478459875,-117.53418281948493,-116.48150926828431,-117.1854070144147,-116.90754879909974,-117.37468269522577,-116.91328968762015,-117.1403281388894,-116.83646866020563,-117.79068868356981,-116.44016469471038,-116.46145362050373,-118.11168546743787,-117.35973953924345,-116.85554741361892,point1,-116.71435383409056,-116.90754879909974,-118.23840604859521,0.9685928556554491,0.8381815079383295,0.621956135662062
HDOK,PLOK,17472,4,4,-129,-13,11,2,33,-113.49863813044713,-116.41358085843326,-117.6776715749397,-114.20138574845339,-115.71327257380884,-115.18308968582798,-115.87228436906433,-117.16338614071661,-114.58123602565148,-117.85815708591603,-116.60010490484778,-117.08715244291216,-116.74747476475441,-117.8613475690327,-116.65815029857256,-118.38465089731373,-116.63236345415469,-119.54190632620505,-117.34841537942778,-116.26526982289906,-117.54148938619008,-116.92167516612753,-118.35752301730292,-117.69481661647652,-116.12884023238522,-115.72874124163235,-117.89581669859041,-117.86454869276518,-117.31506199304266,-115.28666420005949,-115.08934757687173,-118.60237245473944,-117.05535937935869,point1,-116.75066044572488,-116.92167516612753,-119.54190632620505,1.7501928913780338,0.426898851341021,0.07948616370199257
HDOK,PLOK,17472,4,4,-129,-13,11,2,33,-116.32574232245841,-115.49825658065579,-115.43526036042948,-114.38718070187207,-116.9795438406434,-116.01284975505155,-115.07590442521793,-116.43710382839215,-116.67685200461804,-115.69925407248708,-118.22291290405096,-118.42885878097674,-116.21703140518625,-117.24855573728121,-115.5349246722345,-116.45810299094695,-116.89352865797957,-118.39693095005524,-115.53948732150567,-119.25222238939014,-116.81391374826144,-116.57394295869115,-118.30330024085005,-116.32223137378229,-117.48738328878392,-115.83231449853305,-117.54341623554053,-116.92553945093911,-115.41274969233598,-118.98919202383757,-119.36745279085912,-117.91885775083273,-118.29965754248944,point1,-116.86395319082331,-116.67685200461804,-119.36745279085912,1.6022865682045464,-0.2886503437315535,-0.7161392131190945
HDOK,PLOK,17472,4,4,-129,-13,11,2,33,-115.48689600118007,-116.38935405525041,-115.24753475321253,-115.67282394562665,-116.45090239183187,-115.10839421862038,-115.2559160427918,-115.94573336853665,-117.91359838706737,-117.61498596364295,-117.61049223467175,-116.7650355694441,-116.98056787707885,-116.86427567178448,-116.72500377682599,-117.82391400941604,-117.13304873935502,-116.12646077835247,-117.9318777409894,-117.1473431989412,-118.29319481901793,-117.55812396457223,-116.4102609162197,-118.01041658673105,-117.21242594136278,-115.64345729000755,-115.26179319507209,-117.41371953493778,-116.16776611146612,-117.96132079661338,-116.26348206013414,-116.17815576820705,-115.82295475637318,point1,-116.67852213531319,-116.72500377682599,-118.29319481901793,0.8743285237082423,0.030454297527288586,-1.1960172498846608
HDOK,PLOK,17472,4,4,-129,-13,11,2,33,-116.78576199027417,-115.60620282098357,-116.72738388393034,-114.3110300935608,-116.13766757301315,-115.600160313662,-115.53821914075324,-117.64471986814269,-116.63818686157404,-116.5539626332196,-116.52598238816691,-114.61399470657734,-116.61457768276959,-117.0118964371636,-115.53877081496168,-118.16557289103889,-118.42514899068436,-117.78696381517538,-117.787249269815,-116.59848434959801,-119.20964702105496,-116.38953549394044,-117.00591347905026,-115.2274289618456,-117.65617320048844,-114.56751981318752,-116.05978366540133,-117.64324861437463,-114.89974507113381,-116.83592521021117,-118.23530983041046,-116.86945892672613,-115.81200331437991,point1,-116.57647360991729,-116.61457768276959,-119.20964702105496,1.3753327503783432,-0.027415448298113092,-0.3928681604587321
HDOK,PLOK,17472,4,4,-129,-13,11,2,33,-115.48325840149091,-116.34267705665081,-115.32181660287091,-113.98390423414895,-114.98807708012028,-116.10331916536622,-116.8214994656173,-114.6823799896923,-116.29976978047745,-117.17685118005012,-116.73069564301939,-117.16463362126164,-115.23615119962864,-115.75337752658523,-117.17948901248175,-117.34888060924824,-119.45838731616197,-119.62064871767181,-117.71431041505572,-118.6586837794041,-117.47314038346315,-116.02968582158636,-116.85102187718891,-115.85478981861216,-117.58287986799473,-115.8384155100136,-116.73956076037877,-115.98306007327406,-116.96852855679353,-118.36998899531945,-117.92807044573314,-116.68089170121782,-115.94226683209897,point1,-116.67609428608117,-116.73069564301939,-119.62064871767181,1.5849044175598168,-0.35256315270818567,0.2607285904914014
HDOK,PLOK,17472,4,4,-129,-13,11,2,33,-118.09529523201871,-114.32568109325857,-115.51280938526406,-113.43225593929886,-112.88796842995968,-116.04840326263941,-116.03082415030342,-116.19464509459088,-115.11336947629103,-114.39123219538136,-116.6653142206151,-118.40465641125779,-115.47402556728211,-116.1576866286647,-117.76452353054324,-116.44853556708861,-115.32537862070195,-118.1883507388672,-117.39000179724668,-116.44149308426726,-116.82596228687322,-116.18746310699612,-118.70570501002334,-114.54589867497224,-117.34756020970819,-116.61387392035579,-118.80751998152915,-117.6213939281194,-117.59492086568655,-116.62638603035167,-117.19554792383737,-116.40142871875484,-117.09400132770719,point1,-116.42000340637745,-116.44853556708861,-118.80751998152915,2.033191462742105,0.5278269995306032,0.05982538984016239
HDOK,PLOK,17472,4,4,-129,-13,11,2,33,-115.34691888410231,-117.54699027535179,-116.23963985180376,-114.68062137158209,-113.68817080847408,-116.97330024235481,-113.83867368769367,-115.76487357944997,-114.95668701060137,-118.61975027027832,-117.34149660256564,-115.43256232168436,-114.70452930791731,-114.91248793182744,-116.23898590853496,-116.46598389854897,-117.58557262356449,-117.8313208696606,-116.57876527934688,-118.29950955197383,-117.46961396941596,-116.54600034140347,-116.8482289558415,-116.47467051883704,-115.62529982279659,-115.50455094633931,-116.68348458172535,-116.59733932711636,-117.63946068409011,-116.0943284374239,-117.34566406354787,-116.79711567955381,-117.02954882643596,point1,-116.35461049793466,-116.54600034140347,-118.61975027027832,1.4242712569404545,0.38889510249625425,-0.2785196888130592
HDOK,PLOK,17472,4,4,-129,-13,11,2,33,-115.88929839009016,-115.045281976777,-116.61155016786545,-116.32142144128636,-114.85692499361068,-117.5540705943187,-116.3428237031873,-116.02741253278134,-116.4571242227757,-115.6588534875286,-118.2881776706929,-115.87796461790937,-116.1501205119903,-117.5364428514042,-115.1968283475163,-115.77996801261575,-116.2599858883428,-118.01358522913416,-115.90056831261607,-118.24442657218836,-118.1070251864674,-116.4058613763423,-116.81951795718074,-118.09362530985207,-114.70846014287041,-116.9427410252002,-115.81664726161411,-117.85816564958094,-116.72453633619098,-116.18715055607396,-116.33779651854513,-116.20692737748935,-118.8714730356065,point1,-116.57856840174681,-116.33779651854513,-118.8714730356065,1.1115577634214817,-0.395910310398195,-0.5539752148375339
HDOK,PLOK,17472,4,4,-129,-13,11,2,33,-117.32002865248248,-117.34705676607398,-116.87741857137978,-114.88714444506643,-115.99260678871943,-115.40017518189723,-114.27413868599885,-117.98203789150368,-116.87143866157828,-116.79507387187427,-115.3329681076923,-115.7580920925775,-117.61819111442578,-115.17940119961538,-115.97741813438287,-114.75216931511312,-117.78362488372323,-115.208632121824,-117.35276401879231,-116.55302573975142,-115.81747271953714,-117.51724609256554,-116.72248564195586,-116.48494305694079,-117.9287483173444,-115.83553758806148,-117.09959769409366,-116.95106750360402,-117.45395746215003,-116.10864893904177,-118.65102941375372,-115.76425908944347,-118.29358517036316,point1,-116.54218136161597,-116.72248564195586,-118.65102941375372,1.189169624580617,0.12498433739586118,-0.795225372150592
HDOK,PLOK,17472,4,4,-129,-13,11,2,33,-116.4662731196263,-114.85253955293733,-115.91509037298364,-115.93151100347676,-116.06630646213448,-115.37049370813857,-118.2506095634487,-117.10105490324098,-115.13769345899594,-116.43466554805211,-115.72517289781209,-115.78703479562822,-116.95616133256448,-115.75941914410177,-114.54539633804562,-116.44317444824603,-118.85392873016036,-116.07582299683071,-118.07700800619645,-116.65938106902557,-115.92948843307833,-117.39612138383517,-117.39364224794195,-116.74359765848646,-116.95760068506586,-118.66885692499038,-116.93088655939316,-115.56482025128861,-116.00639111478785,-115.82504226785237,-117.43605536332936,-119.63263354260192,-117.33144865876639,point1,-116.61288856191102,-116.44317444824603,-119.63263354260192,1.32340182147659,-0.6813524129550547,0.3156876088004399
HDOK,PLOK,17472,4,4,-129,-13,11,2,33,-115.29055382975129,-116.62108610564464,-115.63887807771309,-115.88345237324147,-115.77875854017186,-115.37109376157677,-117.1633959050195,-116.0556754687769,-116.88679540923744,-119.99042170255532,-118.25081811067433,-115.47993505806286,-116.27749136420562,-117.8691286131152,-116.17567995110609,-116.96099414275939,-117.58230097768686,-117.43569724957808,-119.60588151965501,-114.99520861183292,-116.16036425502581,-115.64383127800859,-117.82104793939713,-118.7234727035314,-116.68801546857051,-114.30097010052985,-115.79901935885165,-116.44130961778293,-116.99298316591158,-118.57571328374047,-115.87157638065734,-116.90095838683445,-116.49492339175708,point1,-116.7190130940292,-116.49492339175708,-119.99042170255532,1.639302966561884,-0.734708056995278,0.3916088634704944
HDOK,PLOK,17472,4,4,-129,-13,11,2,33,-115.31436609255933,-115.8700356978282,-114.49785978208443,-115.05246784668758,-115.46815705474714,-114.24167931453572,-116.28439569384297,-116.2853276275561,-119.46046880525019,-116.80941924511257,-117.92898909318644,-116.88226016771387,-117.81548431524523,-115.6867008265672,-116.73354763877057,-117.33128465841698,-116.85873749526166,-118.01070526497743,-117.0400017119642,-116.33016058599307,-116.35207164154251,-116.72396221894816,-116.77198000189999,-116.94631299301531,-118.25661034216017,-115.98938981167049,-115.51000509763203,-117.89174189995006,-114.45051061656325,-118.57822961696318,-116.8820164053717,-116.43094997381078,-116.90270112125815,point1,-116.59359183815414,-116.73354763877057,-119.46046880525019,1.4009950292278268,-0.07509918524523719,0.0702289870529631
HDOK,PLOK,17472,4,4,-129,-13,11,2,33,-117.94353590804741,-116.61690962921858,-116.18496305685676,-116.05823418492423,-114.63790283799639,-116.82591153871377,-116.2207018884974,-116.32453454476808,-116.6888039375524,-116.00430044235982,-116.8473911082416,-116.1654967729845,-116.19862925720038,-116.29651446947709,-117.48062692789219,-115.50506374653237,-116.50488441333118,-118.8289843552866,-116.97416517716951,-115.51936703899341,-117.38202155822246,-117.85088747659823,-115.67360711980383,-115.71546517502362,-117.06158690543711,-118.24258740930635,-115.26830634821793,-115.50664779253951,-117.10238190786727,-117.716969949066,-117.10200681507015,-117.5535412236962,-117.2119452282616,point1,-116.64287503470165,-116.61690962921858,-118.8289843552866,0.8542183979316679,-0.17565162796040384,-0.18451011085266655
HDOK,PLOK,17472,4,4,-129,-13,11,2,33,-115.99666488823863,-114.62310693064026,-117.21016794774789,-115.09994807816047,-115.31088144218364,-115.51380810593234,-116.72130213484046,-117.35649753018747,-117.63679819769389,-116.01177558301214,-116.9548897792271,-116.90377133994602,-115.23531676144911,-116.08951859970269,-116.53114913246225,-116.26873778342683,-117.45695574060541,-117.8975509887712,-116.23271252067664,-117.98872067730824,-118.40028141904175,-115.65812721122522,-117.8646026913389,-116.90728954106065,-115.53278481123778,-116.1890855960944,-117.9816177594711,-117.91600042459088,-117.76238975705769,-117.31776055039917,-118.24756430276466,-116.59131747204226,-115.21860523722484,point1,-116.68568790714431,-116.72130213484046,-118.40028141904175,1.0817703530160725,0.1441726332903444,-1.1174457396643986
HDOK,PLOK,17472,4,4,-129,-13,11,2,33,-115.4969470548958,-115.94266496007529,-115.05957286844162,-114.46041098786586,-116.14520119085883,-116.02087842831833,-115.65191417221418,-117.19524048706297,-115.11414390460982,-116.95588201873878,-114.52285240243134,-117.44664789781706,-118.2665808210787,-117.276017290549,-117.58451089625841,-117.19583711755509,-118.507924149973,-117.16649761592188,-117.17510285052944,-117.49810040027022,-116.32417451272894,-117.00066550801283,-116.711730472623,-117.77156617113799,-116.82176327317326,-116.51594148941297,-115.56974214738096,-116.95303566239231,-116.97885614365372,-117.8997517523746,-118.75477209270602,-117.41403295972312,-117.05696245874661,point1,-116.74108855028884,-116.97885614365372,-118.75477209270602,1.1203762238749935,0.4202630456732369,-0.22856450837963527
HDOK,PLOK,17472,4,4,-129,-13,11,2,33,-115.13922827663708,-115.38318946812926,-115.94418978388977,-114.76785963276765,-114.51893352957272,-117.66182071378718,-115.75699775438594,-117.17479013317958,-116.16621766110688,-114.44442585321484,-114.69797486155252,-117.37759796226939,-115.66798279302019,-114.38710958527753,-115.32747547897513,-116.59405704851937,-116.86926071100861,-115.48092071138771,-116.52927219837734,-115.18650015938138,-118.91602593715592,-114.43451825490327,-115.47565470477677,-116.04162339868803,-118.89198158477649,-117.66044831704417,-115.48111546775654,-116.59956337357644,-116.58624845065629,-117.37422897416013,-117.8555368533674,-114.92930831120619,-115.90943137313499,point1,-116.09792391871646,-115.90943137313499,-118.91602593715592,1.5168084923605005,-0.6041536199686777,-0.31178486908644265
HDOK,PLOK,17472,4,4,-129,-13,11,2,33,-116.05064084108321,-114.06242669835223,-116.05362868280962,-116.49801434614679,-116.37689283103369,-117.28348961070068,-116.23136068261006,-115.43785239033384,-115.39957447107166,-116.5590784567649,-116.21146813165352,-115.470517221073,-115.31260490521096,-115.20148884830851,-117.28539566880127,-116.32919114124753,-116.48484145236642,-118.2016185196968,-115.81436988392127,-116.0921691444961,-117.13073335799353,-115.41948875802261,-118.1958440516728,-118.85878173462876,-118.77374250809194,-116.07939333765566,-117.35060420370543,-116.22205998825383,-116.68501465968839,-119.59003490635374,-116.86413710523962,-116.94389168456078,-116.86077165321599,point1,-116.58579157202318,-116.37689283103369,-119.59003490635374,1.3259426995485981,-0.644535341392566,0.7336232529624804
HDOK,PLOK,17472,4,4,-129,-13,11,2,33,-116.49103625104556,-116.35629072235169,-118.19924493341813,-115.21256083819898,-115.59988196300273,-116.38351961654418,-114.92239342407588,-116.57601028677298,-116.25291644476071,-115.19738865392674,-117.62350103439455,-116.76335518067911,-116.55241491430648,-116.19414392225043,-117.85297324604663,-117.12354033244581,-115.79698026610656,-117.63021427183091,-116.30060470036902,-116.86697480693995,-116.98440801690599,-116.43888792414916,-116.88204564542876,-116.37365619727593,-115.33581679011188,-117.41097464643241,-117.67806865854942,-118.39602991366834,-116.70338940657213,-117.09122814711846,-116.5992255895679,-118.3873734906729,-116.69422136096749,point1,-116.69306883626932,-116.5992255895679,-118.39602991366834,0.7749714479444112,-0.03934253042070959,-0.25313056358671515
HDOK,PLOK,17472,4,4,-129,-13,11,2,33,-116.15699050498787,-115.88137155304727,-115.49169395317756,-114.6587679448696,-114.71145385666122,-116.24274103434627,-116.87640254979476,-116.78466564302406,-115.01925355992182,-115.4041259986066,-117.25799160517343,-116.36167584126008,-117.32638181820079,-116.11387861228364,-116.63406543686737,-117.1995183395025,-116.4510312495739,-117.87281106286798,-115.61239426686852,-116.51393236989743,-116.87598995958538,-117.11111571298486,-116.92142651218278,-118.81233980439842,-116.38927891197663,-118.91724793180246,-117.37490586461972,-115.71877723240203,-117.72105286907386,-117.9290149439676,-117.29234525733936,-119.13657412980518,-118.11951356235954,point1,-116.75426454222519,-116.78466564302406,-119.13657412980518,1.2505682637015787,-0.18691479659064952,-0.2251714939370313
HDOK,PLOK,17472,4,4,-129,-13,11,2,33,-116.32657781420095,-115.48371781927456,-117.2310080666152,-115.84164263537171,-114.49474297887927,-113.15987361312908,-115.89166351102612,-116.63990092485564,-116.92577533806504,-117.604091171731,-115.8557705038102,-114.69074764664656,-118.29054046332062,-116.7015134811808,-117.13509124248594,-116.23014517338999,-115.86753243031634,-119.21173591094978,-117.27572634196964,-117.55880892572924,-118.50151868793586,-118.5866310483183,-119.09643216251301,-116.36265971903357,-118.48321370972255,-115.77007485036422,-115.86562536750517,-116.90944509089077,-117.11271532634234,-116.82699745957753,-117.17620474542991,-118.3644952229475,-115.18137955352833,point1,-116.7470908768805,-116.82699745957753,-119.21173591094978,1.8237000377760488,0.2896376559391395,0.24537107838922
HDOK,PLOK,17472,4,4,-129,-13,11,2,33,-116.49678600161643,-114.55080152323205,-117.14890088297425,-114.44690641610464,-116.5066553463513,-116.06971255518407,-116.42663636030889,-115.34993689156107,-116.34917090688067,-115.75587944501933,-116.53131613235976,-115.83893655689937,-116.88711959656699,-115.76303806065677,-118.04982552977344,-116.93980119986003,-116.59648897425294,-115.95936410883209,-114.74969314652262,-118.90374374724007,-117.66470052207133,-116.90081806865143,-118.07075302548638,-117.15234861119232,-118.16123827250227,-117.13447700739538,-116.75920545190722,-118.03207227373377,-115.68885141413767,-116.42626606994243,-115.9604700716608,-118.03506094136682,-117.70186713737226,point1,-116.63663158332173,-116.53131613235976,-118.90374374724007,1.1369965041712398,0.0735713560948174,-0.27171753868812276
HDOK,PLOK,17472,4,4,-129,-13,11,2,33,-114.45605274580043,-115.35362283919868,-115.44134933578346,-115.57934459359696,-114.41967589569988,-115.86232175611062,-117.48524685569255,-115.57531799113264,-116.40798019635696,-117.52575094854258,-115.15180619111224,-115.36206629696423,-116.49185051472018,-116.93161912956326,-116.35768717234102,-117.00730150103816,-116.34510999922453,-117.94187087171704,-115.34504406090697,-116.54602315609534,-118.0990246305683,-116.22600857376351,-118.45967986400825,-119.01215894370446,-117.40662353492965,-115.81178933304857,-118.65343916490077,-117.88599139473268,-117.0444353756124,-115.56447939366859,-117.52043600874764,-116.49555668454028,-118.00502709011457,point1,-116.59914218314962,-116.49185051472018,-119.01215894370446,1.4208271931747374,-0.15115858917176936,-0.8037184611972612
HDOK,PLOK,17472,4,4,-129,-13,11,2,33,-116.5784110631736,-115.3724429199435,-117.64558006018977,-116.48504359271547,-117.90171679387443,-115.486554547516,-114.68520876527084,-116.4316367458629,-116.32445053610267,-117.69691832298582,-117.51199438371756,-116.88752425287167,-118.0536175514102,-115.59801637286233,-116.14532624161511,-117.42705664646762,-118.67662784595092,-116.90665904559559,-117.34262247083018,-115.47044609304841,-116.76031507712102,-118.54955587700971,-115.84757498246034,-117.86761445239104,-117.99158922679355,-115.61745662696976,-116.642039044646,-116.18852879945447,-116.87617882517345,-116.95171237525867,-116.5684187397635,-116.43202977554303,-115.36903872484802,point1,-116.73605778119506,-116.642039044646,-118.67662784595092,0.9661793336299069,-0.04888601719205452,-0.6440857445860959
HDOK,PLOK,17472,5,5,-131,-15,11,2,33,-116.21945719466144,-115.41858551615962,-117.45495500794368,-116.6502111984069,-115.86168698835849,-115.94373512951869,-117.00730779459374,-117.87514752455851,-114.955868008048,-116.74275018067763,-118.09204016090159,-114.64955375217747,-116.90877486639744,-116.68372837614272,-116.8699842509027,-117.71728172736498,-117.444249490513,-116.4348977617844,-116.33030698546033,-116.99254033389356,-117.47056414342292,-117.50208556853758,-117.17435854501453,-117.47561654487889,-117.24229285075366,-117.09074437508141,-115.41278455109024,-116.36860700288355,-117.49852748894497,-116.0292464907421,-118.35217664324914,-116.93381514321777,-117.91728940935796,point1,-116.80973245471634,-116.93381514321777,-118.35217664324914,0.7748192430691699,0.6184674482886745,0.014851379966918543
HDOK,PLOK,17472,5,5,-131,-15,11,2,33,-114.43354432952985,-115.18561126938526,-117.29318933295679,-116.58904302671748,-115.60936579171101,-116.76732173500211,-116.82186507077841,-115.46727574413445,-117.0776591921951,-115.68404587854744,-118.22618901098436,-118.09864777078612,-115.46407926215392,-116.41077818922817,-116.94912001078657,-115.87929785444642,-118.59670977730104,-116.68338640928954,-118.64916374958814,-117.19954460765547,-116.98659895483125,-115.45590672433116,-116.24454041888411,-117.64056328228763,-114.86797578968726,-114.93507548458743,-116.64168649903337,-116.84764636103016,-116.82056475100086,-116.82165883771081,-118.37436468571285,-117.38828907725633,-116.67184862985248,point1,-116.6297744699813,-116.76732173500211,-118.64916374958814,1.1618044969853834,0.014506321183455406,-0.49153089968001895
HDOK,PLOK,17472,5,5,-131,-15,11,2,33,-115.80587100328268,-116.00237200125618,-116.56362308146643,-116.0288790587109,-115.91279554972581,-116.44353788745667,-117.2243053884082,-115.8057311417612,-118.41752733470018,-116.86574126642122,-117.1027885437171,-118.1926007492843,-116.63700374877386,-118.11649807608569,-116.82203712107317,-116.55976213317628,-116.30317131597882,-115.92885364745055,-116.69630692928732,-115.66848479048599,-116.51243328332735,-118.1709066535571,-116.70660313710184,-117.41035649834818,-115.87517330068633,-118.2680545172478,-116.7729652375567,-117.47964017737274,-118.25195036430827,-116.70913008229924,-115.35480368618765,-118.3192730588961,-115.85725621528601,point1,-116.81171021153573,-116.69630692928732,-118.41752733470018,0.7981272266354724,-0.4735838166274947,-0.9126637733473344
HDOK,PLOK,17472,5,5,-131,-15,11,2,33,-115.11515688989641,-115.63625259248931,-113.61229649326002,-115.04043146047675,-116.7623427669324,-116.43787424332416,-115.21782940239233,-116.24438600583791,-116.73796912194035,-116.44922590445152,-118.15477900098088,-118.53068213410563,-117.11278792448348,-116.69947451949717,-116.37407584496248,-116.3401117390823,-117.23693344086234,-116.05859660424157,-116.5936661340379,-115.60957985448619,-116.87768727161928,-115.64877627094651,-115.62750788761767,-118.70039981346872,-117.2779897304695,-117.63954193703128,-117.98424545661308,-116.53387033294833,-117.56594974073722,-116.62801690208263,-116.95300250615769,-117.77947486756531,-116.96833656879546,point1,-116.61058337466044,-116.62801690208263,-118.70039981346872,1.1279184674486566,0.3733460585226274,0.7557041581183435
HDOK,PLOK,17472,5,5,-131,-15,11,2,33,-116.10535712237836,-116.71286703848129,-114.10837001696127,-117.31326470114568,-117.38871773380579,-117.00305874779112,-117.7027063358589,-117.32152183637311,-116.11570996767526,-115.90214120407923,-115.27957533721784,-117.37802457348049,-118.16241138196541,-117.06669074765455,-118.10234110157332,-115.65889098494698,-118.78213479606687,-117.74083188808676,-117.6094079437242,-118.97620704446587,-115.6409375692424,-115.75597501494993,-117.7469204151188,-115.0192075718138,-115.89060962229857,-117.08448047191779,-116.7664384350514,-117.78533732653713,-116.15143554427686,-115.64384019586973,-115.91511308948527,-118.17324177133356,-117.90729618256918,point1,-116.84578980952112,-117.06669074765455,-118.97620704446587,1.287520612182142,0.2591530157857046,-0.48360134341528305
HDOK,PLOK,17472,5,5,-131,-15,11,2,33,-115.04203430079957,-115.6082247425471,-116.97436186864911,-114.57552120919196,-117.4150810024533,-116.43607998339405,-116.0820674896907,-115.38985831431557,-115.71442146832297,-117.41873735028254,-118.53787180166958,-116.01582070904603,-116.70419216533061,-117.89968968040645,-115.8200836850254,-119.35690073743953,-117.74139818385915,-118.64820973234525,-116.40723273899518,-118.6001895712964,-115.1066607968504,-115.84472529529896,-117.43926827879342,-117.39664078109504,-115.77118900982123,-119.24919164355796,-117.89948648843297,-115.73526042639469,-117.0640788205163,-117.56240616158532,-118.53387843405139,-115.67764326885911,-118.01129741426244,point1,-116.8993849561994,-116.97436186864911,-119.35690073743953,1.6398965296790189,-0.1659833031590631,-1.005218339602521
HDOK,PLOK,17472,5,5,-131,-15,11,2,33,-116.47084302083039,-115.24736845428919,-116.59351825312488,-116.07580021410541,-114.22708857903429,-118.18995478614819,-117.01900202581227,-116.182635473676,-115.80639886231909,-117.43790403503407,-116.19207681052237,-116.8798668242228,-116.0428946637059,-115.31209673290076,-115.43054486393734,-116.21217564194542,-117.03303236450216,-117.86553015946684,-117.02369403447354,-117.74903890346505,-116.88474969164176,-118.77248773041822,-117.28309621681204,-117.31630380802319,-115.63851428244597,-118.66726978494295,-118.12336783286217,-116.69244613306316,-117.42137860724544,-116.54070971393753,-116.14469490676858,-116.81003161740686,-118.22586815054984,point1,-116.77310252059496,-116.81003161740686,-118.77248773041822,1.0567910514402414,0.09518369040358705,-0.054959450124401066
HDOK,PLOK,17472,5,5,-131,-15,11,2,33,-115.845380526366,-115.3800612366135,-115.2942464911131,-115.86185927788326,-118.42979180725283,-115.88231124296153,-117.62605433788478,-116.65518732712859,-118.64127563886407,-115.38388335464931,-117.25261154138647,-117.82177986592127,-117.49455928999129,-116.86248933683514,-117.70097010040561,-117.98730715769472,-118.8222169306825,-118.10235529218957,-118.74170811549536,-117.23315287534346,-119.11130050599864,-117.91112713597597,-116.01070423279124,-117.33961240225388,-116.4127108806631,-116.81253779541753,-115.67555934292092,-117.05689361019188,-116.97186394650156,-116.35411184477493,-116.37682309335355,-116.29131358406029,-117.79517435264154,point1,-117.0648161961881,-117.05689361019188,-119.11130050599864,1.142001947138035,-0.08826665215976229,-0.9631058189126565
HDOK,PLOK,17472,5,5,-131,-15,11,2,33,-116.25454855755844,-116.24158684428362,-115.24276331682303,-115.85356033955053,-115.92180871746274,-117.13480115156825,-116.12649423035067,-115.2058413874515,-116.90858650496482,-116.93121956589557,-118.30358442653967,-117.98788666984757,-114.6108982644476,-117.4088373040375,-115.33990090813442,-116.99767669515379,-117.61117462966317,-117.51872617826814,-116.6425899836319,-116.34071754115114,-116.217684547918,-116.5689939740241,-116.28260799311293,-116.26212699059354,-118.7924486193434,-117.68889462723295,-118.86540384082468,-116.16326244847212,-117.92022788469345,-116.2604421727082,-116.01117532750376,-116.4036297227529,-119.7053651712583,point1,-116.77955959203702,-116.4036297227529,-119.7053651712583,1.2541457862493641,-0.6101039712284396,0.3048761234689641
HDOK,PLOK,17472,5,5,-131,-15,11,2,33,-115.92397743578645,-116.54570518396088,-114.90335827564955,-116.29584717734834,-115.51843919186287,-117.07071868107684,-115.61971647534682,-118.50949616028375,-117.44300920302594,-116.01997334738012,-118.44538436683376,-117.33720723546116,-117.1153699245898,-117.42196996367649,-118.42165269266846,-116.41243855617581,-118.71064488980967,-116.43519795167643,-117.94881984170736,-118.72254738810703,-118.13231346598249,-114.63267101553289,-117.02938131300257,-115.76850317390065,-118.25578114033884,-116.27994016815433,-116.57389722619509,-117.36513542359836,-117.82207762824532,-117.58047573478147,-118.24024910867895,-116.41764076839304,-116.81270706419413,point1,-117.02218930828566,-117.07071868107684,-118.72254738810703,1.1937229349911134,0.24058567391826474,-0.7054685081387921
HDOK,PLOK,17472,5,5,-131,-15,11,2,33,-114.86208628994653,-115.51342048017874,-116.28605438249765,-116.52667105656158,-115.9982985711048,-116.7501012705211,-117.62759118604242,-117.27439486593971,-115.95859096744742,-116.7075351992379,-116.6939286423377,-117.06206879730017,-117.3658707617361,-118.57756017887286,-117.03972270154208,-116.05177797637036,-117.49326696157722,-116.27026366787416,-116.81953254112722,-115.96260023973605,-116.43927679648597,-117.13802048488586,-117.29631091151607,-117.41853631998545,-117.01067854182276,-118.38189529984169,-117.21467384834445,-117.424786538185,-117.59316094448147,-118.34748766068189,-118.1288885923706,-116.68375102677899,-117.45016992374688,point1,-116.95057495839633,-117.03972270154208,-118.57756017887286,0.6703497340325691,0.21080017354613662,0.234333799932819
HDOK,PLOK,17472,5,5,-131,-15,11,2,33,-116.37603337844527,-117.84279022066454,-115.5221498096605,-115.90010575785776,-116.47223883714159,-117.30993054576852,-117.05083385692629,-118.03829292609875,-115.02111084946178,-117.20830461502882,-118.24757382272598,-115.26172079933048,-118.80803828991267,-117.45016088048831,-117.43575759813376,-117.66647277951361,-117.08775543531219,-115.46005196593028,-117.76354789340071,-116.2877019318408,-117.98708904660029,-115.5640739280568,-116.31074362490698,-116.03734310777367,-117.13942629769983,-116.02543090545025,-118.30533057145502,-118.27867000257548,-116.62671231167299,-117.88857512177262,-116.69687310540588,-116.75129862211821,-118.22779848772954,point1,-116.97121022202607,-117.08775543531219,-118.80803828991267,1.0112196844880674,0.18507940661120312,-0.9785436579330065
HDOK,PLOK,17472,5,5,-131,-15,11,2,33,-115.44502369700834,-114.3426069344127,-115.67608543128983,-116.87620591854768,-115.4962298203984,-116.05111195494051,-117.101239359926,-116.15665690996912,-116.20467255969022,-119.1512529341562,-120.10501015130066,-117.06440076731792,-116.4467243754138,-117.61774600835442,-115.78272441008671,-117.24586206653929,-117.08185312549269,-116.64046308971794,-116.42125508149962,-117.41140491409699,-119.41589558731812,-117.51355248649735,-117.89042699634504,-116.34396310984435,-117.36925474457296,-117.4694414158704,-118.02922731245339,-116.37212456096572,-119.2316721543726,-117.4824076560009,-117.39754741998513,-117.81583275407968,-118.78543585621489,point1,-117.13440338074787,-117.101239359926,-120.10501015130066,1.535420643817333,-0.34167413246915396,0.2735861324612605
HDOK,PLOK,17472,5,5,-131,-15,11,2,33,-115.72430803231718,-114.94492145278586,-115.63457952252548,-116.79863220790779,-116.42260212590004,-117.03385953288763,-114.46415251528845,-116.24535212253596,-116.30873826556729,-118.32320244523515,-117.68972864050079,-116.38265501446452,-117.22054704192777,-116.58356319781348,-116.09836268537454,-117.10221451179581,-119.03538065699738,-117.26170494766549,-117.88011674184175,-117.16791994078152,-116.79062339891709,-115.32543595172119,-116.6256322016613,-115.98894135125656,-116.12969722052557,-117.78480982975614,-116.74256783096594,-116.12956824124,-117.92415646350555,-117.42830063204184,-116.76576734003422,-117.36563027886919,-117.64154093993656,point1,-116.75652161462256,-116.76576734003422,-119.03538065699738,0.9128572262735957,0.1023811656411168,0.3436614721225717
HDOK,PLOK,17472,5,5,-131,-15,11,2,33,-115.29233776287043,-115.95218243825195,-115.32728274781962,-114.42162940371497,-117.6391909661044,-117.0876712021907,-117.57183319897369,-117.60635082219882,-116.62406601122355,-116.37140436319588,-116.62644768859704,-116.26361965691669,-118.69801079983688,-115.60605544796184,-117.14919844655094,-116.77605156743495,-116.57704480304092,-117.62106082939677,-117.9133767438608,-117.26359705130912,-116.9243296793604,-117.95878904870077,-118.11846311278153,-117.97205400176212,-116.72327580374606,-116.4025525875828,-117.27254568299799,-115.38788060344973,-116.77186804833157,-117.92954488791887,-116.54189723300532,-118.37608436495422,-118.31049750288477,point1,-116.94176346996744,-116.9243296793604,-118.69801079983688,1.000269236655056,0.4696032579583827,-0.14929820152612283
HDOK,PLOK,17472,5,5,-131,-15,11,2,33,-115.19861445404509,-117.63910343726451,-114.70771646287908,-117.09645174283808,-118.37596785846867,-116.35177948779436,-114.93078587556168,-117.29153904437398,-116.73490535971804,-117.87821222882047,-116.4582817561024,-118.16568320561679,-115.4575560234241,-117.38020979395519,-117.56689389801085,-116.57286928054418,-116.11230740925645,-116.39159531242203,-117.48747693095564,-117.873605058723,-116.73574602533266,-116.76971000658554,-117.40377034556775,-116.83090811189041,-116.27814929154039,-116.39496429460543,-114.68671354434584,-116.5779209179403,-117.45927290456915,-117.59723811617835,-115.3876322966095,-118.3506229483925,-117.4691282815868,point1,-116.77616156684604,-116.76971000658554,-118.37596785846867,1.0171811897370857,0.5302625020509539,-0.4228978891173658
HDOK,PLOK,17472,5,5,-131,-15,11,2,33,-114.5390905523639,-116.59511967303199,-117.1375445132803,-113.47555203234177,-116.43549177594856,-117.34038533006061,-116.78264925481648,-118.49296836623398,-114.75645259314237,-116.34908566582799,-117.54848639266996,-117.5951274134543,-115.54124856660266,-118.34301089100227,-118.06666959890623,-118.85046631834514,-118.32410405802783,-115.2587520700585,-118.06239728527092,-115.58674740163184,-116.77722708335473,-118.69228787885268,-118.04933018649528,-116.17651152699783,-119.94956461279149,-117.77407335071682,-118.85465176732671,-114.6753525225739,-115.29894732788914,-115.86109266293377,-118.0820540388112,-116.68253246270547,-117.56034138245201,point1,-116.95500959263389,-117.1375445132803,-119.94956461279149,2.194952654819919,0.3351580835085178,-0.42175965163745
HDOK,PLOK,17472,5,5,-131,-15,11,2,33,-114.46496705065371,-116.7738566418297,-116.96876935380304,-115.97589119876976,-116.49084230645364,-116.67379462302502,-117.21319372379033,-117.89500326556448,-116.1994529907484,-117.43852089263807,-118.55524965759767,-117.83105520857312,-117.05231476590387,-117.88316324976977,-117.857650421991,-116.68894423188324,-116.21877846707606,-116.21099201549295,-117.47975262704863,-116.6423159293176,-117.38588468072042,-118.31098069847478,-116.9455704038121,-116.95046970622849,-116.4457763883239,-116.77465414638829,-116.17796388453759,-118.14224372912955,-116.24183676766116,-118.30879182909544,-118.23906577062787,-116.00843904053671,-119.98574804259586,point1,-117.103997991214,-116.95046970622849,-119.98574804259586,1.0140439481104733,-0.2928225408113111,1.4230210055303547
HDOK,PLOK,17472,5,5,-131,-15,11,2,33,-113.30259810302508,-114.28364856637653,-117.67675533454474,-114.35950593808157,-115.84140120104898,-116.26499087148115,-117.11516425600982,-115.93374402148652,-117.8849702171915,-115.67186786387268,-117.06370422753497,-115.867295139989,-117.35659936141124,-117.90060949281437,-117.12769436693372,-118.28907005393894,-116.54035755447167,-116.4664785814855,-116.6440685819981,-118.49448055997472,-116.225802833034,-118.16135411173,-118.65128935144035,-117.05302789760827,-117.27370923306215,-118.30114384437218,-118.33474882716348,-117.57418085745063,-117.15106254194706,-118.60689680754774,-117.17398164025488,-117.52113847492137,-117.58232371186145,point1,-116.96047467957774,-117.15106254194706,-118.65128935144035,1.5930302490687032,1.0721451640028776,1.151420944889583
HDOK,PLOK,17472,5,5,-131,-15,11,2,33,-115.93215847265031,-115.09383462410763,-116.39522129744122,-117.35836139624793,-117.08778257618869,-115.79018531659094,-117.63562522080045,-117.00073143063335,-116.5797744310747,-117.62800078544844,-118.34460824370065,-118.49536507087443,-116.47203170840447,-116.83834921829508,-117.30763569338224,-118.2906844868273,-118.09988834933039,-117.61352251448965,-117.44445961259086,-117.79107301345192,-117.00287946161106,-116.79813821073483,-117.72852646855164,-115.48296867673828,-118.51621739967112,-117.58361288309247,-115.73349225490246,-117.57457801638697,-116.11070801052706,-118.1244313568167,-116.19970355553376,-116.3526538658106,-118.50167476064901,point1,-117.11845086010777,-117.30763569338224,-118.51621739967112,0.8662603533485957,0.31023144077301695,-0.7904987159672281
HDOK,PLOK,17472,5,5,-131,-15,11,2,33,-114.82955107719782,-116.11074644361699,-116.9106445907725,-114.8568003397718,-117.23478715042664,-117.37588116685083,-115.61687692234686,-117.94267574982746,-116.51099971651948,-116.39067593545923,-117.65048326861785,-116.09923673762017,-116.5725427396155,-117.21126579054838,-117.8946319469473,-117.57681415039187,-116.65343001339699,-117.24662517739728,-118.02053564844493,-118.59918398723849,-117.24191742571995,-116.50179445620577,-115.87944224413884,-115.79120126765754,-116.6533853950947,-117.50670327922352,-116.06999685132453,-116.59866727985923,-117.58305058900055,-115.83578236984286,-118.21668125746615,-116.62647934256212,-117.07227664510104,point1,-116.81459899867288,-116.65343001339699,-118.59918398723849,0.8090502692056748,0.2611324049208506,-0.23433005954990094
HDOK,PLOK,17472,5,5,-131,-15,11,2,33,-114.19418459004561,-117.33644731863603,-116.29179033041109,-116.93203292924615,-114.43751209485066,-116.28763058737128,-117.79404533120491,-117.10539852359445,-117.82260000051718,-117.38987409976973,-117.90399449116711,-116.67755653309908,-117.34323004796654,-118.26692550237141,-117.27191444561582,-116.06441546263962,-115.38263922832789,-116.8119979136439,-117.26540039208321,-117.14846527895564,-117.83456524445286,-118.18767555940569,-117.08896232650143,-117.359655878069,-117.38282269208021,-117.03516970508589,-116.16685092953098,-116.03218137191759,-117.11079168511286,-118.06422888464627,-117.5782098740221,-115.98405872249519,-117.72769255823653,point1,-116.9479066828204,-117.14846527895564,-118.26692550237141,0.919616502491049,1.2373792291752728,1.5739413688121942
HDOK,PLOK,17472,5,5,-131,-15,11,2,33,-114.493612924742,-113.22322457550999,-116.78999530668308,-115.84758190967464,-115.80842250426711,-117.49482800382746,-116.52700924143836,-115.91316023549642,-117.98278385198071,-118.51366523232466,-115.73962951106475,-117.3559085153755,-115.89688014009084,-115.89064744918265,-116.86867518716963,-118.07839947282604,-116.72841108647171,-116.3944126114626,-115.7519523362354,-116.80781534113684,-117.87332389428255,-117.6294216273273,-117.95816984378806,-116.60629363125699,-114.37700596033939,-117.2567582422455,-117.02819628728415,-116.5105470773799,-115.46704292272125,-116.72278409120527,-117.53993243135407,-118.87271261266183,-117.17513881760313,point1,-116.64013160231544,-116.72841108647171,-118.87271261266183,1.4249573417524741,0.6780198242481141,0.9116695842351503
HDOK,PLOK,17472,5,5,-131,-15,11,2,33,-115.97874849976961,-115.84595381160011,-116.16742375738944,-114.76961939476814,-116.94268883478222,-115.95742520388035,-118.06064083521957,-116.2959495447955,-116.98708418799798,-118.69579948516032,-117.74448120825576,-115.70988432595746,-117.71890214438014,-115.7615684600966,-116.17329725983849,-116.29989390099647,-117.35390117732399,-118.469154732488,-116.42458255653388,-117.93804325145629,-117.85595333153427,-116.56390537538172,-116.1167656503498,-116.9565724343916,-114.91949705100583,-117.89111131873906,-116.3971449690713,-117.59185536906257,-117.11071000233765,-118.14108305178914,-116.23199384299473,-118.52364718217224,-117.90689139431069,point1,-116.89400525896457,-116.94268883478222,-118.69579948516032,1.0540999965600075,0.06000448124094884,-0.8557429309387095
HDOK,PLOK,17472,5,5,-131,-15,11,2,33,-114.11608266549311,-116.23189540695398,-114.64193598663971,-116.17526306589217,-118.12206641320736,-117.92379658204891,-116.6001895750321,-116.97127508267953,-116.57444408767829,-115.83135392673826,-116.42673637442377,-117.17822276876109,-116.33886095766483,-118.06273380156216,-117.70412218612694,-117.73492794247552,-116.11327306464062,-117.69578230513952,-117.2651992551113,-117.70689264630963,-116.25565367308026,-117.95219676727818,-117.22708825975742,-118.35778515445713,-119.52568449081026,-115.80521645726014,-117.49613957047232,-116.08458287535029,-117.0889006529043,-115.82284458472405,-116.0510889243851,-115.6359822893454,-116.49251723187835,point1,-116.82456772806916,-116.6001895750321,-119.52568449081026,1.1943604924606672,0.08922776674065626,0.4931534209507338
HDOK,PLOK,17472,5,5,-131,-15,11,2,33,-113.66725514347817,-115.42163104184911,-115.07809877689664,-116.62622296943584,-116.99436584346523,-116.17218403068566,-116.25769489109497,-116.66293842305988,-116.68202718387478,-114.98478589655802,-116.30174585019964,-117.15390141040632,-117.36561288357288,-117.76512356499346,-116.63602996804806,-118.34819730227568,-117.73262716265111,-116.83551684630632,-115.97135610778008,-117.61002627466279,-117.64476189840828,-116.76773418033888,-118.13239136311424,-118.3696677375793,-118.42397276099648,-116.19870926403205,-117.1407656492675,-118.13692419127507,-115.84678622295284,-118.10289925655194,-116.4066596992922,-117.62325182356855,-117.38457521655057,point1,-116.8620133586431,-116.83551684630632,-118.42397276099648,1.1677259600812127,0.7849816692130358,0.8422178942634191
HDOK,PLOK,17472,5,5,-131,-15,11,2,33,-113.87465780842633,-116.35984431502165,-116.69263309955993,-115.51380766007651,-117.11515039645695,-116.72014287399914,-115.49273294550726,-117.60090404582017,-116.73062849824603,-116.46516601985597,-115.67220097314434,-115.67464891554984,-116.46960927810295,-116.99541374188503,-118.42968253007683,-118.00161191622286,-116.92431604977071,-117.18912914655607,-116.0350003991936,-117.4529198389128,-118.15482531963994,-116.80275958986456,-117.17653435557447,-118.18855466884165,-118.89312266397732,-118.11691409145371,-117.02996815071504,-117.6332424828408,-116.28794008047915,-117.09462651184076,-115.12453942790764,-114.69721268997222,-117.5249972047494,point1,-116.79198296031035,-116.92431604977071,-118.89312266397732,1.2067711802697931,0.5132101991250743,0.32780966631252983
HDOK,PLOK,17472,5,5,-131,-15,11,2,33,-114.73515792162692,-117.16621146656382,-114.60232580811184,-115.68957575543345,-116.07086620634676,-117.13326092383382,-115.83708127119795,-118.55804761419178,-116.75064306791606,-116.76676825671458,-117.30425306313249,-117.70899118154887,-116.60445612819652,-118.04929284718838,-118.23622460530902,-117.31241847686204,-117.49745733690179,-116.76370303579621,-119.05342580597343,-117.89110935330048,-118.6249717664312,-117.26569668563026,-116.36209516986189,-116.63028912114187,-119.72917061478893,-115.94553045399542,-115.85581840659873,-115.32697614028213,-116.8807016559263,-116.86112631832302,-116.60299491393427,-117.19713364208391,-117.26081405692196,point1,-116.97801785066866,-116.8807016559263,-119.72917061478893,1.2848015231636258,-0.13822584605745697,0.2831590331717382
HDOK,PLOK,17472,5,5,-131,-15,11,2,33,-114.266203366734,-117.42364695676628,-114.93793557552364,-114.17684653461002,-116.98190552350216,-116.54182961228265,-118.6400779023977,-114.86732306421924,-117.72268457826928,-115.69911806955861,-117.47989522511486,-117.07205002781109,-117.33482003670794,-117.41952717543433,-118.38807905684271,-117.3652165032296,-118.23983404849788,-118.91037665898928,-117.09483428786467,-117.22847699536946,-117.36145102687955,-117.14136099719752,-115.87613486622034,-117.5145972856996,-115.20616289897481,-116.89906575473539,-115.88214137088693,-116.52316960682273,-118.47403059024353,-117.04209176351155,-116.3522060183859,-118.29062923239839,-116.80106892637089,point1,-116.88347853145613,-117.09483428786467,-118.91037665898928,1.442576500409119,0.6186292061596945,-0.06955702441396117
HDOK,PLOK,17472,5,5,-131,-15,11,2,33,-114.9683508707959,-116.38451397207456,-116.61821537997294,-116.68965378921568,-116.29425904143153,-115.35082058674993,-117.49685986552821,-116.89259285472276,-116.33320135880582,-118.83648460079493,-118.88387503955096,-117.45226732217407,-115.66372674207655,-116.63022096919593,-117.70511132680402,-116.58201777752478,-116.17728283190566,-117.04206149344415,-116.67800964611872,-117.3602163974053,-116.23441450913037,-118.25491065854537,-116.82683673515328,-118.34609438144732,-116.14888257027764,-117.11924685741705,-115.56466545738502,-115.33509196885274,-118.38893503902894,-117.59768981513233,-116.4738792370642,-116.71510745618845,-116.89069791667143,point1,-116.84655134753294,-116.68965378921568,-118.88387503955096,0.9319626448206415,-0.3293291242481116,-0.16228256752207537
HDOK,PLOK,17472,5,5,-131,-15,11,2,33,-114.67683101155984,-116.03865212876335,-115.92056937015978,-114.91651799130283,-114.70437136645207,-116.8238855212997,-117.30877237413749,-118.19573125955495,-117.13649228396463,-117.3905465781004,-116.79232731089023,-117.60184710552062,-115.85522960355716,-117.30620831381596,-117.21440307253899,-118.43987019715269,-116.59254467028603,-116.2396584698458,-117.09577902806359,-114.39514173020525,-119.13284055842256,-116.90566278527861,-117.35177530358452,-117.23940982239871,-117.40420071429755,-118.30571307372392,-116.47508675393819,-116.3301903112126,-116.78267008065912,-118.33844910415513,-118.65620074095888,-117.2788337154741,-116.9499614278666,point1,-116.90292041754971,-117.09577902806359,-119.13284055842256,1.271948899788347,0.43549821988838994,0.14244085772320414
HDOK,PLOK,17472,5,5,-131,-15,11,2,33,-114.90171117018603,-115.12861939312134,-116.04217793501047,-116.41290037754102,-115.04110565662558,-115.7983453305559,-116.79542400352476,-116.48234298418372,-115.71989564272215,-115.50028606559147,-117.4852339538942,-116.58994669198084,-117.60544631197358,-116.9399379305871,-117.40432580589928,-115.73383065207986,-116.51931386101037,-115.91841601099335,-119.15317788598006,-117.8087091252401,-116.48312376906392,-117.41242825750264,-117.80841874308835,-118.55662141722719,-117.70583847463132,-115.01505821990189,-118.12502635080058,-115.90961876069935,-116.72500581280711,-118.46495823067279,-117.53093009320985,-115.81513949560767,-116.35199745131254,point1,-116.69349429894623,-116.51931386101037,-119.15317788598006,1.1973106557436748,-0.27167280248361897,-0.6671864239524941
HDOK,PLOK,17472,5,5,-131,-15,11,2,33,-115.44100786808058,-115.64222559949191,-115.42961012490557,-116.25273347989888,-116.71565898351191,-116.50257094333408,-117.53178817126377,-115.49374549191434,-117.81984939606998,-115.5342342221669,-116.33514707284495,-119.04573172065413,-117.59486910924251,-117.5227092205098,-117.01201595495894,-117.88246118711895,-116.77601319308565,-116.66719313768235,-117.4801715126729,-115.03184714598201,-119.52624376468545,-116.39356138928183,-117.73337072806345,-116.86476225271429,-117.02129817398308,-117.07037758498427,-115.20247979102538,-117.44564925303975,-118.25881954501175,-116.24442580291665,-115.99190569456069,-116.1226789833708,-118.9739395884176,point1,-116.8654877602256,-116.77601319308565,-119.52624376468545,1.2508756141578268,-0.45453117820841377,-0.19450850981526147
HDOK,PLOK,17472,5,5,-131,-15,11,2,33,-115.31090385728278,-115.11755027970004,-115.95696246963038,-116.3127733319417,-118.01595044983043,-117.57959867972744,-116.1563158290871,-116.79003280913055,-120.05340685118108,-118.33089332552287,-117.32508658352967,-117.40463757699811,-117.60144748260257,-116.57521431702452,-117.96156172931836,-116.21689613707495,-117.3744597033727,-116.67555941141786,-116.28642200020967,-118.48385184674326,-117.55424261322284,-117.94612530513814,-116.49925628550939,-117.84401450835541,-117.0566232749409,-117.4764315298765,-117.09094729475262,-118.3268171415997,-117.42200175098732,-117.52072870917466,-117.38098403432232,-117.29710204751731,-118.170345850933,point1,-117.24591348538355,-117.38098403432232,-120.05340685118108,0.9303775260940969,-0.1691848027026704,1.2464039481985059
HDOK,PLOK,17472,5,5,-131,-15,11,2,33,-113.95921694826062,-116.4008490323884,-114.92666102930306,-116.05059153689025,-115.32872014463165,-118.23642311219855,-116.5152084396577,-115.99765748384975,-116.36150109933781,-115.94586014777796,-117.00008122531557,-117.74779660726699,-115.63147058028336,-117.85355139727123,-116.9253717133992,-115.00744061744209,-117.67346268804671,-118.88450183723556,-117.22606723115466,-117.86211634232109,-118.35497715914644,-116.47080957293885,-118.04180334432176,-116.65711961272707,-117.97931852760526,-117.47662892122023,-117.75301985779124,-116.63642151709645,-118.24664359616114,-116.42372820075049,-115.77326997820234,-117.31659581582858,-117.50654360231542,point1,-116.8536796642466,-116.9253717133992,-118.88450183723556,1.2747722703978526,0.4795261901796845,-0.16856013036453632
HDOK,PLOK,17472,5,5,-131,-15,11,2,33,-116.43723933773353,-115.05623753013242,-116.42833266052496,-115.30529238057949,-115.84931908385705,-117.83394971223855,-117.12650454844068,-118.88590669419989,-114.96555030232787,-116.45987591267237,-118.40041667767733,-117.9988405190364,-117.42020529412346,-117.29264510111062,-117.91752714284335,-116.43559730891887,-115.8010555352397,-116.92736354717881,-116.89155941433016,-118.94199906614111,-115.95665305437086,-118.67781500504152,-116.41014998019783,-118.11871618024912,-116.90686239412616,-117.9103666156497,-116.58411370980298,-118.83203287477602,-117.88700330834898,-115.64613699125677,-116.33974363573995,-114.7238856001067,-116.26045022230358,point1,-116.92816204064474,-116.89155941433016,-118.94199906614111,1.3759638571436772,-0.03519776236912316,-0.8688672823316508
HDOK,PLOK,17472,5,5,-131,-15,11,2,33,-114.66245706463967,-116.35408275241969,-115.32292977398365,-115.04502912527073,-116.25505133990664,-116.79989097669538,-117.64529883786322,-116.37675498872416,-118.1051565275174,-116.66078861605747,-117.49958361086141,-116.25205648361809,-117.62780861903627,-116.08579751890647,-117.24055081362835,-119.0263319307004,-119.00265160457278,-115.77188217259206,-116.98755850868068,-117.0056782377568,-117.1812791361588,-116.66090366576826,-114.50230259689683,-118.00445631254892,-117.06876374438892,-117.33294105449598,-116.11722696992709,-117.00541298367528,-117.19456431574022,-116.405015512475,-117.75426092851174,-116.12235854015145,-117.86290629872923,point1,-116.81635550190605,-116.98755850868068,-119.0263319307004,1.1099031542081426,0.1436525650507738,0.20695209587067964
HDOK,PLOK,17472,5,5,-131,-15,11,2,33,-115.12672457452653,-115.24481349533667,-117.22105892401183,-115.2894632505224,-116.27991207913762,-116.87842591336383,-117.44478806568353,-115.88103986066673,-115.55980827021335,-119.31234613839887,-117.62807998413933,-116.00326184368633,-118.21617735039202,-115.75140771716056,-115.9208772939661,-116.66414163134891,-116.97194875100696,-116.98087382781425,-119.03330134773235,-116.78241933292004,-118.95189013160515,-117.82392210223657,-117.7001337483735,-116.62954850686255,-117.69685149213002,-116.76064760641802,-115.50163929019037,-117.49603585380193,-117.06163983211253,-117.54334578546197,-117.56649753798607,-117.19712322728637,-118.49529011073793,point1,-116.98834651143123,-116.98087382781425,-119.31234613839887,1.208954435313656,-0.1764572219178729,-0.50320232386263
HDOK,PLOK,17472,5,5,-131,-15,11,2,33,-114.38329930957404,-115.05477125146729,-116.40534159568179,-116.39255595386477,-117.61552155808882,-115.6284723763922,-119.16487684825819,-116.99267706240734,-118.64256553984768,-115.83572812634597,-117.84941548477745,-119.33828022132988,-115.82173881819307,-117.342221996091,-115.06161701541517,-117.9806101815647,-117.98739193645933,-115.02214111972971,-117.89041227725924,-117.54919543642619,-115.43694273198193,-116.41255521450601,-118.21672312418124,-116.80209179917205,-117.35000487914623,-116.66826905193122,-117.98401809133395,-118.24022183727162,-115.9588948840581,-117.66461314829864,-117.52320899685687,-116.555850938883,-117.19044705239071,point1,-116.96856593512682,-117.19044705239071,-119.33828022132988,1.508961112870936,0.1874303707983079,-0.6248914496138331
HDOK,PLOK,17472,5,5,-131,-15,11,2,33,-115.7055980852714,-115.83920058490081,-119.12891008120953,-116.15884924449313,-115.53007794701732,-116.16333090164919,-114.65107333435996,-116.85305306991161,-117.04845690850027,-117.02483512567875,-118.11166654800316,-117.05584539166395,-116.16092602512389,-117.63381371333651,-114.48193954231256,-117.2611823855691,-117.7615067193684,-115.86113814691333,-115.71493119458502,-117.63413002688269,-117.70415619585899,-116.58157898964062,-117.5140117452584,-115.4724040231792,-118.53094607241393,-116.01524686497503,-116.80846805955687,-116.78254988334481,-115.2766158761027,-117.56293450691318,-118.01278549506804,-117.3433781308858,-115.87446700056789,point1,-116.70484872183381,-116.80846805955687,-119.12891008120953,1.176915008316605,-0.004901219332532588,-0.4348928909480456
HDOK,PLOK,17472,5,5,-131,-15,11,2,33,-115.40528671671531,-117.42662946687996,-115.88707741125492,-117.06118925680022,-116.63815399589274,-117.19896440938425,-117.3189961030827,-114.32131126895642,-118.17051269253835,-115.09548316774348,-117.930415215957,-117.39492346172945,-117.5701489316797,-117.06015277220314,-118.78194856708657,-117.78553444943567,-115.79738747993859,-117.19099434807833,-117.7000689057023,-117.14651406742486,-116.30945222440351,-115.00101067325635,-117.1450896088016,-117.83740940913742,-117.25445381099492,-116.95302605396735,-116.92894578923737,-116.73206721786126,-117.5412471766867,-116.25557391324118,-115.69126299803993,-117.36645752976023,-118.20427257954911,point1,-116.91218065677033,-117.14651406742486,-118.78194856708657,0.9932827069896694,0.7653202712757162,0.3082585452960154
HDOK,PLOK,17472,5,5,-131,-15,11,2,33,-115.21606058520878,-116.52919865399564,-116.19555650145394,-116.5291351972446,-115.9090150121485,-116.59716158206386,-116.72545569188004,-117.58524564738711,-115.98254576401781,-116.242592865685,-115.91341053753005,-116.8149207060842,-117.5006587337942,-116.47446119308354,-117.45919267633435,-118.04774050358515,-117.56561710242129,-116.56931935844025,-117.45283497509327,-117.16889605624249,-117.36522646919995,-119.73646762413613,-117.65761223532252,-116.27876632276725,-115.93256858232965,-115.81055512056419,-115.66329843572231,-116.45298316961139,-116.93223120776507,-118.14886457111943,-119.03794893976199,-118.26793882497088,-118.07108882179296,point1,-116.96468392935628,-116.72545569188004,-119.73646762413613,0.995380225986214,-0.728836475573062,0.4742466255745583
HDOK,PLOK,17472,5,5,-131,-15,11,2,33,-115.10838693190477,-116.48629487171512,-116.26895794557399,-116.98548582779017,-114.76998184884057,-115.60247524015189,-116.16732041357373,-115.80888878494267,-115.58423444540091,-117.88247424507941,-117.72943032649837,-116.86411199020415,-117.42171800344943,-117.23751347817742,-116.68722793584108,-118.65155199343668,-116.89338476755829,-117.6260428187331,-118.42389912054759,-117.80859201879726,-117.14557987866658,-118.07731782422513,-118.16199516594934,-117.46183744219341,-117.83959334818857,-116.35766906347891,-118.66218443595479,-118.27193267974921,-116.96894853651014,-117.32208941728985,-117.41328133052382,-118.61362751685802,-116.69485322200376,point1,-117.12117826878206,-117.23751347817742,-118.66218443595479,1.0189161681172372,0.46424032475748234,-0.34745597065719025
HDOK,PLOK,17472,5,5,-131,-15,11,2,33,-115.75335600001912,-118.53595564575129,-114.75039775957963,-115.23636579655128,-115.88164528375833,-117.27094422289305,-117.74371057595204,-117.6056514984491,-116.35650849232778,-114.19042380432684,-115.5659141013673,-118.44593583010109,-115.66844075839361,-117.40753004043617,-115.95515236668128,-115.86513191052939,-117.59807362729114,-117.83680526383034,-116.0362301333764,-115.37881611861398,-116.90796135303592,-117.10408907263465,-117.5258260328392,-118.63029585230795,-116.93357123953601,-115.97229929828109,-117.44310897443223,-118.29894626934491,-118.45536175561361,-114.53609106691718,-117.27492268055394,-119.68076321724682,-118.23647167844521,point1,-116.85099084004294,-117.10408907263465,-119.68076321724682,1.7534046647999126,0.09034992718862675,-0.7020452597036049
HDOK,PLOK,17472,5,5,-131,-15,11,2,33,-114.45709133820952,-116.19886316902668,-117.23025848406637,-115.99033336455645,-117.60735899874635,-115.25369061403269,-116.82585994491674,-116.15141246275982,-117.26014315534096,-116.28344961703712,-118.44748550140686,-116.9351568420833,-118.21551122271165,-117.5190363023888,-116.97905265940214,-116.59066577545802,-118.17381286106983,-117.30319308313815,-118.37292146858519,-118.17092167759152,-115.8080066610179,-118.00740862092347,-117.79706446033057,-117.33700852631772,-115.64823126115967,-115.98680012300211,-117.33463656438074,-118.16471504001497,-116.42040679397822,-115.87382680316679,-116.93262905382511,-116.79891136487679,-117.76196547008568,point1,-116.96478270562446,-116.97905265940214,-118.44748550140686,0.9505007041632028,0.4524042066486941,-0.27456482666995674
HDOK,PLOK,17472,5,5,-131,-15,11,2,33,-115.25143086610792,-115.69878930089588,-116.65826259230835,-115.8996547568373,-115.5790278455046,-117.82788008013912,-114.95910195584386,-117.40058332566538,-118.02754311263948,-117.3472342635829,-117.45186961566714,-116.19640212152888,-116.73974244652295,-116.24267906563279,-118.04801907299783,-116.95987325226929,-117.11832371299771,-115.7736877659749,-117.56579464921603,-115.97973977485022,-117.1690366742692,-116.75621533921876,-118.02767365173688,-117.8823532527506,-116.44984414130818,-116.948059791911,-116.45513413376882,-116.4363728074524,-118.84200864524098,-117.25756052258716,-116.69800387085307,-117.4949271569191,-118.1256039027694,point1,-116.88692222630205,-116.948059791911,-118.84200864524098,0.8253958094431907,0.11244188208654521,-0.488394507314041
HDOK,PLOK,17472,5,5,-131,-15,11,2,33,-115.37660141615736,-116.27593942571801,-114.28754925011933,-116.88028647700291,-116.2876740923633,-117.7504651255531,-116.23032146723384,-115.8130097605628,-116.90689108970736,-118.26136152274657,-117.80587950720977,-116.8000906069397,-116.57972696831764,-116.30559120424243,-116.34970111176001,-118.02354086631303,-117.82975244292317,-117.25698345193683,-118.50369952224587,-116.2113856504065,-119.26526524940009,-117.35973789940812,-117.13317234866527,-117.88578632711268,-117.74126730897277,-117.34053511690904,-117.24549826260484,-117.64475149209356,-116.87674097952551,-115.95812447662159,-117.6723439837264,-115.61809212041223,-117.94408661293376,point1,-117.01278342841957,-117.13317234866527,-119.26526524940009,1.0064336165471068,0.3485449988024054,0.4959421079626938
HDOK,PLOK,17472,5,5,-131,-15,11,2,33,-117.14357609398942,-115.43206119153506,-113.93059206397524,-115.29481208554681,-116.10638705016405,-115.88724905192203,-117.01472738580298,-116.66262621529913,-115.46766182338308,-115.90967557055767,-117.52813745846196,-119.01592581033235,-117.36213756473032,-118.94358187178622,-115.23807573897845,-117.03740175751255,-117.82493853570519,-115.63074009612438,-117.34184429123759,-117.47835381490833,-116.4159843754545,-115.49670730011468,-115.97074900892501,-117.46306410676914,-116.60730170852764,-115.55369330615818,-116.93729606089919,-116.78224184915676,-116.0640121703145,-117.51774530368175,-116.99605230958683,-116.99587043993456,-117.54272336441048,point1,-116.62405899320869,-116.78224184915676,-119.01592581033235,1.1424520888179543,0.007291167412465203,0.3798955571838767
HDOK,PLOK,17472,5,5,-131,-15,11,2,33,-114.0316511526442,-116.46393377262208,-115.6785539951264,-114.57365359344259,-116.50129577133612,-116.48302178701658,-117.63918364524642,-117.29345831223479,-116.62728841840503,-117.99666298561353,-117.49359119884159,-116.85757603670565,-117.98710911042144,-117.5750477030233,-116.66193392418751,-116.60599169020531,-115.55456046822526,-116.9784719149537,-117.84117933964085,-117.26453347592671,-119.44509015026405,-116.9208485926276,-117.15642771400101,-117.32186335504316,-115.07009505913597,-117.05238996649679,-116.18000798537335,-114.99315424665743,-114.69998803401806,-117.19463814103118,-117.51987738795589,-116.47092988401019,-116.48314763535845,point1,-116.68536837720582,-116.85757603670565,-119.44509015026405,1.2423924333287815,0.3881342365453185,0.631175303608738
HDOK,PLOK,17472,5,5,-131,-15,11,2,33,-114.31629359077434,-115.58780898342908,-114.75685006206454,-115.70520909862468,-116.7301502390266,-115.56698264970603,-116.57608756021754,-115.78258200222413,-116.36356400891177,-117.78128377838671,-117.23755952804885,-117.83124415021615,-117.40572726424158,-116.273244974269,-116.58409390816871,-118.20077893213184,-117.25562756795783,-117.08038637129907,-117.25271498217919,-117.48247242569055,-117.38402184913019,-116.28754761912825,-116.09140647798606,-116.67031207968472,-118.12285328729361,-118.3878013846372,-116.9134430591271,-116.12028258170494,-118.69703286795425,-118.53345072390748,-115.53715574498035,-118.11298675663372,-116.52641624052532,point1,-116.82289008334124,-116.7301502390266,-118.69703286795425,1.1360165941416571,0.23866146377272973,-0.35703549075416685
HDOK,PLOK,17472,5,5,-131,-15,11,2,33,-116.03908484028652,-116.96531799972745,-115.57658771958752,-115.93469601668247,-116.93683424347951,-115.31767898802515,-117.72525261237259,-117.95660291858309,-116.62756793265721,-116.50485837781363,-116.04041807667456,-116.41067743875276,-116.57476123263221,-117.17613424189976,-116.66130108628381,-117.05330412290785,-115.3125351581233,-118.72293723932557,-117.26818818555525,-116.75002012773955,-116.26338462702934,-116.7410952290299,-115.33794526412346,-117.84495050432912,-117.97860084310389,-118.71352722915546,-115.98660916525347,-116.24651991690585,-116.84883058644479,-115.80386972876818,-116.20666941298255,-118.436118285351,-117.82824244298452,point1,-116.78154914529,-116.66130108628381,-118.72293723932557,0.8825385731212334,-0.43286245761848013,-0.5096898392662159
HDOK,PLOK,17472,5,5,-131,-15,11,2,33,-115.62767376404402,-116.03296634725638,-115.7763647167208,-116.44115635607889,-115.5677563067259,-118.72035381272129,-116.77789669586095,-118.92684237371667,-116.75936243140575,-117.54465227091075,-117.4206238100033,-117.68124323141058,-117.90884270136014,-115.95901453313483,-116.54257448453578,-116.64769969008334,-117.6842276383862,-115.49913212684767,-116.60530344661962,-117.49737709908419,-119.70232482108037,-120.3175022454218,-117.19786428905772,-117.74719033427814,-115.7030828381924,-116.16580599680141,-116.66622100600935,-117.35780556990693,-115.5494242274335,-116.78706083324722,-117.07109794401615,-117.29377092822666,-117.83403573865137,point1,-117.0610378972494,-116.78706083324722,-120.3175022454218,1.3363695182685769,-0.9088818327067488,0.9131098091602801
HDOK,PLOK,17472,5,5,-131,-15,11,2,33,-115.64890271076803,-115.13297816901279,-115.17468332680458,-114.77716705206007,-115.7573906909068,-115.44888920541023,-117.43497721579476,-116.48584895036441,-116.14310740208919,-118.06279281626948,-116.89112249030195,-116.55766048002192,-116.93690734538978,-116.4454491778948,-118.98973439439204,-118.36238343407413,-116.68725579819812,-116.93953916823665,-117.6490381399329,-118.40709333234429,-116.27836142986756,-118.01958420405192,-117.0185155859339,-116.97050294243387,-117.65231033312797,-118.65180614704481,-115.34666944902665,-117.22619658070522,-117.57018451374363,-118.95524424309485,-117.84595708768376,-117.72791241905153,-118.26273851872817,point1,-117.01390620468972,-116.97050294243387,-118.98973439439204,1.3081830830819514,0.17348001647077663,-0.830577481614136
HDOK,PLOK,17472,5,5,-131,-15,11,2,33,-114.32117615194107,-116.49364688941968,-115.60082420988732,-116.0036873432745,-115.45141587258188,-116.36616937228622,-117.16342038676986,-118.14798728599405,-117.54819619090702,-116.80871692727392,-117.46917762535351,-116.97938443297654,-115.92676961390757,-117.84449497695277,-117.96886176975048,-117.71072512820054,-116.47719106516986,-116.80110653561051,-116.31622942971748,-115.24016761256678,-116.31179065058554,-116.11764640631912,-116.35748517186583,-116.10648538397086,-116.23525654141987,-119.14217166666421,-116.50524731117535,-117.6772387370889,-116.89328105001228,-120.72953996454694,-116.57462820607613,-117.9708269920397,-116.90755344001062,point1,-116.85359091946415,-116.57462820607613,-120.72953996454694,1.362339081949592,-0.9905616095602142,2.770448159092195
HDOK,PLOK,17472,5,5,-131,-15,11,2,33,-116.24454492610172,-116.06222609979264,-116.25534587962626,-115.86047291425659,-115.05328214273874,-116.79574140018184,-116.10823180642475,-115.89306012985453,-117.7479272032245,-116.47024360504507,-117.04972833845042,-118.82045972338827,-117.64765802744796,-119.42483006471251,-115.65721192300737,-116.83560712553952,-116.81861363322483,-116.70120763573381,-116.4580862967948,-117.35174071889239,-115.71012119943025,-117.48909128840359,-117.91014498222656,-115.43056269224279,-116.16255661969998,-117.6422074796752,-117.91507083350075,-115.92668987630827,-115.88733605562999,-118.05554290847205,-116.97163353555729,-116.3214240183601,-117.62531374154192,point1,-116.79708832804505,-116.70120763573381,-119.42483006471251,0.973455567459411,-0.6378597934441207,0.14400824618356767
HDOK,PLOK,17472,5,5,-131,-15,11,2,33,-115.84359282057854,-117.12078520427767,-116.22743257800565,-116.26412567583645,-115.94716701356215,-116.22768485054587,-118.05493104690044,-117.49267013472533,-118.7432192956419,-117.10975217890007,-118.01232853697007,-117.44031764759745,-115.53811385138812,-118.08717939082693,-117.09364210875559,-116.20011043928886,-116.08806586530488,-117.34006758272389,-118.54655374138429,-117.11811711175376,-117.55600482797078,-116.09323450345497,-117.26905470529385,-117.04098155440103,-117.2272103967945,-117.54224433331423,-116.30344162892403,-117.57500390674778,-117.67028826534758,-115.04776981761228,-118.42130862386958,-116.74616939921975,-116.3113970440242,point1,-117.009089881271,-117.11811711175376,-118.7432192956419,0.7977098644117016,0.06888239395273224,-0.5882664831387583
HDOK,PLOK,17472,5,5,-131,-15,11,2,33,-115.78811827901507,-117.14964996578696,-115.82080252027892,-116.77436293892785,-116.9769196309121,-116.38396189552338,-117.87444500832943,-116.83869334443862,-118.82759768763569,-116.40545249828575,-117.60276965989725,-116.18305820107973,-118.27636040907923,-115.70367430620564,-118.06788770681767,-116.48113488486842,-115.61854078019621,-116.19658861086307,-116.75589289208065,-117.29824152205157,-117.75881896484867,-118.00193315347272,-118.58207546512818,-118.31356543585424,-117.69708446853427,-117.2704650962334,-116.49965786078958,-115.68423785731277,-118.25125607457854,-115.26269357028352,-116.58363437311365,-115.93694013692406,-116.5542215567836,point1,-116.95214353806455,-116.77436293892785,-118.82759768763569,0.9275248215156061,-0.20563948437369586,-1.0335253929783592
HDOK,PLOK,17472,5,5,-131,-15,11,2,33,-113.48350792996087,-116.3925377894239,-118.10899478696342,-115.38366420674781,-115.24627668761619,-116.39032876881211,-117.86442123424216,-117.79186390394139,-117.72288354411295,-118.84984548125462,-114.56826160151455,-116.29825252900424,-116.30590074791763,-118.05628016733154,-116.45736629367015,-117.66638502249856,-115.98821742787594,-117.79713651174818,-116.55676343211422,-117.04292851562566,-117.65275752687229,-115.52312171812689,-116.91410592904072,-116.55031401874648,-119.17701072013095,-118.68547665251836,-117.6736849243444,-118.46719736626831,-115.72993854013836,-116.99613611667932,-115.19789436540233,-116.44775759661268,-118.40598058638332,point1,-116.89070280738304,-116.91410592904072,-119.17701072013095,1.6877023473877037,0.4367964067704447,-0.03355756164384971
HDOK,PLOK,17472,5,5,-131,-15,11,2,33,-114.45878780454754,-117.28980034075764,-117.5294221013045,-116.70179959266623,-115.97393641890234,-116.34897494870597,-117.34128808745541,-117.6939216623436,-115.64132910252228,-117.09608230798786,-119.48970789686838,-115.90616548973023,-119.00158426057611,-117.95382297216378,-117.07800093049977,-116.71995881431818,-117.55096252465947,-118.54659504799415,-117.48591434688639,-117.86539952714551,-118.51251829288536,-117.15279855383599,-119.46020525228326,-118.50532072274467,-116.8248039981377,-116.43640747945045,-116.66555380379558,-117.2966488355809,-115.6686339644476,-116.82412714305848,-115.74928583147398,-117.25712447905781,-116.23775140157308,point1,-117.15953436170791,-117.15279855383599,-119.48970789686838,1.2506045631343363,-0.1090506507081095,0.17787474939036096
HDOK,PLOK,17472,5,5,-131,-15,11,2,33,-115.68728246339741,-116.17683261391265,-116.0796724579944,-113.959645548538,-115.92283122469914,-117.09518045317688,-117.08708574913113,-113.51604860516753,-115.43376766105307,-117.28782023529548,-116.18150110307249,-118.1812167166708,-118.67185867398972,-116.82063558990605,-117.46106544861043,-117.45617684600055,-117.25669692973489,-116.51323484608453,-117.82933846093775,-117.50636830657136,-116.05190828933092,-118.28597851366017,-118.30551561854651,-116.91072468745365,-117.60797291779109,-117.41134110690236,-117.07029618760558,-117.39808102491713,-118.32063108043788,-117.22355854008086,-117.59292428373644,-115.66157713409713,-118.65127186944216,point1,-116.92775882387717,-117.22355854008086,-118.67185867398972,1.4048863049567464,1.0292050560100543,1.34164395837178
HDOK,PLOK,17472,5,5,-131,-15,11,2,33,-114.12883091069772,-116.762108117661,-116.11722699632652,-117.30074381990434,-115.97785876819556,-117.14924291513776,-117.27477299214536,-116.33392562269225,-116.51945914948104,-117.17665305054886,-117.3327732765944,-117.58701213504763,-116.79941099902753,-118.0109933325471,-117.02268224324816,-117.63652535330155,-117.41405599059668,-117.84025713831825,-116.72059529362832,-116.14448198907584,-118.01158249351771,-118.3495844822005,-117.16376971890004,-115.8910133862223,-116.01666545562459,-117.38690710095842,-117.55296177197569,-116.39707629788506,-116.27942219524084,-117.17222174660532,-116.17937871091716,-117.97555322069022,-115.7802848280255,point1,-116.89109186372544,-117.14924291513776,-118.3495844822005,0.7208075351157399,0.8851196216138862,1.7537699671585023
HDOK,PLOK,17472,5,5,-131,-15,11,2,33,-115.04166711864812,-115.33915056348927,-115.64878084140442,-116.15556180384078,-116.0995990472467,-115.688767607082,-118.4376585657295,-116.45396416982459,-117.20051862706177,-115.708326534197,-118.25864420487484,-117.32231743696795,-117.77111394211565,-116.53804151932948,-117.22833220880666,-117.86815703984513,-116.64862885374131,-117.23493510728049,-118.50023794864495,-117.65134985730262,-116.09408381665524,-116.290530544725,-119.44501152619532,-117.87412462511983,-118.85453535686192,-115.58272716807835,-115.93060167503268,-116.62749556960307,-117.3011418430049,-117.27630403370361,-116.21036226570774,-117.47059443027868,-117.62301310059947,point1,-116.95079633190906,-117.20051862706177,-119.44501152619532,1.1517703650492337,-0.28652731616734767,-0.5678770624034097
HDOK,PLOK,17472,5,5,-131,-15,11,2,33,-114.7373322968038,-116.03760566931662,-115.25925728100685,-114.44786529455669,-116.89494754633641,-116.44563682141198,-118.28660118623375,-115.59039158775897,-117.11627686364119,-116.34343321970508,-117.94566419488078,-116.9302426431074,-115.21091665148971,-118.75756311399736,-117.16865112748505,-117.67461002038529,-118.42844078177485,-119.6665141196473,-116.49893793302668,-116.78448888896763,-117.42138838117371,-117.91633544478091,-116.44003916077553,-117.69750376587821,-115.44670822207806,-118.12013715342403,-117.06693173225355,-116.4915489607979,-115.92971237661853,-116.71208150636082,-118.44889018971327,-119.7282754233387,-116.50588792915342,point1,-116.97426719660243,-116.89494754633641,-119.7282754233387,1.6320221647866788,-0.17936868012625604,-0.21600007702985158
HDOK,PLOK,17472,5,5,-131,-15,11,2,33,-113.66065391073957,-116.42298580502819,-115.31927269750732,-115.62521958941271,-118.84949885610023,-115.82925819065188,-117.2237348168954,-116.23836774984815,-117.06981925710002,-118.34593396027208,-117.16309464633484,-117.5184340394998,-119.54823591251716,-116.57505845443053,-119.0192381841196,-118.75717096818374,-118.30222300981099,-119.11187251829415,-117.13271713476901,-116.87230745802721,-117.55693849140842,-115.85484170083696,-117.74333087433646,-115.56995545900456,-116.42367297479046,-115.74917221340615,-115.22184040514485,-116.34796304558239,-119.25378526705099,-116.32952208477086,-117.33347212497493,-115.28627965826479,-115.6857421847201,point1,-116.9376246558738,-116.87230745802721,-119.54823591251716,1.928481533788983,-0.09205111546917923,-0.4289796218823674
HDOK,PLOK,17472,5,5,-131,-15,11,2,33,-113.59529673688097,-115.62931527329675,-114.97412982422398,-117.48601099884337,-116.88815074336783,-117.36275604805789,-118.40577696711767,-116.53530616493016,-118.85442512373885,-116.02225978346074,-117.5168587493453,-117.21871474930269,-117.59114170857298,-116.53936594387146,-117.18508968182516,-116.77751672052486,-117.51644160050571,-115.71808238030471,-117.96917920613892,-117.66539765806236,-116.46723730598626,-118.175958699768,-117.06731716627968,-115.7613242067511,-116.88282667892216,-117.0974102589884,-116.32713124599394,-117.22698197889265,-116.72547299702832,-115.48387360517025,-117.80587418219852,-115.90996844600745,-118.9435232410245,point1,-116.88867018410254,-117.06731716627968,-118.9435232410245,1.21538317666318,0.6353831375739711,1.1758609776866407
HDOK,PLOK,17472,5,5,-131,-15,11,2,33,-115.34101778653384,-116.8534827704307,-115.41246769356702,-117.63566931289937,-116.33396276267754,-117.19651175853514,-114.4266234570312,-116.81863430702052,-117.40251849062992,-115.6273918223749,-116.8837988068343,-117.36080137467704,-116.78394667837699,-118.5823254908029,-117.11017325098743,-116.73615093141856,-116.70500888947149,-117.0840526528485,-118.0912085259156,-117.2569248694142,-116.9022905115255,-119.36877552707566,-116.60757830557074,-117.39010831016486,-117.23248931465325,-115.98598937469669,-116.84530817163997,-115.8407446339424,-118.89730163422794,-115.47051672874014,-115.50345830658067,-118.43296282787085,-116.30708884656168,point1,-116.86143285229386,-116.8534827704307,-119.36877552707566,1.1352625657482585,-0.15680470258708232,0.29234042926933457
HDOK,PLOK,17472,5,5,-131,-15,11,2,33,-113.13395799370477,-114.7889761555644,-116.72106857148974,-116.15917872746112,-117.17943313641463,-115.73701758865667,-115.51844135230782,-116.87688083686872,-116.80302754273731,-116.85041354786237,-117.2825879125107,-117.60180872461609,-116.93851372984867,-117.45483369532751,-115.86087744014861,-115.74621816732562,-118.0502873877934,-117.0041050241727,-116.66364799777622,-117.10004465547841,-118.56354824683743,-118.06229429982076,-118.592912889288,-116.71628426648095,-115.99248110486178,-118.45873718280636,-116.53667002223396,-118.60402463002063,-118.21353928091905,-116.54445741633559,-118.32044548447367,-116.01140088398131,-116.34419987073171,point1,-116.8615853262684,-116.85041354786237,-118.60402463002063,1.3814367229209379,0.77398979591342,1.635989994797606
HDOK,PLOK,17472,5,5,-131,-15,11,2,33,-115.47129167322909,-117.01477481302064,-115.10049157868738,-117.2093176510876,-113.98679675717308,-115.47487188717702,-115.52880465506294,-117.1488303919444,-117.1690962395108,-115.23958067429582,-116.43987279384643,-118.25115293595267,-117.51295779051794,-116.45500321596714,-116.55721782365454,-115.26686916800544,-116.69958561498063,-115.92429010887989,-116.76400521317412,-118.08914207247555,-117.5842567898558,-116.34282173615291,-116.47840718455689,-115.78083342147715,-118.5082803444667,-116.9863345627223,-116.77574534714684,-117.01786790506932,-116.98231771536453,-116.01159976253275,-118.98964980138571,-117.24416397730252,-118.3963581488713,point1,-116.67886635622872,-116.76400521317412,-118.98964980138571,1.1889917558476766,0.08725107756560765,0.06044865200876037
HDOK,PLOK,17472,5,5,-131,-15,11,2,33,-115.33003009219874,-116.08819183368198,-114.89214042129174,-117.06773125430628,-117.37469983604767,-117.2964166015236,-117.66199668063057,-117.17846594515191,-117.26626588549486,-116.33216650117636,-116.73125136080358,-116.50787987604879,-117.26354035795688,-118.05790078812954,-117.09381757623794,-116.61751996362312,-117.73362381382334,-117.86383696802753,-117.57951678021814,-116.67431243377425,-117.2121394384651,-115.35156262192592,-116.5635901786005,-117.38365599859692,-116.54877312744173,-117.05651702440589,-117.20892433694095,-115.88605666853839,-117.89892005063146,-116.05930189378476,-116.63095788785752,-117.34597175226467,-118.72179576402358,point1,-116.92362035495832,-117.09381757623794,-118.72179576402358,0.6660539113208042,0.4907290158697299,0.444323459957618
HDOK,PLOK,17472,5,5,-131,-15,11,2,33,-115.96752258775243,-116.78626167260532,-116.13736496633135,-115.63541406056173,-117.53359026862535,-117.53450152385864,-117.16833038239272,-116.99928205345445,-118.80337049065284,-116.7230799551299,-116.73209614163184,-116.89213513374291,-116.37939850923733,-117.07647139019431,-115.47101698776126,-119.0225051287224,-117.9864848858609,-117.69884304161432,-117.54254576856268,-117.94941821627116,-116.35515813409594,-116.24846471997343,-116.87521266232014,-118.27132794669214,-119.01611045667067,-117.4546171074218,-117.13702469053501,-117.87893994584482,-116.07409613305155,-116.05106492479871,-117.77414442527127,-117.26593214306342,-116.68236493918702,point1,-117.12497246648148,-117.07647139019431,-119.0225051287224,0.8149684102314683,-0.32821741350783107,-0.3034921685648344
HDOK,PLOK,17472,5,5,-131,-15,11,2,33,-114.13347102106356,-115.87796850654131,-116.12526789451651,-116.32855951013947,-115.59962044500938,-115.61335384087748,-116.56623412969658,-118.67052698112403,-116.10169536502208,-116.96409755491679,-117.19625176939417,-118.24801233188754,-117.8293467254543,-117.50844238126783,-116.7962777700133,-115.86629320686441,-117.84582860304361,-117.19195250396282,-116.99080277024737,-117.05852772167923,-117.55287346223712,-117.54513074622406,-114.75030141466674,-117.06988494743659,-115.82132526727288,-119.2621959116408,-117.53667100477966,-117.83561035749904,-117.42293395483357,-117.56183591011815,-116.215196589482,-116.87740446061397,-116.70084687527759,point1,-116.86862854347892,-116.99080277024737,-119.2621959116408,1.1150049023144342,0.3171737617945037,0.5763520653347771
HDOK,PLOK,17472,5,5,-131,-15,11,2,33,-116.26581466810381,-114.97514441103962,-115.30376733294995,-115.80303325412918,-117.36295993140043,-115.92636780337094,-116.90837312709701,-116.46630105870715,-119.04285000877938,-116.96647953726686,-116.77786931643361,-116.51870134369467,-117.71464868472111,-119.36561825816204,-116.83360648398599,-117.6388691858637,-117.80798214182354,-116.88718443958945,-118.12414984267815,-118.03669618012205,-118.26996661246685,-116.01908189174229,-118.0693980028893,-117.27308088873023,-117.52485525908995,-115.89898380720939,-119.30988349783597,-115.67558587470167,-117.14087266731234,-118.66974563386717,-116.48126922003271,-115.94439472017415,-116.9801703307276,point1,-117.09041531565748,-116.96647953726686,-119.36561825816204,1.2370055133227955,-0.27918456745883535,-0.47914960696799325
HDOK,PLOK,17472,5,5,-131,-15,11,2,33,-114.72988020694685,-115.13138473622598,-114.90903649612514,-116.18875135260636,-117.2124627241446,-117.27154240956551,-116.35880661469284,-114.63052851759609,-115.60410800297736,-117.16891725727079,-116.78652459199678,-118.35754882757519,-116.70481109777494,-116.99501830588653,-115.64133192805147,-115.61874275877969,-117.33897944148957,-117.22981518451671,-117.31021808806993,-118.00267627488105,-117.16053609606655,-117.85571372330837,-116.7258863148164,-116.40168122189698,-117.15852785195437,-117.99301542744185,-118.45492054934347,-116.15134461269366,-117.47557644418414,-115.90407130669085,-118.48459101937462,-117.23712864136,-117.00448977539207,point1,-116.76359296368778,-117.00448977539207,-118.48459101937462,1.0811590339261368,0.3977282134848708,-0.48556431840744096
HDOK,PLOK,17472,5,5,-131,-15,11,2,33,-116.16046937904026,-116.2038913573466,-114.41326611222182,-117.29301564694622,-114.95361173009121,-116.28429838147723,-117.10924435998389,-117.5365763731083,-116.23807307648092,-115.60064584284062,-116.13770694812895,-115.49031741712743,-115.24816802327439,-117.81151021699286,-118.88249306607176,-117.62378626791933,-115.74503194519501,-118.9212888430384,-116.52867421696457,-115.09070670571468,-116.76610640224966,-117.1729702706979,-117.03945733337646,-117.14438457665686,-117.98786440085043,-117.7127389879022,-119.47606381849636,-117.02718356034445,-116.77460677114888,-117.51830872663865,-115.82486843639116,-116.01822943743244,-118.49357275460397,point1,-116.79482216323495,-116.77460677114888,-119.47606381849636,1.415132138917676,-0.2287190595525961,-0.2890159985277747
HDOK,PLOK,17472,5,5,-131,-15,11,2,33,-115.2418618949115,-114.02870973124435,-114.9256578969423,-114.5961291314774,-115.24363192592297,-116.50254340971543,-116.29858049620603,-117.03898996040192,-116.60991673107347,-117.6587512120277,-117.55186129530534,-116.48799709887174,-117.31376897622314,-118.43217311188539,-115.29966975365166,-117.4866718321273,-117.10758936989848,-115.63575514876752,-117.85137569288472,-118.6119922223686,-116.45767446892282,-117.05438995548332,-116.92549241286757,-117.50091685658505,-117.28480007692143,-116.42224093184403,-116.40561352586627,-116.80838083162352,-116.33520698558605,-116.54280810127067,-118.30937241509292,-117.616458463379,-114.9010037712143,point1,-116.6208480511686,-116.60991673107347,-118.6119922223686,1.2490642844738187,0.42252987482709936,-0.31058246744457474
HDOK,PLOK,17472,5,5,-131,-15,11,2,33,-114.25146714240441,-115.77402336575193,-117.01875094034689,-114.96090023008466,-115.83745362803644,-116.60961145564762,-118.54966448039988,-115.10260580927128,-116.42229469543395,-116.07454671269294,-116.0961690639172,-115.51117597287931,-117.99978777947995,-117.3183139561533,-116.35485228856994,-116.35939507242401,-119.33334740229887,-116.87914936252011,-117.79196663926137,-117.34795980609714,-116.09575628994567,-116.50844468314335,-116.55910829775499,-116.1889506284731,-117.43137262327704,-115.32305070562842,-117.5808459591372,-118.23422073471498,-116.01484554383983,-115.06923179505102,-117.49840322309745,-118.0121558309578,-118.05285786384,point1,-116.67159636310703,-116.50844468314335,-119.33334740229887,1.3142717616368012,-0.14606436393086045,-0.33899797490235484
HDOK,PLOK,17472,5,5,-131,-15,11,2,33,-116.64019501279682,-116.04560893468646,-115.14918860135693,-113.72314446189132,-114.24213436078624,-117.08857247970272,-116.76039530428592,-117.21384678248657,-116.06322101432966,-117.96203403477945,-116.25100906168268,-116.57999909036307,-117.06283604141473,-117.01361597167468,-116.84424391419678,-116.72285028709932,-118.23853329987853,-115.38522053574951,-116.83679564520924,-117.90575553121221,-115.94131353262763,-118.08636567605615,-116.79691467423592,-117.28420265346291,-115.60686252695282,-117.07749979999431,-116.48200385993631,-117.89899192447308,-116.30177468201279,-117.7861246001433,-116.17498153296616,-118.27648426512954,-118.64190341416423,point1,-116.72983707599207,-116.79691467423592,-118.64190341416423,1.2031444799930173,0.6867062889344068,0.7940410251266603
HDOK,PLOK,17472,5,5,-131,-15,11,2,33,-115.72042547406535,-116.02319381339996,-115.5778032675653,-116.76668034842484,-116.4976550731734,-117.09889045964522,-116.4300233412281,-115.5105938814506,-117.00087363731922,-117.86598596792416,-118.34333864211725,-115.5370670292545,-116.59786714515542,-118.5735373502531,-117.31904622548454,-116.55282544560079,-118.99484321418412,-116.56136575903088,-117.40795699043683,-117.97652776638745,-115.94878970983939,-117.90523259855932,-116.82287199119651,-117.28625875329143,-117.16324118768863,-117.23279965817059,-117.1026772336103,-118.38483970849008,-117.36274158686666,-116.82959042291927,-116.43076143980733,-116.99043543269889,-117.6613916327082,point1,-117.01448885418024,-117.00087363731922,-118.99484321418412,0.7685482558871898,-0.20534660199988328,-0.3140519261439283
HDOK,PLOK,17472,5,5,-131,-15,11,2,33,-115.27528335249671,-116.10467360420948,-115.92468367383347,-116.5962212782987,-118.14530987444361,-117.15718418188975,-117.97397067895868,-117.01387900622444,-117.76425955129359,-117.47737850076162,-115.74221251363348,-117.95970684471263,-117.37691961622505,-116.55990639080383,-118.1943575527433,-117.030109347607,-117.37070820848467,-116.1841698457092,-116.107935613127,-118.56660574450603,-118.18009961207791,-116.9396803694391,-115.80878226525651,-116.29231020104159,-117.80029975542423,-118.3238895238446,-116.79196507899175,-118.0653613080856,-117.32503599468318,-116.35767413731362,-116.78569328401271,-117.839274802862,-115.29527222580644,point1,-117.0403276951152,-117.030109347607,-118.56660574450603,0.8339572172892105,0.2196667985794432,-1.003650138128506
HDOK,PLOK,17472,5,5,-131,-15,11,2,33,-115.8906518285937,-115.52235350594513,-118.11489134094273,-116.65341157096515,-116.22538142054866,-117.5818791498626,-117.90026899120913,-116.32706946701128,-116.2656150712148,-116.36587276186637,-116.99880019954914,-117.66433520953298,-116.91245683611209,-115.82869607911651,-117.99508370877118,-116.32564842554824,-116.4889820254116,-117.51628243572145,-115.93962223268956,-118.43478737780408,-116.70572099196035,-117.29792530055299,-116.42061036128682,-117.25317059611938,-115.41519787789437,-115.547951742786,-116.17382939348991,-115.75039487536738,-117.9119917995676,-119.91268245936239,-116.15496354003686,-116.14273492127445,-118.11746963105,point1,-116.84111312512621,-116.4889820254116,-119.91268245936239,1.015652379218229,-0.9121925795359876,0.8615070911434679
HDOK,PLOK,17472,5,5,-131,-15,11,2,33,-115.30867874207269,-115.7507062966392,-116.11492938040792,-115.63137059045695,-118.25112259894598,-117.26286605419477,-115.64679146136679,-117.56920158862442,-115.96179329947984,-118.13845695110196,-117.6070077608476,-116.85023157588616,-116.78611460955173,-115.79697008919099,-117.29464768842831,-118.03014865144658,-117.94872736178675,-116.78315119019342,-116.21192631601357,-117.49778353818282,-118.41920401176984,-116.29358811584225,-117.92977330977193,-117.37129918483245,-116.6258259836728,-116.40718804154297,-118.7256307395956,-117.21560582894209,-118.36399499754748,-116.01151999566923,-117.92011659870236,-117.69754456502946,-117.48783063431948,point1,-117.05793175006231,-117.26286605419477,-118.7256307395956,0.8914674858680438,0.1510970277713841,-1.1634332452262628
HDOK,PLOK,17472,5,5,-131,-15,11,2,33,-114.41085717276975,-117.28786073999267,-117.06636151356786,-113.59891250355635,-115.85077464336186,-116.44625197094278,-117.85499023016983,-115.63753807938573,-115.10654269187278,-117.73256427827567,-116.85930261488919,-117.20716192537277,-118.09760416212153,-118.2513782425117,-113.89210898344685,-117.53116586952576,-117.41919099253435,-116.5629165094043,-117.0446203599212,-116.1795888454573,-116.92794011128034,-115.67076984897295,-119.52218471830771,-117.53842514794631,-119.10321022058923,-117.37006781879452,-116.44953706462975,-118.55237262540962,-119.69676174191966,-117.93861966848067,-116.2683030003737,-116.82267652663835,-115.70734157985764,point1,-116.89714855764487,-117.0446203599212,-119.69676174191966,2.0075781134673756,0.32010644183693904,0.26282312665612206
HDOK,PLOK,17472,5,5,-131,-15,11,2,33,-114.29855980902589,-117.98523792252514,-116.08193018652766,-114.7521182911428,-116.09824898602356,-116.9361744627463,-117.01540215365371,-115.03516208152944,-117.51116386980435,-116.76573197121695,-116.95974066502325,-115.26821114440459,-117.07416061125778,-115.87697502872096,-117.68249331423733,-116.1781506120518,-116.7269040565989,-119.02783307277679,-115.26141043817013,-115.68330425040745,-117.28734153323636,-118.33613107079125,-116.40675763238549,-115.8770630708034,-116.82891243770419,-117.54177181723857,-116.39908049902667,-117.40574256946822,-117.53605884519627,-114.98284013914322,-117.94962626106224,-117.74680040271706,-117.99949127508388,point1,-116.68231910550614,-116.82891243770419,-119.02783307277679,1.2522380482599724,0.2200715205233497,-0.5312096203533949
HDOK,PLOK,17472,5,5,-131,-15,11,2,33,-115.26299750001836,-115.91391381174569,-117.07167539392432,-114.2536351434103,-117.33810478591992,-117.98990741189338,-116.1707788288758,-117.67456293836668,-115.82567754669809,-116.7041185992605,-117.25208983716352,-117.60227227791768,-117.50911576191847,-117.52109776859268,-116.01140341908146,-116.19957974952526,-115.92099494968579,-115.89235468530829,-117.2277673426026,-116.09571620853708,-117.00834083576035,-115.92046610124154,-117.02671140651813,-115.25714862383056,-117.32745057322224,-117.40718086370994,-118.0628387289971,-116.84050888736068,-115.86959912248304,-116.56153148392225,-118.11521887741712,-118.2486379432941,-118.17161062441293,point1,-116.76530327371565,-117.00834083576035,-118.2486379432941,0.9316132274700656,0.43158002030425757,-0.2877493906741173
HDOK,PLOK,17472,5,5,-131,-15,11,2,33,-115.37538451602299,-116.24563264327185,-114.65767994716944,-114.83555027913523,-115.81318936052796,-115.79772482469728,-115.36936160120801,-115.96050460247864,-115.93577928703394,-115.08819595950911,-117.1142959342305,-115.39509028222395,-118.99176799290609,-116.74556744352572,-115.61218944844458,-116.39779781470651,-116.78634069510197,-117.6149397059158,-115.042125703754,-117.3619124105647,-117.81202862654688,-116.69430982671348,-115.98363725280291,-115.37291944230589,-118.6121544466747,-115.93943593572706,-116.05701622212658,-116.84555828203685,-116.58057841039478,-117.39490735253327,-115.38118767826072,-115.06674584062085,-117.93618230887805,point1,-116.29750582054699,-115.98363725280291,-118.99176799290609,1.1639165147760195,-0.7055150115949419,-0.0855404784463345
HDOK,PLOK,17472,5,5,-131,-15,11,2,33,-114.57547537334275,-115.2441640065064,-117.35743281877642,-116.86552730414326,-115.20055418895458,-116.1300310312316,-115.9512775504746,-116.39741982830489,-116.2989203983407,-117.18596717244826,-116.81921520219126,-116.94854557427881,-118.45150064821011,-116.45459895378245,-118.19152315458169,-115.68828780151887,-117.04902280347753,-116.76001077124597,-117.82454440554889,-118.0124875652978,-115.9362485957615,-115.47961917977804,-116.81458286622363,-116.31658947058062,-117.81211842349803,-117.0205486445129,-117.46890356242066,-116.94050892590043,-118.04230452993284,-117.52620471170437,-118.3126620754426,-116.24093070344108,-118.60587653103967,point1,-116.84616984160279,-116.86552730414326,-118.60587653103967,0.9916476860528862,0.18809727505695517,-0.49086962080070506
HDOK,PLOK,17472,5,5,-131,-15,11,2,33,-115.42848022198861,-115.52669269047533,-116.9270311381016,-116.6058109083256,-115.65109056304706,-116.97048330009663,-116.75166693139172,-115.8099476714492,-115.29037316967496,-117.1611642871006,-116.60582857541444,-116.13706810457295,-117.13947897487299,-116.53315447511793,-118.22154247611344,-117.57804043393298,-117.64518993811849,-117.89047974269951,-117.84994482471114,-118.12562631534307,-118.22194602435124,-116.87203500725371,-117.09072724876614,-115.9058665245176,-117.29430495346688,-116.7155003675625,-117.30791409702006,-117.4872252211418,-116.61576786782915,-118.6935704802399,-116.17417923966333,-117.1393410324143,-117.12875314165535,point1,-116.92412805904334,-116.97048330009663,-118.6935704802399,0.7263328886342975,0.08659767845221523,-0.5004874123060272
HDOK,PLOK,17472,5,5,-131,-15,11,2,33,-115.77041584403182,-115.60846006875224,-115.5326780372608,-115.48634817179042,-115.6802944434345,-116.53346958522253,-115.75939384202627,-116.23238774665795,-118.36577318134175,-118.04917772336093,-116.22105125757216,-117.9899029962029,-117.67453125074677,-116.49919361220238,-118.2875459154557,-117.39747208618061,-116.62437159300764,-113.59848360520269,-116.27727256477166,-116.25319158785676,-117.69792931352382,-118.08736431739538,-115.98446625196797,-115.11758540098447,-118.91973505831237,-117.17773848835826,-116.54796121054942,-118.2313757811096,-115.27734441747617,-116.81743698617744,-117.14191896746973,-116.27496451210288,-116.8676298702291,point1,-116.6662080511738,-116.53346958522253,-118.91973505831237,1.3156107294134851,0.16000243429708041,0.09555099134981448
HDOK,PLOK,17472,5,5,-131,-15,11,2,33,-114.77499719637717,-115.90180022710814,-114.55386638397346,-117.43778852135827,-116.13002302965016,-116.83131640190055,-116.51167513631755,-117.74006021130067,-117.92625173954328,-115.9490921163718,-115.5363580940772,-117.47433274575148,-117.06627602895388,-118.08098532412475,-117.52889646708914,-118.19835640660432,-117.25231764624127,-117.77031017743367,-117.98739916056229,-119.41245327001064,-118.26660920695295,-117.35979815444881,-118.49405422013383,-116.9777775534848,-115.63091018299751,-116.82774108286482,-116.09002584103877,-116.42128273316234,-117.13856629008062,-116.90020543239368,-118.1369957432085,-116.75259749342297,-117.44691311582139,point1,-117.04569797984124,-117.13856629008062,-119.41245327001064,1.1248799810726111,0.36489241630607144,0.16117512021288016
HDOK,PLOK,17472,5,5,-131,-15,11,2,33,-114.6986576763046,-116.28615476965543,-114.5859367494736,-115.11618468518571,-115.80015588027955,-118.13895207587937,-117.00203833239011,-117.65464000442002,-117.08895966058434,-116.36723469309402,-115.4211902829379,-117.48654724037853,-117.2597572634517,-117.58001302481682,-117.3220510606229,-117.55888070419438,-117.79567785195468,-116.8953278139433,-116.1950114255915,-117.68038882870985,-115.45342157653647,-117.15861239052005,-117.75088522869197,-117.71133363402194,-118.01859766645403,-117.52808742019711,-117.01186867887483,-117.56507281108614,-116.4875262403291,-116.06151841623634,-115.70351667155491,-118.0429656992876,-116.98020875195719,point1,-116.83052652150351,-117.08895966058434,-118.13895207587937,0.9741696143140895,0.781647149339463,-0.41580577588240075
HDOK,PLOK,17472,5,5,-131,-15,11,2,33,-115.01162757648724,-115.33489781789437,-116.79858854810621,-115.59034445099533,-116.93926365539247,-116.50749775441,-115.0187429063438,-117.32206465543302,-116.68376650253407,-115.80547852263192,-118.19013438390971,-116.89152613585416,-116.30104513389237,-118.77942040497226,-116.19606529910513,-118.67157044595389,-117.29468834486356,-117.67581350430883,-117.45387733807057,-117.4866665359448,-117.61202060459374,-118.17799059535807,-116.69605370460614,-117.68046618172062,-115.75996646974659,-117.74494608909002,-116.71665689294237,-115.40927722849052,-115.5185240535877,-116.04553195398003,-117.9569444311417,-116.38184890576139,-117.78367059970196,point1,-116.83142356447954,-116.79858854810621,-118.77942040497226,1.0656665156024758,0.04800299467640233,-0.9045634140196648
HDOK,PLOK,17472,5,5,-131,-15,11,2,33,-114.5037229034554,-118.6007218310789,-116.30685696086898,-115.54363605366348,-115.71903645452507,-115.56185977809855,-116.61432171169513,-117.25779895484054,-116.19945189889486,-114.96292324578074,-115.91659214871792,-118.19124128447012,-116.7378984629491,-116.57575048827091,-117.29193045831703,-117.02764622772612,-118.00617722459168,-116.72090066215117,-116.7487885344604,-119.1518940584025,-118.61370085253476,-117.11588185562738,-116.66493174347897,-118.06469933839446,-115.58145669267527,-116.89694433647693,-118.06449326218333,-117.88196627680158,-116.14949424400263,-117.61646869476209,-116.92652114592862,-117.29007348461526,-117.18973340038494,point1,-116.89986408093407,-116.89694433647693,-119.1518940584025,1.136873548286506,0.060284173276347226,-0.22632379914453882
HDOK,PLOK,17472,5,5,-131,-15,11,2,33,-114.54723140304417,-117.67283642797364,-116.8513996768448,-116.57992345335344,-117.91499991944274,-115.88211632745482,-116.48355793638143,-117.05917636968518,-115.93481333116137,-117.05663311839766,-116.41290702775363,-116.08080431505489,-117.1450277516216,-118.60754042457403,-117.02829811293843,-116.57795184449321,-116.2390078776383,-117.53224167734531,-116.49194372966595,-115.89680560749446,-116.29339194446753,-117.9686593100791,-118.03755689499012,-119.19764064633407,-116.14611507308149,-116.10180913759423,-117.19262214724647,-116.69413972535328,-117.59909414614759,-118.37408491073526,-115.87956360880632,-117.90921605077347,-117.6011090145841,point1,-116.93909754371248,-116.8513996768448,-119.19764064633407,0.9106613791675509,-0.13238267557056138,0.23035809261621365
HDOK,PLOK,17472,5,5,-131,-15,11,2,33,-115.37885977846298,-116.43492476070672,-116.42113993674947,-115.19568583126187,-118.30050874748471,-116.76709270143081,-116.54273575943823,-115.83980342149844,-116.31103240722713,-117.72833658825495,-117.87324795601728,-117.76384089141938,-116.7437744943445,-116.54507307461506,-114.66517256521492,-116.93477424139223,-116.83003638165675,-116.99008216908402,-118.46655948759407,-116.2559617956358,-115.93930460047909,-119.22097340911465,-117.9852761272075,-116.23068198424819,-119.49007418472799,-118.42226598695926,-117.76979113562135,-118.65127893190882,-117.93654060242393,-115.92563635463232,-118.56970753686637,-117.70167298304636,-117.69957193603241,point1,-117.13731572008359,-116.93477424139223,-119.49007418472799,1.3536199938234532,-0.0056142434555890046,-0.6096512657779747
HDOK,PLOK,17472,5,5,-131,-15,11,2,33,-114.74794866967943,-116.08137175821716,-117.27262102571704,-116.78728770043314,-118.82177612458364,-115.82255571172945,-117.45350521028767,-116.52890250470459,-117.6032700285532,-116.6121508674558,-116.59105313777933,-117.69879956132786,-117.49671926063453,-117.40966315954802,-116.40870521944085,-117.81142897518892,-116.89900888722755,-117.75148624954103,-118.25931024217928,-118.91864066777165,-116.92568542477754,-118.13844521666479,-117.29069030122837,-116.44308082675431,-117.09122787218666,-116.35170593282773,-117.90375248234885,-117.55994619531594,-115.91506266561963,-117.04757711830474,-117.86910999524915,-116.24704343554446,-117.54184647303354,point1,-117.13034481520776,-117.27262102571704,-118.91864066777165,0.7603715151445398,0.2947351913536602,0.5383502453208111
HDOK,PLOK,17472,5,5,-131,-15,11,2,33,-115.30571695406266,-116.29175697872634,-116.60611608183625,-115.91562311483608,-116.52778425498504,-117.73968600325499,-116.53522307237309,-116.6741946711257,-116.24045918611091,-116.49946389408527,-116.86728428553492,-118.24421893154056,-117.88316561211069,-114.62955807211443,-117.54229752096482,-118.57503455634445,-117.54170107271773,-117.26581774636908,-116.77319591790146,-116.01955390468876,-116.7754474582767,-116.0058504113482,-118.4768139380121,-117.12176756932341,-116.65383525678463,-116.5328209369791,-116.4176871448031,-117.77197110115328,-116.71482069191286,-117.23457612948923,-116.06424412557237,-115.6156712286423,-116.98018599637832,point1,-116.7891982975866,-116.6741946711257,-118.57503455634445,0.7487651643829443,-0.021085206172808037,0.2987867730132363
HDOK,PLOK,17472,5,5,-131,-15,11,2,33,-115.08318006058155,-114.52656738021089,-116.7185150299925,-117.69087254354527,-117.66687509648462,-117.84165810309878,-117.89305089524368,-116.03434510826094,-115.74651646691828,-117.87551306242715,-118.4131038157701,-116.30933819209517,-115.78761452928894,-117.2140935450406,-117.8962054074448,-115.92957772208669,-118.89298041278288,-114.92256136900376,-116.41274034537855,-117.50048406462749,-116.6140191819952,-117.4874509793596,-116.91377548508864,-116.68209705412553,-116.3296818657202,-115.29553328355146,-116.35502256218886,-118.21286395947482,-117.35833222281858,-115.08071598227109,-118.83613996288214,-117.87152241543568,-116.24192116387228,point1,-116.83742028088079,-116.7185150299925,-118.89298041278288,1.3146861978461697,0.15855589240646556,-0.8103551274683412
HDOK,PLOK,17472,5,5,-131,-15,11,2,33,-114.9405382844043,-116.59353359840942,-114.92854081215316,-115.9395504021491,-116.49055082510053,-115.61860225696358,-116.50695456827773,-115.44678390811285,-117.45928613187169,-117.84521415286636,-116.66765967034159,-116.34727489124909,-116.7174688083369,-116.68923189482699,-116.72773581984161,-115.68150832392415,-116.8594499977158,-116.94921745321757,-116.01744319486099,-117.74174842882121,-116.16858820598893,-117.18910813876332,-116.26656148874835,-117.86473063366685,-117.67735522424876,-116.77798475247602,-116.97433889809028,-117.7324054898286,-119.00102067984541,-118.1698904323201,-118.04076800604432,-116.29030574244875,-115.3558393522638,point1,-116.71749062024784,-116.68923189482699,-119.00102067984541,0.9006405410660328,-0.1564021882815661,-0.19624904046346847
HDOK,PLOK,17472,5,5,-131,-15,11,2,33,-114.6797158734984,-116.15444206798165,-116.1252378335956,-115.50703771292024,-117.41994552538564,-116.90247177114014,-118.57705621650203,-116.41086997976562,-117.8888728728428,-117.12911449596568,-116.30790295893033,-115.4286311044633,-115.836883301684,-116.39876206880069,-117.78220626596094,-117.35785175057437,-118.74856784480902,-115.84272444445224,-117.69874387070243,-116.64702715026759,-118.9886940384952,-115.41419071205374,-118.43785780675182,-118.31022642135737,-116.58415551310233,-117.74808899627456,-118.4405034348635,-116.29320264028533,-117.7974391156079,-117.14374787027803,-117.15795236339876,-118.65184195751878,-117.60429780869447,point1,-117.0732201148159,-117.14374787027803,-118.9886940384952,1.2270013177791461,0.1300866236926928,-0.8429766365588889
HDOK,PLOK,17472,5,5,-131,-15,11,2,33,-113.89115607888027,-114.97699378190418,-116.10351335531699,-114.71502719345455,-116.84842614053431,-116.96327394104733,-119.45375203650848,-115.93055317540235,-116.70458782402159,-115.18956291824954,-118.34101853481981,-116.3652443001771,-117.53614974133122,-117.41160168754422,-117.05818915606501,-117.2647987915688,-117.74975491951665,-117.94591518178636,-118.10459264462007,-118.34441116552567,-117.43499183053896,-118.4239257738764,-117.86392819625333,-118.1151210372209,-116.0562825921204,-120.28931254348313,-116.42700514846733,-114.58823503376978,-117.68299733185133,-115.64520973379095,-118.03424358151572,-116.46699281493568,-117.07530090010623,point1,-117.00006269958195,-117.07530090010623,-120.28931254348313,1.917434877955439,0.1392245861746454,0.1547992833489742
HDOK,PLOK,17472,6,6,-130,-14,11,2,33,-118.0970133914123,-114.91845878327678,-116.11414562356302,-115.9566479662515,-118.07846737138078,-117.92676677293217,-118.38754436409724,-116.90911728174879,-117.63416470799248,-116.31219314503025,-117.10014283711361,-115.78086534988843,-116.20236328620798,-117.32929717200871,-116.64646655983884,-118.4902155654337,-118.47956856705795,-116.36074838457056,-114.93002640915977,-117.11969863824739,-116.86349902596685,-116.32915548733006,-117.43243289257579,-116.90435524654724,-117.50857972088055,-117.72244771682556,-117.21965632268441,-116.73348197943733,-117.14739247327344,-116.50565312572579,-116.84293424439525,-117.2356750935688,-118.24144546789016,point1,-117.01395821134284,-117.10014283711361,-118.4902155654337,0.823323778739309,0.37603607380297294,-0.03022713263550303
HDOK,PLOK,17472,6,6,-130,-14,11,2,33,-114.72134119017464,-119.055455701406,-117.93297324431158,-115.33527357591252,-116.22814865140475,-118.03131495677283,-114.8776859989038,-117.49579815009629,-117.44904645611962,-116.80711355509679,-117.9017213511814,-117.17059058298946,-117.56464387040221,-117.20862544099796,-118.69994387275396,-117.41718951243202,-119.09716023926526,-117.54403978757736,-116.8996339217064,-116.5426280791754,-116.70712960111126,-116.72492413559615,-118.66601465450745,-117.72983846040518,-114.43913223071672,-116.82331028696893,-117.42985745834248,-116.55219751960406,-116.70512451947624,-118.78137517570705,-119.24323869949924,-118.09732869542098,-116.61028470718257,point1,-117.22697225100661,-117.41718951243202,-119.24323869949924,1.4327734481472145,0.49475818492627616,0.1722601549998899
HDOK,PLOK,17472,6,6,-130,-14,11,2,33,-115.70345800353493,-116.63458060568824,-117.20713534459175,-117.6139793909733,-116.807366450336,-119.60127475114054,-116.48760432062079,-118.35713274696114,-115.58501446880247,-116.96998452279792,-118.24960831069227,-118.93653852184352,-117.60221908719262,-116.0379989817371,-117.72171836106371,-117.04140782914105,-117.78296738452184,-116.97392300860899,-118.3305589729692,-118.05469971713354,-119.10906201943517,-117.66192294538,-116.45253522518124,-114.20792861780444,-117.01573039772727,-117.29165763285425,-116.60057064499499,-116.17729430269833,-117.69924878025664,-116.44004371430042,-116.47974023995862,-117.80974448083307,-116.52034245541985,point1,-117.18681794658167,-117.04140782914105,-119.60127475114054,1.1659113938832824,0.1544659692010424,0.8031938632920288
HDOK,PLOK,17472,6,6,-130,-14,11,2,33,-116.10437230488269,-113.90701000770642,-117.16569953068311,-116.82387897845098,-116.918512697818,-119.92610255096012,-117.08958821055569,-113.87581350417523,-118.4164211981051,-117.37793634436048,-117.10367862698106,-119.10303787271651,-118.51309844203072,-119.42130534400141,-117.91329655410637,-118.53030084023155,-118.37344653338376,-116.81140525253582,-114.90944397567525,-116.7443232696619,-117.01603598455054,-117.68055733517835,-116.93302157842882,-117.09830259929674,-116.10091104797398,-117.3468413538922,-116.72512129926015,-117.77791780073872,-115.658406595378,-117.01430247593677,-116.83903649009949,-116.61794083644996,-116.88413831743073,point1,-117.11276381071627,-117.01603598455054,-119.92610255096012,1.7177465130850842,0.41953534868672415,1.0990146964220657
HDOK,PLOK,17472,6,6,-130,-14,11,2,33,-116.71824791499522,-114.09111565104432,-117.34069959900745,-116.8181403103454,-118.9846564733049,-117.48859611271122,-117.50832447090575,-116.53669848745496,-116.12911774609805,-117.00655152941357,-118.73261186014719,-119.13658559503274,-116.82252199393986,-119.39834960381117,-117.86982848467811,-118.71259571251805,-118.84356689748333,-118.32592115007358,-116.33010008756388,-117.32823951824214,-118.31400646882692,-117.53706683018535,-117.28925414242235,-117.5559175409678,-116.89911204775001,-116.52463525921614,-117.36819091559829,-117.2255223706458,-116.98704116988166,-117.08764174234142,-117.7551322060186,-118.70436996037768,-116.85368903415122,point1,-117.46133481476225,-117.34069959900745,-119.39834960381117,1.0958783117174598,0.5504504090293266,1.888045777448617
HDOK,PLOK,17472,6,6,-130,-14,11,2,33,-117.00166247155295,-114.64612708106323,-118.46003381845155,-117.55095359234637,-119.14515824219818,-115.68621203465169,-117.417292775535,-117.69819954051988,-116.81013598331202,-117.65832326966647,-116.7833458154964,-117.84478691985201,-117.51511527540903,-117.81342710707519,-115.27411758741984,-116.53648395494218,-116.21574736707252,-117.39815979726345,-117.82665318405076,-118.84163295950836,-115.8551628168278,-116.6924492912958,-115.49064536305723,-116.35239080643815,-117.00309556515622,-117.25772617857653,-117.58016679251692,-115.88975334536926,-117.06626020926504,-117.48042541160146,-115.30281988176374,-117.43926508267865,-116.24466873026175,point1,-116.96298176521806,-117.06626020926504,-119.14515824219818,1.0526298226939381,0.1973173163686629,-0.15418651840980369
HDOK,PLOK,17472,6,6,-130,-14,11,2,33,-115.83151942896502,-116.17997237936453,-118.15272624917675,-116.13129861733321,-118.22350816415522,-119.12959220486455,-116.60829840523989,-116.96875835950402,-115.04697642549601,-117.04927461568307,-117.03517146899125,-116.5472309134795,-116.7201515991624,-118.1184075957125,-116.34309907391759,-117.49967890419572,-118.10035767558455,-116.68865077775632,-116.94330286004451,-116.57780046432627,-117.88116266793523,-118.69011117855672,-116.72233230124267,-116.24925879116155,-116.37229891001405,-115.65265007341544,-118.06863918885206,-118.38663247134728,-118.58643388025918,-117.49952479664393,-115.36326874219917,-115.99023533830102,-115.74338469220109,point1,-117.00308209742676,-116.72233230124267,-119.12959220486455,1.07338106409138,-0.22033914206388153,-0.8432542291813143
HDOK,PLOK,17472,6,6,-130,-14,11,2,33,-116.15016431875523,-116.52566707127065,-115.8559742536773,-119.36734848319733,-117.5845125932336,-117.4963316332536,-116.11147497514912,-117.64330498200593,-116.40492712526154,-116.90680184613026,-117.61403912739863,-117.29303527972066,-116.95244098424773,-116.65409757930549,-117.39957431654258,-116.70870332133065,-116.83477628413455,-117.03709705533811,-117.82879175676736,-117.20209330351607,-116.50597461239167,-117.71656991269462,-116.08909720071406,-117.4832586267233,-118.54244217519363,-116.62789191530237,-116.55065304527666,-118.12438370735296,-116.67229804126866,-117.86664800795413,-117.6269726188459,-114.91335863248925,-116.82872670673677,point1,-117.06422519676303,-116.95244098424773,-119.36734848319733,0.6940490831434835,-0.18984125337797605,1.2656274071149531
HDOK,PLOK,17472,6,6,-130,-14,11,2,33,-115.92367759182201,-115.16999799054865,-117.1952048742344,-117.31864368488087,-116.05453118709404,-116.23227915192194,-116.42932371384909,-117.63210753038756,-116.03021868534766,-118.95337769648673,-118.17847438810267,-118.24000448737786,-116.89458542801977,-117.59709258351404,-116.33744204883939,-116.76512557696662,-117.06123065153324,-116.25415993791356,-116.56405966877506,-117.28943692073382,-115.40487676923107,-118.28586580589865,-116.59228110530454,-117.31483618618962,-116.61012572220086,-117.85420229098943,-116.04830626401431,-118.74236148150652,-117.64462516334358,-117.86232415968153,-118.35838217293993,-119.84642004196445,-117.54714593604454,point1,-117.15856748174723,-117.1952048742344,-119.84642004196445,1.093826300264802,-0.3696933283903026,-0.03843851944868781
HDOK,PLOK,17472,6,6,-130,-14,11,2,33,-114.71481251873064,-116.08920462652063,-118.03174144449437,-119.13006373114513,-117.13749099097612,-116.59916792208726,-119.83924374385849,-116.66139537638293,-118.1758322267362,-116.92480482760426,-118.69489975570725,-117.3456857074872,-117.44338450706258,-115.04450092942048,-117.50657906264243,-116.3697252930464,-116.43636825501162,-117.15138470960964,-116.92910395381702,-117.19601329091233,-117.25560826089888,-116.10183822060695,-117.0679085213678,-116.94601609333948,-116.47810966143298,-115.75162433603386,-117.83883139214316,-118.27890129414752,-117.85117130550108,-115.68144480458315,-115.6098250798815,-118.53125092830415,-116.34280921223854,point1,-117.06535581768884,-117.0679085213678,-119.83924374385849,1.2584440727012745,-0.23393063072528822,0.17500670378293837
HDOK,PLOK,17472,6,6,-130,-14,11,2,33,-117.28662143314804,-115.54951327078442,-118.63975839035044,-117.82017325137457,-116.7227862140647,-117.43570788900838,-116.01189283469739,-116.81966873475164,-116.36047502194123,-117.98064262618514,-118.72418479780595,-117.31272790797614,-119.37268223559137,-118.46450664428895,-118.52469038331854,-117.68878625809502,-118.0377096226658,-117.67228426506728,-116.96628397589544,-116.33523355975369,-117.20481157540304,-116.85310783063323,-115.4159690162619,-120.12526963146425,-117.15264776245381,-116.33618008266592,-116.19605583776287,-115.58813238031719,-117.64616518087136,-117.3073613317866,-118.95517135699234,-115.58288621961778,-118.05728085647497,point1,-117.33779904180209,-117.3073613317866,-120.12526963146425,1.3014719247347455,-0.2696665027568055,-0.2468720612979367
HDOK,PLOK,17472,6,6,-130,-14,11,2,33,-116.86157149519293,-114.9751878572722,-116.81594545920365,-117.28097620100898,-117.45719775021826,-116.04995058143552,-116.76368729498094,-118.59174443572566,-117.64104391287479,-118.1448832982284,-117.35928225788254,-119.49415069923455,-117.66023353362077,-117.9669126099072,-117.76972672365038,-118.1795925806806,-116.03843748615755,-117.90172368351436,-117.54207100048134,-117.02601884002561,-117.31682462161051,-117.42911755443079,-115.63272647550801,-117.84274482438506,-118.14774492672272,-116.25470872965035,-118.7067954723029,-116.87292542946535,-116.94341300027746,-117.82299688953265,-116.56317005346054,-116.596236726434,-115.23123003643303,point1,-117.23881734671242,-117.35928225788254,-119.49415069923455,0.9496534515676233,0.28208148067234917,0.29579734859333495
HDOK,PLOK,17472,6,6,-130,-14,11,2,33,-116.029733658527,-115.79818082215321,-116.3854002051902,-117.97615135348576,-114.95925004818174,-118.1883991521166,-116.375660710935,-116.6309604308034,-118.07590249420122,-118.00476208370108,-116.24686903696461,-117.00703541741285,-117.64946482704146,-119.26752307126085,-117.65538347709631,-117.60706622394616,-115.34286492738386,-117.30650312896593,-117.95726209027846,-117.17805679497168,-116.03186657672715,-118.11405133222176,-117.82449741566407,-115.41848703330581,-117.01438202398506,-116.30000687846973,-117.24841091383558,-117.64884647507107,-116.2769216400232,-116.81407042618888,-117.08037081549277,-117.51548841184903,-116.40088928874194,point1,-117.01002179352102,-117.08037081549277,-119.26752307126085,0.9157823645565932,0.10073224244855722,-0.2738743169578104
HDOK,PLOK,17472,6,6,-130,-14,11,2,33,-115.34962063494244,-114.95156671877352,-117.05073544311256,-117.34314116170408,-116.5414225027421,-118.67445593560765,-117.33147278497849,-117.6606980982961,-116.52066596489055,-116.96859416276483,-115.20527204792025,-115.93787935532994,-115.54782857237541,-115.78025847903345,-117.81433994515653,-117.09853462861113,-118.2501575650231,-117.30052721762084,-116.22647317151166,-117.41818379971443,-115.72433611151037,-117.39228064922898,-115.65145233111637,-115.94226865653447,-115.35414667649599,-116.7396652426287,-118.30903860213684,-116.48562983032706,-117.11131532673639,-117.3167811251345,-117.37043438252249,-116.0404029532245,-116.55264446048099,point1,-116.69582498600566,-116.7396652426287,-118.67445593560765,0.8990127880912558,-0.04213595340109613,-0.7631697132873816
HDOK,PLOK,17472,6,6,-130,-14,11,2,33,-114.84871198331463,-117.03581920867651,-115.53851350694379,-116.45754826805464,-116.22869568516555,-116.6594216691318,-116.04563031314521,-117.34229416905237,-117.91145578336771,-116.40875055349603,-117.11180305321514,-116.40283885751842,-116.21291627334175,-116.55608548889973,-116.36689035715253,-116.12346258429122,-118.06707956674657,-117.48687159842994,-117.43517752267189,-117.67342071944746,-118.75124924802635,-116.86513998880524,-117.45099722985704,-117.72005381208166,-116.60102544089922,-116.77269846395522,-116.77562569744681,-115.73950602511191,-116.75091131488816,-117.04706198088729,-118.91322250570916,-115.03027630562329,-117.58137045418957,point1,-116.84583410998617,-116.77269846395522,-118.91322250570916,0.823250448259356,-0.08343735345302665,0.31355062394778743
HDOK,PLOK,17472,6,6,-130,-14,11,2,33,-115.98274178209198,-114.39822571997607,-117.24003306537647,-117.51848030656754,-116.82091422196463,-117.05014927159091,-117.04074760701333,-115.91601303304704,-116.88542142103323,-117.1931728102272,-118.60038730806362,-116.38851747974319,-117.16197755860016,-118.64897212478051,-116.57776574417844,-117.91900203595048,-115.58384941141901,-119.66474423759406,-115.95130726401037,-118.10515481328338,-116.8046675450681,-119.18683516416017,-117.66540731680071,-116.581510970028,-117.58836473308862,-117.87680548688513,-116.30812219790027,-117.96734802615659,-117.42515306237883,-115.25712341186875,-117.55744073686647,-116.68893174350411,-117.439004852636,point1,-117.12103916557133,-117.16197755860016,-119.66474423759406,1.1765414728825696,0.03659715823693549,0.5881599876138703
HDOK,PLOK,17472,6,6,-130,-14,11,2,33,-115.70377638644369,-116.20710516466973,-117.04138016339502,-118.14991800501474,-118.22785398505337,-117.37905260048069,-117.75131166217619,-117.88551330455985,-119.39160743652067,-117.34915709935794,-116.95789083717419,-117.43597407781138,-118.29245046359577,-115.99831891759052,-118.32854418759625,-115.96234650110767,-118.27181518948322,-117.08655754960965,-118.00929260552513,-117.14497510186374,-117.58099911606448,-117.45809228108581,-118.5450591489484,-118.05021035849583,-116.44722748567646,-116.23680850888859,-117.36808079015077,-114.90960691792787,-119.00141503099069,-116.79573783328918,-116.03669140936803,-118.81061631923225,-117.20597330520019,point1,-117.3642836286166,-117.37905260048069,-119.39160743652067,1.036191556793847,0.2807066247684999,-0.24119455063269024
HDOK,PLOK,17472,6,6,-130,-14,11,2,33,-117.13231958315383,-116.68856240765535,-115.4796127329581,-117.12046115782351,-117.692985642832,-117.24305567957467,-118.91129168086061,-117.65726395965815,-118.08092008438835,-117.45752262826993,-117.20894296709042,-117.63715427382691,-117.00067408147933,-117.52575818015535,-115.70843407000277,-117.43735704395515,-118.12206113085237,-119.01588886282595,-118.00850764695349,-115.98170663240704,-117.84232561095963,-116.87366366842573,-117.37885949854771,-117.86198713478093,-119.01890884659244,-117.1864595247035,-116.90202270647234,-115.8145150932303,-118.25404701763415,-115.9313690318235,-118.81825876651118,-116.58858124572681,-117.0714856130464,point1,-117.35312012742963,-117.37885949854771,-119.01890884659244,0.837056460395137,0.11674599399151829,-0.2169283871073775
HDOK,PLOK,17472,6,6,-130,-14,11,2,33,-116.12758063383299,-114.70193288209606,-116.1252213315784,-117.56204479826651,-116.73207336402704,-117.55336906013156,-117.82471311769612,-116.39964951175776,-116.1309653586779,-117.34705471767201,-117.0138194799437,-116.96519060905891,-116.96580143463537,-118.96092354967395,-117.59163752261564,-119.17678042161482,-117.41368710277534,-118.10687437069954,-116.75950351398936,-117.99589402538854,-118.89915014972478,-117.31305067849706,-117.11084189920308,-115.48481241865979,-117.73354486066715,-118.89252337327055,-118.08649167661073,-117.00674113204167,-116.10302422582929,-113.72353367462962,-117.16280764660199,-117.0002739190032,-116.2920101618792,point1,-117.09889462493182,-117.11084189920308,-119.17678042161482,1.3290199229106954,0.6298720051694686,1.2869093164406649
HDOK,PLOK,17472,6,6,-130,-14,11,2,33,-115.67294231240894,-117.10044791330355,-115.15988556887534,-116.94512882296473,-117.98687529002771,-118.20322836046434,-117.93808150146266,-117.9515877529638,-117.78351256884218,-118.98374494641375,-119.50204961501206,-117.88408397514115,-117.50930383583258,-118.2006120036727,-116.59665983002733,-117.43948883067523,-117.07387545877152,-114.97542247709447,-118.06861070040956,-116.52762032545918,-115.98915260792295,-116.76382907148083,-115.6341778561837,-118.04663310646202,-117.52685178018713,-117.17497274813284,-118.09565723965513,-117.86200996105988,-117.55190787838441,-116.64653342995817,-117.7866039892857,-116.6719010702244,-117.90294573477,point1,-117.30776783525847,-117.52685178018713,-119.50204961501206,1.018793853462789,0.49017335003896745,0.2602536538229332
HDOK,PLOK,17472,6,6,-130,-14,11,2,33,-115.24498266149203,-115.44604110895717,-118.38804449765742,-117.6327453575468,-115.7077310066983,-115.79367985797538,-117.50517386560256,-116.20145020635513,-116.29571289303304,-118.7151137456156,-117.7684665854315,-119.7643389038552,-118.17202218905626,-118.49015737317492,-115.72642586846743,-119.06422629771475,-117.69902023766677,-117.86415862025922,-115.99164934555708,-118.68970610224088,-117.2423261488407,-116.57628713830736,-114.69566426210606,-117.08957305818316,-116.92561494123221,-116.56533545084692,-115.03333297413724,-116.94190879659445,-116.68842140188336,-119.0759637979844,-115.36606443978597,-116.48635501209395,-116.09934093517838,point1,-116.99839500247066,-116.92561494123221,-119.7643389038552,1.6929531536426923,-0.23296523839405217,-0.8347729157002779
HDOK,PLOK,17472,6,6,-130,-14,11,2,33,-115.58741734163111,-116.0592926540533,-118.69871758495785,-117.59666901081572,-117.62569466538717,-119.36655774304624,-117.88089058004086,-118.28310282651206,-118.13333288405846,-116.29631161039049,-117.08954017019138,-116.72517783737143,-118.98612829833144,-118.84563927734902,-119.09579721439239,-116.60321206737322,-116.57880421096556,-118.7537683423847,-117.18482435859761,-116.61912382720813,-117.17354974641455,-116.60373066662532,-117.17776768056201,-117.78729992334313,-115.24665006394324,-116.72182647681988,-116.9813178592632,-117.59163057569798,-117.47115670702026,-117.0893007564291,-118.2051602566533,-117.00391302688827,-116.22030567719446,point1,-117.37223066430039,-117.17776768056201,-119.36655774304624,1.0239801091307155,-0.13972361662345056,-0.49852067515531706
HDOK,PLOK,17472,6,6,-130,-14,11,2,33,-116.96934959480139,-114.59599295448086,-118.36513649782844,-118.07083206420246,-115.75421014142071,-116.23754422045882,-115.81244284927735,-116.74997780651938,-117.2551340427587,-116.19608764536302,-117.81821511558645,-117.36390905861654,-117.296000738368,-116.17881216202709,-117.57321907295835,-117.75101671105244,-118.16023999400821,-114.68173650535772,-118.04169975181901,-116.9781076077504,-116.60917241063963,-118.1694502208013,-118.23864104293209,-118.54327893753478,-117.85852764792682,-118.49956326244393,-118.16226597614926,-116.76667382894487,-116.77710071244388,-117.8486731305977,-115.71157024896891,-117.67855837769788,-116.63606499152775,point1,-117.13179410070497,-117.296000738368,-118.54327893753478,1.08023047026725,0.7510388152329983,-0.031227542241754058
HDOK,PLOK,17472,6,6,-130,-14,11,2,33,-115.31002644000178,-114.78485681617856,-116.80496468171393,-115.87756623252075,-116.45116342321894,-117.56084728114946,-118.14097125897186,-117.2231762186103,-116.79260426152021,-116.58331717425389,-119.40398060967343,-117.97025798292903,-118.70041706073357,-118.17015443716679,-118.85172773729022,-115.85074630234934,-118.27351538002257,-117.17199076279432,-116.2997342265037,-117.53694631970214,-115.24923173412951,-118.07597752231989,-117.16126804113922,-115.96166130784722,-118.53141087510114,-116.74023075684589,-115.01334535053999,-118.64999524628952,-117.29729187484847,-116.85437385652892,-116.15938441741498,-117.71675642926864,-118.03033559897861,point1,-117.12727962480476,-117.17199076279432,-119.40398060967343,1.3839936493504823,0.18104546513243702,-0.7253055830765582
HDOK,PLOK,17472,6,6,-130,-14,11,2,33,-115.2757681573599,-114.61669593215062,-117.9530290721201,-117.66235351487026,-116.10067131266962,-117.98389874817357,-116.35949683194895,-119.36872320741371,-117.65386881522646,-116.34985599837887,-118.43637578549409,-116.5446015210632,-116.68030769254017,-116.7480440689361,-117.43548991136043,-117.31462839036298,-115.54662005415274,-116.32769662111107,-116.67837115030633,-117.5651458617875,-117.72380497353437,-118.38614387321924,-118.16211600123977,-119.1883248268582,-116.87359591902687,-118.26246780411712,-116.77612475615794,-115.35837442255247,-116.96591424291202,-116.09174121370621,-117.31830541573562,-115.06123957326318,-117.37949030714886,point1,-117.0348268477848,-116.96591424291202,-119.36872320741371,1.2754519315108177,0.09316919779842045,-0.2847299715087175
HDOK,PLOK,17472,6,6,-130,-14,11,2,33,-115.32815551334214,-117.01886435062383,-117.62447378742792,-116.7839666594561,-116.72939164790334,-117.49106006667519,-118.05475356631304,-117.69120071306365,-117.22708476800582,-118.40424636576749,-118.2294855674649,-116.41229786549177,-118.29168666548027,-118.110082566236,-117.39058252247813,-117.9233948605145,-117.92876133620443,-118.95360250625625,-118.05170416363767,-116.9084953544468,-117.19378190854158,-117.79905159123196,-117.35187052982089,-116.63789322468837,-117.13163171432116,-118.19887962242603,-116.67552325211408,-116.72671467775581,-117.24880062934132,-116.65860623351821,-118.4233799174391,-117.15948497741485,-118.41981144019978,point1,-117.45996122926067,-117.39058252247813,-118.95360250625625,0.5620144515211225,0.41500333942851003,0.4226430959794012
HDOK,PLOK,17472,6,6,-130,-14,11,2,33,-115.75338114671818,-115.96081977501532,-117.24271992619724,-117.29140401226495,-117.32323676518864,-119.55765830807908,-119.10946987963001,-118.0248121640847,-116.64527269206208,-118.26321069157893,-119.55054520011684,-117.86435775118646,-117.00350868218295,-116.70384476708287,-116.45449626277107,-118.82631311762049,-116.44966749331729,-117.68511947693766,-115.81581272123576,-117.4803001919559,-118.00145921765167,-117.88045654930683,-116.59558862453373,-115.98020271470493,-116.72746679044542,-114.73017246522626,-116.6831628933725,-116.67509150313342,-116.53141251415033,-117.11075673959012,-116.57613079508977,-116.39288138472064,-118.05063641317473,point1,-117.1800415039493,-117.00350868218295,-119.55765830807908,1.1894580028607833,-0.3934776322484236,0.14896055889136317
HDOK,PLOK,17472,6,6,-130,-14,11,2,33,-113.86261398846476,-115.87798440121558,-117.47943087460918,-117.4368433573466,-117.94234683063786,-116.71501901718149,-118.55629717465052,-116.29509708935014,-119.0904822226672,-117.85708480757154,-116.73704510772097,-118.22999675423237,-117.84838181881649,-116.42256489270082,-119.13433573910892,-117.70881931107384,-118.470473315891,-117.21871810910547,-116.90349208464876,-118.0043914551482,-117.54681371069609,-117.36638879660487,-117.89182750245618,-117.9497052522413,-116.66813498982015,-117.08085448524231,-117.60658399806489,-116.49981512916845,-117.49169797734531,-116.22294059887153,-116.65410627650427,-116.7294640999814,-116.45212462458295,point1,-117.27126896344609,-117.4368433573466,-119.13433573910892,1.00644034998283,0.8803894779544907,2.7358137756529204
HDOK,PLOK,17472,6,6,-130,-14,11,2,33,-116.47604953451344,-116.52918672859492,-117.12370550263789,-116.42448046941871,-115.3768221586248,-118.03755525593127,-117.39283331881893,-117.73991238512002,-117.20516678291818,-116.00812095735319,-119.0215880805583,-117.25007374134262,-116.44198528850094,-118.3777509528744,-117.65633765150832,-117.02591498835304,-116.90307931765791,-118.62946465463143,-118.24798253616733,-116.70003974254843,-116.53566900269674,-117.70268442884286,-116.56040675397477,-117.09561480963421,-118.54430759053929,-117.48619032650747,-116.2859834918978,-118.09255490176778,-116.61315129421862,-117.26901823145245,-117.16922235151236,-116.1239826695028,-117.27441603363663,point1,-117.1915530889169,-117.16922235151236,-119.0215880805583,0.6819105239158372,-0.2368180513208863,-0.26376686667594207
HDOK,PLOK,17472,6,6,-130,-14,11,2,33,-117.5454824445428,-115.63046518242858,-117.10133439650838,-116.43098861675779,-116.89086892455943,-117.33093351176299,-117.09771955208025,-118.18108763163832,-116.06105748951416,-115.48753700075385,-115.69806045008676,-116.23575532716964,-116.39901601681021,-117.93873298128824,-116.22349067855102,-118.00801074069959,-118.12870369901947,-117.90824176917798,-117.79558026589895,-116.47796059610658,-117.35139705405794,-116.75069297268422,-114.59696958288261,-118.29963199171306,-116.30203350166309,-116.90256770360973,-117.30907811568763,-117.39576805786645,-115.68314891271673,-117.21931896430472,-117.99099300804295,-117.66219413694348,-115.56682952387393,point1,-116.8970197212546,-117.09771955208025,-118.29963199171306,0.868244353255808,0.4358477242433164,-0.5545140117875684
HDOK,PLOK,17472,6,6,-130,-14,11,2,33,-115.40766529398671,-114.35579940411178,-118.42390721610103,-116.09569457503441,-116.02819987927036,-118.3015366573764,-116.98425106226213,-117.16113521245279,-117.89932310449363,-117.97221980188425,-118.71853280034912,-117.62592106270525,-118.12030834465006,-116.87922174017373,-116.47270137669662,-117.74792291938297,-117.49225900192069,-116.32066803128346,-117.37837451524462,-117.2574182094168,-117.43892546669575,-118.0832641572824,-115.75232131878552,-117.03848402522374,-116.39430736518487,-116.58412230375262,-117.04943286128548,-115.91482306593842,-116.42103644137111,-116.98816005175304,-117.43057792740453,-117.79658572351704,-117.45297308848106,point1,-117.06024466683249,-117.16113521245279,-118.71853280034912,0.8800472774247722,0.673210947136001,0.6381612712870104
HDOK,PLOK,17472,6,6,-130,-14,11,2,33,-117.22028322594574,-116.36402953836136,-116.7023610178421,-118.69262954473881,-118.44763358130459,-116.97987256169773,-117.52514217657313,-117.75703699817161,-117.11660679804835,-117.66403767450278,-117.04404679616611,-118.902110291542,-116.69360126339659,-117.57097531071253,-117.29241961932867,-119.43923801819948,-116.4099308433583,-116.27448392492312,-116.92539777811871,-119.29545853764162,-118.39974955646115,-118.2628665281382,-118.63946760537158,-115.82407893980071,-117.33276911532268,-116.2939494573617,-117.35277227066187,-117.17603575039571,-117.27859923653014,-117.7997981185063,-117.15694442477732,-117.8147979504563,-118.2320977172856,point1,-117.51155218701948,-117.33276911532268,-119.43923801819948,0.7790379124055663,-0.3657482232080031,-0.36611644553637435
HDOK,PLOK,17472,6,6,-130,-14,11,2,33,-116.69982853031742,-117.22119642928226,-116.53808580654355,-118.2494643850252,-118.88563584145858,-118.40506495329963,-116.54962166073565,-116.1394593222626,-115.61252194985987,-117.67935740168197,-116.11224018032767,-117.3535663562984,-116.57835465946596,-116.98553100835647,-118.41326737551657,-117.46012519383112,-118.32951693757649,-116.03200904254918,-118.02146445600191,-118.73075412314218,-116.88709167605845,-116.94504488430276,-117.31924151712474,-115.14315951308261,-118.34398482837577,-118.02181423286666,-116.94731401014161,-117.81448339526092,-116.78143082355167,-117.38629735237446,-116.59023996242442,-118.11149434881902,-116.56722300592787,point1,-117.23805712617708,-117.22119642928226,-118.88563584145858,0.8429281117788421,0.1340447326147607,-0.6009986930128712
HDOK,PLOK,17472,6,6,-130,-14,11,2,33,-117.16231061654337,-115.33658524918681,-116.02238735342215,-116.72635095995241,-116.28373799892789,-116.8210457208415,-116.37218463517064,-116.38142179819266,-117.30023998365058,-117.65745998053035,-115.32558490482377,-117.26873994231633,-115.59955669506935,-118.69020601915214,-117.21838412749906,-117.6224779308935,-116.66127687717086,-117.84173156593066,-114.9244515053714,-117.01232149381306,-117.0586193934938,-117.0695115425221,-116.80587933280744,-116.16423873540401,-118.84029903742658,-117.03754182620773,-118.30358816554612,-117.18153321090692,-116.79381843530297,-116.09876899049615,-116.29610366978066,-116.4007270503389,-118.39172010223677,point1,-116.86881226820994,-116.8210457208415,-118.84029903742658,0.8445960725838254,-0.14214808597025333,0.026802836469250302
HDOK,PLOK,17472,6,6,-130,-14,11,2,33,-116.15781400530437,-116.80371323848715,-118.29478272418807,-117.17706283097728,-117.60286227580063,-117.10954883993762,-119.48057295586814,-115.72327147732406,-116.35308527244943,-116.30744333642963,-115.00691464054837,-117.2098493976227,-115.80167157039577,-116.96739300020526,-116.2301056260417,-117.48189649140222,-116.76777178297561,-116.3082471687331,-116.92086523307327,-117.39760055328331,-117.29361947552435,-116.99296602440509,-118.13306954006573,-116.67247726734891,-116.88213104987211,-117.6215144330869,-115.49519005016037,-115.68186555421438,-117.00744154213746,-117.91245126372753,-117.23749770525117,-116.3178265485323,-116.20640301996647,point1,-116.86536139076787,-116.92086523307327,-119.48057295586814,0.7803992828162036,-0.4856816432950331,1.1799159406881308
HDOK,PLOK,17472,6,6,-130,-14,11,2,33,-116.90185669883651,-115.98484823956755,-116.30458840632053,-116.03032082416594,-117.29476178691809,-117.8969900244658,-118.25298402527811,-117.19597333961278,-117.79740147744522,-116.89229391735408,-118.80873128100252,-117.35440635723754,-114.43840323033619,-118.88747615237477,-117.60192243694048,-116.12382803909092,-116.23502532412263,-116.76831637385821,-117.49228395210791,-119.11959674986602,-116.58787345181032,-118.45851632238707,-117.24274231030627,-116.89661838080944,-117.196069477756,-117.11025434452728,-118.71883005726714,-118.4193493228881,-118.19259915001842,-117.69454399395406,-117.08719649914875,-116.06144276020048,-117.15745139159836,point1,-117.2789544272598,-117.196069477756,-119.11959674986602,1.0082725659748553,0.33956488893880926,0.5397203882720332
HDOK,PLOK,17472,6,6,-130,-14,11,2,33,-117.32168060395082,-115.2896429481567,-117.63625231112538,-117.8068780085157,-116.72349984225079,-117.3207797675742,-118.44666517581818,-116.31881312184677,-117.08756163626585,-117.32991377841125,-117.72129553259691,-116.28623658985691,-117.35598609576093,-116.28931536920412,-117.44099743815912,-116.59276969253126,-116.88582825384071,-117.62839104234787,-117.31748752915995,-119.32833672697147,-116.79519988228817,-117.40105787656273,-115.76618411394946,-117.19986192540743,-116.47467093830363,-118.67412330816964,-117.09178427182958,-117.38632645192195,-115.64056539433754,-117.48126667451419,-114.54856817212986,-116.1377078581574,-117.91638431419308,point1,-117.04975856503361,-117.31748752915995,-119.32833672697147,0.8933714098617761,0.27944730554372355,0.9780163241396198
HDOK,PLOK,17472,6,6,-130,-14,11,2,33,-114.83275162100743,-114.01945677687114,-116.83533176127911,-119.29011180135986,-117.55079359553038,-117.86838352890503,-117.924099919535,-116.52600927553127,-118.35980666608344,-116.75553421136844,-116.0209242178951,-117.39747869301415,-116.66849191812022,-116.04482237621244,-116.57805982607215,-118.9425219306733,-117.02104731510981,-116.90629854276645,-116.83845216828904,-116.59326573149738,-116.7355289641171,-117.2889037378647,-117.50684649371017,-117.6034581894275,-116.12196097773436,-117.31057404512697,-117.77906041842998,-118.13159414588921,-117.34081736148816,-116.61245165158113,-116.96579758890213,-117.24441727884297,-115.17597249843647,point1,-116.99366743117187,-116.96579758890213,-119.29011180135986,1.1021395957454687,0.5216044410363224,1.4503631816444655
HDOK,PLOK,17472,6,6,-130,-14,11,2,33,-115.42318087374308,-115.0973128704995,-116.86701324635021,-118.99756679254077,-117.5236660090683,-116.65602618958208,-116.20390032678473,-118.31528744346721,-117.54003684950814,-117.20440508328537,-118.16603800927555,-117.0756660747062,-116.34853517479563,-119.16729317889194,-116.32014480762898,-117.26625779769783,-117.25962004792262,-117.79418116530451,-115.53881752368157,-117.18358682774863,-117.63788037247124,-116.69188756968039,-117.95029678077755,-114.91000202397511,-116.4628727369779,-116.98157783300164,-116.08028112136927,-117.84854565399634,-116.60921247358985,-117.2598471891851,-118.74660289506595,-116.85252556586337,-115.73990454179192,point1,-117.02181736515844,-117.0756660747062,-119.16729317889194,1.0782924188285061,-0.011022012423891963,-0.218797533579691
HDOK,PLOK,17472,6,6,-130,-14,11,2,33,-118.09825922836666,-116.41199695502584,-116.06447464348393,-117.7044928455659,-119.02970910464134,-116.35488431708332,-119.14392601182644,-117.53026090843261,-116.58419194066245,-117.79659158284215,-119.20042633951769,-117.34307271777894,-115.24423594148418,-117.58026599181822,-115.91072778758226,-117.99451194133339,-118.26683682920458,-118.80432356623525,-117.79928703644543,-118.22037730583456,-117.29912791756207,-116.0168223614598,-116.253627373229,-118.30676326274275,-117.37533475979798,-115.98255276164193,-116.23513749195654,-116.58238427582235,-116.41796222929196,-117.80649958848224,-118.1245733175624,-114.91877790109096,-119.32358189946702,point1,-117.3250302465234,-117.53026090843261,-119.32358189946702,1.3467275876394917,0.10630310825962704,-0.8291282943041103
HDOK,PLOK,17472,6,6,-130,-14,11,2,33,-115.74151975297355,-116.98159617928953,-116.07615309446341,-115.97093518190066,-117.01334090377067,-118.38022099041372,-117.0326840183802,-117.29867611264682,-117.63243307675906,-118.01918520317477,-118.26760944595755,-116.68366669518771,-117.59417349283022,-117.10288939029111,-118.60580670017784,-117.22800887909509,-116.63707880450991,-117.60590410000566,-118.52341732739424,-116.43820413627816,-118.6259326497785,-116.85886468273233,-117.50120407192804,-117.48077473041607,-116.12370952966363,-118.11050348813922,-116.24104527375825,-116.57097386121255,-118.32609124250614,-116.99373451874935,-115.65617048108454,-117.6909336377409,-117.85465893113457,point1,-117.23842729043469,-117.22800887909509,-118.6259326497785,0.7142585455788208,0.09139040296329043,-0.9094542972298196
HDOK,PLOK,17472,6,6,-130,-14,11,2,33,-117.22153613050716,-117.31033539247376,-116.6373015378873,-116.21952198192571,-115.9093701406727,-116.14663850900116,-116.3508479075256,-117.66215157644142,-119.70843819562337,-116.57101749316679,-118.86219650959433,-118.34030860272738,-116.90580270694005,-117.13461777812684,-117.76490888723553,-119.12206049414405,-117.34918588189328,-118.34723858587549,-117.11789681678249,-117.87957889525637,-116.84390580674744,-118.29701989854871,-118.50275642915027,-114.55987052580058,-117.24843666627258,-118.35828821507732,-117.77415498556367,-116.38676623154068,-117.17339826510388,-117.78891114930867,-118.16524193227508,-120.33155515515288,-117.00128699113665,point1,-117.48462261440842,-117.31033539247376,-120.33155515515288,1.2862901934247295,-0.1487135822482536,0.8574909728207358
HDOK,PLOK,17472,6,6,-130,-14,11,2,33,-115.81448721554213,-116.4493131834586,-118.31845370241759,-117.49361247033826,-117.77980982886729,-117.43405784891358,-116.74882572553618,-118.10765772153111,-117.92496323059507,-117.75261683744353,-115.89124696697931,-117.5105288782246,-116.81623185428214,-119.1913085527448,-118.30217829841845,-117.33484678258462,-117.55338116595107,-117.63051294593664,-118.46254870368873,-117.9108555763111,-118.46515093563005,-117.29326349372177,-118.66280157295067,-116.70021573306659,-116.97118752849705,-116.12381795869636,-115.61514545273357,-116.048061186088,-117.09998242479121,-115.95023209844983,-116.7144984445269,-117.64881529158704,-117.34845423183732,point1,-117.30512314673761,-117.43405784891358,-119.1913085527448,0.7984423305499347,0.12636945395604862,-0.6124752255345611
HDOK,PLOK,17472,6,6,-130,-14,11,2,33,-115.77232292992522,-114.7530570786908,-117.06285129719221,-116.6439131045621,-117.58578108155972,-117.199139616575,-117.36909968692646,-116.30031391734698,-117.8993970903152,-118.09761796370869,-116.7125606910789,-118.43722719131503,-117.20106617680206,-117.08069759829709,-118.56721862408592,-117.94164934062516,-116.87589562418599,-117.532055464541,-115.31398731120409,-117.15116451238052,-117.40302373700365,-117.89834454569987,-117.15622266904268,-116.11729491558424,-115.45804557550977,-115.72683742623374,-118.23829195017493,-115.97807830873234,-117.66058296516066,-117.06487331688453,-118.25842206592212,-119.51213880719807,-116.12749643831816,point1,-117.09383845523584,-117.15622266904268,-119.51213880719807,1.0777576433061498,0.16001351488773985,-0.07224854646828716
HDOK,PLOK,17472,6,6,-130,-14,11,2,33,-116.80304936178034,-115.94857016417707,-114.65398346597021,-116.810440057635,-117.6353092582516,-117.75203758169413,-117.56721383601901,-116.3490419161177,-117.11329820849379,-117.15035064828464,-117.41955788077945,-117.57532464157862,-116.08350975390677,-117.48003344489211,-117.85743577344634,-117.80190910937156,-116.87112020310484,-116.50932950493701,-118.13650117966387,-116.26719196196754,-116.17792079992456,-117.00925028059932,-117.99887537679905,-117.3158647782643,-117.19910788465282,-118.16641038194676,-116.49410935302132,-116.50806909192706,-117.10435555534892,-116.1565957293529,-117.30404763302066,-117.93179729068723,-116.6035115495449,point1,-117.02288253506548,-117.11329820849379,-118.16641038194676,0.5748525422469568,0.8088496482133023,1.1853268920467488
HDOK,PLOK,17472,6,6,-130,-14,11,2,33,-115.35496860508992,-114.59588032800566,-115.40565219493443,-118.23424822031656,-118.76643732023783,-116.43717110045966,-118.78084290241154,-117.35930626911458,-116.82364304938814,-119.4897828824711,-114.7683792534577,-117.01043817063588,-118.06479520254311,-115.9713171164563,-116.94285547902251,-117.0544595676374,-117.96486981476586,-119.08546986593203,-116.59942812350806,-117.33513655859159,-117.3518256252048,-116.93965735275516,-118.35485049053395,-116.83272926183078,-117.21547470015896,-115.89789722385161,-116.2544879303729,-116.37578146214186,-116.50153431530813,-116.76214118983519,-116.84130866927279,-116.21870640843838,-116.67072390109746,point1,-116.97764244108428,-116.84130866927279,-119.4897828824711,1.317588135380034,-0.16142623023089128,-0.011204169047230206
HDOK,PLOK,17472,6,6,-130,-14,11,2,33,-116.26130809197319,-117.43724544743888,-116.7070005828414,-117.1049015258929,-118.38773007889137,-118.68841609311451,-117.18823381326715,-118.49291952448078,-116.04257214034858,-118.49318328541865,-116.60412833063779,-117.9967077656241,-117.14953272609867,-118.01300277451894,-116.57673759147032,-118.4280393747892,-117.68392177858534,-117.56649484069696,-117.51462212960938,-116.19920256644035,-117.84659327247765,-116.18105206034848,-117.34913689197242,-117.59979334459125,-116.72804488261822,-117.31855510480749,-116.7695113556187,-114.72218783804165,-117.09124217539733,-116.20192232096869,-116.21839543638117,-116.89840804175988,-118.08218509773315,point1,-117.19827055408649,-117.18823381326715,-118.68841609311451,0.7745157852311015,0.4111039454805729,0.3094117250228141
HDOK,PLOK,17472,6,6,-130,-14,11,2,33,-118.8784355296646,-115.45704557425204,-116.7625913158634,-116.7763990780953,-116.67159839097557,-116.1317562734139,-118.81383546449943,-116.99270545488416,-117.41601344060254,-117.8248825852025,-118.82081185615576,-117.53258994718276,-117.44490675312821,-115.2649894448834,-115.48109587143266,-117.22646747245838,-115.47921639343843,-116.66009654902562,-118.8361473990041,-116.23596701430067,-117.46154933017871,-118.132549410069,-116.55186491241926,-117.25823903509081,-118.90807745564423,-118.66180195517924,-117.82563343739594,-116.62265200367638,-117.78526723496645,-116.25381037173587,-118.35737645605867,-116.74408818523254,-117.51708072722367,point1,-117.2359861310101,-117.25823903509081,-118.90807745564423,1.1233498601764467,0.05000348504046262,-0.7992363095313033
HDOK,PLOK,17472,6,6,-130,-14,11,2,33,-117.60345492601772,-116.71621340039212,-116.27325074884324,-118.40654573607708,-117.71850273115798,-118.60165422556604,-117.98495870174033,-115.03776136712627,-117.32628184492461,-118.08909055592032,-116.70531364525606,-117.56668621351325,-116.9089624065071,-119.57428030340577,-118.8186422262854,-115.91707420174978,-117.85094820755732,-117.67294080337469,-119.36432143668807,-116.179204157588,-117.45160285401533,-117.49806840907456,-115.36460025797035,-118.70037381109869,-117.07029702415936,-116.23773080196962,-117.08101766518872,-118.01620320136831,-117.46350752704973,-117.7235591412022,-117.04339347064062,-115.47855697067497,-116.97988014304929,point1,-117.34620845809556,-117.46350752704973,-119.57428030340577,1.1470617594166332,0.12968843822306647,-0.09463800951110679
HDOK,PLOK,17472,6,6,-130,-14,11,2,33,-116.54272042522045,-117.20766134164302,-118.57867876213949,-117.79470723513596,-117.14358874780646,-117.5435749430669,-117.00736216685247,-117.1970074501107,-117.79314162564354,-119.61678825832135,-117.48037781305916,-117.16013760134625,-117.44296561541783,-116.16002200851972,-115.73523099918674,-117.89911792718911,-117.77633042268289,-117.08152351825085,-117.23687201562838,-116.07581645150393,-117.77148449797401,-117.27145740015796,-117.27329121754062,-116.85331543119196,-116.03298720840792,-117.97101824808098,-115.03391440924878,-117.55409517498926,-117.06162780987212,-116.49801093233098,-115.87244445943672,-117.48677841258805,-117.83533604028771,point1,-117.1814965627525,-117.23687201562838,-119.61678825832135,0.7419355105521734,0.018311007950814598,1.4438153127338675
HDOK,PLOK,17472,6,6,-130,-14,11,2,33,-116.77454572220554,-115.8434855553109,-119.02313927084235,-117.44404080227841,-116.68854597919007,-117.77808494048865,-115.37103810116201,-117.71510830995283,-117.31935390245262,-117.17258796239737,-118.03729115734342,-116.81145130039728,-117.06959627534535,-117.23269324987334,-118.22934586170084,-116.00907518532617,-117.26757329756502,-117.81733777785318,-118.7524200399655,-116.26043473318423,-116.33670826738108,-114.23688734876802,-116.0503264390338,-116.72418676024748,-116.34386941531811,-117.44304170337539,-116.95211468790278,-115.9132387416378,-117.14595370027666,-117.74928592610463,-117.92583921947485,-118.74983414447907,-115.83491074843502,point1,-117.03101050082635,-117.14595370027666,-119.02313927084235,1.0421024460465542,0.3305322478676,0.4584048824327098
HDOK,PLOK,17472,6,6,-130,-14,11,2,33,-115.21572368931125,-116.30999764013693,-116.86849490028627,-117.693051885475,-117.31862552628087,-119.63588473602856,-118.2132088290268,-116.85736736002886,-117.52837557518366,-117.56984646367468,-117.9753496148452,-118.5786717808509,-116.78107545407742,-116.58458908337694,-116.58798543464202,-116.61034764003959,-118.55377325744587,-115.92742613941226,-117.98646611932396,-116.35765953594411,-116.77551775162088,-116.52548130031522,-117.15856113293623,-115.85008776197876,-117.43195821106815,-118.36313774409209,-116.03246642945265,-115.4184966323507,-118.58755740019562,-116.21356055883798,-116.99258906968463,-115.26282659920429,-117.99056121810872,point1,-117.08353704470414,-116.86849490028627,-119.63588473602856,1.0985275929937077,-0.24564955524028848,-0.32356782967044984
HDOK,PLOK,17472,6,6,-130,-14,11,2,33,-116.02220368064602,-117.48091588748593,-117.24585126881274,-114.762220261335,-116.6122385049045,-116.72815611760173,-116.86546458801566,-117.11621145350185,-116.38364114706111,-118.36511970952097,-116.40910547181177,-117.09091493877459,-118.47490880495754,-117.8961156672989,-117.17155709206727,-118.00892358056609,-118.54321204596705,-117.09861601581342,-118.05451148025813,-115.91056814744923,-117.34090303281155,-116.97099113031975,-117.4111107330299,-115.37316791367758,-116.18307065212328,-115.66582145782257,-115.4955529193048,-117.20551824369873,-117.89247660705932,-118.8440414918673,-115.77755089027879,-117.89985659388937,-117.54560130493056,point1,-117.02563996468677,-117.11621145350185,-118.8440414918673,0.9785088972886592,0.27650708051347045,-0.4802656277074391
HDOK,PLOK,17472,6,6,-130,-14,11,2,33,-116.31516099113203,-115.65287827722257,-116.99202101014619,-116.95649917527568,-118.93211144400675,-117.41654430963817,-115.62254777630231,-117.4055365094113,-115.21443959472916,-115.60944660380017,-118.56382313585453,-116.96287010980548,-118.41754808791693,-118.80721905594277,-117.11043915952429,-117.64382146918393,-117.30217697788848,-117.13438397772384,-117.04711972768793,-117.23848394883494,-117.52532770302894,-116.94473847678312,-117.34047814288387,-116.01516685860382,-117.27996556736663,-117.12395330189177,-117.67062262121414,-116.39645704606305,-116.75662749414221,-115.65664765860271,-117.2218707752985,-118.97529360019837,-118.45416366511986,point1,-117.14261770464314,-117.13438397772384,-118.97529360019837,0.9461920265672088,-0.024563356454194493,-0.29462365683614555
HDOK,PLOK,17472,6,6,-130,-14,11,2,33,-114.96256990044697,-115.8236156999434,-117.66789281286923,-118.65142533222135,-118.60814522381533,-116.54557326602222,-116.51262327807662,-115.25132706869094,-117.71518192629422,-116.6398294614434,-116.36317017715234,-117.55479012220896,-117.56816825542505,-119.39430078971,-118.58072039141467,-116.795478374182,-116.5243079262563,-116.71405834811131,-116.1197066051214,-118.46800376414794,-117.74551063321951,-118.63851903000693,-117.46165569300108,-115.69067670361056,-117.37010204448922,-116.82407462799533,-117.73234934319886,-117.92487506031291,-117.6102774056183,-117.61993073882053,-117.02581403591228,-117.89286258555077,-118.3171178323734,point1,-117.28226225629282,-117.55479012220896,-119.39430078971,1.07190145589615,0.27439142733413835,-0.30566981281031014
HDOK,PLOK,17472,6,6,-130,-14,11,2,33,-115.80982691330267,-115.57554189847974,-116.9437365458456,-117.85991089190753,-116.63985522048654,-117.43038046898569,-117.92319199517533,-116.83224098885162,-115.63655283644614,-118.51866209658202,-117.08990321303516,-117.56917038860935,-117.92208673483665,-117.05588274867608,-116.45049886561642,-116.84106098844327,-116.05242594981937,-113.72034405128043,-117.14032573741743,-118.07253953028523,-117.54366022456118,-116.93359477815301,-115.75552513223833,-116.80355445170844,-118.53205932165295,-117.19644530382493,-116.39172853567429,-115.48471893744095,-116.15465417602215,-117.50537115093445,-118.11951004581663,-117.13539976412656,-118.81368476698277,point1,-116.95315286827937,-117.05588274867608,-118.81368476698277,1.0994970271906197,0.7198097130905299,1.27063429316232
HDOK,PLOK,17472,6,6,-130,-14,11,2,33,-116.13580430454161,-116.51933172940433,-117.24924016508758,-117.691930178912,-116.78141581077682,-117.02520279157817,-118.88746400478134,-118.73261314263326,-117.73381868395569,-116.07071408910161,-117.73257310897561,-116.88666024202503,-118.9676784239127,-117.51578934097815,-117.55390556483931,-115.80794919016061,-117.16507659865334,-116.87105074265469,-117.0895104585614,-118.54554638538248,-116.95562466670894,-118.44628832340273,-116.61959550879911,-117.9831055138497,-118.16042994112179,-116.0048176087254,-117.16977224645383,-117.70265303266359,-118.24078635743744,-116.09037292698373,-115.48392757457205,-118.49981873968451,-117.43355704737235,point1,-117.32587952862701,-117.24924016508758,-118.9676784239127,0.8500675157558018,0.04756177578032814,-0.759928233050752
HDOK,PLOK,17472,6,6,-130,-14,11,2,33,-115.2752820775401,-115.45458159903536,-117.84691037203407,-118.75720893115935,-116.53347521747534,-117.35818463595123,-117.44274602821062,-118.15101356676547,-116.93772855172179,-115.67175627852437,-117.09451454431314,-117.15375370478023,-118.1196688848596,-119.64136991121188,-117.67207279756668,-116.79562811314631,-117.59285287790973,-117.3021814093779,-115.19346099500687,-116.5323662904998,-117.67431416177571,-118.58381810919366,-117.62815616902256,-117.97316372033677,-118.06990280258456,-116.59345521639398,-116.49714522503731,-117.30146702363248,-116.21174692215399,-116.71556442914746,-115.8517962866537,-117.3967642515154,-117.95841413562346,point1,-117.18128682545941,-117.3021814093779,-119.64136991121188,1.0137898517619586,0.06766675762647673,0.0688993015438979
HDOK,PLOK,17472,6,6,-130,-14,11,2,33,-114.89928824843865,-116.01549565101159,-115.99085253424573,-117.23018970192962,-117.80493124174723,-119.04044220932634,-117.03182735749247,-116.13280931673597,-116.88208554847334,-116.9231321607103,-116.9315996014758,-118.98808437483936,-117.1788943186757,-116.92765735352233,-117.60089747474125,-117.70865166214092,-120.27273902551029,-118.74110327366786,-117.72324798011074,-117.0812668934763,-117.00739933702685,-116.26355961773301,-116.21030241141479,-116.6122695465845,-117.57402766990039,-116.45615824329445,-117.87165829834082,-119.51949571733573,-114.7746148772217,-117.12915665822767,-117.38975044684018,-115.99136999726367,-117.44268095557887,point1,-117.19235271833438,-117.0812668934763,-120.27273902551029,1.3736332491944239,-0.4678394040852834,0.8116094834522456
HDOK,PLOK,17472,6,6,-130,-14,11,2,33,-116.5882814613108,-115.91848227546738,-118.29002039695557,-116.88007735517678,-116.21067930204222,-118.7903549590815,-116.0208713020684,-117.62877952454768,-116.81269032197066,-117.30662371985352,-118.54017690073057,-119.09080417377662,-117.54078207303034,-118.90059303441511,-117.7465501374086,-114.74858982568574,-118.24604451569898,-116.57049523997965,-116.28525519075092,-118.89816374412405,-117.65503558678473,-118.22653167290031,-117.11951676185664,-118.18838735318467,-117.57517544875999,-116.87172566688172,-116.0178714659134,-118.6660260163724,-118.13225853672533,-117.25571242588879,-115.54188491763468,-117.1603654026493,-116.43890813433553,point1,-117.32920348012007,-117.30662371985352,-119.09080417377662,1.155755436067178,0.2668521223333795,-0.5566759729736712
HDOK,PLOK,17472,6,6,-130,-14,11,2,33,-116.27479687544832,-116.13854008371167,-117.57621019388694,-115.84878627107513,-117.07537212663905,-118.15355034324169,-117.30426402155983,-118.79581544668022,-116.14245160149697,-117.70821073713034,-117.35364818125483,-116.87252906177746,-118.50192820559666,-117.38023018598236,-117.43915604875293,-116.14954896823255,-114.68680041001777,-117.1510158854243,-116.45093899410067,-116.1054060613712,-116.12583232699853,-118.02753379268282,-117.02594851375876,-118.14326956198485,-117.55786741572922,-117.34166924265138,-117.42603927538872,-118.27466466549976,-116.91731158113339,-118.20362664812409,-115.1486814371802,-116.60337380725373,-115.61214540582553,point1,-117.01567161750276,-117.1510158854243,-118.79581544668022,0.9415061535399043,0.3512538334522137,-0.30077880822131764
HDOK,PLOK,17472,6,6,-130,-14,11,2,33,-115.523594875722,-117.72754033579753,-116.95736500204798,-116.90080793972146,-118.01647332613456,-118.20684768991877,-116.71274585701107,-118.79942566926984,-117.00365706892748,-117.40717696293778,-115.57505319559687,-117.49041009566388,-117.73520392528864,-117.82197914980704,-117.67958834850063,-118.05950058319746,-117.10005034163223,-116.59066482630102,-116.5598568029557,-117.1219194679143,-117.61541561474874,-117.62002078390204,-117.32405666037371,-120.08257695681944,-118.91432687850232,-116.160832288559,-117.91069289113439,-117.9962956185716,-115.56469653127081,-116.29317827539022,-117.01068188298599,-116.56724150473575,-116.3753420151432,point1,-117.28561270807523,-117.32405666037371,-120.08257695681944,0.9442720905788383,-0.42358097979581855,0.9364183480040018
HDOK,PLOK,17472,6,6,-130,-14,11,2,33,-115.3705702657427,-117.08862824765414,-117.18247352885355,-118.38782950380683,-117.19224691187722,-117.98622411910196,-118.49693185591343,-117.20043062392827,-117.16251503493068,-117.10851380534986,-116.48402616718498,-116.8959939218988,-118.3464396550602,-117.06417975792152,-116.3922084600004,-116.22710742824812,-116.14437932321206,-118.57786846440369,-118.44241882207112,-117.35822504926429,-117.99680508556537,-116.13695755086567,-114.58684198253064,-116.71107872637174,-116.04313366915285,-117.42349436110109,-118.95201852396015,-115.51145060540257,-116.69580514345948,-118.40498154348381,-116.8652225402908,-118.0621808491327,-116.57658890028311,point1,-117.12350819478857,-117.10851380534986,-118.95201852396015,1.0332626773991265,0.25910464774520414,-0.1906851723790548
HDOK,PLOK,17472,6,6,-130,-14,11,2,33,-116.75901627639264,-116.19482999471668,-117.54483429801996,-118.20872512917322,-118.12530468444923,-120.05506471957763,-117.99224348890817,-116.73465988240557,-116.75505868258,-116.00309237752354,-116.64617465680118,-116.18382199394506,-116.6661727301738,-117.42617538013513,-116.91043600808467,-120.0817518524585,-114.57850865372075,-115.15901605099643,-116.11554650681418,-117.66903544469868,-117.19198439075367,-118.57837238462966,-114.75848252332865,-118.33011066230395,-118.02903268091949,-116.03406522835516,-117.02082279331704,-117.09886846724896,-117.71544767927354,-116.49062955112511,-117.34901166315701,-118.55897751760648,-118.47500629157406,point1,-117.19516001955051,-117.09886846724896,-120.0817518524585,1.570037222707274,-0.17902110206911614,0.403339850691367
HDOK,PLOK,17472,6,6,-130,-14,11,2,33,-116.43165675920766,-116.32158366985807,-116.75479990370111,-118.72681661202624,-116.17281842415728,-116.31962470284654,-116.89320282624057,-118.17939369087394,-118.10068167436643,-118.46544767106398,-115.53023912030791,-116.1433333106109,-119.08645959046655,-117.58332208254488,-116.90015904616668,-116.13549016618303,-116.84512655615507,-114.9899252899068,-117.20797581769591,-116.80073934978698,-116.98397456034603,-116.87812818160924,-117.65351727801743,-116.70668267860238,-116.9215398299555,-115.59904841948203,-116.8816421416728,-117.634147728794,-118.42130459864987,-116.24189344276078,-115.82542189718568,-115.88396412773625,-116.6654223998371,point1,-116.90562071360044,-116.84512655615507,-119.08645959046655,0.914466002985367,-0.44676240945896956,-0.1585650674583312
HDOK,PLOK,17472,6,6,-130,-14,11,2,33,-116.80161143528896,-116.14721061664102,-117.21384722924337,-116.2748656279344,-117.13580131722318,-119.20304447969518,-116.93730094987642,-116.29857141498937,-118.44347415073467,-117.8013669846482,-117.1783421870479,-117.57054887070986,-116.3233385799744,-116.21531506267971,-118.21876920743735,-117.4588258029804,-115.34909383083122,-116.34107709884984,-116.24137257921318,-118.34545513858052,-117.34675713960812,-117.96558320378166,-118.11623856552718,-118.9031205329748,-116.9724731930019,-116.43263429330158,-115.88502166900277,-116.12410715145076,-118.91902018670669,-118.64850249626241,-115.68268881968088,-115.82248266493228,-116.55419406769822,point1,-117.1173350469245,-116.9724731930019,-119.20304447969518,1.0795144666974925,-0.37730903038125735,-0.929078986593785
HDOK,PLOK,17472,6,6,-130,-14,11,2,33,-117.86302335309703,-114.59895061142156,-117.47569031146662,-117.91885287721917,-117.62579783178312,-119.02289754540573,-119.10895041249574,-115.88868663092016,-116.92411303204416,-119.19462842238177,-117.4508304798012,-116.58554074990126,-117.27206741111223,-116.9837795855995,-115.90123825433015,-117.939787532906,-117.36733198614832,-116.01451017267942,-115.91945384548404,-117.09509381895973,-118.59752785215943,-118.74698994993653,-118.75520539020161,-115.49536950304784,-117.62323712226194,-116.97169829797805,-116.16676778858672,-117.37691809737014,-119.1791428430648,-116.14881636548044,-114.76990416537149,-115.16668082883086,-117.70923106121855,point1,-117.1775367918383,-117.36733198614832,-119.19462842238177,1.6010988701486504,0.19134608404707026,-0.6799240807466109
HDOK,PLOK,17472,6,6,-130,-14,11,2,33,-115.43603707162922,-115.86288846327788,-117.18760503774715,-116.92767301105386,-115.98840822751093,-119.45763234033866,-116.65871717604341,-117.90039159448577,-115.89693405932394,-117.78275731626597,-115.79433931313541,-116.43109673668017,-116.33609361960825,-118.5287954002668,-116.29155057112628,-117.31601907912685,-117.8455897163667,-116.0663422522539,-116.67414985596322,-118.29690016174635,-115.82229735771463,-116.93618749396931,-119.26388657148813,-117.04057823020048,-116.49983071793632,-115.5137351278549,-116.63768212158004,-117.08839473916684,-116.61694965029913,-116.91663939098319,-117.18714856112696,-117.85151495928498,-116.55186973046972,point1,-116.9274738077583,-116.67414985596322,-119.45763234033866,0.975405487389042,-0.8346353765597085,0.42385275266625344
HDOK,PLOK,17472,6,6,-130,-14,11,2,33,-115.30296541049668,-116.38639444052045,-115.32331352041604,-116.29665874294108,-117.87968423441008,-118.49314195007084,-117.13779484523968,-116.8798974434622,-117.17104920539742,-117.82443577041236,-117.10876583805569,-117.25155701477216,-116.75072147370066,-117.48853896633219,-119.60476368702123,-116.97788175938392,-118.49070865966287,-117.98848311711508,-118.06382255653766,-119.43935832342261,-117.96930894071862,-117.27674268824809,-116.86793956358922,-113.62110069415085,-115.83515930385099,-116.07674757634366,-115.98599297403737,-118.6465326682929,-116.93589523995203,-116.21481103477933,-117.71770852790281,-118.01211900990997,-116.37162518190146,point1,-117.13307940494084,-117.13779484523968,-119.60476368702123,1.4581941482086285,0.41534588425962726,1.0731519853118168
HDOK,PLOK,17472,6,6,-130,-14,11,2,33,-115.04467968987417,-116.25682888948788,-119.02870952063715,-118.73411730961465,-117.80541078801193,-117.73043010332923,-118.13947370474781,-118.70928263325258,-115.30331365800576,-117.23511396526453,-117.87641499209954,-117.07455744950546,-116.60322721887447,-116.08278837750859,-118.54966503161224,-119.27504032932198,-116.96725639004286,-115.43041167038507,-117.26877779277297,-118.10197818569932,-118.36681052904233,-117.5477386589316,-118.47523009558027,-115.83475974668589,-117.6589174443212,-118.61084457893776,-117.3134398235645,-117.79976368497834,-117.57901014366129,-116.60616840655412,-117.18429688813326,-117.02471771659258,-117.84121257251289,point1,-117.42607236331949,-117.57901014366129,-119.27504032932198,1.1408051780117354,0.5100515091171725,-0.28123166449917303
HDOK,PLOK,17472,6,6,-130,-14,11,2,33,-115.05063090998725,-116.04600504288977,-116.22871774651429,-116.91087021488268,-118.41049022767757,-119.0571184453038,-117.50341869106353,-116.03240160763453,-117.0415914780494,-115.38796093933173,-117.8787079267585,-116.49340002020104,-117.71711842608192,-117.64930133463507,-118.15703111849261,-117.98798557468182,-116.0474518327725,-117.3397352485141,-117.38275126604528,-117.46351288014955,-117.10753947522707,-116.74767215392357,-118.44249795358068,-117.45313428150178,-118.20543621892138,-119.20886744778275,-115.05860462328299,-118.42324661268984,-116.27044227170381,-118.72278178751519,-115.85418226861799,-117.45860788040115,-117.095394135892,point1,-117.2071093346275,-117.38275126604528,-119.20886744778275,1.18463805475599,0.2278157789183923,-0.6018485864268812
HDOK,PLOK,17472,6,6,-130,-14,11,2,33,-117.7698451920884,-117.2083711929101,-118.81674815059087,-117.15746874917518,-116.5611880907995,-117.13034909438181,-117.91369276486114,-116.15989916378449,-116.28713828872793,-116.82375239449883,-117.80090337635586,-115.87853327182856,-116.94778736438093,-117.07297442623023,-115.95273880270679,-117.97232340415098,-118.55461250428876,-115.78300596932611,-117.49294342499402,-117.70279411102321,-117.4742401462634,-116.2654884914196,-116.81263697963051,-117.34829631780154,-118.17255152102148,-116.87100852560661,-117.25345138454962,-118.98526250043695,-117.50266049170796,-116.88040197141271,-116.18767501737643,-115.13592968102114,-116.11214412666422,point1,-117.09057020884894,-117.13034909438181,-118.98526250043695,0.7900616921129539,-0.08963568334631423,-0.2281133066532366
HDOK,PLOK,17472,6,6,-130,-14,11,2,33,-115.75708591282797,-118.02468860209542,-117.13986978027549,-116.55651749604219,-117.85288502583089,-117.14407229356651,-118.3079824140801,-118.99462441431876,-117.62772762425374,-118.8360550446424,-118.19420081536813,-118.58167911342153,-116.2230450280297,-117.13964143013159,-118.26258572395821,-120.55135236892431,-115.50816900186753,-118.24533279398995,-116.78292207434362,-116.7145002526627,-115.82029794600415,-116.58063607305498,-116.69841555472736,-116.76225238917752,-118.252537957875,-116.63566736609988,-117.9997010450462,-117.6259167546366,-114.97267829570048,-116.36006454444667,-119.2892641038055,-118.97301890660263,-117.10990578823174,point1,-117.44016042230423,-117.14407229356651,-120.55135236892431,1.4471357768670023,-0.24622893491350337,0.02729775401633372
HDOK,PLOK,17472,6,6,-130,-14,11,2,33,-115.4478123398042,-116.50548476136493,-114.9379599903468,-117.29863173170132,-117.59159809437884,-118.52504327019588,-118.37219104333367,-118.04606825622922,-117.39205674248517,-117.86370643385774,-118.94267175468367,-117.66170966034771,-117.21821536357811,-116.47002521275414,-119.6974180912577,-116.65031415122091,-118.03212838442447,-117.9488003314284,-116.87082330014398,-116.24453368995701,-113.99622127824728,-116.75641585436814,-116.93101523673647,-118.2333352551733,-116.03298334077704,-116.7676671873354,-117.90734824097505,-117.88526254063676,-115.82304388617399,-117.52301277634864,-116.64577369186014,-116.06855205901972,-116.39052108244985,point1,-117.11146500101803,-117.21821536357811,-119.6974180912577,1.328984539153904,0.36951878219152573,0.6713846561464312
HDOK,PLOK,17472,6,6,-130,-14,11,2,33,-115.63274479364173,-116.87468294075146,-119.18093066598782,-117.70006009141615,-117.53567561231911,-116.80270356542248,-115.08918300355796,-119.31720725470855,-118.6952597370553,-116.92077609460159,-117.48730663767087,-116.08104907476663,-117.06672492813782,-116.68669905401204,-117.42984949316651,-116.51761193987188,-118.1121553381707,-118.06522356309202,-116.51859959311356,-116.4388579487848,-115.59729083868883,-117.51005323533309,-118.86202899025086,-117.02149131078129,-118.41662167569136,-117.08785881960542,-115.33038937885765,-116.44663673805758,-116.40873304005868,-115.45422385736397,-119.07828443384822,-118.25511610898718,-117.45268937911642,point1,-117.1840823980876,-117.06672492813782,-119.31720725470855,1.2849268330688048,-0.12183685919100685,-0.6665967200707659
HDOK,PLOK,17472,6,6,-130,-14,11,2,33,-115.43724626390893,-114.4960597615145,-118.92837747357025,-117.6428956176909,-117.13347039842134,-118.0377749809305,-118.65277961683371,-117.75839950590543,-117.75350547998751,-116.51144129066277,-117.02949855563548,-117.99212995572377,-117.43610254801769,-116.15633286952726,-116.53150238984395,-118.07296209455757,-117.43437338431436,-116.61297329390406,-118.08224815344232,-117.08525064734717,-116.00653218082293,-118.08832079329666,-116.77478917100977,-118.26759901622522,-116.09897457175752,-116.67191294396756,-116.81813446333112,-118.26546099640613,-116.84995102028363,-117.1008223539445,-117.03141554820856,-116.54516171343788,-116.2185323714736,point1,-117.1370585280577,-117.08525064734717,-118.92837747357025,0.892154309559334,0.45195499447181997,0.472778986986119
HDOK,PLOK,17472,6,6,-130,-14,11,2,33,-116.51547837172446,-113.93481297466292,-117.67477647542597,-116.12398739803938,-118.09759821033869,-118.55264852509198,-117.10300358007166,-117.4645465130353,-116.89007508971619,-116.75016388986596,-117.91717292560804,-117.23641086114844,-118.93189887532318,-116.92000481503462,-116.92175221884361,-117.09409677529514,-117.43386558645898,-116.93349585988224,-115.96460894078031,-117.70343577195976,-117.1959452672163,-117.05208774257619,-116.54798421040758,-119.00561023091092,-117.26026767641966,-116.47161442117724,-117.52726971871172,-117.3952804448647,-118.02710782391918,-116.92276937666529,-117.18812641843986,-116.3270702149969,-115.56071768982662,point1,-117.11047529983148,-117.10300358007166,-119.00561023091092,0.8923163011543918,0.7820667615599192,2.998503242210569
HDOK,PLOK,17472,6,6,-130,-14,11,2,33,-115.42601025597226,-116.5422685244934,-116.68721185485671,-118.05702563549019,-117.50045042484804,-116.98886941479057,-117.3798955278418,-116.65542677273861,-116.96429322696746,-117.63843012879887,-115.95333036331436,-117.74604776635715,-118.38026892408783,-117.51353925712026,-114.68905114155662,-116.4757099721497,-118.01968685095015,-117.83882462845624,-117.16850801444366,-117.79803951166777,-118.74405552006003,-118.2157017555074,-118.55150276821205,-118.3512590448257,-117.46466507486434,-116.99403859891626,-116.3628833390367,-118.09461282942031,-117.46382349538895,-117.02401755713083,-116.81988494453175,-117.37941985102448,-116.631571973655,point1,-117.25819166513563,-117.3798955278418,-118.74405552006003,0.7748581220414668,0.7708923976811997,0.9782028281017419
HDOK,PLOK,17472,6,6,-130,-14,11,2,33,-116.34120618873452,-116.68294422950252,-116.52309100679763,-119.02988847003789,-118.51516550366675,-117.06166945776472,-119.38919350079085,-116.53916925255034,-118.62522839777179,-116.31714657218409,-117.33492391350786,-117.18109966659122,-118.4081428415255,-116.7286522744856,-115.73571334376228,-116.32980916703721,-117.59801849709733,-117.84984010436355,-116.29029462359786,-118.46302893354326,-115.27719349492949,-118.20856648690912,-117.33217881154131,-117.6463293408485,-118.01693891896682,-116.63570176623637,-117.74768168597345,-117.15914018524907,-116.41823874336006,-117.70636628732942,-117.16164304559533,-118.15268716020725,-117.54665169617283,point1,-117.33192556268581,-117.33217881154131,-119.38919350079085,0.9014104916828515,-0.09047078808779922,-0.4252770971374522
HDOK,PLOK,17472,6,6,-130,-14,11,2,33,-116.4987283905569,-116.63708064754135,-118.15500581545635,-117.98869831639882,-117.25939660144452,-116.86956317919085,-115.44391629979789,-115.51626850461858,-116.69990766291781,-116.91261111879479,-118.97011912583807,-116.0894549991294,-117.89587983938901,-117.82573516465094,-117.0503726778847,-115.62741967539745,-116.21477255155384,-116.61873822079131,-116.41637540401848,-117.60192717641515,-116.43872403642321,-117.15210791030543,-116.09792455460588,-119.71783839262395,-117.47542575251468,-118.03743205533851,-116.83516845870999,-117.15284768068105,-116.81747610657932,-116.3305768858054,-118.51572479001926,-116.58388143240553,-117.97875281900693,point1,-117.07351067414562,-116.86956317919085,-119.71783839262395,0.9293550274994007,-0.638599803509698,0.44299350897808853
HDOK,PLOK,17472,6,6,-130,-14,11,2,33,-116.25574783401204,-116.69493014086504,-115.64902929891232,-119.27570781105922,-117.70838995855988,-118.64642846472147,-118.947771547874,-115.2424199705492,-117.8140435396435,-116.51352156662401,-116.39919800838182,-118.10809811666309,-116.22874613971743,-116.67037993812339,-116.4405511136954,-118.99716787484822,-117.20146503506405,-116.37225722991347,-117.02502250366152,-116.94962982017626,-117.22847925491222,-118.0559354113821,-116.82283904352533,-116.93641989922922,-115.7159799060385,-117.25943152484192,-118.59929683748379,-117.34570099513058,-115.41613986796061,-116.24643626015565,-117.65289404957153,-116.41162166742363,-117.30180222930123,point1,-117.09495402606129,-116.94962982017626,-119.27570781105922,1.058057644306598,-0.38601007447002533,-0.4150781379607542
HDOK,PLOK,17472,6,6,-130,-14,11,2,33,-115.77553028133583,-116.78068983033005,-117.84218598218426,-117.49896010048084,-118.53167015732072,-117.80005982674247,-117.74333615532865,-115.52267525482408,-116.87775979645663,-116.62430410855804,-118.57352471659499,-117.16060379902366,-118.2407472336329,-116.66883646782613,-116.93751954310677,-117.8914214254352,-118.40093891336825,-117.13075390325895,-116.33456266408349,-117.79930100934608,-117.57895690608422,-117.34226103345861,-117.20413748657049,-117.36627614999024,-116.55572287193652,-117.88557034337495,-118.62339586950655,-117.41503781187146,-117.78139185412078,-116.19531341527623,-117.40550486681857,-116.44610707183703,-115.8122482848977,point1,-117.26506985257522,-117.36627614999024,-118.62339586950655,0.655534237412545,0.2890457874930303,-0.5036772364569031
HDOK,PLOK,17472,6,6,-130,-14,11,2,33,-116.17535843383968,-115.31861304385548,-116.36056681720339,-117.09968895530245,-116.75463664982787,-117.74583776569148,-118.05554916456197,-116.43840077078444,-118.1461266778663,-116.57117415033696,-117.09236902925258,-116.64532076062389,-117.40105123359434,-120.10333114120836,-117.99881078559083,-115.89562291988695,-116.85849216916503,-115.76920882230213,-117.93622531763101,-118.2914839608203,-118.50617224472511,-115.64777356640923,-118.09546163977602,-116.7136056278889,-115.42833928684364,-115.63499430181915,-116.4309328237425,-118.81511541668569,-118.34857777624717,-116.17954725274156,-115.97808510918725,-116.38239106748988,-118.30607437402519,point1,-117.06439209263414,-116.75463664982787,-120.10333114120836,1.2881640553633558,-0.5241954959037773,-0.22123483072809558
HDOK,PLOK,17472,6,6,-130,-14,11,2,33,-114.20851126116509,-115.6805854789385,-117.69385318958719,-116.45171299214627,-118.1799309279977,-117.81662202339365,-117.87453470805775,-117.58135516860725,-116.86501209639091,-116.93915598953507,-117.67686246253113,-117.77686847690178,-116.6249836441774,-118.42234721403067,-118.1493096742965,-116.29885004311605,-118.44190129901708,-115.36906566338,-117.51454529219714,-115.86312905772523,-115.34653046984818,-116.45661687681459,-115.79014168932619,-120.03279078567294,-117.7399826966267,-117.31763142715407,-118.99911565562114,-117.56389545010371,-118.37531682564,-116.6152890483329,-117.8909622123262,-115.89473198971105,-116.83975289404512,point1,-117.16036044498223,-117.51454529219714,-120.03279078567294,1.4157272329978579,0.17710529090479862,0.2727526054384519
HDOK,PLOK,17472,6,6,-130,-14,11,2,33,-115.96516315837015,-115.4715854380317,-115.78784228049443,-117.751176699022,-117.55683439469367,-117.84946423487933,-118.64900505615446,-117.1809041685844,-115.56843958006533,-115.8028088070646,-119.26582917381562,-118.87753295009387,-116.69024576223535,-116.97118158180956,-115.8575366451232,-116.96523455510265,-117.58380168466218,-117.91553364121268,-117.68241773544412,-118.28690815336107,-117.16779339441317,-118.02041809620523,-116.27282824857006,-115.92741045484682,-117.49765722642113,-116.74793026452929,-116.15932684403992,-117.64698741078882,-117.2705956376081,-117.0026688214228,-117.586758865602,-115.5224429510282,-117.4609226552764,point1,-117.0897935324537,-117.1809041685844,-119.26582917381562,0.9940048631898682,-0.07059185398534028,-0.6622124373455431
HDOK,PLOK,17472,6,6,-130,-14,11,2,33,-116.79373102634696,-117.97938171883384,-117.67392370813867,-117.01261079560004,-116.90423361931981,-117.32289995737138,-117.66229884333534,-119.54907681123018,-116.05892522268124,-118.06168688374566,-117.05396935776646,-115.90567130561799,-119.77225572737362,-117.01119664120964,-117.19143804782188,-118.3008277962503,-117.57747379589908,-117.99217395127336,-117.47218848015427,-117.02792550440203,-115.52975436215858,-117.06571109802938,-116.96684200913845,-117.66062126370997,-116.14918973534819,-118.21353599798839,-116.9427818494651,-116.01708129740007,-117.0011237205046,-115.75620190708102,-117.39309297419572,-117.356248453122,-117.43158657056199,point1,-117.26689880100228,-117.19143804782188,-119.77225572737362,0.8517743572993748,-0.5828960867382744,1.2643976158109989
HDOK,PLOK,17472,6,6,-130,-14,11,2,33,-114.38533861590588,-114.35489243738358,-117.58668815509293,-117.53433224850284,-117.11047617824418,-115.8548699225238,-118.08766450366426,-116.557438392651,-118.49026397004566,-115.94667853017673,-116.76939898128342,-117.10098159222755,-115.07184722836183,-117.33251761938756,-119.01022398069692,-116.92932991052936,-118.22375243582078,-117.44330846535458,-117.00134982367862,-117.48223835894629,-116.52370796037901,-116.76991349387407,-117.08067545464675,-116.81871605168061,-117.54872248863576,-117.41442651811491,-117.43015146531381,-117.2026604798668,-117.48270058116701,-117.20484379591176,-116.6859767858697,-117.58662928747485,-117.068927693156,point1,-117.0027770729263,-117.11047617824418,-119.01022398069692,0.9727336687630027,1.0248003189407977,1.884040271396756
HDOK,PLOK,17472,6,6,-130,-14,11,2,33,-117.80919208814665,-114.7845110540242,-117.08562437979926,-116.38644375504809,-116.04362068030582,-118.2309556343494,-117.4571564023566,-118.29449376730467,-115.72048484504265,-116.82603280856002,-116.23690893482053,-117.71472393812881,-117.37859178716498,-117.92218836479688,-116.75690418478285,-117.90938505287099,-116.15568021637186,-116.03800037455386,-118.0317848988637,-118.05418458418058,-116.87667709167887,-116.15952420278006,-117.3626810115748,-117.50381819513616,-116.34838402862128,-117.68946481905132,-116.67432652336792,-119.89226283312803,-118.05938395509312,-116.87158215690316,-117.24675342904143,-117.05365716457133,-116.7075309768528,point1,-117.12978527694767,-117.08562437979926,-119.89226283312803,0.9068670645986909,-0.22431680203795645,1.2289365522574953
HDOK,PLOK,17472,6,6,-130,-14,11,2,33,-116.06128969234501,-116.37066137977136,-118.10662824828243,-116.67974097604944,-116.48680863541767,-116.26473563627901,-119.73990589298548,-117.90438376529063,-117.07582050273966,-116.08097860234935,-116.68097757473002,-119.07104387637182,-118.14075822180172,-116.82947936869022,-116.57527776033896,-116.80475926056081,-117.6977288771058,-116.84989844860274,-118.19931030722466,-116.5391965168503,-117.39354001268839,-117.85393779201704,-116.6911136196181,-117.45985700401322,-117.45035030226505,-116.16751363281467,-118.49003306168002,-116.49415503252993,-116.41117244020774,-118.05498831484799,-117.62092464224786,-115.37070201160961,-117.32329312314387,point1,-117.18002922828695,-116.84989844860274,-119.73990589298548,0.8721651614940229,-0.6661547761989219,0.41543390079625775
HDOK,PLOK,17472,6,6,-130,-14,11,2,33,-115.47232337775775,-116.66476077694081,-117.38492480915298,-117.3360615961267,-117.81039010365048,-116.85095788180857,-118.68836244092893,-119.7332828092661,-118.71622825519107,-116.03982685368631,-117.56294493342143,-116.61321630101328,-116.92612054838253,-118.31914772839843,-118.42599341606349,-117.7264510969135,-117.30779325868279,-117.12596417988524,-117.1761950430267,-118.29306989446326,-118.39401942717028,-117.9866092464314,-119.51589809735125,-116.80660565653415,-117.64092925663246,-118.07466089147108,-114.98921034303919,-118.59483197773062,-118.26894525620442,-117.23850760500727,-116.48987054662612,-117.19202972904564,-117.25482340182256,point1,-117.53396838605536,-117.38492480915298,-119.7332828092661,1.0369208949281248,0.19712316012681086,0.4659202024923492
HDOK,PLOK,17472,6,6,-130,-14,11,2,33,-115.98399916662257,-116.08936541269247,-116.10096547478872,-117.25483624039565,-118.03044040164167,-117.78058729801722,-116.84244204342143,-118.11589260033,-118.0304213232286,-116.47739694832124,-117.41395335199202,-118.02687851073175,-117.94304930483996,-116.5021984620235,-115.7604711103539,-116.61106981192083,-116.92808068700312,-116.8884742567926,-118.80527248529211,-116.45462934102343,-117.25367875369804,-116.51121880120866,-115.52362942521489,-118.29656875758198,-115.15907122934897,-115.92281797043458,-118.59081822796847,-116.3286824011848,-116.73026857753432,-117.98104058737867,-117.56824470988597,-117.493522412278,-116.19429731520519,point1,-117.01800858788954,-116.8884742567926,-118.80527248529211,0.8657679881516476,-0.050282346318632674,-0.9291219944751834
HDOK,PLOK,17472,6,6,-130,-14,11,2,33,-117.01219731397335,-115.13101051914607,-115.68946213694754,-116.89684844413402,-117.56878267133096,-117.67195252764864,-116.7704648705859,-116.9869922515629,-116.82526510614677,-117.69993896889324,-118.4744526110457,-116.16742782507274,-116.56026511146709,-119.16843540794339,-116.49488079735379,-115.79583449698917,-117.57688395422878,-118.13730434546059,-115.84588711991702,-118.16675935752473,-116.40646473443823,-117.99212086712035,-117.34410498818767,-118.40504967901715,-117.20071695153435,-117.0275513362968,-117.24894194424127,-117.13672316472751,-117.62324304721245,-116.46831478594495,-117.6046554979962,-117.54313649603226,-116.08166181736301,point1,-117.11284033780257,-117.13672316472751,-119.16843540794339,0.7776636215607861,0.03784717873742243,-0.06663903248244951
HDOK,PLOK,17472,6,6,-130,-14,11,2,33,-114.5090293475479,-114.73848721562462,-116.53557448791423,-116.96362457427395,-116.75670627833031,-117.98276223788302,-118.33751782836966,-118.30482242914715,-117.62533042926324,-116.49817155279642,-116.7011460162414,-116.2189851685642,-117.17912857292242,-116.40908659446568,-117.40396211748308,-116.51885387884693,-117.92777881341404,-117.1629258755661,-117.0070108785358,-116.28447059063056,-117.65667162827161,-117.84442689528167,-116.5309154518248,-118.89798631172106,-116.47753881941239,-116.01970707197258,-118.0268389979874,-117.17212819201397,-116.45482454923057,-118.47149595777243,-118.58810531999708,-117.12105580375264,-117.8180354345778,point1,-117.09530622186779,-117.12105580375264,-118.89798631172106,0.9764759097484663,0.5204378343029561,0.6091462101531424
HDOK,PLOK,17472,6,6,-130,-14,11,2,33,-118.13752787343559,-114.62717864157615,-118.84561528675175,-114.66766031765462,-116.74152803810303,-116.79374649317465,-117.84183388710682,-116.59778867390973,-116.82746252270678,-116.20887928622443,-119.10721419625779,-117.77160671391073,-116.21376283293293,-116.65489329393053,-117.35825431373912,-116.50062584017977,-117.71970547995075,-119.04223021821247,-117.81879432345343,-116.3032137144953,-117.7578634489311,-116.81889219072946,-117.11781896125524,-117.09265848000746,-117.27479662723785,-118.237666921343,-117.41375289602291,-115.9233687401363,-115.40582949707544,-117.5584468010659,-117.08434879544599,-116.04984544582115,-114.94547095424551,point1,-116.98364490021282,-117.08434879544599,-119.10721419625779,1.240722157201756,0.23440702941530941,-0.012265287218709009
HDOK,PLOK,17472,6,6,-130,-14,11,2,33,-115.97476626703347,-115.03149913789129,-116.25633738702325,-116.84701071501331,-115.20415810997685,-118.04978284321548,-118.80727203214249,-116.8119939609258,-117.63994568661703,-116.07682589800422,-118.52893862142061,-118.79970563791412,-115.9880912164888,-118.10633336547504,-117.83667834673314,-118.01296067171583,-117.07909846516961,-117.48039373430842,-117.95295220245963,-116.21696144686257,-117.95940935394327,-115.96802187225701,-115.94223734598026,-116.766897961428,-119.3725562022933,-117.67649199089625,-116.84568560416507,-115.95332303849557,-115.52907111024449,-117.16530504160707,-116.68485757838593,-116.92913812194273,-115.93457974222639,point1,-117.01300850637139,-116.84701071501331,-119.3725562022933,1.1967097855918836,-0.2087101146572801,-0.7602022450087684
HDOK,PLOK,17472,6,6,-130,-14,11,2,33,-114.7793821485239,-116.8450485099684,-116.30154128570233,-117.10680227253799,-116.86518078061337,-117.68007842151846,-116.76008069191579,-117.04420570577439,-116.74868356107478,-117.39215071473132,-117.38970881955994,-118.80216167341321,-115.91551055351768,-116.33188240669821,-115.62152903538248,-117.17138520558204,-117.57613452194995,-116.16554199992785,-116.95300666152,-116.66262261069045,-116.76922699349139,-116.90266574120785,-119.22102833023395,-116.53552441625762,-117.1327983813384,-115.64708552504223,-116.64761255995687,-117.87860228396899,-116.52113399520505,-116.75499310154947,-114.54119232093329,-117.71033430866261,-117.23566100280678,point1,-116.83668171337143,-116.8450485099684,-119.22102833023395,0.856911839650263,0.0508983312502065,1.5731769934225714
HDOK,PLOK,17472,6,6,-130,-14,11,2,33,-115.27444049655404,-116.6407248412876,-116.81652382474657,-120.97538761798923,-116.34913604298046,-117.86297886345724,-116.82677404834314,-115.77101077896089,-120.96191652769991,-116.04787423531712,-118.97945441280235,-116.55049431136187,-119.13396638189953,-116.86941672348895,-118.91601001593013,-118.41063280010422,-118.95234134758094,-118.22381192241642,-118.04060155637988,-118.47008170209837,-117.52859858576205,-116.36622195385627,-116.3093945755622,-117.15597277382398,-117.7042540831611,-119.80473414966511,-117.95745891319275,-117.3455847822986,-117.53257501349826,-116.5494787350854,-117.86830114460679,-115.65804755353652,-115.37141113663374,point1,-117.55229126824491,-117.52859858576205,-120.97538761798923,2.04152891690106,-0.6311859303786963,0.1421361155579448
HDOK,PLOK,17472,6,6,-130,-14,11,2,33,-116.88606648979427,-116.46633841453273,-116.12873855839786,-117.33396662616381,-115.12781260389416,-117.21593984566431,-118.4344579460996,-117.18095057561223,-118.55676508142236,-117.71538654087988,-116.85134514586511,-115.73089279965761,-115.8280586807028,-115.87846970198075,-118.38267070775757,-117.52850803697953,-116.85187301262688,-115.81166845617297,-117.26678284383581,-117.45459006999415,-117.41977160794237,-116.86650675306335,-117.22576425311205,-117.6088735359448,-118.10421237192026,-116.75611604045356,-118.06387916623461,-116.3383841121215,-115.71044185167499,-116.5207117238013,-118.06282385547719,-117.49430733451699,-117.43131888177975,point1,-117.0374058674569,-117.21593984566431,-118.55676508142236,0.7510113144256938,0.25179281987203955,-0.597127198975429
HDOK,PLOK,17472,6,6,-130,-14,11,2,33,-115.6838750325035,-115.49399652582484,-117.59641191176317,-115.17153938543835,-118.18249533623981,-118.33277054917046,-117.44973680894209,-119.29683136592705,-116.70812366632295,-116.91555836720693,-115.60098226870711,-119.17343071320443,-116.30380609266321,-118.48056453527929,-116.40276239654894,-118.72479332634816,-116.16477159389846,-117.40959156794415,-117.27010237336565,-116.48457996517705,-115.96810792658421,-116.76655603557121,-117.14969170081628,-117.70335323103227,-117.44944314501741,-117.03276779662094,-116.21392093475565,-117.3547452755459,-118.97674702907761,-117.44394934077194,-117.07528750074083,-117.58047063005334,-117.30877701143936,point1,-117.17789519213645,-117.27010237336565,-119.29683136592705,1.1035964267775105,-0.18180006357726305,-0.4281886365695957
HDOK,PLOK,17472,6,6,-130,-14,11,2,33,-116.35914641681693,-116.76708701616235,-117.5284456912192,-120.10633414052124,-117.8429952014894,-117.44090810965407,-116.38228306183323,-117.89040686845892,-115.8390469411567,-117.4029368258526,-118.29598311968287,-117.48472030946891,-116.02470548640481,-117.5862551578477,-117.65576287006822,-116.09560996661492,-115.50795983890045,-116.9190539032415,-117.89401277047466,-117.50867752677088,-118.48285139431145,-116.04546140914003,-117.7209703163503,-116.16253691044379,-116.13314159644005,-114.55684926659822,-114.47895930794088,-117.85180886829647,-118.12050148856473,-117.9729764434336,-117.37443674248895,-115.76723078855504,-117.64657930935554,point1,-117.05595863831995,-117.44090810965407,-120.10633414052124,1.334572122438373,0.14321234567196464,0.6015964640505209
HDOK,PLOK,17472,7,7,-129,-13,11,2,33,-118.09656642217831,-115.0377924745094,-115.9898404047477,-118.81797639763604,-116.25104249522306,-116.69381835201214,-118.41398271795344,-118.9421667119248,-116.81429369151518,-117.72702646412894,-116.9447098415252,-117.23402920088216,-116.55375071707748,-117.36533106779798,-115.93323616582123,-117.09350296121215,-118.26081357796382,-117.8881162362653,-115.85252942941837,-116.64173947604539,-117.7549051992305,-115.60176699401147,-116.10723855194078,-115.5497313976487,-117.42314843629528,-116.7943375972279,-116.65428842797702,-116.66497332960896,-116.4197030057193,-116.96006578615868,-118.12373882615296,-116.9955405018694,-117.66379192046044,point1,-117.00804529636787,-116.9447098415252,-118.9421667119248,0.8983593066610844,-0.12885214473277065,-0.47583969035339546
HDOK,PLOK,17472,7,7,-129,-13,11,2,33,-116.29262254756947,-116.5255106640123,-115.88085066078355,-115.84975328706567,-117.13475670208736,-117.4558637644415,-116.8461657608619,-118.07809117665062,-116.72599021936558,-115.2666494200684,-117.96750463705712,-118.19530533438875,-116.41325616316809,-117.54763552984329,-116.36221288870985,-117.28505698616407,-117.38856938779163,-117.19988814687288,-118.11235572890307,-116.85039141698151,-115.29496981696107,-116.98298872608981,-116.4459122755362,-116.54185003134192,-116.99560676255929,-118.49084310520347,-117.66348685443103,-114.79633960219219,-117.63120403840126,-117.126431493449,-117.90137556611559,-118.07359243646819,-118.46359704900323,point1,-117.02383721759209,-117.126431493449,-118.49084310520347,0.8541338221239736,0.5015376993981085,-0.19148368838071805
HDOK,PLOK,17472,7,7,-129,-13,11,2,33,-115.4976640964072,-115.72116637244801,-115.79387195852367,-115.841470068461,-115.74737262490942,-116.96931879936905,-117.74585505305758,-118.89130129222771,-116.41021901828002,-118.67400977473156,-118.20473327351544,-117.6919381016194,-116.25199336744373,-117.25698741399493,-117.02389255397061,-115.78908208781667,-116.31259062086947,-117.13606561416597,-117.07624341574389,-115.72709408343391,-117.39571260425545,-116.18338123959492,-118.14835102809323,-117.17784775968084,-116.83120440043645,-116.64819238908359,-114.61072369314842,-116.70516453831061,-117.13789293266044,-118.64178060190882,-117.19805683394029,-115.41284396041253,-117.6787366495545,point1,-116.8343260067294,-116.96931879936905,-118.89130129222771,1.0494511321869524,-0.11417307582764441,-0.4590580603837848
HDOK,PLOK,17472,7,7,-129,-13,11,2,33,-115.37877601222435,-116.25297696076463,-116.83630141794029,-117.52746550013254,-117.41772537266007,-116.89021016413291,-117.92209456228214,-116.24324502615413,-115.50447159886717,-116.86565985369158,-117.10905019504561,-117.08341996736999,-116.11931485265009,-114.91282041138169,-116.64379325790371,-118.2370510441502,-115.37693993548628,-117.77290298638117,-118.30028875495233,-118.21992606274685,-115.55178499259495,-115.21431100911019,-116.47690831526111,-117.06423584553234,-116.08977214273173,-117.16388267663255,-115.76368563350873,-117.29468553219716,-117.99469655691541,-117.32575875085384,-118.04446253203638,-116.31240771753278,-117.52538893530975,point1,-116.80110347203437,-116.89021016413291,-118.30028875495233,0.9163159133497656,0.23155448763529027,-0.9588081111482145
HDOK,PLOK,17472,7,7,-129,-13,11,2,33,-117.75419608189793,-115.41191930534657,-115.77711845039727,-114.81845051271961,-116.35801341199198,-115.6113274425509,-117.03963607599908,-117.8501977084391,-116.07084130906306,-116.08735338094857,-117.26031288796995,-114.66245021961554,-116.75018482318919,-116.46516276850512,-116.03345019071092,-117.14664712420722,-117.59890156955734,-119.67658389002887,-117.53247733144715,-115.64954414679558,-116.54791688847696,-115.97378315105807,-116.52224866215356,-117.03392004909497,-117.63329275942613,-118.76539239822283,-116.04906308060892,-117.82293902299445,-114.80782634276083,-116.73184729922049,-118.27081368529429,-116.73797889263199,-115.21763369886605,point1,-116.6566492291573,-116.54791688847696,-119.67658389002887,1.303226200122999,-0.40997460853084877,0.17740669454267488
HDOK,PLOK,17472,7,7,-129,-13,11,2,33,-118.54428956472516,-115.12599342116911,-116.26740036635832,-117.48517972146313,-116.238957227445,-117.10401710587297,-117.35608314121724,-117.88303956661066,-118.25744070379983,-116.76042593845094,-117.31875492164667,-119.17244561109942,-115.99862080413239,-116.49352921103642,-115.9443845371254,-117.25069852951313,-117.41997366022592,-117.05809718287382,-117.44333076573494,-115.44045830482015,-116.53854739424621,-117.88904511110533,-115.54781160805739,-117.09065740202165,-116.33158816509888,-116.17262691745007,-115.67196587733856,-116.41181290801876,-117.13877427619968,-117.91538143762985,-115.55180068697814,-117.48903920554872,-116.5267427305545,point1,-116.87390648501723,-117.05809718287382,-119.17244561109942,0.8825533185993584,-0.24553917290840135,-0.24994124765177306
HDOK,PLOK,17472,7,7,-129,-13,11,2,33,-115.53924718436382,-114.93778335877914,-117.47341335261629,-116.93839953085107,-118.25293866951999,-116.6699805626766,-117.25740080509492,-116.59574729133571,-117.03371845574866,-116.96630005968508,-117.97279810825887,-116.98322489254858,-117.56725293738384,-118.42905020972181,-116.63161685629491,-116.36015195523079,-116.23109819346611,-116.67213295420864,-116.61072519306394,-118.32783730756049,-116.9114384466159,-117.84423742410033,-118.30406039223132,-117.64159411897222,-118.76337957449395,-116.64028888851894,-117.18486763006192,-116.85097529644794,-116.57757760998112,-115.29941078671342,-115.7312325982055,-116.72125493908048,-115.64786290039439,point1,-116.95663631770387,-116.9114384466159,-118.76337957449395,0.8377716998467479,0.0747798797088992,-0.22147775171239736
HDOK,PLOK,17472,7,7,-129,-13,11,2,33,-116.09148677545366,-115.85477591406283,-118.03889743872519,-115.20131220026248,-116.26096439868134,-116.78941618302672,-116.34156281451128,-117.66330555121206,-115.94165734783797,-118.7443378717841,-117.16780144885382,-118.24342482770227,-117.79110855444188,-117.56784154821723,-114.8217270684993,-116.4894489427902,-117.90302379097467,-116.23709598784878,-117.48467897583316,-115.68466671156074,-118.25107574954308,-117.17732389859314,-115.98468773867437,-117.53864060608201,-118.18299981522375,-118.68866245604698,-116.31606211815141,-118.09199664212856,-115.37762596127035,-116.67526501808285,-117.14025485206705,-117.10936390093121,-115.79927036692601,point1,-116.92884131745456,-117.10936390093121,-118.7443378717841,1.0861121847229775,0.07882824882338908,-0.982977864659003
HDOK,PLOK,17472,7,7,-129,-13,11,2,33,-117.643359651554,-117.15649033390574,-118.41425893329036,-116.21037116935915,-117.15127306643024,-117.61317603239658,-116.35652143938538,-117.20840248979891,-116.5385431854028,-116.11706747428603,-119.21272444420197,-116.94114423229053,-117.16628228805172,-116.82435528384063,-116.15415863007165,-117.64691145635318,-116.34039759730923,-114.24108360353095,-118.6681539811535,-119.21377744570253,-116.9256031840925,-116.67664768773155,-118.09660571270065,-116.76505128064714,-117.33536495964395,-118.96144667587032,-118.69143313118781,-116.9546832361206,-116.02452640701917,-117.82636939686503,-116.29609085238249,-114.37087281430357,-116.59754065141485,point1,-117.10123299176648,-116.9546832361206,-119.21377744570253,1.3269641509004604,0.25125215495705544,0.6461250692459473
HDOK,PLOK,17472,7,7,-129,-13,11,2,33,-114.91194182126863,-116.3638722292993,-116.21683413363449,-116.43427670417881,-116.45202314207955,-118.12131527988599,-118.35658226518896,-118.09223577435353,-118.25824071567742,-118.68901657687228,-116.52280419641288,-117.07212582885441,-116.35994639934884,-117.19802737144111,-117.69316525516915,-115.14594184274848,-117.30404309728566,-115.79193746014462,-115.85784883826295,-118.0388446660801,-117.77962644495624,-117.56768701389211,-117.25882180293189,-116.29136629440832,-118.15314131227616,-116.76725257220811,-116.40369032555381,-116.77238576136705,-116.13232301383138,-115.80169873200175,-116.14368793556541,-117.44166347362022,-116.74869183074239,point1,-116.91342606398612,-116.76725257220811,-118.68901657687228,0.8934473466474339,0.011720852423082023,-0.707194404765092
HDOK,PLOK,17472,7,7,-129,-13,11,2,33,-116.62151110504132,-115.97720426702786,-116.41655008712931,-114.18435445720903,-116.0159554661277,-115.53485995923872,-115.12152095923454,-116.5256268440429,-117.12250220181663,-117.77562240810798,-117.37992771705294,-115.71560702018832,-116.36366481672292,-117.13141062927961,-116.94905080831006,-116.90046507467846,-116.74703804038307,-117.59664733479853,-116.63157164071023,-116.02046418370792,-116.1912315158731,-116.4819280120262,-118.45213567914875,-118.17879792126018,-115.10543221955054,-117.36831644436465,-116.78101564010512,-116.20816641293789,-117.02497535594158,-117.0371353436981,-116.08446692622941,-117.84670179300605,-117.1960619276305,point1,-116.62690667310848,-116.63157164071023,-118.45213567914875,0.8033211955761951,0.40220593929338555,0.6233513564465003
HDOK,PLOK,17472,7,7,-129,-13,11,2,33,-117.7363533005117,-114.38482764123826,-115.30846480152867,-117.11899089488612,-115.88334653064011,-117.00725910869096,-117.83044717374175,-119.10658157528576,-117.95224746199514,-115.0877627053922,-117.27493840722067,-117.17813935511603,-116.89453898530398,-116.1704746900063,-117.5634225206043,-120.0273785290314,-118.1830554173756,-117.1134232389894,-117.12231034508108,-116.41039667857325,-117.75429419782942,-116.47847944894725,-116.4376405842851,-116.79867669443766,-116.61250317580318,-117.9269186553933,-116.69649170175371,-114.08155346276695,-116.42986347480252,-115.66699660621616,-116.68960354209594,-117.1492513691436,-117.69880561106957,point1,-116.9022859965381,-117.00725910869096,-120.0273785290314,1.4081496756836762,0.07078565141667748,1.1849332606399732
HDOK,PLOK,17472,7,7,-129,-13,11,2,33,-116.68173450118205,-116.19610148867535,-116.60179036196749,-116.26326297906684,-116.51888323105722,-115.88403851212664,-115.59701124361253,-117.33723399949844,-116.32715075763812,-115.55118011935699,-118.18986046792945,-118.1123532993988,-119.01373376845049,-116.90154510543252,-117.82816142845918,-117.14714704711261,-116.89431449879197,-117.21099570198803,-117.1979894413098,-118.52025994510755,-118.62371912994269,-116.30108044704336,-116.8129727573947,-117.84055311552096,-118.00582723768991,-117.72619214525827,-117.02845356047519,-116.04585345326818,-115.94341803784552,-117.3296913220466,-116.70551556642558,-116.84539251695114,-115.75134568335388,point1,-116.99802311731449,-116.89431449879197,-119.01373376845049,0.8061379646241214,-0.387896163759431,-0.5628936381302361
HDOK,PLOK,17472,7,7,-129,-13,11,2,33,-119.00277748899283,-117.28179945120577,-115.69430454594934,-116.0902362575568,-115.94059458761863,-115.18746549539384,-117.27679265435019,-117.63255385396621,-116.030995668487,-117.02548391614499,-117.86199170004349,-116.77478646854,-118.50725910827188,-117.79291465576932,-116.82249240240583,-115.76676216877925,-116.89749360863922,-115.83065398415063,-119.98462979368637,-116.09614766388437,-117.06023677725057,-117.22049391702414,-116.02257018253982,-116.7003182029623,-116.8620492949733,-117.50699195347656,-117.83160193930449,-118.10681541921805,-116.05927953176231,-116.68287401497184,-116.67144806763147,-118.4200942151175,-120.29487057225826,point1,-117.11932665340385,-116.89749360863922,-120.29487057225826,1.381304971570395,-0.9134917020416481,0.8330289848848387
HDOK,PLOK,17472,7,7,-129,-13,11,2,33,-116.58563896171785,-115.53922906381703,-117.27546666897392,-114.77872393357961,-116.33561965638233,-118.59358199587243,-117.54545947386683,-116.52567823968008,-116.17441081604875,-119.16930247673268,-118.83034185316103,-116.64487807131566,-117.90198301602774,-115.78503914318111,-115.1364839075319,-118.11156699699481,-117.17836943011737,-117.02544587161715,-117.60218377774083,-116.5542799374375,-116.78297206156331,-116.87780064367463,-118.92420286397967,-115.12354421371184,-116.49036455823004,-118.31726179907913,-118.20341462748841,-116.17870735030466,-116.41596013106967,-116.19149672766592,-119.83464856345951,-117.50437024228094,-116.52469750126902,point1,-117.05039771441129,-116.78297206156331,-119.83464856345951,1.4577024835434222,-0.32548105855724435,-0.3208233789879986
HDOK,PLOK,17472,7,7,-129,-13,11,2,33,-116.33138253504998,-115.58549340550134,-116.29390657573055,-117.69493698952915,-116.37631732623761,-116.2945147053144,-117.03784448662276,-117.72242662681893,-116.48379312540283,-118.4705110437078,-116.36118895249055,-116.50243871367547,-116.77358850998517,-116.80739872240609,-117.2347667364128,-117.69481800036709,-116.60696005261681,-117.7515949531219,-116.82016003825555,-116.11602758561013,-117.52480987440516,-118.3203591999689,-115.74679896877869,-117.56474727958846,-116.59307501786263,-118.31523861959525,-118.70059375963444,-116.78609326744026,-116.55133333039633,-116.20956660934831,-118.04964116797774,-117.30465703409796,-116.31636155930894,point1,-116.99828317494728,-116.78609326744026,-118.70059375963444,0.6458378767371189,-0.4564804129577592,-0.7094370815967146
HDOK,PLOK,17472,7,7,-129,-13,11,2,33,-116.79411495107922,-116.75307777804139,-116.3688122132239,-115.43367850984204,-116.18876930040122,-116.39338367111085,-118.0747069031707,-116.75800427676256,-117.60091706858516,-119.20395714635092,-119.47655189084303,-116.04331103109502,-116.27843867329744,-115.16181342459159,-116.77060273679781,-118.13148436214631,-118.54572937701403,-119.58332709383727,-116.05081741637731,-118.89332503254217,-117.00322053424534,-116.45530665490661,-117.44046111441799,-117.41612722506684,-114.66347660470191,-116.44347568195522,-117.82957281890936,-118.59029455730729,-116.92892869331362,-116.79109305818592,-115.3400662008453,-117.38138764630901,-117.32934348452994,point1,-117.09447203429707,-116.79411495107922,-119.58332709383727,1.4744371012093507,-0.29548108097891956,-0.31643894819976204
HDOK,PLOK,17472,7,7,-129,-13,11,2,33,-117.154358183168,-116.48240630959546,-119.42025461800228,-114.71303769166917,-118.00103972948843,-114.01376305331185,-116.13009253296013,-118.6083809340471,-116.61345215916275,-115.99783013430813,-117.80652185377036,-117.60285333649131,-118.37062567025181,-117.74287699855337,-116.99675440438199,-116.16934032041972,-117.52997996395045,-117.41803498660708,-116.97106396928517,-117.40528849138693,-115.11961919624036,-117.99406777181923,-117.19652428899785,-118.30421656986766,-115.85727938037732,-116.63510677944528,-117.08812871026836,-116.98456646656633,-117.08483474083242,-117.09208119343137,-117.69787346895288,-116.57862646376574,-115.6722602403583,point1,-116.9834285033859,-117.08812871026836,-119.42025461800228,1.2332249744513142,0.5264216139259583,0.7869296365672445
HDOK,PLOK,17472,7,7,-129,-13,11,2,33,-118.33236193663456,-114.34419691859743,-115.12537174778979,-116.79235979729806,-118.57907105859483,-117.67088264378741,-117.62429207559582,-116.40550386259957,-118.6237555131356,-118.22375279995317,-118.56174502316,-117.22641736995416,-117.26297077620629,-115.19369078081496,-115.78152689384103,-117.3200218357957,-116.49654563711404,-117.63767063011424,-115.67594094577703,-117.21624643429787,-118.37978045603295,-116.77760086044002,-117.66043209827055,-116.4081644692645,-117.02700836267186,-117.7364498582647,-118.12780787878478,-115.75981833750615,-117.30977701945984,-118.02332637407235,-117.8519110907938,-116.08170329858014,-118.88879387979156,point1,-117.15536056560589,-117.30977701945984,-118.88879387979156,1.2621810733697132,0.6231611076350676,-0.23700104749475415
HDOK,PLOK,17472,7,7,-129,-13,11,2,33,-118.24966848471858,-116.49502500926783,-114.75324514634003,-117.23562067786109,-113.83347750096004,-117.61523297803954,-117.12208376996071,-116.94967390614677,-116.9070237747148,-116.16867293773105,-117.30705508630487,-118.2761379837894,-116.74756009439992,-117.37133699224403,-116.08564716546304,-117.42060006430556,-119.20125516592587,-116.58179746173606,-117.73633683415179,-116.65767921826757,-116.64322794629557,-116.46473069547457,-117.94829915263004,-117.47609947380968,-117.005285445437,-117.88037451193433,-115.2977720596721,-117.04887911835071,-117.63901006814781,-116.30003424535595,-113.95273757085185,-116.16743415015817,-116.18783491709144,point1,-116.80990453356178,-116.94967390614677,-119.20125516592587,1.2793635658802138,0.8312528226472553,1.3728425481860547
HDOK,PLOK,17472,7,7,-129,-13,11,2,33,-116.29199953853364,-116.19390437063346,-117.27075044897882,-116.4465854023641,-117.3868124474638,-116.22798009372676,-116.36019416602775,-118.76358281156581,-116.76846866156052,-115.97182244510782,-114.33195118781275,-117.27202089555831,-117.15276256216059,-118.30033492850795,-117.68369497382338,-115.98711921337923,-115.33569070904773,-116.67679206658897,-119.19178809586343,-117.35177081795185,-116.91244619308557,-117.69338316766445,-118.52801209191514,-117.57925148337908,-115.50384273481052,-116.64697120261005,-115.45255804996538,-116.82076075004073,-116.82360593063324,-116.92368800513448,-115.99563975772061,-115.62522266103515,-117.82473120503582,point1,-116.82715572938446,-116.82076075004073,-119.19178809586343,1.0814342256993712,-0.10569524037333031,0.19697240209068
HDOK,PLOK,17472,7,7,-129,-13,11,2,33,-117.73159455985567,-113.9042031838692,-117.58508675109293,-116.62903007152616,-116.24613838820478,-116.2985076812638,-116.50321010846882,-118.06598308078597,-118.17976433498731,-117.54852871158771,-117.25475509234454,-115.77162609085332,-116.18760257614431,-116.20507571325251,-115.34655671517046,-116.80347933335342,-118.22390194765799,-117.94088066054056,-116.8357953144997,-117.5713896690525,-118.07074505989574,-117.0464841040827,-117.06681550008969,-118.54962970206937,-117.72642102696797,-116.90174515668127,-116.58108314632982,-116.78740624322202,-116.09946100759032,-115.9906737657904,-118.12749062135663,-117.02141638688865,-119.19003728226356,point1,-117.03007633296183,-117.02141638688865,-119.19003728226356,1.0694100237326887,0.5549386064015401,1.2159785239585914
HDOK,PLOK,17472,7,7,-129,-13,11,2,33,-117.91176023326123,-116.41765824150687,-116.25546057021681,-115.15314862532766,-116.88699820732398,-116.3320109227071,-118.1761771665949,-116.97679907840124,-117.22301280374016,-116.22667379291713,-117.00653617460227,-116.46602469462442,-118.107986338807,-117.79606503787365,-116.6956185409796,-118.5168557802102,-117.5015700679174,-116.98364831559832,-118.70344485168981,-117.2091937449726,-116.15480662676828,-116.91690720001637,-116.2720583287228,-116.36434777531294,-118.04352038718791,-116.09628020128827,-117.13365739303067,-118.89427398665501,-115.56628481841139,-116.71747624227618,-116.30372525065553,-115.8004948414139,-117.8103236352405,point1,-116.98850908715916,-116.91690720001637,-118.89427398665501,0.8255116874228674,-0.31197392804666096,-0.4957962967216769
HDOK,PLOK,17472,7,7,-129,-13,11,2,33,-118.47589485746595,-117.14623087668868,-117.30188971881537,-116.33275999601601,-117.96783575140691,-117.39230820052978,-117.03256830461372,-117.19997857007557,-115.65038816029325,-117.31693938749265,-116.96021028358658,-117.2877527674128,-117.36066129268674,-117.04747261646831,-115.50089984405517,-115.9382454941105,-119.1959845188094,-115.92605406479395,-117.15934105496004,-116.83836636295646,-116.86748018205243,-115.5481985257367,-116.67443895426561,-116.48280344427492,-115.14497254379826,-116.83014409527283,-117.1502747400351,-116.43078570757561,-118.42085050706332,-116.910253020608,-117.02387373730453,-115.88087717850492,-117.04160644302257,point1,-116.89207094553792,-117.02387373730453,-119.1959845188094,0.7460806650048111,-0.29713027889696836,0.7160590157446882
HDOK,PLOK,17472,7,7,-129,-13,11,2,33,-115.54734769361701,-117.76852634140008,-116.36018482257695,-116.20383669889024,-116.98640675907559,-115.14010551352436,-118.42238008329632,-116.0196257732961,-117.19475936247127,-115.05224761371299,-116.25935868633401,-117.07196405615511,-116.32845124382784,-116.50195707288142,-116.94748217891119,-117.79841816527765,-117.1328737307689,-116.87016010178463,-115.24556408223113,-116.97596547141211,-118.4877838918106,-116.99816939823015,-117.97213420228576,-118.83678744554236,-119.16023010867899,-118.18337498536233,-118.69396790518017,-115.58659218798776,-115.41011069174407,-117.60569670841939,-117.05717690087572,-116.35409750262043,-116.50788248361309,point1,-116.92974605647868,-116.97596547141211,-119.16023010867899,1.208681474320699,-0.17774120055992518,-0.6824862504985525
HDOK,PLOK,17472,7,7,-129,-13,11,2,33,-115.58130701084553,-115.33694988443574,-117.444830669989,-117.57299808663768,-117.85121343138903,-117.16742958676159,-116.71059114186423,-116.47747329424269,-117.3108058203957,-115.6655059149158,-116.71930729971002,-116.14254581224333,-118.80855607988416,-118.55019420296193,-117.28267415364894,-117.62842896981641,-117.12773135591152,-117.75702567542704,-117.56103007398775,-116.38254179541799,-117.4181882117803,-116.61737033167088,-116.5344970934539,-116.54530848093074,-116.78628712662685,-118.55865476440033,-118.2796872582245,-115.95327825394506,-115.77391407880312,-118.07956313131116,-114.89244758292644,-117.63544647500416,-117.24615758903897,point1,-117.01211941329097,-117.16742958676159,-118.80855607988416,0.9109942573862441,0.20657770448691787,-0.43772914799204443
HDOK,PLOK,17472,7,7,-129,-13,11,2,33,-115.53840832360922,-116.13763545152253,-115.91271156814771,-118.00897211706395,-116.45817438556485,-115.21565745533348,-116.9711072540992,-117.08791149100256,-116.1340811719628,-118.08079224678069,-116.64930504132558,-118.06814441384977,-117.59836418435539,-118.38507910068806,-115.26357157423682,-117.13345782605643,-116.38863356332439,-118.67069316807527,-117.64567238761977,-118.18867906556835,-117.38604898361112,-117.30709776278562,-116.17459105629717,-116.72528869014702,-117.12585331904361,-118.29294718562812,-116.79425359160142,-117.18397967503932,-118.03655503493287,-116.59779494998148,-116.24324293076648,-117.0730630772353,-117.45925242867399,point1,-117.02839455987669,-117.08791149100256,-118.67069316807527,0.8125667484142294,0.17169539355643684,-0.6620707127049967
HDOK,PLOK,17472,7,7,-129,-13,11,2,33,-118.35454539005188,-114.88597853078046,-115.66179702201619,-115.6089082383504,-117.42696122469435,-115.4972806943942,-118.10632972893177,-119.15438281964201,-116.75161424285045,-118.47759612735045,-116.97570230818486,-118.06333799310757,-116.97357830823199,-117.8853707060228,-116.25851340124993,-117.04961813733999,-116.03486690730386,-117.86292523015041,-116.51212336138411,-117.2153549212789,-118.39885534815545,-118.33202881928648,-116.5159040784987,-116.01062832492245,-118.81193311114663,-115.19424789678007,-116.44009741933242,-118.3438211955183,-117.5628992908755,-115.14383372583299,-119.28105343738933,-117.3839070719782,-114.73846662376786,point1,-117.05801398899395,-117.04961813733999,-119.28105343738933,1.5979691818734496,0.13190113360079986,-1.0016820737384822
HDOK,PLOK,17472,7,7,-129,-13,11,2,33,-116.18367545929414,-115.58918911905944,-117.26107093505831,-116.07252504985685,-115.78268034418682,-116.52696619552574,-117.68170465245834,-115.62995597416693,-116.26044707365915,-116.5861987501949,-116.77163200284323,-116.65494399971739,-117.49885067480967,-117.35009646653963,-117.73839591672251,-117.6147350370171,-117.52931563368904,-114.5995400807877,-118.4068181799702,-118.97044206303259,-118.17375727002866,-115.98104788275737,-116.60961845470999,-118.85212342978606,-116.7130383592369,-116.38572482074055,-116.40636073812274,-116.79917432795574,-115.48967426445708,-115.85014059122267,-116.68426525324954,-115.0607172034095,-115.69286954137219,point1,-116.70932411350421,-116.60961845470999,-118.97044206303259,1.0592684568630133,-0.346087714980676,-0.16926710801250033
HDOK,PLOK,17472,7,7,-129,-13,11,2,33,-117.89802099481979,-117.45816934985154,-115.76072742543724,-116.32540042421938,-116.62643965597353,-117.44260307123865,-117.31545618314398,-115.62101141912318,-116.69478750559658,-117.74126557621713,-117.409671053883,-116.48411632042183,-117.79090995476076,-116.65648877478095,-116.40704116517124,-116.28438835751429,-118.02122163906535,-116.86107210514808,-117.66266319384516,-116.88507955952127,-117.62986331488922,-117.38932284507307,-116.19182959185784,-118.28214501621282,-114.59483843945166,-117.80605450945721,-117.62158855701968,-115.16838073461729,-118.89263614746824,-117.13448699902081,-116.46035303085405,-117.47289016848802,-117.21264425558066,point1,-117.0061687072643,-117.21264425558066,-118.89263614746824,0.8097634548353254,0.591327173936588,0.5528131703116443
HDOK,PLOK,17472,7,7,-129,-13,11,2,33,-117.88391330708883,-118.20813293172857,-116.97903585383432,-117.28158272878828,-117.1546783419697,-117.23648118884621,-117.31969660516373,-116.70531974712453,-118.36262403819148,-116.67538735864154,-116.99610320335637,-117.22362170806657,-116.53372781465013,-117.8657644858151,-119.20849537478163,-117.29369305070576,-117.85144522143203,-117.48391083323548,-116.65852260546646,-116.03698275305737,-118.27260809721895,-118.265176780331,-117.04516910993482,-116.88425505028684,-116.23867630423592,-116.91940650020294,-116.76808380755978,-116.36796646434121,-115.91311061921277,-115.45006897096194,-116.26134016451783,-115.68084895751174,-118.0156862569502,point1,-117.12247018894574,-117.04516910993482,-119.20849537478163,0.7035302154530815,-0.23033992771076583,-0.0702465861358137
HDOK,PLOK,17472,7,7,-129,-13,11,2,33,-116.99616624412168,-114.15731899264645,-116.50818087076178,-116.31099117278627,-117.45144286028771,-116.233641148362,-118.26902432677811,-117.54842518385905,-117.77669942568562,-118.5612643015764,-115.65192381548802,-117.04188039564161,-117.24054854414634,-117.11076636571119,-115.29834637369001,-116.87494257633844,-116.27878781671163,-118.40221917218582,-117.92361402946467,-116.66273018730321,-115.34537489362337,-116.06037371255023,-117.22137681284528,-117.18546738779337,-117.72391628370194,-116.72028957554814,-118.4712573957461,-118.02620065790416,-116.74124632486208,-115.73008501274948,-116.25784215339002,-118.46695730255735,-115.09194964756493,point1,-116.88912881710249,-116.99616624412168,-118.5612643015764,1.1495663404910799,0.40837255633724584,-0.16866789289714834
HDOK,PLOK,17472,7,7,-129,-13,11,2,33,-116.5201429536543,-117.00700115895052,-116.4415503128873,-118.41580522356989,-115.4010559182928,-114.51433480551148,-117.35439831887945,-117.38907536056425,-118.36518768713808,-117.38032959999698,-118.06287417058587,-117.75910166616147,-116.50554002495029,-117.98755365554354,-115.68536776165486,-118.01739459133655,-117.55830044780114,-118.62158281703502,-116.56736067790041,-117.2016595629145,-117.43366836104983,-117.51990667053342,-118.3743233113556,-117.0902667721407,-118.05787329322624,-116.36785274990189,-116.89411438009347,-116.73366220443017,-117.1189113152823,-117.31198264220919,-116.78806177987276,-115.88688940360838,-117.28310651841045,point1,-117.13988594295283,-117.28310651841045,-118.62158281703502,0.824583668653357,0.7499064098615987,0.8401368461405458
HDOK,PLOK,17472,7,7,-129,-13,11,2,33,-116.63044614371411,-114.38195262098665,-116.00673557776234,-117.13021334981043,-116.41839724009301,-114.97216008525724,-117.70481828032688,-116.08331902126733,-117.44016692249504,-117.72667452343963,-117.41432076493209,-118.3380449636257,-116.66912690758181,-117.80537556086192,-118.44013629398323,-117.12489841067558,-118.72198596849948,-116.5008941316346,-117.12408862444788,-118.10331429967447,-118.61026080484514,-116.20272546281254,-117.21091609203432,-117.2530430638127,-116.1106502405503,-117.27864272729167,-118.28872609301553,-118.55950362421332,-118.54310932932772,-117.56201737520803,-117.37627932314784,-117.03594444745848,-116.85050919874993,point1,-117.20058780222838,-117.2530430638127,-118.72198596849948,1.0179809418198664,0.7059294054273106,0.6976456560550717
HDOK,PLOK,17472,7,7,-129,-13,11,2,33,-118.06096122191568,-117.03212791040396,-114.4313088323105,-115.75999552881574,-116.96243123793934,-117.35329462083338,-117.77505266263181,-118.9690205431052,-118.26539654440381,-116.76446766794099,-114.3948369188838,-116.82720373519889,-116.97705667973995,-118.15869797956721,-118.94091908270188,-116.82168757834782,-116.45831850099258,-117.45906054501204,-116.92459868036104,-116.50106215895782,-117.67395554125517,-117.13966695447691,-117.40604556632215,-116.98847459748919,-118.0030418312279,-116.17218175207478,-116.6487264241468,-115.5710905050454,-114.93583020670721,-116.0732254442247,-117.62676938909765,-116.67684852446628,-117.4251978940537,point1,-116.94480464426216,-116.97705667973995,-118.9690205431052,1.164643413584377,0.5456772988396551,0.5365384960511568
HDOK,PLOK,17472,7,7,-129,-13,11,2,33,-116.71251651838251,-116.25499831162576,-116.86249050289172,-115.46646459594156,-116.68587676706713,-118.42044863234115,-116.44709783185614,-116.32193886706365,-117.29165724796928,-116.19718247256901,-116.55759172587516,-116.6216223276999,-116.7775349110142,-117.66790236739845,-115.5118870909752,-117.93119822024424,-117.93260703285955,-116.59262481790843,-116.6336384173403,-117.57330618752599,-117.62844266220087,-117.1038085024447,-115.45797840773605,-117.53061464724647,-117.68715355150546,-117.99848413571024,-117.76950578687519,-116.68129569658521,-117.53285077130043,-117.15915261452135,-117.95652328723048,-115.96506024267414,-115.28204765817202,point1,-116.91556069123487,-116.7775349110142,-118.42044863234115,0.6749617490671317,0.266633610931296,-0.7199360559954786
HDOK,PLOK,17472,7,7,-129,-13,11,2,33,-117.6287115874335,-116.06755870364789,-117.49762872547728,-114.75778826041366,-117.8608156848322,-115.67921199936012,-118.28726203350784,-116.60614083303341,-116.89736928861052,-116.942547882309,-118.61680952428586,-118.51887781319563,-117.95182679417508,-117.74272996533486,-116.59668010456298,-115.83083038119247,-115.08181772029548,-116.4979711882843,-117.40954931478427,-115.33917373493021,-117.81566753880408,-116.47443744416715,-115.81760316826859,-117.09393124402447,-114.88106331347724,-116.25637359976012,-116.56094656238864,-115.38801430092904,-116.44409246844891,-116.49579462375353,-115.5035291302506,-117.94454798549572,-115.14484794248158,point1,-116.6555197230884,-116.56094656238864,-118.61680952428586,1.182430155503281,-0.03366037962049915,-1.0161261587555281
HDOK,PLOK,17472,7,7,-129,-13,11,2,33,-117.32492730377955,-117.88076154230592,-116.9721099991495,-115.60935859762097,-118.5952041574961,-119.16494909250616,-117.53776476574703,-116.96439911508347,-117.8386306653261,-117.82384799363994,-117.48229468635444,-115.84685509346176,-116.88718055419858,-116.5911390266519,-117.53940839674578,-117.11332285500225,-115.75011719546998,-116.80374737591121,-116.93718112540587,-117.05552810934748,-114.95501646447585,-115.1654976108083,-116.14874231671565,-116.94035308170973,-117.09678598304801,-116.1704946429565,-116.98479529785408,-117.63104080524784,-116.40129412912242,-117.02809604351471,-118.54973238143792,-116.43109079721202,-117.3396823931279,point1,-116.98670756358894,-116.98479529785408,-119.16494909250616,0.8466518869753475,0.038272103407990525,0.3624488431836177
HDOK,PLOK,17472,7,7,-129,-13,11,2,33,-115.934313403744,-117.53218917807885,-116.33261916499328,-117.14837816352042,-118.23076551152805,-117.57759944424762,-116.44533036975719,-116.45405325363974,-117.41998703138107,-114.76989678632165,-116.82354585429201,-116.15067650706753,-116.8477402994455,-117.59027340551108,-117.05872397704242,-117.485603789765,-116.87104465743968,-116.47460472729425,-117.60317635941321,-116.57034658872924,-116.37503254335353,-116.91895379400312,-117.97737101582355,-117.33825331343395,-116.8690698018047,-117.84818759603266,-117.03566921941906,-118.22450574400098,-116.35546399070554,-116.75163165978661,-116.50915480135787,-117.52089486174862,-117.12849435575492,point1,-116.97495609607385,-116.91895379400312,-118.23076551152805,0.49648191599166647,0.6183610072004968,1.4823377463514098
HDOK,PLOK,17472,7,7,-129,-13,11,2,33,-118.41035305657483,-115.33532026236051,-116.51797591780266,-117.02965450143203,-115.64265780941767,-116.73148496560955,-116.22194958180526,-117.40093316664506,-117.39338149912834,-117.0408757051611,-116.26180204833378,-117.110813953113,-115.72993192857302,-117.51086954289455,-116.28905738838604,-116.82287543523772,-116.92190134240968,-117.28935915575225,-116.47407252636005,-115.81474873299469,-115.36190453702338,-118.28288592337371,-116.89213425889002,-118.24204718085356,-117.38451201177703,-117.93331914622553,-115.51379218414084,-116.10595911653607,-117.79153224961756,-115.18968308558115,-117.11109317459473,-118.6817129355029,-117.34958622985019,point1,-116.8421266834533,-116.92190134240968,-118.6817129355029,0.8643740055235843,-0.009981386733262288,-0.7222951630400436
HDOK,PLOK,17472,7,7,-129,-13,11,2,33,-117.37979210083697,-116.20583920976458,-115.10261029517875,-114.533431887299,-115.53667683706561,-116.4164132383782,-116.8531513659615,-116.88952426444685,-117.34655066182346,-115.5671973635265,-114.72337650051222,-117.03749179264338,-118.16604779552543,-118.56785376640005,-115.28955218844997,-118.02405131264297,-116.6059182174571,-116.39346146086814,-116.84697963724828,-116.72412180393343,-117.66917052044171,-115.4119327316232,-117.99885163574645,-116.75456402422205,-116.61467698735791,-116.29815385766737,-116.65576192392143,-116.16152093867142,-119.25083331781946,-117.2659535069576,-117.53631627611108,-118.02918335737539,-116.8717019563975,point1,-116.74935341619015,-116.75456402422205,-119.25083331781946,1.171646954603131,0.015499894170934923,-0.10638702669959121
HDOK,PLOK,17472,7,7,-129,-13,11,2,33,-118.34425248348816,-114.87005975969245,-116.69880107446637,-116.50741525293134,-114.99474136665218,-116.61313987001861,-120.30399286037867,-117.01865673654926,-117.47978970931673,-115.25021318754982,-115.51314056445024,-117.00479635726222,-119.76480067325949,-117.43716623417157,-116.34036760777933,-117.91421205095735,-116.10582003838897,-116.40878293312807,-117.73044019285405,-116.81878638257582,-114.9206014464651,-118.1069581778294,-118.04413564277411,-116.97188645293768,-117.50165255369598,-117.07972703829373,-118.02958890173102,-116.77875100922655,-115.70521690511453,-117.19167264358359,-116.97021415007555,-116.44981592091469,-115.75584309578993,point1,-116.9280436143728,-116.97021415007555,-120.30399286037867,1.499694919541225,-0.593947615416345,0.9559963520823733
HDOK,PLOK,17472,7,7,-129,-13,11,2,33,-117.52966473350585,-116.50320648084404,-116.78551684335237,-118.01311961228659,-118.91940765680393,-116.00864461806366,-116.07174258462767,-119.44975968243774,-117.62661009084574,-116.40317590673298,-117.13865785824105,-116.33537000221624,-117.12061907333,-116.495032327199,-117.2062543167065,-117.55510278627753,-116.01086963084863,-117.43205847583182,-114.67747658702494,-117.26419587653314,-115.37516418085627,-117.24903002124631,-118.69083280788234,-115.64210133061106,-116.03569658216581,-118.15316073777458,-117.0201060695447,-117.66167019300877,-116.9570284738453,-118.70353429385051,-116.84330015115737,-116.92327132885595,-117.47755915113918,point1,-117.06905880198936,-117.12061907333,-119.44975968243774,1.0514069610408316,-0.126259628582028,0.25305008952216745
HDOK,PLOK,17472,7,7,-129,-13,11,2,33,-116.86131248957832,-116.55404794812881,-116.47758872815605,-116.73123270453594,-115.90063674301139,-117.45577188391374,-117.93255938869095,-116.82522878780958,-116.45108149919399,-117.54781756752848,-118.11110313437317,-115.99226168169479,-117.5591749934502,-118.23739148072968,-116.23802212363323,-116.53077642890155,-117.71651142042128,-116.61055826826552,-117.6825814449562,-116.26141718470384,-117.06275481258469,-116.71581494008994,-116.67676464640512,-118.11586302818526,-115.67965286082352,-118.62784998140803,-114.89024437783377,-117.29892865609327,-116.43560660049536,-116.3237642505127,-116.20252845530867,-117.69329193590646,-117.00619377076968,point1,-116.92140406721494,-116.73123270453594,-118.62784998140803,0.6699689581084148,0.002303853230138216,-0.11967710523311803
HDOK,PLOK,17472,7,7,-129,-13,11,2,33,-115.28186036823273,-115.75539655655811,-115.96580165104525,-115.8525523231666,-114.26354353880721,-115.85607383355595,-114.78025290456429,-117.31320418495157,-115.87469210003131,-117.15373363397805,-116.32395358522813,-118.48505745860508,-116.59373127299908,-117.17042488656676,-117.81798904766866,-116.64369040813416,-116.29246992255794,-115.5892854048563,-118.41262930164852,-116.54092623029594,-115.88798734361312,-118.57808580927572,-118.67044433103717,-115.89560169949064,-117.28158515807972,-115.99236987822542,-116.12608251412338,-117.0516630489319,-118.43209800391115,-119.62349194646693,-118.08007317313829,-117.29343595224539,-118.14534712455196,point1,-116.81895559383462,-116.59373127299908,-119.62349194646693,1.526163085441214,-0.24541670816679803,-0.4817677759218624
HDOK,PLOK,17472,7,7,-129,-13,11,2,33,-117.73692432119003,-114.74208042505036,-114.59162733976311,-115.65535969540713,-116.89293232631682,-117.82329753393928,-117.11840957372772,-116.83767476789198,-116.91443368565088,-115.22683025788291,-118.29874714984551,-116.8257723143246,-116.59431997932579,-116.75904633333595,-117.04483278302061,-115.56289282159823,-116.24462010294373,-117.81052974055359,-116.88336049977143,-117.2451308590243,-117.58590122869836,-118.60063127231777,-116.63419916204498,-116.83726662553148,-116.64651834837281,-115.12649914610928,-117.46541842878476,-117.08896399031065,-116.67744614300281,-117.40863000620837,-115.7539633426234,-115.51431891760494,-115.83831262860913,point1,-116.66626944699344,-116.83726662553148,-118.60063127231777,0.9414851852006979,0.3465405635083262,-0.2956886974872006
HDOK,PLOK,17472,7,7,-129,-13,11,2,33,-116.03519221025607,-114.47516541414667,-115.07931094801329,-119.03264735144545,-117.4479198311072,-116.13959226532423,-115.8682359375708,-119.48287806303331,-116.78066090879227,-116.56248777690256,-117.48993325184821,-116.66582125807116,-117.1251293692232,-116.2102609637727,-117.52878961795896,-117.04353491901963,-118.18548373870186,-116.70196031016837,-117.20519556476505,-117.45602629743156,-118.2616738159816,-117.33842194577903,-115.61626331983226,-116.91957971432232,-116.24819409636423,-116.73932974216989,-116.04071938275796,-117.45838810139573,-116.6795192211372,-120.04693326177805,-115.76700229335586,-117.14700047922366,-117.83031049341604,point1,-116.98816854136567,-116.91957971432232,-120.04693326177805,1.3264683685513043,-0.534210320544394,0.9805986220342802
HDOK,PLOK,17472,7,7,-129,-13,11,2,33,-115.79392468101057,-118.84190114078544,-116.90097467385478,-114.74501150767404,-115.77844962097373,-116.42151113448601,-118.49944190876771,-116.24741520570515,-117.51197049767639,-117.16453386497682,-117.42522402865116,-114.69774167821974,-118.05464646735211,-118.5148886672863,-116.97651678468819,-116.26659805988906,-117.2914090063764,-115.79229059046851,-117.48532729483675,-116.98446051096312,-117.16986043887842,-116.02655083199271,-117.9552194313018,-117.96443008097211,-115.52731774129826,-116.97506636291048,-117.77954159569335,-115.80890859553125,-117.30983906250759,-115.15419937995644,-117.22355530940234,-117.23290182183223,-116.2156010385468,point1,-116.84052209137776,-116.98446051096312,-118.84190114078544,1.1053578067865053,0.22113831640577303,-0.5377606380987858
HDOK,PLOK,17472,7,7,-129,-13,11,2,33,-117.84360007259396,-115.76915913581882,-117.21783565392909,-115.74924113420006,-116.60530870041697,-116.1096116654708,-115.83533654514947,-118.24198720205733,-118.50189111778442,-117.91885790456728,-117.23337147545276,-115.20078878993371,-118.89731588681387,-116.51286710344249,-116.62274737755689,-117.44571246627235,-117.35209490837897,-116.70735717964479,-116.40611305082078,-115.47923804908616,-118.29711085218311,-116.12214802226445,-117.95549680911542,-115.57112158904903,-117.4253373828089,-118.97817393419926,-118.53763352270839,-116.52536383987446,-116.96781524205072,-118.60184842130042,-117.49398473970955,-117.39608940603198,-116.23578813495568,point1,-117.0835862822922,-117.21783565392909,-118.97817393419926,1.107379728960107,-0.08783257842629136,-1.0255058993393007
HDOK,PLOK,17472,7,7,-129,-13,11,2,33,-115.97960545445058,-116.83397483449282,-116.18447790602299,-114.82924531577157,-115.41650841167403,-117.2352394799205,-115.41302829945508,-118.2118701999004,-115.96525815894447,-117.88566754334927,-117.7506377002292,-115.72426230777366,-117.28963842110122,-117.25441300026333,-116.64685335108976,-118.41533255772342,-116.1875621276622,-117.47198797004143,-119.45913904555593,-116.26692412345356,-119.14019827348298,-115.13389320593119,-117.60394438756961,-117.26000714586847,-115.52874338331948,-116.00138207474849,-118.30472750972451,-116.66685338041475,-115.583242099074,-119.46977601340424,-116.37228091600763,-118.87551280252687,-117.01119262949818,point1,-116.95070848577106,-116.83397483449282,-119.46977601340424,1.5816628999417666,-0.3934565698200342,-0.6910572425044395
HDOK,PLOK,17472,7,7,-129,-13,11,2,33,-116.78388709521789,-113.26570354330072,-116.29856305366705,-114.98213868380881,-116.07204664058864,-116.1665620335087,-116.3258015572058,-117.37269737158067,-117.69292404233259,-115.88017855975694,-118.8045907034768,-115.9525221602817,-118.58233350082362,-116.60728646535327,-115.94227783076644,-117.77468887851879,-118.1314675653917,-117.50387376262003,-116.77633775114523,-119.38774427863385,-116.91998170948625,-117.23412152949061,-116.85920931814955,-117.94833854456918,-118.81626010653744,-117.69377021514254,-115.52216758026573,-116.66750399323062,-116.03855706013773,-116.92217873748523,-116.39703671830209,-118.02400202279766,-115.6233992557168,point1,-116.87788340209973,-116.78388709521789,-119.38774427863385,1.492588803727184,0.3636683795891934,1.092522528892284
HDOK,PLOK,17472,7,7,-129,-13,11,2,33,-118.62786414495133,-115.11339137991907,-115.9194163173634,-115.78103639747046,-116.54709835710803,-117.179792676579,-114.8878023339931,-118.67831956146934,-117.7073286993072,-116.76673728273765,-115.86531092872231,-116.96699471774073,-116.77174796738714,-118.30962269802693,-115.37701716052621,-116.569791020138,-117.4415735679687,-118.0031666719342,-116.41654636219653,-115.90895693994786,-116.80157006446687,-117.19748941297797,-116.64095514748462,-118.28448809780757,-117.81911946506963,-116.67537640606973,-117.10169948552948,-113.72782179241987,-117.70327823628882,-116.26974151690996,-117.07394696669594,-116.83428197696605,-118.06940703741958,point1,-116.81935426641193,-116.80157006446687,-118.67831956146934,1.2126895026909335,0.5538955938463831,0.5668649435004669
HDOK,PLOK,17472,7,7,-129,-13,11,2,33,-118.56917251688404,-116.14597930630462,-115.71689969829751,-115.66912545466384,-117.71212156707175,-116.11597062799102,-116.60215681137498,-119.02037105113234,-117.59282117446702,-116.96532495308634,-117.7259133847699,-116.22656761147816,-117.56128735366066,-115.37164410708048,-117.21654542347285,-116.22195692460159,-114.68408756623751,-116.7288532265584,-116.16485669989758,-114.79749607130194,-116.30363723629013,-116.38911709436584,-116.36271558269571,-117.11411192190197,-118.54815202403128,-116.87937899377313,-117.7788764239011,-117.16761310279504,-117.09791376060603,-118.69177611270234,-116.33347500008205,-117.72312460274478,-117.44696932221477,point1,-116.86806099116477,-116.87937899377313,-119.02037105113234,1.0911395111257998,-0.03203305344708655,-0.22919948444465899
HDOK,PLOK,17472,7,7,-129,-13,11,2,33,-118.33615088678926,-116.72558242255805,-116.18823523869443,-115.87996860411273,-116.15724241121227,-115.60789355520073,-116.00422210688265,-118.31747453928608,-116.97575526535088,-117.47670606868763,-117.22176914634682,-115.29508939605064,-117.9214731108571,-117.33455503558173,-116.49834368759947,-118.73333745814799,-114.33124066714267,-116.60744260338336,-117.79688818558476,-116.82188886557579,-117.92044179752672,-117.18408008870185,-117.02775253447827,-117.29010994729371,-115.1229174059718,-116.7316367766279,-117.79052947988289,-117.8272754014083,-116.90794819058556,-116.51193972325154,-117.68602393046369,-117.01116461578408,-118.20976994012351,point1,-116.95311663900439,-117.01116461578408,-118.73333745814799,0.9840250688640266,0.5626672617078091,0.20024253007523996
HDOK,PLOK,17472,7,7,-129,-13,11,2,33,-117.88811070209054,-116.93817244948171,-117.04243963291017,-117.4817585284238,-116.00101795719492,-116.55562696523629,-117.4047418832129,-118.29601844064922,-116.91698877548457,-119.79626836445965,-117.48659966680998,-115.9226544496925,-117.94528482588947,-117.18496214924136,-115.57846743553665,-115.70309902760411,-116.4912695815985,-117.9461174083991,-116.76551662506752,-115.67663030470258,-116.57124195604099,-117.21356409138878,-117.62308464616844,-117.51021296931728,-117.64938789286954,-116.60366983732696,-118.22764803042912,-117.74232930278296,-117.7968222676202,-117.7875362501344,-117.69242192743663,-117.16716669438064,-117.69469127518695,point1,-117.22125825196267,-117.4047418832129,-119.79626836445965,0.758306047848487,-0.20954340089630857,1.120259343212004
HDOK,PLOK,17472,7,7,-129,-13,11,2,33,-115.7368333913806,-115.65407956447278,-114.6436572838124,-116.88113491180229,-117.36426294825857,-115.0381730939733,-117.10496422534706,-117.34987377849214,-116.5337251042432,-116.12520248388891,-115.5059407283512,-117.7057738291706,-116.14086768707048,-116.91602988100136,-117.62929169518496,-116.0406250137604,-116.55084890936443,-119.17141929937398,-116.42573765005146,-118.10053399192446,-116.87266736713923,-117.9149195447364,-115.7812548859418,-117.50683774050792,-117.75094101177663,-117.08899462458177,-117.86001958576267,-117.59998178637936,-117.6590487242047,-116.60105274795903,-116.69932388472809,-116.49000961050643,-115.70776446170713,point1,-116.79247852869258,-116.87266736713923,-119.17141929937398,0.932741423218202,0.03545947783467256,-0.004258971129229128
HDOK,PLOK,17472,7,7,-129,-13,11,2,33,-118.28737269496837,-115.84049520890801,-117.17018518942847,-117.99506257280032,-115.64658594221953,-117.46226246074657,-115.66630415384728,-116.7133926623774,-117.10173480469774,-118.85680187394931,-117.56137655354088,-117.48551702354688,-117.91336186127339,-116.657147208241,-116.37723745993226,-117.0160131335978,-116.9861012911852,-116.38285437065355,-116.44985161929498,-116.25866967201681,-116.17128369579281,-114.68757037105782,-117.93162746975933,-117.113311988799,-117.09604962288957,-116.30295594397768,-118.83149523093816,-114.74377407705217,-118.14482433218069,-118.111941406512,-116.67578680293397,-116.18234285220973,-117.2401586806176,point1,-116.94125606763474,-117.0160131335978,-118.85680187394931,1.0190516006133037,0.19789071639596567,-0.08489698627335995
HDOK,PLOK,17472,7,7,-129,-13,11,2,33,-119.21802889105443,-116.51821531545241,-117.85192353870933,-116.49617742795594,-116.09027623498618,-117.06756142829157,-116.4242543435642,-116.45698702022845,-118.17050659534716,-116.60941802914493,-115.67253148005577,-117.97383668050398,-118.13372533295363,-117.23060029843714,-115.609083558525,-118.74373636734188,-117.5701716376468,-116.50624517575704,-118.21400831494773,-116.67758764948316,-116.36094946616421,-114.60360893762501,-117.3921628625851,-116.9823496757974,-116.35077380403531,-117.28329112064651,-116.34474675013195,-116.84058243146842,-116.36014260330059,-116.00173695889602,-114.60478183442245,-118.48840048380663,-114.95878535814673,point1,-116.84264204870945,-116.60941802914493,-119.21802889105443,1.2197868489219843,-0.015163661730523989,-0.1363980128540212
HDOK,PLOK,17472,7,7,-129,-13,11,2,33,-115.05772085638866,-115.66936519826791,-116.73225565580314,-114.89849611098093,-117.47677500921897,-117.19048393399646,-115.53557776891302,-117.75880681660713,-118.35816261867281,-116.59218126707493,-118.05988290771418,-114.97912798951127,-117.96915851325286,-117.74864461228455,-117.5731186518738,-118.66443135160002,-117.2033370275679,-116.6213711885089,-117.40240173195569,-116.73849382040822,-116.31241346517338,-117.11897193317476,-117.26366613922676,-115.85071824148687,-117.2390101775931,-117.17635281010217,-115.36449425438013,-117.4665632535029,-117.1350368298491,-118.304291018243,-116.5727291540395,-116.28368703685496,-115.97980323366808,point1,-116.85750092660292,-117.1350368298491,-118.66443135160002,0.9966840606175806,0.3598858030753133,-0.6170545384076402
HDOK,PLOK,17472,7,7,-129,-13,11,2,33,-117.39958190374199,-116.50583482545628,-115.59023942048894,-116.86507661714919,-117.62006181177094,-116.92173255212407,-115.65576603086208,-118.58341090756753,-117.33045442034113,-118.31802372708685,-116.4352981483114,-116.82179537508172,-118.33158449681993,-115.97569915515187,-118.29648199826558,-117.02373426132638,-116.27882631936217,-116.00604328668668,-117.34957300002401,-117.41475362150904,-115.82632242021707,-118.00116443200206,-116.80502123320662,-115.60994436476564,-117.25465713689783,-116.40457401446497,-116.92750105384157,-116.31730696601142,-117.64064212422743,-117.60588178719165,-114.70942103353143,-116.64037286701468,-115.86723212979439,point1,-116.85860646794833,-116.86507661714919,-118.58341090756753,0.8374283458824591,0.07281512315628227,-0.4022844223734663
HDOK,PLOK,17472,7,7,-129,-13,11,2,33,-118.05592255484333,-115.68317509615436,-115.5044123200822,-116.43262859906011,-117.46080863540382,-114.66132050678611,-115.64662289058144,-117.30514867923523,-115.09845232911816,-117.5414882308893,-116.37521354202997,-117.80273952635193,-116.72103045905666,-117.68954078954285,-118.2024843571812,-118.56991301638223,-117.49330602013278,-117.06388710626793,-116.91429042894453,-116.98185329674025,-117.30388977162383,-117.3321697465262,-115.78495719837386,-116.82519294693853,-117.84163573892191,-117.49105526327392,-115.50171034723625,-116.74371991601663,-117.83626681321452,-117.61209700790157,-117.41211432001792,-117.56307116423477,-116.88397213262971,point1,-116.94957850762711,-117.30388977162383,-118.56991301638223,0.8829426692246699,0.7318690604126107,-0.15963436576331524
HDOK,PLOK,17472,7,7,-129,-13,11,2,33,-116.26838409880028,-115.99001452381158,-115.45802997418747,-113.31394247672684,-117.03911917303891,-116.71174430951551,-115.28966161710544,-115.94574732722911,-116.64453483257222,-116.99690055000674,-118.19871782358314,-115.40850099266632,-116.44420386698155,-116.93293704887279,-115.88003907943997,-116.14114893263523,-115.4223878535339,-117.64952247555033,-118.17328744263494,-117.26354706536404,-117.48251553628877,-114.99712860784922,-117.07505108603416,-115.49133678752,-116.01417160458298,-114.41486467318504,-115.40347983941402,-117.82271991765684,-116.7870477069809,-118.64789124323205,-114.53623891630332,-117.4691677489196,-117.73433984613507,point1,-116.39540378722297,-116.44420386698155,-118.64789124323205,1.4343597993169444,0.330972154620835,-0.07567070434719181
HDOK,PLOK,17472,7,7,-129,-13,11,2,33,-116.17224117232652,-117.12689703084197,-117.23977607217354,-116.38032975501723,-116.81702205991951,-115.70708056330197,-117.35735142013446,-116.95752431092704,-116.77022161376057,-114.16142001180413,-116.9652233392152,-118.45785424897257,-117.20937582103296,-115.02594760722512,-115.65239619661965,-116.25350149222396,-116.80023502582554,-116.77023123392854,-117.0824899859057,-116.0668223082733,-117.11252307478884,-117.03333658701052,-116.13352958400414,-117.73571355416692,-116.79559469458528,-116.79568397969679,-116.48985149480436,-117.37497891614095,-116.84099760609705,-117.11896923061711,-117.50702245353676,-118.3488752573562,-115.70461023848272,point1,-116.72623114971873,-116.81702205991951,-118.45785424897257,0.7154395196262817,0.7321358233539232,1.7874221095055316
HDOK,PLOK,17472,7,7,-129,-13,11,2,33,-116.88938225269978,-115.91852535461214,-114.65550689714077,-114.28560150353611,-116.59687068370405,-116.56552729313562,-117.777188871544,-117.10870832069531,-115.51118071026269,-116.71536250851459,-117.740730850964,-116.30327992097045,-116.11365869330865,-116.97628565336379,-116.29723847634304,-116.98102344015822,-117.61010112198426,-115.14899498407108,-116.84420229727287,-116.26235467159725,-118.68009788301485,-117.21811394516536,-117.98772903782293,-117.1317465895458,-115.00100076950056,-116.60586760662768,-115.96712105963195,-118.4539923418828,-116.14374819386998,-117.02549436041772,-116.94748625777635,-117.86824001866519,-115.9672881327048,point1,-116.64544396068196,-116.71536250851459,-118.68009788301485,1.01807593518227,0.27443493027574634,0.08647274939984984
HDOK,PLOK,17472,7,7,-129,-13,11,2,33,-117.04617602869646,-115.10640359790573,-115.13476269568184,-116.32785658491898,-116.549583039257,-117.36619112737998,-116.80309106085576,-117.49989695909689,-117.46502047494107,-115.80441833382388,-116.49052683539695,-117.58032235288186,-117.06424738492834,-116.71806460282686,-118.9473666445818,-114.80305496086685,-118.07633665191842,-116.63900133651399,-115.94369123796695,-116.97095396346195,-117.17123497325737,-115.95093760446701,-117.36942147705284,-116.43279406339033,-116.28040924067649,-116.28344302597405,-116.99336044762069,-117.86647700362195,-118.0793725223259,-117.21965321532224,-115.80571836199381,-118.9136084698728,-115.6795749406681,point1,-116.79948397636804,-116.80309106085576,-118.9473666445818,0.9570477771762969,-0.13198329897035577,0.008646519091928262
HDOK,PLOK,17472,7,7,-129,-13,11,2,33,-116.84815127970765,-116.13000612010529,-116.49579939513903,-116.40476292873655,-115.33030486652248,-117.27972102044323,-115.85653034149095,-118.00333011999446,-116.26119351686027,-115.88662269826398,-115.9839908544054,-117.66743912016575,-117.5830397847396,-115.7761105544997,-116.23921934075847,-118.5244014479142,-118.78876060092406,-117.14028234726091,-118.13415140429687,-117.43741299571536,-116.70846133226617,-116.17840117944279,-115.35752995364686,-115.96285742491727,-115.61761036340289,-116.96009095215288,-116.47659738604663,-117.56771472866404,-117.09011858729698,-117.4754394719819,-115.76959560355289,-116.56144798390426,-117.70252525106788,point1,-116.76362487746329,-116.56144798390426,-118.78876060092406,0.8152041336762451,-0.4045571391435427,-0.6636336142299997
HDOK,PLOK,17472,7,7,-129,-13,11,2,33,-116.21210026619092,-118.04228425301214,-116.1803804001633,-115.62961072209258,-114.9172076359692,-116.12934549068632,-118.65219304253007,-117.22997789660172,-117.54704392823292,-116.55837315332792,-116.81850132260574,-117.6728673414715,-116.72140182202068,-117.48054578097805,-116.65001482504799,-118.1064254274627,-117.09217300982301,-117.49412697564046,-117.46623488693893,-115.32148198292347,-116.33764325108052,-116.48687637824246,-117.76336805409667,-117.58659252947281,-116.71541834519351,-117.90030773666196,-118.29765053793928,-115.86809743593493,-116.37073473693292,-116.39651931635032,-116.43423087091507,-117.05622560222623,-117.1923297257813,point1,-116.91903892983477,-116.81850132260574,-118.65219304253007,0.7408426556003668,0.16976089062411304,-0.2977844246199255
HDOK,PLOK,17472,7,7,-129,-13,11,2,33,-115.58247629701596,-115.48820704014986,-117.04289315469698,-115.71267629240366,-116.94757550810677,-116.29847592436968,-117.37958956296757,-117.54854642762001,-117.97415790232276,-116.24527094364834,-118.46775911568687,-118.65838166147654,-117.0980658619617,-118.61456025549273,-116.09023350567905,-116.30715699311997,-116.35673023606563,-117.70789739849786,-117.9514641235303,-116.3764035873936,-118.49075565101664,-116.09811332346264,-116.40443440506509,-117.75286050687647,-115.49130799089187,-117.12298370645603,-118.08675518546809,-116.4711662780792,-115.31772425021676,-118.21326249910413,-116.82527634299322,-118.06229811791339,-117.27124930367306,point1,-117.01383967737645,-117.04289315469698,-118.65838166147654,0.9905364060965811,-0.02790765489251345,-1.1726353819212991
HDOK,PLOK,17472,7,7,-129,-13,11,2,33,-115.23054128255455,-116.65240880651307,-118.34809415478801,-116.60067233727834,-116.51478232454586,-117.41323408453603,-115.7424946476297,-117.30512842774239,-116.90071270602779,-116.78907044498915,-116.83400767905474,-117.21163935850348,-116.4225648148373,-117.46223982686793,-120.29258428424427,-117.60268962086644,-116.83022165098386,-115.39410833453479,-115.86048106502086,-115.40938171135679,-118.72468412497261,-117.02685053448087,-116.85297038241374,-117.14245832021079,-117.91687668246622,-117.49698231558777,-114.72826120329746,-118.9684587441446,-114.80020237802265,-115.1627354711447,-116.88350373639453,-114.33193946868555,-117.18454793323194,point1,-116.78901602599784,-116.85297038241374,-120.29258428424427,1.596241582261561,-0.32617654531674756,0.709341045017768
HDOK,PLOK,17472,7,7,-129,-13,11,2,33,-115.61445275522527,-114.7985270063981,-116.86150042844896,-116.51109771668754,-115.30813509999182,-117.19905404498692,-115.19619127687774,-115.51550550713479,-116.78021027630211,-117.37857559408984,-117.69391728849634,-117.2719926960137,-116.70111455314694,-117.01667398152337,-116.70824978072292,-116.97469640403487,-116.7657937298255,-117.09564679261162,-117.7094232677281,-116.12707680160486,-119.93631214422606,-115.63223339316374,-116.72987180773079,-118.22181847687335,-117.23405467764536,-116.30783408189356,-117.14677194552746,-116.91963275762102,-115.73572997765773,-118.69301576274482,-116.37580606463895,-117.79570949318567,-115.30567240578594,point1,-116.7655241815317,-116.78021027630211,-119.93631214422606,1.115150928256623,-0.5769358927953316,1.2486680163170578
HDOK,PLOK,17472,7,7,-129,-13,11,2,33,-115.56352254331892,-117.28664514260632,-118.35381508587967,-115.05983368585864,-116.07666048399214,-115.4129691012916,-118.00856423312327,-115.88086954627289,-116.99969846162858,-118.02535965373049,-117.31850018829934,-116.64235189099585,-117.10556127927764,-117.24825322470005,-115.37907903399847,-115.67847495534977,-117.46264841712724,-117.13344754436058,-117.29247479349995,-117.63133558262503,-114.8478152940966,-116.3712636016619,-115.93769815365086,-116.79782219906144,-116.39536647591457,-118.04637254931238,-118.48995410180663,-118.10986119922923,-116.56348497928961,-118.23058807116361,-115.53908818117405,-117.58505411021912,-116.22074405667144,point1,-116.80894478246023,-116.99969846162858,-118.48995410180663,1.046053600988214,0.1618183282559045,-1.0666368581240455
HDOK,PLOK,17472,7,7,-129,-13,11,2,33,-117.30838507424134,-116.54787856562889,-116.24682380513671,-117.21670036982991,-116.62308116700719,-115.24311893485469,-116.13062810426355,-116.13487332150291,-118.59692868592055,-116.881393454873,-116.87223568539262,-117.0689797661514,-118.4941382844619,-115.89261381692775,-116.6755374796341,-116.3530662753258,-116.56798422701101,-118.6036206984671,-117.9779937581418,-115.85744057384272,-117.58265667162664,-115.53801428889685,-117.35838180937635,-116.91650332176279,-116.46113127188839,-116.85716123570369,-117.06031533783624,-115.98326792787812,-118.10232520775035,-115.63262834091138,-116.95170914867403,-117.26941691539233,-118.99448114494923,point1,-116.90913377791699,-116.87223568539262,-118.99448114494923,0.8503159501214992,-0.4977388328404846,-0.2031334244189602
HDOK,PLOK,17472,7,7,-129,-13,11,2,33,-115.60842654030918,-114.89601477813645,-115.4093532698275,-116.42553011602125,-115.99984423379772,-116.48833797643336,-116.36566987327262,-116.00739002982311,-113.96241148973544,-117.58856450569557,-114.62655067908864,-116.52704498047275,-117.64714407833407,-115.4389231773961,-117.21364877756422,-117.48664377725709,-115.87290536486948,-117.47045188336027,-117.49368777471662,-116.41501668075436,-117.43796800063906,-116.65136760403892,-114.86302965352212,-115.10174353975167,-116.52992207118541,-115.7442918578525,-114.65979656110271,-116.51086386751989,-115.32022810311923,-116.68577896454526,-116.18443180033925,-116.29448312805377,-115.3630757812222,point1,-116.13001639150781,-116.29448312805377,-117.64714407833407,0.918251088644126,0.19906411621077796,-0.6239787423629695
HDOK,PLOK,17472,7,7,-129,-13,11,2,33,-116.83493855258135,-116.5705924728387,-116.54230415116335,-118.06972771963656,-117.75491901644756,-117.18954926782202,-117.24907634334708,-117.3949603595916,-116.36529437444831,-118.75790304250604,-115.92912122342506,-117.49222649762571,-116.68191305752123,-117.16682686438847,-116.76930333052839,-116.43521487348481,-116.58630189575507,-118.16614249282243,-116.15671651230903,-116.70563540045993,-117.09640542622664,-117.76749634789796,-117.3263944481824,-116.39071800256247,-115.83361827644423,-114.92297588935898,-116.12155599815075,-116.67496181422129,-117.72596001995308,-116.65470371771299,-117.50313932808375,-116.83683818689609,-116.52183184916163,point1,-116.91500808344104,-116.76930333052839,-118.75790304250604,0.5650196036843772,-0.03202136579623195,0.7660256649472665
HDOK,PLOK,17472,7,7,-129,-13,11,2,33,-117.49071012774637,-117.31044929693988,-115.17945878389918,-115.71132561878795,-118.75495469134623,-115.59917696313192,-117.55604419351862,-118.10289917332763,-115.6683472565959,-116.7513921438012,-117.23395446583527,-116.75072086952194,-117.32366879747356,-116.91131007048925,-116.32704848297972,-117.98323299610789,-117.40406012401681,-117.38467350974499,-114.7080404758427,-116.1895316255194,-118.43747372298593,-117.38905751984473,-117.40177568143793,-118.19689243527563,-115.09909682721327,-117.0758477099986,-117.66385197303855,-118.35989430055865,-116.38368448728052,-114.67780987183606,-117.0560463180323,-116.74040906531971,-117.10809846532003,point1,-116.90699812256872,-117.10809846532003,-118.75495469134623,1.117437281434269,0.5302028534067801,-0.3470501166580231
HDOK,PLOK,17472,7,7,-129,-13,11,2,33,-117.0853065308673,-117.62729048111727,-116.63593292976162,-116.97187966004655,-116.05567236472204,-116.67828926009356,-116.41754819538954,-116.72378592097076,-116.43350794142381,-117.12437084785631,-117.86895837759911,-116.02013617230457,-116.5064263815059,-116.52585495634742,-118.5854846986681,-119.61538014700784,-115.49927827308377,-115.78459685304759,-115.87072289454547,-116.12786600601581,-116.85272863908936,-117.30173111286406,-117.14311790769042,-116.60031863352327,-118.53644357423252,-115.38460612552416,-117.8385828386147,-117.39472087799946,-117.13954361985809,-116.46632465442404,-115.7278536010336,-116.76165813056434,-115.89474719921739,point1,-116.82426260021242,-116.67828926009356,-119.61538014700784,0.8450961797682548,-0.9954952511785301,1.3835688612161614
HDOK,PLOK,17472,7,7,-129,-13,11,2,33,-117.0412356384546,-119.02098241235062,-115.4864155352295,-117.95126294668775,-116.46006431727267,-116.0752182297392,-116.16367026767173,-116.51356713719319,-116.15093773626447,-117.62074317587486,-117.57290455548429,-118.28274330634719,-117.44391414248358,-116.35114256693328,-116.74661316895768,-118.01233200898385,-117.62999408538444,-116.90945461970257,-117.33484400172942,-118.02502198415975,-119.26507248862717,-116.36488742221407,-117.28772474088012,-116.26641552066349,-117.93453015130414,-116.34847660026531,-117.21267556947996,-117.15920054247471,-116.13535990309367,-116.90941633484512,-117.62055708837707,-117.18635668333063,-116.72855599847031,point1,-117.12764517820997,-117.15920054247471,-119.26507248862717,0.7258930891834411,-0.514054299530652,0.1360967345724906
HDOK,PLOK,17472,7,7,-129,-13,11,2,33,-117.00826552959822,-116.7873556225322,-114.74107603422063,-117.34753011138406,-115.84260136154539,-116.68293503702284,-115.6151973507901,-116.61824041922733,-118.2172382345849,-115.28764425961415,-116.51036915752067,-117.72261956129476,-118.46406280095762,-117.89810189487808,-115.83763235760773,-119.40430037094981,-118.4382888793388,-117.15716003502273,-117.35132901736947,-119.08041770202259,-116.43052861510377,-115.49709370733746,-115.79555806486546,-116.97367021438939,-118.52015744018267,-117.2664784280746,-115.23496336107901,-117.249387980246,-117.85073818490294,-117.91795495234659,-116.6628584021124,-118.0805660042119,-115.36567155248645,point1,-116.99569674681275,-117.00826552959822,-119.40430037094981,1.3844478373214864,-0.020110464050480666,-0.7448765283817029
HDOK,PLOK,17472,7,7,-129,-13,11,2,33,-116.12776414819162,-115.09335186137142,-116.32611446374804,-114.06252207279846,-116.34820143919687,-117.78705147880079,-119.18761519134885,-116.55894247957123,-116.00609021682865,-117.95576188252987,-119.35662423074685,-117.34663631799056,-116.02131059820789,-116.16650555621523,-117.71519961248991,-117.01209485224503,-115.57843934234066,-115.80352858392604,-117.78408402602327,-117.98495593615135,-117.32962707457327,-118.28698343293667,-116.73255635615882,-116.18722659605443,-116.63323670724576,-115.15579259316065,-118.13065478750171,-116.79096426994649,-116.54374381383153,-118.80875714281262,-118.47659566211433,-117.73947169512302,-117.60488296209748,point1,-116.98919052679638,-116.79096426994649,-119.35662423074685,1.4607247150993647,0.10749944070906416,-0.21615000179459676
HDOK,PLOK,17472,7,7,-129,-13,11,2,33,-115.9714541763046,-117.17506606264726,-117.12381642358558,-115.94806706267568,-118.41932468963194,-115.69198027026759,-118.33823298262078,-117.62952244076546,-116.33131079643836,-116.00494078524314,-117.45798300477104,-117.77690950369323,-116.90314981359623,-114.2916858004134,-117.76976973128535,-117.33114597352265,-115.56200422838988,-118.02766906275161,-117.79762964164559,-116.67606660476626,-117.49527190835431,-116.37077489004545,-116.13335542827123,-116.02966241181467,-117.40055841352101,-117.88391087192748,-116.49826171847084,-116.08456148151384,-116.16124454147098,-117.61702300746836,-117.55706625458541,-116.83618162578675,-116.61810992846398,point1,-116.87617307687002,-116.90314981359623,-118.41932468963194,0.8397534283586915,0.5036628532591877,0.18979021937024632
HDOK,PLOK,17472,7,7,-129,-13,11,2,33,-117.17987312729689,-117.20626439606248,-115.90393355908047,-113.23620641488826,-116.60317251459148,-116.4191394785158,-117.19158100170867,-117.30782205059748,-119.15264638589143,-116.86972841176146,-117.17290319739737,-117.6906478434216,-116.55457722972213,-116.34431913769772,-118.14612081010576,-117.18903581965218,-117.47994012455634,-118.15371989101673,-114.99886777707692,-117.2083665713752,-116.42619793894164,-116.72890572823307,-115.39646688855504,-117.60709548780314,-116.467168287908,-117.30861867229196,-117.53979849532087,-117.21169795396769,-119.0181403669555,-116.20338674277983,-116.88532375566615,-119.16764166854408,-117.98329174394992,point1,-117.02886665070709,-117.18903581965218,-119.16764166854408,1.3100039558521752,0.8201325016106537,2.7926291490027855
HDOK,PLOK,17472,7,7,-129,-13,11,2,33,-117.27933662448562,-116.08724502002646,-115.13146513968023,-117.25452812935643,-115.89883119220836,-118.02611820265076,-117.56756866312229,-115.97325622301857,-118.24308131928827,-115.38910477670876,-116.91014317243332,-116.6730530795576,-116.561801651136,-116.98968064500804,-116.62277635935534,-116.1747867899992,-117.50305885872054,-117.82203846682022,-117.53081543729807,-116.8957502954636,-117.0717463449147,-114.85913340012813,-116.58454639563594,-118.18104466739874,-116.90256639146254,-115.85131841513602,-116.05342220087194,-117.04573898280051,-117.22466617390627,-115.33296291384094,-115.49804433593604,-117.96183418079039,-118.11002520152329,point1,-116.76398453486921,-116.90256639146254,-118.24308131928827,0.8602623212608644,0.25409828579664684,-0.8102421691920285
HDOK,PLOK,17472,7,7,-129,-13,11,2,33,-115.76124989626098,-115.94433733189658,-116.18804272209775,-115.452320098508,-117.47703155912289,-115.28709383115297,-116.70183681822695,-117.83856440076131,-116.62122807883829,-118.27761885013156,-118.91843287003054,-116.74008358183958,-116.45445297683506,-115.62658019875111,-117.4281477425806,-115.83554185790459,-115.13721632418495,-116.0522120053539,-116.55547675060147,-116.14197063623028,-119.75752846735773,-115.67724940552178,-117.30235321781059,-117.07648499564287,-116.22888186239904,-116.27618501893285,-116.62261850744684,-118.63402426804522,-117.64832459279894,-116.47664844283202,-117.9357530027005,-116.60097001869055,-117.20186378748119,point1,-116.78419163996875,-116.60097001869055,-119.75752846735773,1.1460903973841976,-0.8537542462024914,0.5199121787961274
HDOK,PLOK,17472,7,7,-129,-13,11,2,33,-117.5030530799406,-115.12314913679182,-115.92695330220242,-115.63105738422442,-117.88862861064422,-115.6066976403143,-116.96354287261846,-117.9910343178418,-117.45462643511448,-114.64527455054225,-116.24857189632588,-116.69874023771769,-117.3053577983389,-117.55070941603879,-116.91272945262689,-115.75581118433725,-117.62936705163132,-115.25069893910313,-116.42551655486153,-116.08477406476119,-116.66795674110654,-117.21028632937261,-118.6628112200656,-117.60724702498294,-116.44111190407176,-116.83391963754345,-116.2275736573077,-116.43353277005623,-116.82042993414905,-116.79818580340648,-116.58014645025447,-115.37651066246332,-117.43970198692108,point1,-116.65744569841453,-116.69874023771769,-118.6628112200656,0.8257542193658539,0.14813678531493535,-0.31139269309917417
HDOK,PLOK,17472,7,7,-129,-13,11,2,33,-116.879464891228,-114.88533770412427,-115.40612846726405,-116.0793290662972,-115.48324126051273,-116.91464762458979,-116.15765263899698,-117.73661277556951,-117.60477996838732,-116.13518074655427,-118.46902846499259,-118.77013447606146,-118.0130013975707,-117.39834580539741,-117.12486852110754,-116.92708800977557,-117.75897058702147,-116.16382105312206,-117.07376354514372,-116.67940023966469,-117.02170577424789,-116.64473434189608,-116.64035481238884,-116.80761611018292,-116.25452453758234,-117.31150505382143,-118.16961112651069,-117.73589838515854,-115.08223837911186,-117.28528427326135,-116.9328740408549,-116.93587822630738,-117.21720090551842,point1,-116.90000676394617,-116.9328740408549,-118.77013447606146,0.8111838302496357,0.26962486289888915,0.05326578777559554
HDOK,PLOK,17472,7,7,-129,-13,11,2,33,-116.65825096725847,-116.51722763483335,-118.63412985882557,-115.49163305260755,-115.71359450292394,-116.32292309929433,-118.58853550949564,-117.76000935215848,-116.70974715894467,-119.60495653254877,-116.7250925046958,-117.62952336943371,-117.17244912183263,-116.83902030309869,-117.58752117525019,-116.00185701250552,-116.17395538346689,-115.55032211263809,-115.89914326794029,-117.96152426267861,-116.19151341631044,-114.76006471348097,-115.58152518961236,-116.78566875947392,-116.75801981908668,-115.22874885593521,-117.25602347513279,-115.8828786073023,-116.20441236461798,-117.25019581033725,-115.50363850393872,-115.81592121230499,-117.23475905263413,point1,-116.6665086655333,-116.65825096725847,-119.60495653254877,1.1251256367039408,-0.7220733144663558,0.5057230173918605
HDOK,PLOK,17472,7,7,-129,-13,11,2,33,-117.31970873707783,-116.26003819738264,-118.58720553004771,-115.44616976516706,-117.9751972735719,-115.10552979214309,-116.63758322799606,-116.75931248318959,-118.10400451992919,-117.2400199849937,-117.16180026786154,-116.72992326430892,-117.79761395178359,-116.91683539417788,-116.4624070631086,-116.04515014325614,-116.26433036470232,-117.98138203824853,-117.1412886243516,-118.15149423288655,-116.77961207292948,-115.97206864871987,-118.83258243398679,-118.20035792060803,-117.52514795590238,-116.36250316944886,-117.11157833669056,-115.7116036247053,-116.46638931152881,-117.46190376330988,-115.96705950282356,-117.37581405752843,-117.93677083994083,point1,-117.02395110588812,-117.11157833669056,-118.83258243398679,0.8244313019932773,0.036387113240352736,-0.611890991749688
HDOK,PLOK,17472,7,7,-129,-13,11,2,33,-117.13599463574266,-115.73880945164218,-115.40363363281443,-115.98196439348462,-114.4728135370007,-117.88828700129294,-116.188832447026,-116.11427744634516,-117.41451293533363,-116.50930502101949,-118.02103711873842,-117.97137720559404,-117.3483573091073,-116.67207646716287,-116.95472786786327,-116.1448358088562,-116.96196980338372,-115.96884338131828,-118.43417718363423,-117.05914335281126,-116.51978050418694,-116.60588927134808,-117.31929531622724,-116.39151906871571,-117.45927223673071,-116.11025892610016,-116.62038295515046,-116.95138563412868,-117.51485216037611,-116.46654875547581,-116.9572825149425,-116.03609302218946,-119.18501175067415,point1,-116.80371357928539,-116.67207646716287,-119.18501175067415,0.8269311582158652,-0.17687604830090964,0.9583785656705248
HDOK,PLOK,17472,7,7,-129,-13,11,2,33,-117.8808835358375,-115.52651073184258,-116.69661721191297,-114.81640197762785,-116.65371154853922,-114.67990295593265,-116.08505398030283,-117.53332570446295,-115.73059754674482,-117.62363362148295,-118.54982040176104,-117.36168275545518,-117.74702232359105,-117.81291538873798,-116.17033844823234,-117.86333075163247,-116.87972166170377,-117.83940456595279,-117.84614434016949,-117.32796200584546,-116.95235574322304,-116.56159152503352,-116.50128898349114,-118.35219074905625,-115.32386100878466,-116.27254343291861,-116.5768763367165,-117.15896560992731,-117.91914078246131,-117.33133970790068,-116.52595063720662,-118.21543559586672,-116.79344984288473,point1,-116.9427264064618,-116.95235574322304,-118.54982040176104,0.9565261661323855,0.5723004286915676,-0.23104223084657516
HDOK,PLOK,17472,7,7,-129,-13,11,2,33,-117.07285301837611,-115.60386611147874,-115.13561098851102,-115.04955964188596,-116.96905064379303,-116.68828069799262,-118.39340724998345,-118.54876433085624,-120.01085847524375,-116.15085946857809,-116.67491974271354,-116.54715345402356,-119.70363152719735,-117.382110102284,-115.69429385413385,-116.04543203096787,-120.14715490152929,-117.47810424234656,-116.90679329779358,-117.34615133467119,-117.10392225819884,-117.07898794552376,-116.25479687914623,-116.8042417927046,-117.08438105721179,-117.44627868494462,-118.41895791307955,-118.10941214675395,-117.63259086754877,-118.69852623513796,-116.5577033568993,-117.8234342408505,-117.13653761615481,point1,-117.26359473056105,-117.08438105721179,-120.14715490152929,1.516643860337489,-0.5732171585524181,0.3391911371516052
HDOK,PLOK,17472,7,7,-129,-13,11,2,33,-116.18448052415498,-115.23383035610084,-115.12432915417679,-116.2219040197707,-117.22095667677436,-114.68451839698216,-116.52392476165231,-120.80575395763063,-116.35606300009333,-116.36088215764627,-117.99221600877199,-118.38413178738075,-117.36984333220266,-118.50105505929807,-118.18159695813196,-118.05016400699047,-117.14662057407779,-117.75231004821265,-116.64237914645446,-117.6438626252833,-115.58385807001697,-118.86243360820941,-116.3571812903702,-117.34800002977632,-115.41509475137187,-117.95054396581597,-118.5789536174175,-119.36136297101717,-117.83657279968746,-116.72715479012936,-114.97718605265331,-117.29718931214863,-117.55056350190844,point1,-117.15839143370634,-117.29718931214863,-120.80575395763063,1.808898719141417,-0.2721415459473759,0.2834043120714784
HDOK,PLOK,17472,7,7,-129,-13,11,2,33,-117.07170988185604,-116.34404715355818,-119.35805397908665,-114.94992897015692,-117.65560126420021,-117.38178987621019,-118.03591088584274,-117.18828778570615,-116.39385165119339,-116.53618242806158,-117.17921980498946,-117.14004950824479,-117.52409453011798,-117.75056824598583,-117.83072111242146,-115.31485123829198,-117.21114961259312,-116.47098010264915,-116.28480153674502,-115.9312833316925,-116.43300207025219,-116.86302885820484,-118.66651025312171,-115.98711017242015,-117.7830459310108,-116.72243648344774,-117.61541987238775,-116.23795955029549,-118.20446681228727,-118.99256679160256,-116.44854858322668,-117.85646426546016,-116.64516898124809,point1,-117.0911761068051,-117.14004950824479,-119.35805397908665,0.9383748505417446,-0.182347540942714,0.14647788498203296
HDOK,PLOK,17472,7,7,-129,-13,11,2,33,-117.15521278963675,-115.43507750020406,-114.86370852860078,-116.69880656780064,-115.36384056958258,-115.56836225634287,-116.07666890104775,-116.72975368482419,-117.74186611502124,-117.50420430472012,-117.32391826837205,-116.55079538896963,-117.44696748126387,-116.66322754114499,-119.25440987917443,-119.99949759612204,-116.71009961839339,-118.1836180137597,-117.0428051422112,-119.1649690250341,-115.71771700212696,-116.42482579405137,-117.30849193837203,-117.63851162967835,-116.3835963977447,-117.37952008960335,-116.0610210279394,-115.5397592873077,-119.27340666713216,-117.38490838898046,-118.18397658230238,-116.04491923065913,-116.35289554478595,point1,-117.00519268948214,-116.72975368482419,-119.99949759612204,1.4703559596231148,-0.6141005016687064,0.10064805883504047
HDOK,PLOK,17472,7,7,-129,-13,11,2,33,-119.4054905632264,-114.94532843336124,-115.55963763587685,-116.36090081236028,-116.38212955102652,-115.94500159363942,-117.24038811256973,-116.57218521508871,-115.85216169576877,-117.88789976342342,-117.22731118220555,-117.54114101675206,-116.29706191458939,-117.30320017121107,-117.1785292563993,-117.03262996937164,-117.62419672016796,-116.30291231751319,-115.63808911420251,-115.5883008021186,-116.76523851515826,-117.16233030200164,-114.70106343283537,-116.57137000827419,-115.4635836852493,-116.51235327897155,-118.06294048860404,-117.91453921861992,-115.80356024468594,-117.78411529895457,-116.94802791533864,-117.59075662991177,-115.23500236967931,point1,-116.67876900694417,-116.57218521508871,-119.4054905632264,1.0376440483239846,-0.23098037439261634,0.11606054277107791
HDOK,PLOK,17472,7,7,-129,-13,11,2,33,-117.36794214209074,-117.06117660335383,-116.71409025921086,-117.41815036280255,-116.41721289353818,-114.31879275062832,-115.62646350698594,-119.25935010909305,-117.54666254505618,-116.26614596993339,-117.73154590669184,-117.29981893461152,-115.1771108125329,-116.91222727037832,-117.3088126499999,-117.36213679348005,-116.62845377865665,-116.97139077495285,-115.50282914016778,-116.72703802563093,-117.07472404950917,-116.46733137471912,-116.65402335637357,-117.511449742345,-117.44656061556306,-117.65374246118067,-116.37051571184334,-115.99271229664436,-117.11838896075189,-117.10199416446206,-118.16650828814913,-115.4086229924223,-116.67947390156966,point1,-116.8261636104645,-116.97139077495285,-119.25935010909305,0.8521631303748401,0.33308408297422015,1.4440173542834382
HDOK,PLOK,17472,7,7,-129,-13,11,2,33,-117.70461739416587,-116.45698063375418,-116.19752497364802,-115.14226416071006,-117.77734600842405,-116.53188597859662,-116.75879969768276,-115.90052871334471,-117.1922385799203,-118.23700746180218,-116.17346508739237,-119.03974346713412,-118.21586334112605,-118.3835083382187,-116.79800745415429,-117.57344057135978,-115.51743453798674,-117.25057916973192,-115.34902926246372,-117.34029067064307,-115.76093010589,-117.88553049828762,-115.79412779130567,-116.06305860893642,-116.19885505849487,-116.43111329943824,-117.03063574541231,-116.96803249525634,-116.8162024862368,-115.49837189546362,-116.16299584389702,-117.61917392018745,-119.09209990519552,point1,-116.87459645928062,-116.79800745415429,-119.09209990519552,1.0636828464036712,-0.38319598642396263,-0.5626233407164452
HDOK,PLOK,17472,7,7,-129,-13,11,2,33,-116.35333741519814,-115.73377760050158,-116.59120580009485,-117.44904257941802,-114.78723455959474,-116.26627335939044,-117.56179931684618,-117.8325354535448,-117.73462187089855,-117.86281873332197,-116.29672629875078,-118.53128622845048,-117.01634640329588,-118.66281422584326,-116.1935987749391,-116.2356676450045,-116.47969421891986,-115.8794376966716,-116.03655349693554,-114.83866310587166,-116.93759317197977,-116.66681957717029,-117.71701606411892,-115.69907484819925,-115.24606883194167,-116.11176208191537,-117.3359552072297,-116.59027176436209,-116.58472436340767,-115.8179553305185,-118.1340382092068,-114.14821944960947,-116.69263112911437,point1,-116.60683529734138,-116.58472436340767,-118.66281422584326,1.1070327246430136,0.10288971520599036,-0.13747953965300752
HDOK,PLOK,17472,7,7,-129,-13,11,2,33,-118.34815862567268,-114.62452458674635,-116.85505452203951,-117.46770237579204,-116.68385423278474,-116.5206618940539,-115.78730976758328,-118.60548994914375,-115.99046076604023,-116.17036862451961,-117.03167410201837,-117.09549272423735,-117.70667934722675,-117.12801079874623,-118.0697160078272,-116.72607902107005,-116.66046771717818,-117.67415977643486,-118.54446049147784,-116.52933572229821,-115.93025610413821,-115.1272988808288,-118.95110177150217,-118.46902264806766,-118.84526270583414,-115.33462412669768,-117.3356960009563,-115.38226246167734,-117.43893334117645,-117.94736614252125,-115.67056347439886,-117.13562625970509,-118.23531392366273,point1,-117.0309996634563,-117.09549272423735,-118.95110177150217,1.2909732327726267,0.17435628649506044,-0.770796473278974
HDOK,PLOK,17472,7,7,-129,-13,11,2,33,-116.07637112694265,-116.01462333508351,-117.13838534753721,-116.19674754925634,-116.47814565332014,-115.61219865710044,-116.6874062872459,-116.64952583041898,-116.17285142465451,-116.65660095459752,-117.04290597096667,-117.44908998485987,-117.5115608646331,-117.52120438330277,-114.95864629122177,-117.67206341849753,-117.37066877147231,-117.82656927132155,-116.27245597884324,-115.71946735473232,-116.23001653115917,-116.71383873263683,-116.83640678818952,-117.53510122774205,-117.21757762485804,-117.85416750315702,-118.21806459761079,-117.74642293300258,-117.28849079243635,-116.09876680559915,-115.99323503985748,-115.93633007627332,-117.31139519048529,point1,-116.78810006966714,-116.71383873263683,-118.21806459761079,0.5913944046670622,0.21773271457880589,-0.6588741979757389
HDOK,PLOK,17472,7,7,-129,-13,11,2,33,-117.39990430947718,-116.97709747387107,-115.25618128524013,-116.66600578332063,-116.19549708684549,-117.2076827613068,-116.94873577984065,-116.21326552367398,-117.3313419773907,-117.84726732385877,-117.09673954562311,-116.97288881918428,-117.67596955292116,-116.74177992722848,-115.25869819599805,-118.39101459238816,-118.16878211453226,-117.0759386011526,-116.82283027839358,-117.80936735406493,-116.87139846273547,-117.20374028680038,-117.10500419156149,-117.43890425725601,-115.82820093193378,-115.55585344804533,-118.13667525692172,-118.58525437869844,-117.41049781053246,-117.80475693516718,-116.96849362180039,-117.13892738460538,-118.77429122076227,point1,-117.11754504464035,-117.10500419156149,-118.77429122076227,0.7292596062592724,0.3694029678668915,0.16878660159620162
HDOK,PLOK,17472,8,8,-129,-13,11,2,33,-115.1906612253511,-119.44453974531,-118.80929866980244,-117.99004562656859,-116.82034770554809,-116.57049617478508,-118.25176091332786,-115.87838568274637,-116.46138227989047,-114.67895400821854,-116.85483695804155,-118.0701767378628,-117.72551357379989,-115.47363135677006,-115.78054464357095,-118.55180459293213,-116.06746090611323,-117.37782219378634,-118.09566751867817,-116.13044936140912,-117.10102819793657,-115.80416425820775,-117.64038533042962,-116.54651988366274,-117.39599199875762,-116.67468641703769,-115.76056629303409,-116.87137625132499,-116.70910190969028,-118.24359569748064,-115.01250734855056,-117.63385510488604,-116.13415469003468,point1,-116.90156706834989,-116.82034770554809,-119.44453974531,1.3149482259277823,-0.13348567772642994,-0.5876816194792234
HDOK,PLOK,17472,8,8,-129,-13,11,2,33,-115.44646817515577,-117.37968052765632,-118.0415404468237,-116.07543784332553,-118.27596576337213,-118.17008307260654,-115.67893012294623,-118.01724845912,-116.85251281466776,-117.53062442695028,-117.04610443672294,-117.36731686325852,-117.93032932633749,-116.26129714232184,-119.13848358407036,-118.03917017791974,-117.08565543925849,-116.59673768787573,-117.53508639448599,-117.36014311082366,-116.12110302020697,-117.12750191074443,-115.96876442122522,-117.311427045396,-116.07282072061355,-117.14893627660551,-116.7452163553952,-117.89123504359398,-119.06735849543425,-115.16405779463933,-118.04826924288379,-118.5372473717533,-117.63616705100513,point1,-117.23239153227865,-117.36014311082366,-119.13848358407036,0.9631618726414177,0.2024253189979637,-0.45069962177927536
HDOK,PLOK,17472,8,8,-129,-13,11,2,33,-114.86591082290295,-116.42434835569348,-118.51262438278764,-118.72002661678512,-116.46499196091885,-116.89985864842613,-115.74948982995063,-118.14615798157149,-116.84854639561512,-117.48991141148367,-116.58978003646735,-118.48908576398223,-116.95107455633196,-117.32432059200394,-117.30318209409859,-118.213420677074,-118.19072114417177,-117.33623954044481,-116.11903252547695,-117.30848947581961,-119.1566323984643,-118.5119554560321,-117.3813485162829,-117.52417160990034,-116.67811664871977,-116.87376763114712,-115.96577817014158,-115.67454906550368,-117.21606338729096,-115.0964257289586,-117.59958428226724,-117.42140037615255,-117.59406092125958,point1,-117.17094142436747,-117.30848947581961,-119.1566323984643,1.028115072544674,0.28741835239759256,-0.1504036294694897
HDOK,PLOK,17472,8,8,-129,-13,11,2,33,-116.28127136312102,-116.34265738408781,-118.91180772948984,-117.87753562498095,-115.06964307194887,-116.3248991569876,-116.58450994239944,-116.6103559508278,-118.9986822232172,-115.86241594717215,-116.74848252635007,-119.86894129907469,-118.18565491359337,-116.80527936208838,-117.50260132296519,-115.73665816570876,-116.96490310975554,-117.54194796017843,-116.63062692469866,-118.36205717730024,-117.10082887524376,-117.67352213463722,-117.09186024565696,-117.22494880493954,-116.50325684628828,-115.8053877985513,-116.5511921583395,-117.8487863104065,-115.43346763716897,-116.56466162811793,-116.71769499909153,-116.87004190854418,-115.98933295008854,point1,-116.9874519228188,-116.74848252635007,-119.86894129907469,1.0883940104275285,-0.7629668811324792,0.6883617058196405
HDOK,PLOK,17472,8,8,-129,-13,11,2,33,-114.83400493827241,-117.82251602065435,-117.3238334175879,-118.67790007462985,-117.45208911218837,-117.8775715252363,-115.39651362128114,-116.84380147991641,-117.32021366081706,-117.709510584515,-117.79106295186583,-116.40663627678192,-116.88392722833991,-116.54680321107227,-114.05063254163932,-118.40845361434901,-116.03061301834333,-117.7428095095598,-117.9362127376274,-117.48561574116958,-117.65861631454709,-117.06032047306248,-117.53076706027453,-116.71172123733803,-118.13231029212103,-115.97107162994126,-116.92705661388223,-117.11366046623776,-114.92801993477575,-117.15192894716164,-117.67999157480438,-117.0979517924252,-116.25728456234619,point1,-116.99277036862925,-117.15192894716164,-118.67790007462985,1.0741422568082695,1.0698717231756754,1.0286148447084558
HDOK,PLOK,17472,8,8,-129,-13,11,2,33,-115.15998660263975,-117.0221499778687,-117.46312239979473,-118.28081979557857,-116.94581339025257,-116.76070346859267,-117.54269800937959,-115.73708727666903,-115.56553847368838,-116.97283582419676,-116.20372370822531,-116.9413193130933,-116.5306219135537,-116.91130815295527,-117.77259228164806,-118.06478462823273,-117.61461701388889,-117.55169269903156,-116.44194293852976,-118.4306780403629,-116.15868981583414,-115.47539382360027,-117.7679976220249,-116.96824962529377,-117.70719803007042,-117.26980412629823,-117.47288598100032,-118.04294727901213,-117.13468444312875,-116.14128702711027,-117.12321114956156,-117.7729770085184,-116.32496269102464,point1,-117.00831286456544,-117.0221499778687,-118.4306780403629,0.6731780869472923,0.44495929709775983,-0.42597794657673704
HDOK,PLOK,17472,8,8,-129,-13,11,2,33,-114.96903045445107,-117.46919316339543,-118.9491830518591,-116.92596747400191,-115.72555258181909,-117.65121017744835,-116.76012867975595,-118.02348675894278,-116.7646893308734,-117.94786759688306,-116.32238324783494,-117.04262060355474,-116.65863761211865,-116.75732001049046,-117.01900099811567,-116.34616424595959,-116.14340586808984,-117.96487416887187,-115.50532456029349,-116.63028326352367,-117.40022680169875,-118.33190140158857,-117.26762710320835,-116.9360648418171,-116.60255388047463,-118.40946504749546,-117.63943153187725,-117.8004066736695,-116.79334052304938,-118.54536820757151,-116.49367201912428,-117.38400093612546,-117.50128049723173,point1,-117.1115655549459,-117.01900099811567,-118.9491830518591,0.7647231441923557,0.15821992556048045,0.10556556912761073
HDOK,PLOK,17472,8,8,-129,-13,11,2,33,-114.96190288460879,-120.56243738546526,-118.62815730949102,-117.47505996128343,-115.62963171670278,-116.37705565766986,-117.32891155113668,-116.78105359309582,-117.5581017959205,-116.82881858585847,-116.63452551234371,-116.67195458164595,-119.87330471101964,-119.58524610136634,-117.34518014349733,-119.54482834311708,-116.27951407809098,-118.89091708028292,-117.8087728705804,-116.35727357091274,-117.77783639711248,-116.58554524213686,-116.81622954468692,-118.80628975889356,-116.68264771303753,-116.97160663216144,-115.36071323738608,-118.64984902451931,-116.25978577982029,-116.88214361739252,-116.86445992335071,-117.30450314972585,-117.38283081672172,point1,-117.37779055366775,-116.97160663216144,-120.56243738546526,1.670167862002505,-0.6534958681884501,0.11153270167995766
HDOK,PLOK,17472,8,8,-129,-13,11,2,33,-114.36545126854047,-118.0835846941683,-118.87063159731218,-119.01971265916859,-117.86285359202601,-118.46244950136929,-118.98075461958958,-118.68724140333023,-117.77575326550786,-117.62644308422827,-118.6207903293569,-118.0699506032935,-115.82008620716321,-116.69965087509372,-116.27155844543393,-118.4546384685903,-117.66848854211617,-118.47222776128099,-117.44547413809838,-117.33460982073258,-116.7013585171673,-118.2106363011917,-116.67292713564692,-117.40482315537164,-118.07863685170784,-116.6363962777697,-116.24528305352358,-116.6503468917608,-117.18172947433959,-117.94318051457283,-118.53660160468401,-116.26740497171859,-119.49340657984959,point1,-117.59439643047588,-117.77575326550786,-119.49340657984959,1.192675224918435,0.7333439298532732,0.6993191556422951
HDOK,PLOK,17472,8,8,-129,-13,11,2,33,-112.28110265414202,-118.53890854336885,-118.31128816698143,-116.63105061555815,-115.81430677295236,-116.77254627868479,-119.43364471016655,-119.83113544393463,-117.9457597659148,-118.34415310823373,-118.66717579373407,-117.83247057127173,-119.2486695749952,-117.30613420580958,-118.78368957674564,-116.2355794654355,-117.06501320820153,-119.20117416099632,-118.04708194369015,-116.92313957272495,-118.69044473558606,-116.39397472185894,-116.23011068777566,-116.30949913435859,-118.2793389074024,-115.99646019704508,-116.89497003763944,-117.58010706813369,-116.82248714251732,-116.60611683754858,-117.86906038150937,-118.56249102029344,-116.99748996913985,point1,-117.46807802952574,-117.58010706813369,-119.83113544393463,2.0111434514799376,1.2691806557565173,3.905958970614948
HDOK,PLOK,17472,8,8,-129,-13,11,2,33,-115.14660253677162,-118.35753343497915,-118.35193138716019,-117.86664685919943,-117.02988540513292,-116.84371653738857,-118.11854366007788,-117.89948416433498,-116.30405123032133,-118.4576723570068,-117.6234514885793,-115.83494863838169,-116.48200579851603,-118.39699187328429,-117.67462503398671,-115.48753524594584,-118.62712768167913,-117.67165397798264,-117.67174653295712,-117.32679059788877,-117.13710215656604,-116.98243805275482,-117.40843108758749,-115.46607555880826,-117.04807348692027,-116.67230182187487,-118.16483830027714,-117.4456495204164,-115.06233640388439,-117.58059417672388,-116.33761167751989,-115.83405181021858,-118.39781395605019,point1,-117.17303825609625,-117.40843108758749,-118.62712768167913,1.029587069096462,0.5701727897711185,-0.655092652880108
HDOK,PLOK,17472,8,8,-129,-13,11,2,33,-115.31682969305591,-116.5224463985115,-118.99440365015367,-118.70777187491213,-116.76240538676734,-117.20823662649944,-117.3405069839831,-117.7431729696807,-116.02981537774062,-117.11007854897129,-118.96886529075309,-117.4443714475659,-117.05653737511453,-117.09870912006035,-115.88521442111751,-118.31119578041626,-116.89814030594229,-115.90960638858999,-113.86903952770282,-116.07043198810356,-118.02714160763917,-118.02856493752314,-115.88553918850187,-119.27222351095837,-117.41378021642151,-118.31740163551427,-117.1011842037174,-115.59490939234814,-117.24617377832853,-116.25197965431394,-116.78198684704743,-116.38331058199128,-117.62678092585374,point1,-117.06602289805457,-117.1011842037174,-119.27222351095837,1.3423665941592262,0.28013786294833926,0.4720084207596269
HDOK,PLOK,17472,8,8,-129,-13,11,2,33,-115.26755455777794,-116.5049859714213,-118.31550955229261,-117.48054515458978,-116.34380049827853,-115.3031476418435,-117.29873135066582,-117.89599048640203,-116.841022819701,-117.87798119489696,-117.66607947371831,-118.53141524570677,-117.48561484391657,-117.58159701566719,-116.9669256123731,-118.92890396440801,-117.88432743920025,-117.22560497498053,-118.36735185249016,-117.15217784509427,-115.95605178718976,-115.7723244507429,-120.3194326562316,-117.73592282582527,-116.72943647751245,-117.17816090697121,-117.48364012081804,-116.19097935962854,-118.54721080616517,-117.89885730404994,-117.79497188797097,-116.98768799645158,-117.08915917304213,point1,-117.35160918933408,-117.48054515458978,-120.3194326562316,1.0584597145057262,-0.23817953825468555,1.1331130701939442
HDOK,PLOK,17472,8,8,-129,-13,11,2,33,-114.9305939249353,-117.4297666882629,-116.10664654339996,-118.40826193492256,-114.26911732199923,-117.12475964746075,-115.77725829637188,-116.49653350913204,-116.35185284059298,-119.33036650664066,-117.7220599967477,-117.94831802592078,-118.08928342453302,-118.05040296566814,-118.60554640472877,-116.86311966813668,-116.14510998561407,-117.20113139960102,-117.30906478984018,-117.6463698872194,-116.84306887314858,-114.84954976259175,-118.33894596230455,-118.49447254686868,-115.90396560721922,-116.67611242515792,-117.3393897872193,-116.47537221175428,-115.93433537129799,-120.0773737895608,-116.79955352452808,-117.78937706778154,-116.86135815924656,point1,-117.09661935910324,-117.12475964746075,-120.0773737895608,1.553481668576653,0.021016287720802013,0.24757751875311973
HDOK,PLOK,17472,8,8,-129,-13,11,2,33,-115.66478612315709,-116.5089601513283,-117.73720028573447,-117.44859091481587,-118.3905087375029,-119.07463992815781,-117.82400334408383,-117.98142550205101,-117.12775629593757,-115.75660217959577,-116.83162085343633,-116.05899632761276,-117.04948392593128,-116.7405470682275,-117.10744123563771,-117.34536076442907,-117.22621984052117,-116.1092320942753,-116.57137320045742,-119.35640842479782,-115.36735104292771,-117.23100409063292,-118.77973825506633,-116.78894329912308,-115.5348142386743,-116.23585127753431,-115.83834316065763,-116.09724461389989,-116.61859870746149,-116.1453301045684,-116.67648166003978,-116.51688768530694,-117.50014339751439,point1,-116.94672390094236,-116.78894329912308,-119.35640842479782,0.9728101694129452,-0.6793516598832023,0.10583520347538933
HDOK,PLOK,17472,8,8,-129,-13,11,2,33,-113.16595801705232,-118.97186215337692,-118.71902143035332,-117.54309870938441,-116.06641229597791,-118.04308354613528,-116.92074969973714,-116.26687243814523,-115.56061149745142,-116.80161313994846,-116.44702265574222,-116.02048011385729,-118.32551949136655,-118.88089808763839,-116.8257750673928,-117.31483575127542,-115.05574854688595,-116.03028672893883,-116.98273860188489,-116.56709270506758,-117.25725179654962,-116.34002862242787,-117.88112531897937,-118.13744261148241,-117.71204533856469,-118.31091573155561,-115.55528995687087,-117.83254104048801,-116.91180872357195,-117.09704549099942,-119.12530278047713,-118.58837992306995,-117.58228180490812,point1,-117.11639817628964,-117.09704549099942,-119.12530278047713,1.5932442929494925,0.7819493564427755,1.3691377852571036
HDOK,PLOK,17472,8,8,-129,-13,11,2,33,-114.45951020715701,-118.87048659031242,-118.26924840059326,-116.78561211979064,-116.52473556760526,-115.57508659572159,-116.77809435910173,-116.67409922257002,-116.96529175231491,-117.99943002970761,-119.46204711984478,-118.14044820826395,-115.74966816130919,-115.91159123698294,-117.52514202749701,-117.64331727090695,-118.78999926602974,-118.20110994404335,-117.81172219715292,-117.3351813719055,-116.01028638575418,-115.85147520994175,-119.23437328994865,-116.25963345629067,-116.94680937679948,-116.45144974062426,-116.93054806398405,-116.34974812859573,-118.47742690737152,-117.88175137436893,-118.06529780899595,-117.9176472309255,-117.84449517766511,point1,-117.26341708485081,-117.3351813719055,-119.46204711984478,1.3081996229759532,0.18364312977332425,-0.31915865722876324
HDOK,PLOK,17472,8,8,-129,-13,11,2,33,-116.40889173510975,-117.71116927813424,-117.73700599492976,-118.82628165487866,-115.96882403782044,-117.79932046672684,-118.43692363855715,-115.34143309953718,-115.02597535526277,-119.17929661828788,-117.50038277707105,-115.75568763496383,-117.87765860078584,-118.85912515756692,-117.40653221382371,-118.1210054723769,-116.9819423568219,-117.32483370000615,-117.48011252389179,-117.37129576697765,-115.61700464097316,-116.30918923484553,-118.34532683157288,-119.10456415743398,-116.71228229827115,-118.50989123199058,-116.07506976912039,-118.3448662811687,-116.88682263727459,-119.1502360054747,-116.47760945869541,-117.59331477105489,-116.51995947094116,point1,-117.35635863249541,-117.48011252389179,-119.17929661828788,1.2962337746629693,0.20218252577242324,-0.8245692522237764
HDOK,PLOK,17472,8,8,-129,-13,11,2,33,-113.58025052063599,-116.48114919678541,-117.1339018717372,-117.49489935122631,-115.06347666602242,-116.9936795154796,-119.60464037146704,-117.97429768887554,-118.33505405007713,-116.96443300412035,-117.84290537637453,-116.8610714386721,-118.02284095290997,-116.557979756043,-118.14017313609529,-117.98261459361493,-116.41477414707607,-117.30653068023126,-117.74171583720215,-117.8003077386492,-116.84014020088978,-118.05067496596972,-116.29138149668785,-117.1746139250388,-117.1244120890581,-116.54294510146741,-117.34999647045858,-119.31898604292593,-118.54864247549445,-115.95297078683375,-118.01500083029816,-117.99379830537771,-117.05342864352721,point1,-117.28950567355528,-117.30653068023126,-119.60464037146704,1.2573953834978375,0.9137138871481751,2.783915579141748
HDOK,PLOK,17472,8,8,-129,-13,11,2,33,-115.01590712732916,-120.02808413074101,-116.40086090562012,-117.71098637730982,-117.2958584522636,-118.51511167600938,-117.34634146569026,-117.01472188594124,-117.95893393811349,-118.55440558989025,-119.06873183550937,-118.13029524726454,-118.54249073359742,-117.45797139343247,-119.08857168456528,-115.07168862900102,-117.01042750129444,-117.84002710705346,-118.1237739531955,-118.48698896369423,-118.34153054899664,-117.22071585784147,-118.07585320441088,-117.54584344740391,-118.53578798966896,-117.20958206376964,-116.18434652826062,-115.66614577606063,-115.89417179612697,-115.49199424599435,-118.57672389684917,-116.32390153000613,-116.75941181291228,point1,-117.46933900896417,-117.54584344740391,-120.02808413074101,1.442288515526749,0.32051354278361743,-0.3612559410205267
HDOK,PLOK,17472,8,8,-129,-13,11,2,33,-115.36694929474473,-117.50802201106006,-118.73567254022406,-117.89168448255782,-117.61735365649498,-117.7961269013035,-118.16943124135845,-118.68217374725572,-117.54367654520499,-117.21387434140308,-117.45755997608795,-116.32643372204384,-115.33637230102975,-117.25991390899868,-115.71121571252402,-117.43963929286004,-117.4855106857125,-116.9575927883336,-117.13782801682109,-116.62510283975989,-116.06854881374528,-116.66474733529498,-116.39471556655516,-116.01461570959741,-116.52431554666542,-116.70547767973574,-115.88891940546996,-118.41718912779285,-118.4724036068662,-118.00688133302852,-116.00604507710574,-118.31648167050429,-116.71696301968734,point1,-117.10483145144933,-117.21387434140308,-118.73567254022406,0.8948279253623291,0.08714618679652003,-0.8954932183268416
HDOK,PLOK,17472,8,8,-129,-13,11,2,33,-115.95344192847304,-118.1826263838281,-116.69016490877374,-117.06114193207361,-117.98199617791977,-118.22286317421582,-116.61948867532058,-118.57241173130684,-117.56751401193081,-117.39666685339657,-117.00006723366833,-118.64491051593079,-117.4210806770797,-116.25901411716511,-116.59565301307049,-115.72904882141538,-117.29000821660594,-116.64974782744687,-114.90586294636226,-115.99934768669216,-117.71587832160318,-117.31641910191664,-115.5230399718268,-117.60641879629408,-117.00296032929427,-118.36842120967135,-116.21407733431991,-116.51765572271842,-116.69334295885403,-116.77458673217126,-118.26392808401773,-119.32235078645691,-117.40659551834395,point1,-117.13541611212618,-117.06114193207361,-119.32235078645691,0.9556048971579838,-0.005770671271406959,-0.18371352051719914
HDOK,PLOK,17472,8,8,-129,-13,11,2,33,-115.51491005048301,-118.74731596000211,-119.49039580733813,-117.5285823541422,-117.06405399694638,-116.09961136138703,-115.89815276685364,-118.32730791376763,-116.74254599980583,-117.0144829098251,-116.88792249733915,-117.30424951359974,-117.13706445332484,-116.66042062957277,-116.82200831232657,-116.66951428164842,-117.09527320590269,-117.56732264021765,-118.66825348075984,-114.97472989302041,-117.01799873729259,-117.2165635790678,-116.91765326150882,-118.75465526762991,-117.2498012461958,-117.84651465411345,-117.31303754428419,-117.4387765327649,-117.01079911382602,-115.08779561916064,-117.7049705368189,-117.11574609094069,-119.03949919976456,point1,-117.20993725489794,-117.11574609094069,-119.49039580733813,1.038409425404286,-0.01439053926406348,0.44850970118235445
HDOK,PLOK,17472,8,8,-129,-13,11,2,33,-114.97369449533876,-116.55917849166885,-117.1159276492381,-117.11771155139228,-118.1068134435674,-119.31949146652374,-117.75698169058778,-118.37576295102069,-118.34949166912614,-116.65038653964473,-116.7298969918818,-117.41475731551421,-116.99012238942902,-117.47640729070582,-116.54709517552867,-116.61927149460674,-118.32887478386368,-117.37584336961156,-116.82902215412525,-116.09265667506348,-116.62413812413153,-116.02270676642057,-117.17597896520151,-117.18453039197945,-117.17774141989432,-117.06315961696198,-117.89123437589276,-116.81561303682984,-116.47066164158528,-116.42125515540411,-117.83355461654227,-117.1824942825552,-117.87389582572351,point1,-117.16564702447153,-117.11771155139228,-119.31949146652374,0.6712195494149489,-0.11728392181359615,1.131516414072601
HDOK,PLOK,17472,8,8,-129,-13,11,2,33,-115.32572252442536,-118.84709378931224,-119.2560821531949,-118.10384799013877,-116.31204763946111,-117.65538123808318,-117.14997411570467,-117.08698112897703,-117.00751249843421,-118.5092109879974,-119.47554676489338,-116.70538978272532,-116.55825916929048,-118.27426530216626,-116.98990858670275,-117.00167254018754,-116.16247527980033,-117.27366227301466,-117.28593935526695,-115.6175004255455,-117.5594426040313,-116.71330681647048,-118.41086925496907,-115.42097993802368,-117.16435404352035,-115.81399419086854,-117.27614172950305,-118.55095658955183,-115.18977453797302,-116.13889813489314,-116.81826315622294,-117.53396764672485,-117.4447894454515,point1,-117.1707336858644,-117.14997411570467,-119.47554676489338,1.178918935508543,-0.16031695615182615,-0.3672591745464646
HDOK,PLOK,17472,8,8,-129,-13,11,2,33,-113.8920353917192,-119.05629950623725,-117.19019278687452,-119.94721053452275,-116.78695750002872,-120.14697402171235,-116.53133300673227,-117.38561404896802,-117.22893957965839,-115.85888884981262,-117.20352045477462,-118.05469379881275,-118.87954779566229,-117.07188801422015,-117.2950480831693,-117.80326986403223,-117.95781486738494,-115.73487698858767,-117.23872213429141,-118.36119997202569,-117.97111727818438,-116.42301736838581,-116.25653628253946,-117.92875386156977,-115.87002661935881,-117.47728163032244,-115.95186386629254,-116.50065845685432,-119.09441262071714,-117.2118741895168,-115.70364860431246,-116.21568086704363,-115.28003144461975,point1,-117.19727061481652,-117.2118741895168,-120.14697402171235,1.7599577499511798,-0.12242967879693445,0.39305651857775237
HDOK,PLOK,17472,8,8,-129,-13,11,2,33,-113.82416342662692,-117.45750928526854,-115.73810295251093,-118.20074523356126,-117.21620878719139,-116.74492879961026,-117.41500084615849,-118.87548249882445,-117.76974219207253,-117.2219312487303,-117.62647722305496,-116.87204939428163,-118.82930893095555,-117.21923330354493,-119.23536837384755,-118.30927778978909,-116.42452836329721,-115.97317156235222,-117.87183464015624,-117.01424118889372,-118.79002895145287,-116.98611599726026,-118.95958770316273,-117.53531861659818,-118.43828883409662,-117.91927389002623,-117.74870179659113,-117.43328541518889,-116.67410717036047,-117.05910815164705,-116.98586527102069,-118.45832463013971,-117.14949131974817,point1,-117.45384253903093,-117.43328541518889,-119.23536837384755,1.1178083734848714,1.03418671352409,2.883145765700155
HDOK,PLOK,17472,8,8,-129,-13,11,2,33,-115.02055854873693,-120.55394936836379,-117.3233745464506,-118.28844655863514,-116.15878655523943,-116.17618077937833,-119.01212527330333,-117.92222063406844,-117.60484870994706,-115.47831444619294,-118.95800905405326,-116.78041921653457,-118.42035108447425,-119.30553055875349,-116.95104888382197,-115.93262418722239,-117.24914228533794,-116.31040442968725,-115.28264060153953,-117.44499524964364,-117.89025241132236,-116.7054800318938,-116.04159052358891,-118.21257805423757,-115.74696525999634,-118.94903091521782,-116.0651906867324,-117.17569981753888,-115.96326664566968,-117.86448353449352,-117.84063665167011,-115.82546116503875,-117.06615397840002,point1,-117.19759880749045,-117.17569981753888,-120.55394936836379,1.6814469191359123,-0.45828505285735677,-0.21839445449174777
HDOK,PLOK,17472,8,8,-129,-13,11,2,33,-116.23301722303427,-118.8812555976645,-116.80327066190488,-117.37648976852799,-118.03639381166869,-117.69790309254024,-116.45992582809878,-116.77362451536105,-117.92166911100789,-118.18968313352298,-118.77854507093967,-117.37427286770875,-117.40460678506899,-116.88594293380245,-118.5419567965883,-116.02455085930963,-118.96331614394087,-116.41719250215692,-116.9538597386937,-117.5130187976032,-118.1733279019363,-118.74230519916699,-117.86667359782513,-118.47411383242715,-117.87500659613359,-116.24408227076134,-116.9026394346582,-117.58747738109884,-118.47954245741315,-117.18256856104892,-118.97087436521004,-116.67767719457748,-116.05439451933502,point1,-117.52912662274954,-117.5130187976032,-118.97087436521004,0.8072493575523393,-0.001479928064920076,-1.156407064762202
HDOK,PLOK,17472,8,8,-129,-13,11,2,33,-116.25086819308483,-118.65824638010258,-117.84098503630226,-118.55898406460102,-118.24674366638882,-117.474708938247,-118.85829055868356,-116.53963355768731,-118.65793679827877,-116.71181956703438,-117.13328926113032,-117.2845929546679,-116.08122000111996,-116.76638392302111,-117.74587992696654,-117.7483202610672,-117.29223848270308,-116.83137344206132,-116.07015236003068,-118.19097825036665,-116.4946942747865,-116.40830790139867,-116.82019314601565,-117.09338724517313,-117.4598120692582,-118.90734340469679,-115.94881640882956,-117.93849561709293,-117.28898722772972,-116.00946879832034,-116.85263995417809,-118.22603452609792,-116.97074916669816,point1,-117.31398713223702,-117.2845929546679,-118.90734340469679,0.7592331095155219,-0.24139989429217448,-0.9886348712804978
HDOK,PLOK,17472,8,8,-129,-13,11,2,33,-116.00361236159137,-117.50253653592308,-117.17033587062285,-118.1399365209935,-115.1881555825709,-117.46643509689994,-116.82875841272558,-117.70882190517821,-116.45362612421545,-119.68228494246638,-117.77316582768121,-116.82446190807845,-117.1728071731564,-117.56056433511807,-116.81506332959148,-117.22305228832354,-118.00355612770014,-116.46194233268915,-116.555647206415,-115.61283843046932,-116.09520780670653,-117.44386231521453,-116.53556671859445,-116.67376210146246,-116.86563737130865,-117.03120831319505,-116.9152096652407,-117.37420082196319,-117.70665463053379,-117.81706339810015,-116.32634251363905,-115.34120326405201,-118.9250196528071,point1,-117.06662245106753,-117.03120831319505,-119.68228494246638,0.8487774229743447,-0.3988951450313016,1.1549856427283038
HDOK,PLOK,17472,8,8,-129,-13,11,2,33,-114.92217041057171,-117.29975648237824,-119.28158830545577,-118.79005854104552,-116.73060512931045,-115.84709680957481,-115.86597164305688,-116.33149637209823,-115.64889121950722,-118.06666955473867,-116.2800023886018,-116.23959312818626,-117.53158804689285,-117.15274303626822,-118.58159082256206,-116.70678987333406,-116.7242107699818,-118.04906805283635,-114.82984992540314,-115.99899788982044,-119.10706539203673,-118.54161544551374,-118.81939618836576,-118.63434473310483,-118.35744300409384,-118.91214921228088,-115.16234243838632,-117.12369854336141,-116.98555818477979,-116.52983468436389,-116.17879092484706,-117.19225026923228,-114.18514617535104,point1,-117.04873859385886,-116.98555818477979,-119.28158830545577,1.826051357345937,0.10020287021366847,-0.845381079678889
HDOK,PLOK,17472,8,8,-129,-13,11,2,33,-115.08028988527863,-118.03557232965255,-116.64229524595896,-118.4158793455006,-117.89298072101172,-117.3923753909738,-119.0670866188557,-117.27523505728638,-118.27923641105079,-117.20992877613237,-117.39748426317351,-117.44133047294872,-117.6074244460553,-117.46852347920803,-116.37173700051125,-116.31477218293553,-118.49214908639064,-117.860737670491,-117.28095580463751,-116.44852464326411,-118.1463375810223,-114.80223362032106,-117.68976252527234,-117.10904490357025,-117.76422431680749,-118.08860188851861,-116.59625973320611,-116.478855119752,-116.7820670635564,-116.9241803903664,-117.30219047944301,-117.43400532311311,-117.27774238765637,point1,-117.28394012617946,-117.3923753909738,-119.0670866188557,0.7761196835580126,0.8095646814254138,1.4619808322035541
HDOK,PLOK,17472,8,8,-129,-13,11,2,33,-115.11580505723333,-118.83962308990459,-118.74337654934912,-117.82560521041214,-117.80342778061669,-116.38282482959237,-118.49667554786026,-116.54762529036024,-117.08173318007546,-117.3664027005591,-119.74341541121912,-117.31893533372467,-114.68886142007453,-116.05991065215383,-116.54924533135703,-117.65369190317935,-118.78413978157914,-117.21961568038915,-116.05444310765148,-117.2869230265364,-115.66854039774283,-115.65627416700914,-118.75967641230436,-117.92411032983622,-116.87501589977873,-115.92643528031735,-117.17663092816892,-119.20246286848969,-115.8916410348195,-118.34187799334396,-117.15764392579858,-118.71850141396618,-117.07161039806263,point1,-117.27068793737779,-117.21961568038915,-119.74341541121912,1.5191587215318445,0.04712549824596294,-0.6553263241362184
HDOK,PLOK,17472,8,8,-129,-13,11,2,33,-115.73861739277832,-117.55629770111521,-117.95390615838627,-118.3752095634558,-117.23022442598298,-118.32228329719483,-115.76177097081317,-119.1439214558994,-117.99198771170305,-117.46294434927653,-115.70102240014563,-115.93531885795127,-116.23056344583773,-115.825483090625,-117.31222062577947,-117.62344005541793,-115.7264094007345,-116.17110338027831,-115.83416720370892,-116.53053970124368,-117.4186177257554,-115.73147689745393,-116.81475377369637,-116.17884639622815,-116.40556806178607,-116.34276758275013,-116.77586580813279,-115.39252578429499,-115.63698595757154,-116.95342425590306,-117.42357074861428,-114.79812520039137,-116.96977257355597,point1,-116.70514339255945,-116.53053970124368,-119.1439214558994,0.9978897937654538,-0.4181199224360208,-0.4112278285009854
HDOK,PLOK,17472,8,8,-129,-13,11,2,33,-115.78489781883435,-118.01377225837928,-118.68927308644655,-118.46849697453987,-115.06300965763829,-116.2017323832875,-117.89278816423025,-118.29030385978403,-118.15701004910416,-117.37349078305787,-116.3775763201385,-117.78210106451266,-115.61804647628207,-115.77438208034677,-116.14889782094895,-116.78973797084477,-115.88850663177787,-116.71285752344096,-115.7954550446457,-117.56028741301382,-116.75957217593167,-116.29763322592129,-116.13638639349371,-116.29873217562327,-115.91787537437116,-116.4669684948871,-118.13255455927897,-116.02377896476169,-118.21533509781989,-117.47317007292459,-119.24183925424032,-114.444836451109,-117.63681607374659,point1,-116.89176126349585,-116.71285752344096,-119.24183925424032,1.2987890095721704,-0.09743326411762529,-0.7665039769929907
HDOK,PLOK,17472,8,8,-129,-13,11,2,33,-113.94248506024775,-117.67445347305122,-118.88731409146712,-117.82518732044495,-117.17183462802122,-117.8177188920729,-117.35419862958828,-119.37967523393067,-117.68268779224782,-118.77730600052567,-119.21267450491162,-117.89822657783446,-117.65761200171683,-116.01298974798189,-118.20798210974633,-117.43158534077598,-115.13854778092782,-117.14956444190204,-116.84242066297804,-115.13284794936294,-118.10862128970128,-118.71648289844266,-119.04131951164986,-119.55729793668405,-116.433671599254,-117.93988830513464,-117.56496820791715,-118.16396160417585,-118.14193599145436,-117.96372728375405,-117.62643021551354,-116.4041188613508,-116.92449918822129,point1,-117.56921924645421,-117.68268779224782,-119.55729793668405,1.5140830841206876,0.9575149785746678,1.3177494642038634
HDOK,PLOK,17472,8,8,-129,-13,11,2,33,-114.68662514555285,-117.44568058547145,-118.47788814598482,-117.79062722260267,-115.39470567740715,-117.87147284221118,-117.3583994125369,-116.66444767408052,-116.09665530508735,-117.31377525527812,-117.8405265153937,-118.03488299092089,-116.93314258682825,-117.98760274794319,-118.80073780002442,-116.93031048103079,-114.8461590006844,-116.9935635987033,-117.53884897992455,-118.01704165309124,-118.52043523358277,-117.73965257763123,-116.41571518287203,-116.97456777163306,-117.7630716770047,-117.34994257534082,-116.27805097913972,-117.07375766669165,-118.60037607092656,-116.99704888689674,-116.6587688200807,-116.65714066461516,-116.39069746429695,point1,-117.16491876337787,-117.31377525527812,-118.80073780002442,0.9551911065473433,0.7193785527444084,0.5605465684349467
HDOK,PLOK,17472,8,8,-129,-13,11,2,33,-113.33682738891882,-118.1260225675163,-117.99551146538325,-117.48203048928231,-115.7889374200953,-117.48298121269933,-117.76473553038686,-116.93279347848173,-116.89645039588899,-116.71421066222447,-117.05889411595066,-118.10137486062254,-119.67949208495662,-116.88817406878772,-117.60032615489304,-118.2508995869202,-115.49464802636204,-118.89220883021628,-119.00103767285306,-116.10474248330904,-116.29161899902864,-118.37648853250236,-119.858392465938,-116.9804804985566,-116.36272720229931,-116.06356499753409,-117.69814055963191,-116.20998436882302,-116.66346370097146,-117.32024380332706,-117.02267499693035,-117.17446192753236,-116.76175997602616,point1,-117.22352425832878,-117.05889411595066,-119.858392465938,1.5422556471242865,0.40802430217721786,1.9779678487438974
HDOK,PLOK,17472,8,8,-129,-13,11,2,33,-115.05922755958377,-121.15955467384308,-117.29086314441878,-117.13421920430442,-116.28582397721202,-115.86658157322806,-115.04025598507606,-116.09467177719506,-116.88276982680667,-116.52181357511881,-118.15034326840083,-116.96789628109103,-118.74508485902578,-117.99607818171678,-116.79815341339071,-116.8459776969134,-117.23011844680057,-117.48397778680093,-116.47001690258134,-115.69839170769725,-117.8011346289544,-118.54933618770205,-117.70521717319592,-118.34594871331767,-117.37533798572998,-117.83579348872513,-117.39501117953165,-116.51263650920258,-116.08706352691945,-116.18039517394566,-115.90065130352494,-117.59603600190032,-117.86404308465794,point1,-117.11728559995495,-117.13421920430442,-121.15955467384308,1.3788715066845938,-0.9775540113556674,2.894640441851456
HDOK,PLOK,17472,8,8,-129,-13,11,2,33,-116.55017133262815,-117.06803037196833,-116.98247270380094,-117.43397287897723,-116.41530363524873,-117.06521228339673,-116.67657661589456,-118.19882777709611,-115.78918121848561,-116.48304597880467,-117.49469385287067,-117.07514191994821,-117.24306193158566,-118.56512403523871,-118.06781620087413,-116.46520488450055,-118.16880508727897,-116.14668556626835,-116.76444429861492,-117.30090956536594,-113.73944600917196,-114.92400011618736,-116.41997537447784,-116.70772178001667,-117.14389527064694,-115.63919586198438,-116.10220915753555,-118.62540497019096,-114.61327996952403,-118.01019839274676,-115.66450431517181,-115.72437188327633,-116.90011105965668,point1,-116.73239382725559,-116.76444429861492,-118.62540497019096,1.1787937723738975,0.5546589766861678,0.6674539382201274
HDOK,PLOK,17472,8,8,-129,-13,11,2,33,-114.67930907680376,-118.09428745322919,-118.1376868095253,-117.9766848834988,-115.96681635973766,-117.342865620063,-119.41573892066572,-117.8549683647426,-117.94694413006006,-118.84440805342692,-118.12502209713053,-117.45528855007754,-117.61239072967862,-116.39732363326856,-117.55957753648758,-118.89011610763032,-116.13931888808477,-118.64248378209967,-116.65345097677475,-117.22263132569248,-115.13832386826809,-115.23627771781084,-118.62299002614874,-116.83795019640216,-118.36337943451026,-115.44865773770725,-117.8589298225163,-117.68977193216242,-116.60067695709952,-117.68070802373701,-116.51520820951396,-118.82938291950491,-117.01613966114574,point1,-117.35744575167288,-117.61239072967862,-119.41573892066572,1.3724560876899292,0.5433028490878701,-0.3301677447182221
HDOK,PLOK,17472,8,8,-129,-13,11,2,33,-112.12243460636661,-118.29926293691248,-117.71033290673788,-118.2476204241343,-115.69202796318345,-115.92148779936622,-117.54328191510987,-117.24238162068352,-116.80054927625149,-116.6126572693817,-117.17949461043126,-118.60388329877803,-116.81715621927442,-117.28230321521146,-118.50994064596071,-118.11607133540946,-117.00090500049289,-118.075004784578,-115.73664976423221,-117.0016682842551,-117.03589408941271,-117.84104055227546,-118.17546574113149,-117.20230231529648,-117.71356501580729,-116.85020140061759,-116.27739371111251,-116.83868891792598,-117.21818264540924,-117.90635437382423,-117.60986202407088,-118.00307894246963,-116.83255158622943,point1,-117.15211197552529,-117.21818264540924,-118.60388329877803,1.353797438689009,2.481149257752528,9.590606665381062
HDOK,PLOK,17472,8,8,-129,-13,11,2,33,-113.82446464830457,-116.25024189216319,-118.14749382365176,-117.26988545404666,-116.97850266022633,-117.34597368432505,-116.94341338930462,-116.61642406001502,-116.42567311222807,-118.00810719481628,-116.30657599523684,-115.54508399259421,-118.46893064716116,-118.12138319716576,-117.66678347932861,-116.73593055329248,-115.92135100583482,-117.03299627379675,-118.13995204781223,-118.0985400224497,-116.92239124450356,-118.24818138553928,-118.78021521730241,-117.58865811888987,-116.80342779236841,-118.45206622827205,-117.10579259463191,-117.48786965096271,-116.0871437178485,-118.06417027914438,-114.88383267882604,-116.45236586763359,-116.8394415107277,point1,-117.07767464910319,-117.03299627379675,-118.78021521730241,1.1483923727679344,0.8823037443915583,1.2406488899711063
HDOK,PLOK,17472,8,8,-129,-13,11,2,33,-115.56290402415476,-117.11613278653338,-119.8659817665067,-117.94936457952332,-116.12137973643252,-118.48718307577039,-116.27001578366261,-118.12750227418346,-117.98388668417165,-117.57963245670518,-117.01202696948981,-116.05367152191053,-118.69508634013536,-117.62286896076282,-116.58361593598802,-117.19290127529013,-117.80863252875679,-117.5575156772054,-116.29453550688437,-117.6198515253157,-115.51032417369285,-118.05255180715922,-115.74717777885554,-116.52662471245323,-118.06022250081608,-116.30593799321544,-116.85105619400439,-117.14240554472232,-117.86515460568884,-116.69864279264995,-115.52026824837779,-117.97234842871906,-116.19359841124117,point1,-117.15003038184786,-117.14240554472232,-119.8659817665067,1.0348675894029362,-0.3004969120220067,-0.0797428885236533
HDOK,PLOK,17472,8,8,-129,-13,11,2,33,-114.4308975164057,-118.61513780227502,-119.72183311318365,-118.02404914894704,-117.84429207358755,-118.1658127405145,-118.40948393821664,-114.5095159701978,-117.75478255361166,-119.19358943705126,-117.94141793763694,-118.36949715675348,-117.6225621743401,-117.09951268747191,-115.91025089385803,-117.06870129724084,-116.87430526294872,-116.49116487612443,-115.1047363186393,-117.01906829988773,-116.92072236300315,-116.44042600685623,-116.69274403076778,-117.2340787695602,-116.50586534171336,-117.399236665441,-116.50923070124136,-116.64146421024232,-116.59069642892266,-117.16305687159094,-116.85660071581805,-117.95751497989988,-115.63821028525452,point1,-117.11274116876373,-117.06870129724084,-119.72183311318365,1.373800042431191,0.2580294436316707,0.4620369963755513
HDOK,PLOK,17472,8,8,-129,-13,11,2,33,-114.84744002202771,-118.59024944706759,-116.19667772021076,-117.63721091798332,-117.23194094464371,-115.82408383898505,-116.75967179884482,-117.62404120337472,-117.286047527938,-117.42879407294875,-117.25372257428504,-116.43721205668591,-117.99997917888861,-117.41480601395011,-116.14855817980313,-116.43861538718905,-115.82843345695112,-117.85464873353408,-117.49748379452407,-117.17134706243765,-118.3985237300606,-116.67675266564386,-118.60926903487965,-116.75753014391445,-115.87333283375573,-117.5208532008318,-116.08070351329715,-117.17760946251217,-118.61044611930492,-116.24866733729554,-114.82687022382358,-118.9783997123614,-117.1487720360678,point1,-117.04177860442493,-117.17760946251217,-118.9783997123614,1.03701938235846,0.19535624494189724,-0.2329624682928415
HDOK,PLOK,17472,8,8,-129,-13,11,2,33,-112.75738369072197,-117.89051032097089,-117.70492698140023,-117.8759287838541,-116.29586214102983,-118.39790783380562,-117.1890201231706,-117.71657598079979,-117.22192450217001,-118.8088686649119,-115.39419740970673,-117.49821546034106,-117.14819747405402,-117.10639734441851,-116.64560643371931,-118.95208454198928,-117.47820298956998,-118.29009367801454,-117.31121261854962,-115.48612863780505,-116.60051959109758,-117.2477837240278,-114.42018426404454,-116.95965469969062,-117.17395499963045,-115.95547587315923,-116.50073790563837,-115.0742033322511,-117.51147652822767,-117.67069951194547,-117.40354239633282,-117.84407378484464,-117.49799874259942,point1,-117.00089548377251,-117.2477837240278,-118.95208454198928,1.5529528387423153,1.44909361830774,3.022768053938648
HDOK,PLOK,17472,8,8,-129,-13,11,2,33,-113.40002590128823,-118.5650233185734,-119.74277397974264,-117.63881266978089,-116.07443326812641,-118.36136227669304,-117.46604327357737,-118.0984942003669,-116.41807665654682,-116.11430975051341,-116.25244075542348,-117.58062070926907,-116.99300728128168,-118.01362720714134,-117.87264604512087,-116.74126844923109,-117.85946038814352,-116.32313886889324,-116.86115405362675,-118.43896170412668,-116.1907820827004,-118.66936798423181,-116.61557487914801,-116.44716817236359,-116.58292585384802,-118.60912066400869,-116.84947493495606,-117.41776119605201,-116.81364640750763,-116.7612003706291,-117.21110569488428,-116.14889940812063,-116.27166248106815,point1,-117.13346578445412,-116.86115405362675,-119.74277397974264,1.281646220013361,0.5442827291785657,2.4992823547809118
HDOK,PLOK,17472,8,8,-129,-13,11,2,33,-114.09017045188321,-118.66683186122073,-118.00087395953395,-118.37392887912816,-116.74037790579432,-116.41810858147416,-117.471485451218,-119.24607539561312,-118.3897382728877,-116.89841884013994,-117.84344710400399,-116.48888917815545,-117.48662949209722,-119.76468917685166,-117.03435020587008,-116.47403195462773,-117.69792145574625,-116.92892364764766,-117.69630774466788,-116.42200225276625,-117.73461554350767,-118.33489448309253,-116.05802319866561,-116.6315669308641,-116.62498315104584,-117.78358738481461,-116.32863688909379,-116.58610466598192,-117.60891026261913,-119.0055869499828,-118.82780779928932,-116.36365769437604,-117.66070541096008,point1,-117.38431158107943,-117.48662949209722,-119.76468917685166,1.2307410906340996,0.2972923131621139,1.1133921399018543
HDOK,PLOK,17472,8,8,-129,-13,11,2,33,-115.30624727665086,-117.69217691472362,-115.23435000927259,-118.40295938077392,-117.23372886738437,-117.44058117953405,-117.43464508118252,-116.51059673292588,-117.7303162593418,-118.13388736250864,-117.69803168763488,-118.14810322286615,-116.5678091449709,-116.31532623611018,-116.17424577942006,-116.66708159446723,-117.73370220502903,-117.70830617581079,-117.69095405103381,-116.38050473898574,-119.62027917162638,-117.99781217568255,-115.68539475375178,-117.04490394349071,-116.2917324442856,-116.42379408605542,-114.77453107963086,-115.24927005134134,-116.83266297426262,-115.59620536540986,-116.34847298661597,-119.56098078255732,-116.09928041220296,point1,-116.96148103416787,-116.83266297426262,-119.62027917162638,1.3415766686545914,-0.2912580659229451,-0.09870800467562324
HDOK,PLOK,17472,8,8,-129,-13,11,2,33,-115.54444710252355,-117.68803195320268,-117.8725400642722,-118.99901964780845,-118.04456899602614,-118.41706608549418,-116.60373623144716,-117.68019168473536,-118.3892947045393,-117.58946405372957,-117.48306817546371,-116.91265942155533,-117.4896317204807,-115.79548492653412,-117.33017129714331,-117.46403320368924,-116.61455299306357,-118.22262888199175,-117.24668382428283,-115.43943660590307,-116.11921129363398,-117.55732711116545,-117.9201782269773,-116.13943289857102,-115.51334025845827,-116.65785018583878,-117.31001129871426,-117.08000070744727,-116.26767431436387,-117.17355217403626,-117.52729544917743,-117.54555512930709,-118.15746184387983,point1,-117.2059273474381,-117.46403320368924,-118.99901964780845,0.7856754276733865,0.4048685161655363,-0.385095418830264
HDOK,PLOK,17472,8,8,-129,-13,11,2,33,-114.06256787799649,-118.8852167503933,-117.66102012227185,-118.10204370760913,-120.19663099311961,-118.53932378989903,-117.36601270398762,-116.76562032824737,-117.15738818109041,-116.95108663967476,-118.10522864692852,-118.40548031746297,-117.67022665961719,-118.50924922139788,-118.80893249155841,-116.39257001492571,-117.83190456539924,-116.37662952653262,-116.91038978106468,-116.95322155865414,-116.01704858261422,-116.74041570999141,-116.23197116169801,-118.40386378312505,-116.17868805413357,-117.05735986720931,-116.1994925946778,-118.47633868630025,-117.40356265862943,-117.72533309073671,-117.69043435532943,-115.75631848853313,-117.29721032223698,point1,-117.35844791615288,-117.36601270398762,-120.19663099311961,1.301433609566768,0.25887526565706676,1.269580998758855
HDOK,PLOK,17472,8,8,-129,-13,11,2,33,-116.37647091191812,-117.49153351843152,-118.19423150630465,-121.10383646542753,-117.49834099145566,-118.07365800736859,-118.30483072727556,-118.02538335065798,-118.03125614481155,-117.54185741051585,-118.43859405593669,-116.56067308797712,-116.59753337616796,-118.21951677826611,-116.00809187157216,-119.77740650119236,-118.22699602569053,-117.3083900740804,-117.55509147993818,-118.20566531738989,-116.09339544108549,-117.46659835525067,-118.86544077465506,-117.73842480296445,-118.54981291211443,-117.55180146271893,-117.59132903173787,-116.06157418033608,-116.15982945129649,-118.30694619968008,-119.0476262180928,-116.43607823854354,-116.33519344659067,point1,-117.68919418537712,-117.59132903173787,-121.10383646542753,1.2447232424854138,-0.6643485754350696,1.2871082621992103
HDOK,PLOK,17472,8,8,-129,-13,11,2,33,-114.10013517605788,-117.48341694492814,-118.94016525655165,-118.39389807837263,-117.56443383717816,-117.24889784537164,-118.37990642709467,-118.39740986340219,-117.66195501038568,-114.5042880137149,-118.49702646831106,-115.4769101004529,-116.79007132657519,-118.26445714962959,-118.9226522765658,-117.20117977329323,-118.17074763234429,-117.64649068564769,-116.57756684980706,-118.68301148787731,-119.17129192091087,-117.43263712726137,-118.84599598783797,-115.99222942120102,-116.92330682814809,-117.81500155391132,-117.37414100926556,-117.54653666947924,-117.41100441331025,-117.22902488392019,-116.63139059867208,-116.86198143204899,-115.69143496086254,point1,-117.38880597001186,-117.48341694492814,-119.17129192091087,1.4402593787670042,0.9500726711193139,0.917346932480418
HDOK,PLOK,17472,8,8,-129,-13,11,2,33,-114.96250335574521,-118.4373552446008,-117.05262919444303,-118.36448006937312,-117.2452353065176,-116.56325361166479,-119.8324980529668,-116.7047512333543,-116.93014487101628,-117.65132468567776,-118.92397947139209,-117.77296650885133,-117.61634622270755,-116.64732889119827,-118.69719105431747,-116.04517516413068,-116.32233202911735,-113.80120659824776,-117.73167748556489,-117.86119103536481,-116.41325524225344,-115.8417443002262,-117.70831698730417,-116.31070668826705,-114.64355107083708,-117.1491047980667,-117.52750910498004,-115.54309926734184,-117.12487242097245,-118.30325775369359,-116.6193599844191,-116.68231270581799,-117.11258103126308,point1,-117.03464368005137,-117.11258103126308,-119.8324980529668,1.5153876119727132,0.35904396327627325,0.7407193523920506
HDOK,PLOK,17472,8,8,-129,-13,11,2,33,-115.4549688795279,-118.02081210966226,-119.89058796892806,-116.66442930791871,-116.85147545149702,-117.28368091336041,-117.191299492383,-118.25349635926506,-116.96964964574579,-115.13236423586744,-116.47178531691642,-116.95246791818998,-117.26196290070719,-117.37104652849705,-116.6877670129465,-116.79694282816362,-118.75212156624724,-117.75941998353511,-116.18048422953403,-117.48686582640913,-115.94333359116457,-117.52527943201896,-116.7888772438291,-117.7356953373512,-116.49758829861754,-116.14567794019986,-118.03897690479144,-117.23182859165487,-118.98364811632489,-117.06752660239945,-116.63195913642916,-117.17546588296088,-117.06126695345652,point1,-117.15941674262123,-117.06752660239945,-119.89058796892806,0.8982662163461825,-0.5755390428488568,1.360131657581579
HDOK,PLOK,17472,8,8,-129,-13,11,2,33,-114.10489480061948,-117.84035578641618,-116.13246406560883,-118.01093467169368,-117.30076279114583,-118.93211433057168,-116.27767950062942,-117.74152641984641,-116.77636058159494,-117.61517248975892,-119.31802604966362,-119.38185955560178,-117.6550745469281,-117.73021892813405,-117.35717274474368,-117.5191681806765,-119.16619985260328,-118.99725997647272,-117.2837632463138,-116.40068578966638,-115.53419331215825,-118.59492648187137,-117.8159602006703,-117.97658606489463,-116.9766735330704,-118.16414465937456,-117.26070022017022,-118.43839831528923,-115.59275972574636,-118.55144734239948,-114.56523852701075,-117.73462880960656,-117.20830979680613,point1,-117.4532018575078,-117.6550745469281,-119.38185955560178,1.5647963872029935,0.8185811901620389,0.7048327892918089
HDOK,PLOK,17472,8,8,-129,-13,11,2,33,-115.7531072213032,-118.15998154737709,-117.5260268337885,-117.50444786316925,-118.80832062788492,-117.45140867004208,-119.34754916314675,-116.9018016521986,-117.90685699979726,-116.56952788852522,-117.39376085484587,-117.70961523631169,-116.99695982389721,-118.91008563468259,-116.86227007025501,-116.55690564654032,-116.09700761704953,-116.19030926868604,-118.19941694352703,-116.54544129134649,-115.57687846253035,-117.11921716110213,-117.34961163280526,-118.65817628694522,-117.5974359634389,-115.53369752352064,-116.56456821378784,-117.02920670010384,-115.45047839941272,-116.42664773323881,-118.44635383235027,-115.82450069722005,-116.47722080943126,point1,-117.13469073546246,-117.02920670010384,-119.34754916314675,1.0472410074193184,-0.27180326670403254,-0.6201535918384256
HDOK,PLOK,17472,8,8,-129,-13,11,2,33,-114.37703654094608,-117.17034070000773,-116.44579473174987,-118.17093483482792,-118.88915609194748,-117.37076094454913,-117.25555742829782,-117.50321156321863,-117.71264808891013,-117.51616157378703,-117.21629319317692,-118.87598577379472,-117.02533561914778,-117.45180897853601,-116.68908206381445,-117.55199800715299,-115.8059767990628,-116.97335616385939,-116.4267719629877,-118.67655054392631,-116.50134143005879,-117.71985217111133,-119.08684476382183,-116.2159498843601,-116.08776673312951,-116.42014187271832,-117.03585481964109,-118.12194552006594,-116.64501518758782,-116.39179788679482,-118.72105289618747,-118.69377011129535,-116.57814241773362,point1,-117.25224961509717,-117.21629319317692,-119.08684476382183,1.0513449333391536,0.21698177443372263,0.49222630111947874
HDOK,PLOK,17472,8,8,-129,-13,11,2,33,-116.21915682680184,-117.8904665894275,-118.38924823732962,-117.78131798796242,-117.23801027516336,-119.2109970853394,-117.64295304812491,-116.7694105450141,-116.75046689543203,-119.08412422911253,-117.53577001883144,-117.96397708217994,-117.05730448082686,-118.05245610407029,-118.12991078242352,-117.27336773544667,-117.92521046767988,-116.65253368310277,-117.72712392808593,-118.20268214449374,-115.03723221923627,-115.94718218393392,-118.6922967817954,-118.7538145701654,-116.7759216853553,-117.46382679579571,-116.95268650026908,-117.38887048921748,-117.08034374504598,-118.62670685332351,-117.17078133327942,-116.64904012453202,-118.57219367619126,point1,-117.5335571243936,-117.53577001883144,-119.2109970853394,0.8361481668293448,0.38694506397673645,0.3463631504841507
HDOK,PLOK,17472,8,8,-129,-13,11,2,33,-115.41574129377211,-118.68073273491484,-117.83637586622012,-117.97739734499153,-116.19106363369366,-116.90853409033434,-117.18286282632133,-116.81703690403594,-116.59668670455575,-117.0630953246471,-119.16339455829994,-120.07374716892733,-116.51964399105611,-118.20874707678296,-117.44504679230883,-118.68484611599618,-118.06332634218444,-117.54168671134502,-119.34645128740964,-117.15241309880095,-118.75452039822859,-117.60409274007118,-116.9267828017913,-116.83444930744835,-115.21144516001162,-117.98176875483823,-117.52912720809904,-117.49224454523983,-117.9448816362545,-115.99407061563687,-116.82312456219626,-117.17102107952863,-115.7461809290186,point1,-117.42068301833216,-117.44504679230883,-120.07374716892733,1.1986078938498155,-0.19989124684495918,0.0908744741930021
HDOK,PLOK,17472,8,8,-129,-13,11,2,33,-114.95432406703567,-118.30432260995688,-116.11326273246688,-116.99852395922319,-117.22662453280057,-116.3471990691361,-115.7876560819523,-118.29068408820916,-116.82385037478518,-117.66340883984938,-117.38433821672695,-117.2164077910058,-115.68217442694997,-117.95489154525607,-117.1887546300932,-119.08507755631332,-116.0712952914403,-117.55426373274867,-118.58482671978904,-117.83963895259812,-115.7950374360891,-115.95608750519568,-115.7682922267086,-117.80208732966302,-116.02411916158871,-116.49016841162319,-118.26419967571734,-116.65923202364685,-117.08522720239885,-116.75629065879609,-117.32981964140507,-115.836912948528,-115.31393861613208,point1,-116.9137253956312,-116.99852395922319,-119.08507755631332,1.0340404955879456,-0.12686718383071452,-0.7780692988497977
HDOK,PLOK,17472,8,8,-129,-13,11,2,33,-115.03688151921347,-116.99233866385799,-118.21389803413263,-118.89453812479348,-116.54202463529508,-117.57938766684626,-117.3385111973174,-117.12802636416389,-117.2308015458774,-117.30296006586701,-118.99735995836197,-117.07707622930431,-117.19821594952761,-118.27884192477136,-115.91036807613183,-117.7497315494756,-118.7545793780198,-120.15648031450827,-116.39123532270379,-117.54916274941353,-117.98751935048095,-117.47134167272823,-118.42408100210179,-116.80512919400931,-116.98216981960074,-113.96140573931001,-117.34409432816153,-114.95792879207606,-118.00906310423147,-116.33120432996527,-116.30878975354875,-117.00957560787845,-116.4841316347944,point1,-117.22420768480211,-117.2308015458774,-120.15648031450827,1.460834824307015,0.3225680605062545,1.184404457530936
HDOK,PLOK,17472,8,8,-129,-13,11,2,33,-115.54930475461273,-117.61548415810515,-117.8490186165,-119.24826917802679,-118.66870979999754,-117.05684884634374,-116.86173917035026,-117.34987289276187,-117.04041784355503,-117.30044470771023,-117.8670895583708,-116.67725324660236,-117.11794158547039,-117.87158109243792,-117.5800727965565,-116.60165122269356,-116.52031116762073,-117.7627540994769,-116.66446393055536,-117.83571462993552,-118.28057845499107,-117.01735218612309,-117.07328093813976,-117.49481389877616,-116.298202495197,-117.17886724909067,-116.10865714368298,-117.03680776348116,-118.16429057435934,-117.77289313317698,-115.6690492183,-115.77214185685934,-117.5785507899791,point1,-117.22680087878304,-117.17886724909067,-119.24826917802679,0.6699326004801888,0.003756829528198326,0.2586612659280134
HDOK,PLOK,17472,8,8,-129,-13,11,2,33,-116.33973225644189,-118.47916734211795,-118.21815620992001,-116.91406626892861,-116.81323683891289,-117.01931871130242,-118.2413769870037,-118.27771508915764,-115.88948190001021,-115.85377152282457,-117.85420923093102,-116.99970308002014,-117.41512456279372,-117.24571761125488,-115.40376749924184,-115.93792875425876,-118.8546486431479,-118.18793039408187,-117.50612218050975,-117.81016294365212,-117.20911090011477,-116.2971608480291,-117.19364879081515,-116.82740696198518,-116.07721177535969,-118.90432460791902,-116.20693101026284,-115.64817806041185,-117.67333553401552,-117.10455475583919,-117.01641531086044,-116.71621804544114,-116.67454238064273,point1,-117.11546596994572,-117.01931871130242,-118.90432460791902,0.84919058451333,-0.13559304186451188,-0.7267029399550222
HDOK,PLOK,17472,8,8,-129,-13,11,2,33,-114.93599068740488,-116.06653087866985,-119.75559116482847,-117.69138610755279,-117.27219638275844,-116.79942499341801,-119.22085737911797,-117.4545348436682,-116.07080780347617,-119.17125651608958,-117.71185610415998,-117.5396499176169,-116.92491022712402,-117.3976013748931,-116.81369617827487,-118.11532935476549,-117.8165416650737,-117.32535012192879,-118.3356465853974,-115.23419158009608,-119.13273367540343,-117.44197665949973,-117.56822156185369,-117.86064726978348,-116.7442316173013,-116.72961406267385,-116.25948094818132,-117.86126581460842,-115.61804230664437,-117.35264829293315,-116.30498816413804,-116.96049548520915,-115.74174382971424,point1,-117.24937695618968,-117.35264829293315,-119.75559116482847,1.2495322548866532,-0.1382537295408431,0.02280149096499917
HDOK,PLOK,17472,8,8,-129,-13,11,2,33,-114.94989833075248,-118.76829546609255,-119.30874230550063,-117.77701125931269,-116.77412476102505,-118.50835285092043,-118.8057478675403,-116.87214032884602,-120.10649819800257,-116.16218862205717,-118.81999141136679,-116.36203399054129,-118.7526272735351,-119.07527058835831,-117.1112970353953,-118.02477370443607,-119.16989116884594,-115.82854622587466,-116.9997562712368,-117.39363007689585,-117.21275698410109,-117.10885154249132,-116.46312350637717,-117.31008584604143,-116.53056424983414,-115.27769772450404,-117.53068132389517,-117.27466727471959,-117.22049361700174,-117.86083596607997,-119.06283396579401,-117.69708169679656,-117.31696789174711,point1,-117.55871088866421,-117.31696789174711,-120.10649819800257,1.4221434450997734,0.029103099565163333,-0.31913283221659006
HDOK,PLOK,17472,8,8,-129,-13,11,2,33,-114.26412152125238,-118.72520369466635,-117.11831083760167,-116.90619760420974,-116.0164097943095,-118.80429119602752,-119.03727496590504,-117.73847433979307,-117.73532071365194,-115.51481839626297,-116.96507766470515,-118.12776344411382,-119.29365085185601,-116.57781097661004,-119.2863186355521,-117.9750850439018,-118.08270496300801,-117.37241415691707,-117.90852716208946,-117.52706746873689,-119.10132290064982,-116.76416970759189,-116.57064312485598,-117.14928548148025,-117.10469813657923,-118.6755795712039,-117.23685806571079,-115.99339259060545,-116.78140289315179,-117.57337424656349,-118.61468410203766,-116.46328319767719,-117.85241354441159,point1,-117.48054396950573,-117.52706746873689,-119.29365085185601,1.284769588926213,0.5008659218604851,0.5284589035190463
HDOK,PLOK,17472,8,8,-129,-13,11,2,33,-115.3892346270207,-117.40017857853492,-118.7300585831124,-118.08509063075834,-118.15706922031136,-118.26863909250845,-117.25101305060315,-116.96561356727375,-116.13823593003359,-116.70252379395495,-117.30608480584172,-117.81995088742646,-116.47584618542581,-116.03159710784287,-118.16905066001841,-117.42502222808875,-117.32948688705187,-116.56529008746712,-117.81420269026168,-117.61292506578611,-117.19684988533386,-115.89558972945896,-116.16565150563432,-118.2147309520461,-116.74747705432056,-118.50849774735659,-115.0317680773404,-117.53938185114869,-118.1696384007466,-116.97156807144307,-117.04991085941413,-118.0083977243324,-117.12254621645913,point1,-117.21997338649567,-117.30608480584172,-118.7300585831124,0.7991400798383428,0.5379915909386085,-0.1814478477513135
HDOK,PLOK,17472,8,8,-129,-13,11,2,33,-113.65518323486391,-116.17542211631289,-118.30765921951006,-118.56614645617123,-117.23456950477349,-116.8548280182574,-115.73368748756457,-117.07413557388216,-117.0390286680977,-117.978243174368,-117.45979831273424,-117.42776237401158,-118.9294363690327,-117.17885907015278,-118.32842235062594,-117.52454201442252,-117.3674314262176,-119.62170935343384,-115.21344999600201,-116.54267312900633,-117.2024696280004,-116.56787270004259,-116.73675229422118,-115.40141963241717,-117.35599522401857,-116.41407518851778,-118.37504879438369,-117.25465435376297,-117.16756055576326,-117.79241346750096,-117.26245132371878,-117.22439550288975,-117.69740408059818,point1,-117.17168183622049,-117.23456950477349,-119.62170935343384,1.2375590376499193,0.7593351691744277,2.22788975245019
HDOK,PLOK,17472,8,8,-129,-13,11,2,33,-115.48012920338866,-117.32634612489218,-117.90101713330122,-118.6931141525732,-116.03513390783074,-116.90524327980114,-116.76972317572854,-117.25605245391696,-116.83734579927102,-116.51264278485247,-115.93252062647116,-116.1864898682503,-118.19118316169916,-116.74072258331019,-117.63627979517818,-118.33165665598308,-115.15655519125895,-117.62897942820501,-116.49443829941313,-118.11461404120855,-117.20559242137828,-116.64051410093509,-116.48381462265837,-118.83332478929273,-116.15410735412458,-116.36401842353007,-115.96433677524308,-118.06166792619534,-116.98282333109962,-118.64994236172242,-117.31956450520651,-116.92711432894315,-116.54636755464094,point1,-117.03828412610619,-116.90524327980114,-118.83332478929273,0.857005585323718,-0.21066696186335548,-0.5797298407286595
HDOK,PLOK,17472,8,8,-129,-13,11,2,33,-113.64217781120995,-118.73992589779581,-117.15657748804792,-118.31911217981141,-117.17001763619437,-118.0940561394034,-118.14854319219624,-115.79943402048994,-118.40649810493649,-117.25090080212799,-116.59612869162724,-117.2664221205178,-117.61428017080101,-117.76103898281194,-117.9786566669412,-118.46110011900937,-117.1554056126623,-116.96392026626125,-115.53925424087866,-116.52581697635414,-118.17167534339806,-118.446099211831,-117.49268905850725,-115.58245964326241,-116.9690187942284,-117.99855794409969,-117.20288461706285,-116.09310270655571,-116.74417993559814,-116.66021123832775,-117.59419743725427,-117.55649992446459,-116.37427396050953,point1,-117.19621566470236,-117.25090080212799,-118.73992589779581,1.1001300977117303,1.2198071892510722,2.4916983863357287
HDOK,PLOK,17472,8,8,-129,-13,11,2,33,-115.78395990946537,-117.15713612459486,-117.36334736525608,-118.38267197148798,-117.24942051209139,-117.02406212537647,-116.38489623463042,-118.06387028850429,-115.90272257488935,-116.37467257032402,-119.0399845158697,-119.51885768913868,-116.524025672736,-118.50022236820786,-115.72818984695449,-116.9329037136215,-116.24586275596816,-120.43728965930158,-117.29043410699163,-114.61080984604659,-116.17224296963582,-116.82916922077474,-116.41424521407538,-116.18070727105349,-117.0150818556471,-117.02360797439289,-115.76784998810305,-118.90684296723855,-116.31076829962126,-117.33243423180599,-117.06060274059332,-116.8893748704048,-117.93202522745082,point1,-117.10152402067439,-117.0150818556471,-120.43728965930158,1.4397173329595785,-0.7782225232583545,0.8722259074818344
HDOK,PLOK,17472,8,8,-129,-13,11,2,33,-115.87910342074738,-118.93204627653385,-118.15631702489338,-118.5324428488585,-116.7643524916177,-119.58215821167913,-116.13393899420522,-115.92596045012137,-116.27947739157568,-118.64209401541414,-116.87766850684493,-118.82020487297507,-115.68319881132153,-118.06880780099625,-118.61055367451966,-116.70488111106431,-119.21879753417142,-117.23967413948023,-117.83838388085348,-115.7681984176615,-116.92091803019215,-115.0485874174852,-117.74937646844593,-119.9483786747774,-118.36443907820299,-117.49238051378103,-117.13854364612868,-115.54930317943611,-116.34049855460083,-117.06161807244233,-115.60327714039558,-117.55681673793215,-117.49938250672257,point1,-117.3312660574569,-117.23967413948023,-119.9483786747774,1.6129516192934743,-0.16298220541374447,-0.8655641872738835
HDOK,PLOK,17472,8,8,-129,-13,11,2,33,-114.76754294441814,-118.54872184591939,-117.93930773916533,-117.94311968436955,-116.55143763038909,-117.75955978449953,-117.5950764239602,-119.41129215317231,-116.52464209784367,-117.15160924784911,-117.65354613299992,-118.22807016386415,-117.74329299597412,-116.76529897622632,-119.47291002148363,-115.67319260991667,-117.14851194401662,-116.34610718411966,-115.7623424521157,-117.66806418726378,-115.97197602298256,-116.8105432747197,-117.24965936962836,-117.52739787780956,-117.05130214770529,-117.04609294616552,-117.12336806684428,-116.78571853450566,-115.76902733944186,-117.76796106649637,-118.08871239590655,-116.32525779144737,-116.79392446400698,point1,-117.18074507627962,-117.14851194401662,-119.47291002148363,1.0122765334606791,-0.07759232979259928,0.4880878495110972
HDOK,PLOK,17472,8,8,-129,-13,11,2,33,-115.58196099157902,-118.26481929292996,-117.59213633081869,-117.20611944392701,-116.96534062385425,-117.02844607444337,-117.10589739300252,-118.31752446710415,-116.73971673408155,-117.07375864261178,-118.084172397309,-117.78466814992976,-117.6983744729326,-118.40012118508096,-116.83055971970956,-118.61548654808313,-117.70440377635973,-116.03866533953118,-117.22118092880956,-118.09804215245433,-116.73709118067289,-116.9291870993576,-118.14314921309142,-117.11151913439899,-116.58265881613376,-116.43532897768516,-117.3908171676962,-117.03640307651345,-115.6191565928816,-116.40396432512574,-116.22148719717589,-116.52649460416872,-116.62835155224991,point1,-117.15506071520313,-117.07375864261178,-118.61548654808313,0.6016992462476249,0.0027760153533041643,-0.5454504498470545
HDOK,PLOK,17472,8,8,-129,-13,11,2,33,-114.3285455632798,-116.5287292543504,-118.61146453050411,-118.19069571898565,-118.09433654660333,-117.8935463127665,-116.7700006838984,-119.40426467082833,-116.87562162174983,-116.93731126696292,-117.69101927674693,-117.45345558000153,-117.14551052364098,-117.1388800422949,-116.29775667248468,-116.66159725117156,-117.70835527600903,-117.88965480843656,-118.57522746868183,-118.37490699864634,-118.16796370092929,-118.78710636163309,-114.7351531546836,-115.70687651836202,-117.49914339689914,-117.8258399884081,-117.52803182595832,-117.41691614096081,-117.41787143797711,-115.97605105341663,-117.0105610547868,-117.63610230526457,-115.17698609013192,point1,-117.25622676052895,-117.45345558000153,-119.40426467082833,1.265042604582855,0.7768515238001068,0.6748951237074685
HDOK,PLOK,17472,8,8,-129,-13,11,2,33,-113.64044185954802,-119.1445001855446,-116.6559281727005,-118.47755896451855,-117.87084319299497,-118.65433101617127,-116.81301744071345,-116.2597033154507,-117.46284670688748,-118.93076012725957,-117.46604989669085,-115.80593456748697,-116.70782043063622,-117.02359158934605,-116.56610721561951,-116.88872615636299,-119.11613731885083,-116.82112197211839,-117.5868565390447,-118.20867807853949,-118.48884035485321,-115.95733481379207,-116.55253378490394,-115.71200742607762,-115.37854112064535,-117.64683115624062,-118.29314571562881,-117.77205750470738,-117.17007788990031,-116.1306518049177,-117.82919053946114,-117.70231842276475,-116.41160232792096,point1,-117.18624507903937,-117.17007788990031,-119.1445001855446,1.3969097718314922,0.5850412881616557,0.940901717561546
HDOK,PLOK,17472,8,8,-129,-13,11,2,33,-115.58151236356592,-117.52601202907671,-116.95216234947947,-117.22092454227939,-117.46305255246317,-116.96186527677423,-116.62728270686101,-118.8027966059948,-116.67830784739216,-120.67251381557485,-115.5258601518398,-116.92247522502979,-118.00147534958181,-115.23903484960076,-116.24737689161066,-117.61195668189919,-115.81408101204107,-117.00090047203469,-116.19846192345877,-117.1190316349165,-116.32914121753262,-117.08845749122891,-117.42770680262322,-118.08472810584415,-117.77109232185937,-115.4573612659219,-117.67503480000045,-117.9256761007311,-118.214329345583,-117.24286277130423,-117.6428734993859,-116.76311219208947,-117.98539817028463,point1,-117.14469267775343,-117.1190316349165,-120.67251381557485,1.1275767498528744,-0.7527396014326228,2.4305103834481687
HDOK,PLOK,17472,8,8,-129,-13,11,2,33,-114.48853270760362,-119.05561498962986,-115.96530043074375,-119.44987781020184,-117.08774654993405,-118.56397872223525,-117.73852703734362,-118.4710094611107,-115.3998965372472,-116.17543423388875,-118.2426850144186,-118.60400918233401,-117.5613812669459,-117.41409469524149,-117.2308201574251,-118.40562935114048,-117.85486920856265,-118.22155865138706,-119.36459008558441,-115.70183786937429,-116.5910736535959,-118.82173209351767,-116.71825635848131,-114.52790829286965,-117.97543512530002,-117.34968598276001,-116.8775934147848,-116.77609595844078,-118.45015379627563,-117.55842035537141,-116.5448178977356,-117.90800561385782,-117.90436942757943,point1,-117.42427096766433,-117.5613812669459,-119.44987781020184,1.5539594204406866,0.6494948600933798,0.0540701725299626
HDOK,PLOK,17472,8,8,-129,-13,11,2,33,-114.00744975972997,-118.64719065106134,-118.45227215397001,-118.06833916927413,-116.44152258171786,-119.23370095043855,-118.02892793575177,-119.59907944253312,-117.88722345518366,-116.65702258765997,-117.61116585831441,-117.93298320676917,-116.57081278062385,-116.70304266622232,-115.84224888572129,-116.84958064197525,-115.8011650088766,-117.61079412558472,-115.1339694804493,-117.84786019257274,-116.51005700921394,-118.1172779099903,-117.01106209055021,-116.19149486209604,-118.28610963541531,-118.30403449334193,-117.778644588491,-117.55586198227547,-116.79783672032548,-117.0658039792831,-118.34205525830143,-117.96609821249267,-116.65683312144435,point1,-117.31847034538336,-117.61079412558472,-119.59907944253312,1.327033732784953,0.6165949238283653,0.8508015190836384
HDOK,PLOK,17472,8,8,-129,-13,11,2,33,-116.38042980218404,-119.12753320640236,-116.5283373119633,-117.69610028734348,-116.44473265740005,-116.16751896644885,-115.65652967077436,-115.82893383219432,-118.24474780133257,-117.28498309308777,-117.40834423841224,-116.91569831193779,-118.42474892067737,-118.190359840361,-118.28279110119048,-117.45811289123795,-116.42448754383905,-117.16932717029017,-118.17263210568498,-116.9378745936826,-117.90244144552771,-118.46896732506879,-116.80084621660485,-118.03117721775567,-115.95960484380964,-115.52652121986169,-118.30384760472212,-116.94326488500553,-116.49101974196145,-115.80901887728413,-116.39574940668938,-116.7631405425269,-116.82662792522657,point1,-117.12019547268146,-116.9378745936826,-119.12753320640236,0.8886237503014252,-0.19984221157887042,-0.9547028831300675
HDOK,PLOK,17472,8,8,-129,-13,11,2,33,-115.5417928775587,-117.00657322447964,-118.75997908371455,-119.86736724924823,-118.47680915763564,-116.55776378498834,-117.14836398017977,-115.9286592183251,-117.61284739654309,-117.07952530954462,-117.75667234899421,-118.00476652942488,-117.19350252890776,-118.18371617651195,-118.22413158717843,-117.45952095848264,-119.10831290130454,-117.65576531003055,-117.57935711905326,-118.40279679601736,-118.24875110745357,-117.12696473644155,-118.06411638744983,-115.639211652511,-115.40324184685096,-116.28902657864808,-117.82915353804076,-116.56134722179969,-117.23963786272645,-117.21259634647255,-115.82936660449488,-117.50283472131736,-116.47516814397365,point1,-117.36271637231224,-117.45952095848264,-119.86736724924823,1.0738542702324159,-0.019217445363275267,-0.09344055983551458
HDOK,PLOK,17472,8,8,-129,-13,11,2,33,-115.93385153044134,-118.02464803804297,-118.1488921132183,-118.1229552957466,-116.10866548066325,-117.82351733189546,-116.99134110457736,-116.24458352572714,-116.3093364995059,-115.44651502736473,-117.3891499452352,-117.50226760468708,-118.10530893388409,-116.94463190391613,-116.76899739726042,-115.61345727115409,-116.86147407334062,-117.94623416584882,-117.22169836680247,-117.44564027291973,-116.98300084420852,-117.88428340507303,-119.29647616247416,-115.18844401302266,-116.7164748737956,-116.6767333111454,-116.76580749070722,-117.54635710894871,-117.82714110517416,-116.90034339201645,-116.9063968878207,-116.83525595187626,-117.03132530055184,point1,-117.07609714330442,-116.98300084420852,-119.29647616247416,0.7540552433324554,0.011901079096760282,0.3316149062284608
HDOK,PLOK,17472,8,8,-129,-13,11,2,33,-115.64512157098474,-118.40928445117652,-117.92011875814148,-118.06158939985546,-118.87596766349044,-116.12469140911261,-117.81088673467066,-117.19241414098212,-119.17660229415836,-115.67052615794081,-117.94876927782894,-117.50968617347444,-115.6538197573069,-118.12383544312043,-117.21734544401662,-116.17973847494765,-118.68884345535473,-118.02716101046086,-116.606715588371,-116.7090406380831,-118.18131157756304,-117.77196873275768,-116.86909725794298,-118.01329531329858,-116.82625540889413,-118.06671639573027,-115.2064377871703,-117.04619452414758,-114.79042580519412,-116.00171555998132,-116.83330314925846,-117.57386649879567,-118.10773713927738,point1,-117.23759039374211,-117.50968617347444,-119.17660229415836,1.194085228559407,0.4435975761459221,-0.5911705219367356
HDOK,PLOK,17472,8,8,-129,-13,11,2,33,-114.82293228846271,-118.0954921391113,-120.8695151217964,-117.20363251118172,-117.2189649742624,-115.31442810583225,-116.03027540336141,-118.66046887204882,-118.99210321850663,-116.42132037325759,-116.85550922825469,-117.43776057087524,-116.76227211484182,-116.1173074931239,-115.90120646916493,-116.77325039961828,-118.0348472323345,-116.97862657342543,-117.65936365986336,-117.28332401048766,-119.25637804383398,-115.47211724566796,-115.82720476285594,-116.35174070507279,-116.03622473010913,-116.6511189885493,-116.18704964334978,-117.86622700972384,-116.38311632197534,-118.29717081382034,-116.08663310308972,-117.35216877484793,-118.30916163184123,point1,-117.07602765256206,-116.85550922825469,-120.8695151217964,1.5747100563563814,-0.833001611302095,1.1051363406234374
HDOK,PLOK,17472,8,8,-129,-13,11,2,33,-114.45807264932242,-118.1232626022996,-117.81143416513673,-118.64900774092243,-117.82459660712371,-116.42640322825447,-117.62234811649368,-119.07342576771902,-117.48328959522641,-117.6179909603086,-118.25822524914996,-118.3327097347135,-118.62211704684093,-116.95653388921035,-115.42594044241876,-115.95331804754709,-116.50715983202305,-116.32531231018919,-116.6343321755867,-116.87047799183951,-116.94537877964902,-117.78662013797245,-117.92387152482046,-117.76579736496457,-117.64609182771213,-118.35236330638742,-115.6430891772465,-116.6341794243732,-116.51668515405198,-118.68860546162057,-116.74407820620506,-120.2761642783533,-117.68955372676984,point1,-117.38146777340765,-117.62234811649368,-120.2761642783533,1.3232134612485533,0.1401807465809609,0.6289715320385527
HDOK,PLOK,17472,8,8,-129,-13,11,2,33,-115.95752562689802,-118.45842552908532,-118.96659919770886,-116.78720277940809,-117.7371545748866,-116.62255115217121,-117.92434107259217,-116.82646278555632,-116.71477953505729,-118.95413796717402,-118.13490885242858,-116.71783270109745,-119.41808314830325,-116.75103597972185,-115.63588829720824,-119.35733480352228,-116.54370705959302,-117.08067519348775,-115.94165943381695,-117.23240951532763,-115.60118648705158,-117.01449357268874,-117.44351619300303,-118.20723497197102,-116.82016016216355,-117.53213478137451,-116.14150444796435,-115.83196147416655,-116.73039766836658,-115.45132883556064,-117.78128065259965,-116.78098802429152,-114.90199359780623,point1,-117.0909362446683,-116.82016016216355,-119.41808314830325,1.2717077001940413,-0.3553970113864195,-0.36878343631693866
HDOK,PLOK,17472,8,8,-129,-13,11,2,33,-114.43096851525259,-120.00604719625487,-117.59038305761133,-117.70242201581621,-118.35684318426556,-116.73449822625665,-117.60485649461901,-119.729110035341,-116.63084710496516,-116.76669313149347,-116.41432676604725,-116.65651624031914,-116.86769737467782,-119.50795748552457,-117.25623667769119,-116.32235589688464,-116.51396262022092,-117.20124649039343,-117.79644890343879,-114.84550155431947,-117.95705566695862,-118.71336431244012,-117.40408940763544,-117.09080073476068,-118.12583918539494,-118.63325913888914,-116.35585072346122,-117.9065647650846,-118.18993730382824,-119.76094787666399,-117.34288132979427,-117.54911413774215,-117.1572031790633,point1,-117.48854020403363,-117.40408940763544,-120.00604719625487,1.5164185706979825,0.04517483286174196,0.665637143382924
HDOK,PLOK,17472,8,8,-129,-13,11,2,33,-114.45200603374974,-118.11465250025545,-117.023548459761,-115.92759032617604,-117.97404002920989,-118.13664396034233,-118.75453246847475,-115.46201322424724,-117.46414592080716,-117.91878474206727,-116.06128362302975,-117.89411847675056,-118.03244610652993,-117.07647552336805,-115.7481390247471,-118.09420904508232,-118.16870369375847,-116.94734149345605,-119.37163139521776,-116.1183655711935,-117.13456690749177,-117.70974854877882,-115.98026037753174,-116.54882487903511,-118.1424939000468,-118.53928556151365,-117.10732718060558,-117.84090203378157,-116.52360499321135,-117.4778052668116,-117.15625935643385,-117.82338639718124,-117.40819597921079,point1,-117.2767676666624,-117.46414592080716,-119.37163139521776,1.087028034508173,0.6077400317827945,0.329248493098222
HDOK,PLOK,17472,8,8,-129,-13,11,2,33,-115.74310378503237,-117.58296740809095,-118.2032205938846,-117.21043190472929,-117.8372722133358,-115.84320245072806,-118.42082204802931,-117.6378365195111,-117.60267452414567,-118.37023103781299,-118.16642007031409,-117.67540322917458,-115.98129388971563,-118.20339343423183,-116.59655768370982,-117.73033023516035,-117.09776152521194,-116.80609850543853,-116.56337814453936,-118.22476819953002,-117.23797764729395,-115.17777395692937,-117.95129556347668,-118.16156036860055,-117.38286425015124,-116.99076005992737,-115.75371006619164,-117.03784846081592,-116.48052433760017,-117.5486852207485,-117.17927602253005,-118.33977715064002,-117.71108249924691,point1,-117.28637281837815,-117.5486852207485,-118.42082204802931,0.7389047931329235,0.7423304265088242,-0.2353170636911761
HDOK,PLOK,17472,8,8,-129,-13,11,2,33,-113.52685213224558,-119.5422752782814,-117.6343834068202,-119.32431898454584,-114.84649886176935,-117.48205549870974,-117.30392297532626,-116.9096278686761,-116.28014311636792,-117.90850664100738,-115.77006041324051,-116.43184290809717,-117.86062991645598,-119.77493151964529,-118.1851258875261,-116.97620062664231,-117.43530721702894,-116.93182466023119,-115.62616506521277,-118.75050746215474,-117.80971970269934,-116.68559837607178,-115.44800200032532,-117.30721162641319,-117.5467266921058,-115.85058551257805,-118.75912741829865,-117.58008772847087,-116.9678977394716,-117.5365265426344,-117.31708084225562,-118.49048189857228,-115.11943666407366,point1,-117.17938373284717,-117.31708084225562,-119.77493151964529,1.8444409819044445,0.41428183468387664,0.4827819628020804
HDOK,PLOK,17472,8,8,-129,-13,11,2,33,-114.47440562322353,-116.48501604819953,-116.76628785979192,-116.95239279925421,-117.12288788311665,-116.46803714045932,-117.52687521592155,-119.19606050040339,-118.10921136442289,-118.10040636990684,-116.8855117078708,-116.44568549807408,-117.59148998853183,-119.09803176149282,-116.44683976594577,-117.29123066728931,-117.06402695482205,-117.36754320271969,-117.966011679318,-116.26951674742281,-118.54621568518458,-115.90983887657076,-117.70506493952142,-115.50477329479214,-116.60550173263373,-117.8962258343139,-116.73515438489004,-116.93725704166113,-116.9720005033635,-116.48353835026222,-118.13928983565914,-118.42204955728921,-115.34968407358694,point1,-117.11618372387625,-116.9720005033635,-119.19606050040339,1.055147533086601,0.1671850926890222,0.33186078088873394
HDOK,PLOK,17472,8,8,-129,-13,11,2,33,-115.32216573586368,-119.18377971803511,-117.08493782140451,-118.60231723651005,-116.4916710722541,-117.56736897922993,-118.4780694308357,-118.77775817343812,-118.51027713247798,-116.49223532282814,-115.724017595364,-117.26181738338381,-118.65755375039309,-117.53357407734752,-117.68910817473905,-116.29180830005657,-117.38907248689833,-114.89968584430382,-115.67032527768218,-116.80242509526393,-116.98556399910967,-119.08003674145458,-118.29389368144219,-117.29064353173219,-115.81466247627498,-116.41634718970803,-118.4998710683372,-115.58515674075889,-115.76362268694321,-115.30717133018028,-115.04197640839391,-117.38259432290394,-117.25095020404115,point1,-117.06492299968454,-117.25095020404115,-119.18377971803511,1.5478410917129168,0.019695816130016804,-1.1160613749716521
HDOK,PLOK,17472,8,8,-129,-13,11,2,33,-114.65481928803774,-118.1155432157194,-116.61753601863242,-118.57455079769781,-117.02948961343168,-117.74984872031327,-117.8109929105542,-117.55556376648146,-115.98828256200404,-117.13250738753784,-118.41858908852666,-118.07942831909406,-117.43672624001513,-115.80707938051005,-118.50771130187803,-117.9645234155562,-117.41937561960984,-117.57104451348943,-116.83294737251218,-116.6000735585973,-117.70667435530207,-118.3237313924233,-118.29485030193841,-116.45328458673549,-117.959818220026,-117.60553973119367,-118.2645652091617,-117.26685973596669,-116.40791610040208,-116.20385640888826,-119.78274677590969,-116.99079573699422,-117.24167793628799,point1,-117.40511968428571,-117.55556376648146,-119.78274677590969,0.9448820941731929,0.41388518711953626,1.1273538563393628
HDOK,PLOK,17472,8,8,-129,-13,11,2,33,-113.98494524549162,-116.108933409288,-117.23953705284103,-117.87733251125671,-117.18867241898076,-115.10096402486585,-118.07373865571245,-115.94894375091086,-116.0266103365202,-116.88711349824904,-117.04901464535392,-118.64571344064139,-118.62396389039868,-116.17759992943782,-117.51816279672573,-118.45024678346101,-118.38303575373772,-117.31894286162334,-117.51350302537983,-118.33078980637357,-115.75381726590203,-116.94769757767457,-115.37220021747916,-116.45857009298686,-115.32680626859845,-117.67205215105079,-117.33806926311016,-116.22276003310505,-117.49664159113455,-117.74914907629895,-115.67868106507666,-115.13136941979448,-117.25204497686764,point1,-116.87417038897966,-117.18867241898076,-118.64571344064139,1.3355004164157434,0.43967310641995627,-0.42012470031028215
HDOK,PLOK,17472,8,8,-129,-13,11,2,33,-116.17216112095113,-118.13990814604566,-118.2425354334266,-118.07716694517298,-118.37348791569586,-117.1219183915794,-115.84810134240588,-116.59576490824199,-116.41707067835347,-117.14217969044537,-117.46973200354633,-118.0614422774296,-117.66295867473778,-116.17905457397835,-119.36311422015321,-115.46140951197403,-119.76821761714665,-117.13990723293955,-118.04018689639753,-118.44502865847059,-118.09289348587401,-116.86146821565774,-117.31533033255839,-116.78562067729163,-116.36985692150124,-118.57417070401293,-118.53375116148923,-117.30451718027581,-117.03495469751937,-116.17630664029058,-118.21634314282996,-118.72063817009284,-117.72503734917095,point1,-117.49794651265628,-117.46973200354633,-119.76821761714665,1.0256928618145091,-0.04662875660221118,-0.475808522090015
HDOK,PLOK,17472,8,8,-129,-13,11,2,33,-117.23260528859761,-113.73613463224092,-119.3011546154838,-116.86914150552333,-118.07052862417306,-117.64888341573935,-117.68249446705768,-117.73109984289769,-115.31058146545179,-117.18639492409736,-118.62438036123123,-117.5607145867181,-118.24452776703596,-116.72974632934711,-118.10972505924215,-117.07406918061584,-116.06251532381194,-119.37347941072876,-117.28464977066965,-116.04781428910408,-115.6134732665549,-118.7663499767038,-116.84507364813362,-117.61020209733618,-117.17584155011389,-119.67024052785608,-117.83716070320759,-115.29899636790879,-118.40372159992914,-117.48953679514148,-117.1989693772521,-117.73515773999583,-116.6593743861876,point1,-117.33893148169969,-117.48953679514148,-119.67024052785608,1.5180881595295486,0.6272090920241234,1.136429567260206
HDOK,PLOK,17472,8,8,-129,-13,11,2,33,-116.83378512764803,-117.79329168278603,-116.38391398238345,-115.75897501206026,-118.42969705790519,-118.64918832688193,-118.5364394120611,-117.64411755234354,-116.90765084646549,-119.32011073021629,-117.81196903812824,-116.69945876050848,-116.85479411727228,-116.79620835772377,-117.57748206901998,-117.529594367893,-117.15688097772514,-118.69557910280429,-116.83674664058378,-118.63110931626572,-117.33111138124988,-117.97075507665912,-118.47220925523524,-114.70811125330643,-117.54974273957293,-118.69053350462929,-117.86193492795813,-118.39285137141903,-115.9977187655626,-117.51516730760478,-116.59828529443824,-119.33937402100187,-116.45409439746753,point1,-117.50693581135701,-117.54974273957293,-119.33937402100187,1.0774918511498135,0.39861371264041023,0.16413183346744242
HDOK,PLOK,17472,9,9,-128,-12,11,2,33,-116.78168251058646,-118.08017342386727,-118.47083969498404,-118.4599816295596,-114.88851595481826,-116.3277500134741,-118.66997167735401,-117.27516318263022,-115.48117080277761,-116.71059252298926,-116.15029762989006,-118.81747313817694,-115.43081645080808,-117.28323554830406,-116.13668136590978,-117.09355659245641,-116.80907807069379,-116.99483176283415,-115.97729495039403,-115.15751128412406,-117.1835283135374,-117.72712785815293,-117.18211620895751,-118.06188823986167,-117.23989772156801,-120.03173543298038,-116.69470826016368,-118.313919436537,-118.71245301913784,-116.72921242191967,-116.74910072747853,-118.69915868383269,-117.48581672249502,point1,-117.20628125009864,-117.18211620895751,-120.03173543298038,1.365248571446381,-0.12148717426280284,-0.18606699554808737
HDOK,PLOK,17472,9,9,-128,-12,11,2,33,-117.36626928546728,-119.28032386785532,-116.61892846213404,-117.37700403643181,-116.08558930652325,-117.69847446850203,-115.89595373538337,-116.00669324161215,-118.20358145233246,-116.55643587556372,-118.73817657763156,-118.19808504690604,-117.96861060963532,-117.32164418178878,-116.61500112610601,-116.40593586787266,-117.51257160327526,-116.45181717185181,-117.13856257266596,-117.43885091633832,-117.87266877535156,-116.97844581606162,-117.49274462963416,-117.31046815544444,-116.35324043759832,-117.08658348858691,-117.01387634022703,-116.68364413081298,-116.82000047922511,-117.22614001998569,-117.37126403692214,-115.55961802155124,-117.07204122425735,point1,-117.14300742307682,-117.13856257266596,-119.28032386785532,0.6310443296533084,-0.44774848089299496,0.5785818192784573
HDOK,PLOK,17472,9,9,-128,-12,11,2,33,-114.84396085029478,-118.63283092927139,-117.15494024697615,-117.21015755419785,-117.83178464838146,-117.7324252688172,-115.62450663841062,-118.27316596368742,-115.619475052362,-116.86452433383961,-114.69781554045981,-116.33834700623869,-118.64257245401454,-116.4753122388509,-116.71565979410164,-117.1333779205156,-118.57760721702292,-117.54567972593736,-117.51313096720996,-116.73867881836283,-116.39152349135472,-117.93687132525545,-117.25157799499905,-116.69833550017498,-115.84933574610703,-115.4382263197389,-117.41424535357298,-116.52572914195987,-116.03858870294772,-117.52915912821351,-119.3515168672272,-117.26506095295088,-117.52006054282019,point1,-117.0113995223114,-117.15494024697615,-119.3515168672272,1.1699585187579593,0.13956285270446325,-0.14762794435097115
HDOK,PLOK,17472,9,9,-128,-12,11,2,33,-116.58474146191313,-118.93086866767322,-116.37155649306109,-116.07509818408732,-116.43626877832958,-116.2201921438516,-116.47076567026075,-117.15960536654501,-116.59481652863933,-117.22033983772137,-116.5711121043164,-115.54572783603145,-117.10288822890935,-115.96103888921857,-118.26944737410001,-117.43053317435353,-117.16325932465755,-116.73022547520544,-116.25226052659026,-116.01197618598032,-117.03145276830296,-116.73880694214088,-116.02183141865247,-115.87531067555499,-116.25151609542654,-116.94612552859478,-118.48608886899018,-114.79912148284421,-114.72003998973493,-117.44898555467908,-116.83641071907833,-117.07072830015596,-116.62744792387906,point1,-116.66535116725696,-116.59481652863933,-118.93086866767322,0.7635404998346456,-0.2965491466037825,1.2100664412008517
HDOK,PLOK,17472,9,9,-128,-12,11,2,33,-116.79668916449658,-116.34355169414587,-117.61072602794204,-118.4944951948282,-115.41621598359953,-118.20332549960823,-117.17021901946907,-116.61840471193436,-116.09956990289025,-118.0827274706064,-115.31983346113589,-117.53849351094075,-117.35026458056163,-117.97338545260541,-114.57206235500848,-117.51270518918271,-117.87069274163883,-116.23621942978839,-114.99274669121976,-116.13906222693548,-117.07852434989016,-116.6870187837282,-118.29817606547405,-116.63016776265145,-116.53975975982961,-117.82728078444981,-116.97618984123544,-116.26338250393317,-116.99145434602451,-117.37461131019639,-120.20378535043069,-115.4197506687667,-116.53482621787953,point1,-116.94443388039477,-116.97618984123544,-120.20378535043069,1.2735533452654713,-0.2939603855359636,0.9535037642589494
HDOK,PLOK,17472,9,9,-128,-12,11,2,33,-118.0700451835411,-119.28372600604368,-118.08751702275677,-117.32497294737392,-117.41636728214175,-116.98930326662497,-115.47972488930907,-117.18739441753415,-116.44252502657616,-116.80049979369598,-114.27476920220218,-117.29353072698233,-116.89513924387182,-118.01438725735434,-116.79038080566545,-115.49425195896265,-117.36649803085224,-117.42524001002265,-115.79235275764626,-117.19129442940309,-117.94868144751977,-117.96981405737407,-116.38400431671585,-115.19471980966372,-116.47644543117251,-116.085115510992,-115.87478789889894,-117.28772654283694,-117.29460213912662,-117.48009594402009,-116.80451792938648,-116.59229769440954,-114.65633057220903,point1,-116.83845635008745,-116.98930326662497,-119.28372600604368,1.0995715616676773,0.4168990688168311,0.4664181108652361
HDOK,PLOK,17472,9,9,-128,-12,11,2,33,-115.79073192707054,-117.443593708454,-118.06874785745258,-116.75017844559244,-116.54777359171128,-118.19412161685203,-117.31297848524989,-117.6657340981006,-114.30524208085276,-116.5725144665697,-115.68943882595829,-116.67083448760397,-119.50213871978575,-118.20162232842796,-117.94387245122581,-117.91414302514654,-118.14898514338074,-116.9271515535846,-117.17682182455472,-118.92640016526656,-115.6964774563876,-117.67906358278793,-115.45312022034514,-117.17464272098898,-118.09801823228209,-117.03606688728405,-118.5050685323533,-116.8010573296277,-117.22779165384907,-117.53812169074591,-116.03709240740586,-116.90965014281615,-116.33042705747215,point1,-117.15877644597535,-117.17682182455472,-119.50213871978575,1.145249280598449,0.3325364264587485,0.44718270313141373
HDOK,PLOK,17472,9,9,-128,-12,11,2,33,-117.14234525303377,-116.93369838827249,-118.78743382605325,-117.18036065340969,-115.30490183336173,-117.18124425263146,-116.06159797846705,-118.32702507084245,-115.91501755277294,-116.61049450368944,-117.43134454525195,-118.17878375230183,-116.90949299198469,-115.70564082389038,-114.98122442663264,-114.70431005546975,-116.83798459883094,-117.44823808997299,-116.01217694643172,-115.41815711293704,-117.16527246848028,-117.71465647356948,-116.5733648712839,-117.49460300114876,-116.26586174638743,-115.09589650384468,-118.28607749975767,-116.97406643289756,-115.62758770352612,-117.86819521423386,-117.72152338145831,-118.13430874481631,-116.76535041981012,point1,-116.81085567022582,-116.93369838827249,-118.78743382605325,1.1073249767966378,0.23155703929340868,-0.7467689321951303
HDOK,PLOK,17472,9,9,-128,-12,11,2,33,-117.29499235761402,-118.01306408125012,-115.9676013564355,-117.07970695444716,-116.28706804154751,-115.43662455550405,-116.32910120637895,-118.20733196779467,-117.48574682899445,-117.68212869022395,-116.02270992304656,-115.83782889072559,-115.57306886688369,-116.14333403518688,-117.88226850477596,-117.32772676703122,-117.42508993882694,-116.6585991817084,-117.54410763218522,-117.16066303110287,-117.69959165171537,-115.81714621118752,-118.75570718660148,-117.06438784159937,-117.87125549389621,-116.85921087474344,-116.35157021613782,-117.11288676471666,-119.23528117594726,-114.41056574678389,-117.6443234854385,-116.01206778462429,-116.94390121527661,point1,-116.94353510485857,-117.07970695444716,-119.23528117594726,1.0153241182722306,0.12926875023753492,0.17426580003956138
HDOK,PLOK,17472,9,9,-128,-12,11,2,33,-117.4564576687282,-117.82915784105285,-116.8243295629898,-116.98619380459233,-116.77434077437631,-116.906082245335,-114.01832326000121,-114.86071196025054,-116.10487196247907,-115.80007831090602,-116.24178094044755,-116.57474459345877,-117.08118410389707,-118.14828807436534,-118.82399515224608,-116.57215632653283,-118.29979981103759,-118.08291020730074,-117.56178663157496,-115.45593347959752,-115.35032966460176,-117.46741379216975,-116.16002508295225,-117.57871965412635,-116.37195773971747,-118.0575301998729,-117.58996533616416,-117.96210370918762,-118.85224830901076,-116.71666666568615,-118.93657548747598,-117.04334050821993,-118.82009447356012,point1,-117.07000294951261,-117.04334050821993,-118.93657548747598,1.3645059153282348,0.4731458055930261,0.1054916102638801
HDOK,PLOK,17472,9,9,-128,-12,11,2,33,-117.97160550608938,-117.70557482723503,-117.94263999026158,-117.06585047619951,-115.81515509926746,-117.88392063620894,-118.79878076716011,-117.11006375868386,-116.16263919238307,-117.95253723940407,-116.86064909303434,-117.44123258867727,-116.91217649035435,-117.84444923301656,-118.95328741779363,-116.27887501140549,-116.49112440241692,-118.10626598270149,-117.96771436357521,-117.02183231274377,-117.76526435984532,-116.08453351777916,-117.56428349045753,-116.58557783825,-116.87785748184918,-116.1517117651921,-118.60521918577493,-116.58116824826683,-117.85706625020597,-116.56276693625898,-117.90197562219291,-117.30093931803283,-115.85867739879826,point1,-117.27222472125806,-117.30093931803283,-118.95328741779363,0.7016257803736569,-0.03287748215861624,-0.834642625721203
HDOK,PLOK,17472,9,9,-128,-12,11,2,33,-116.60779827976761,-118.5490826137834,-116.49280633851852,-116.8490376169435,-118.01018853457767,-116.21425402668564,-116.64094488634798,-116.95347042678851,-118.04559753491054,-117.28204650155239,-118.55118312493505,-117.26784007889842,-115.62528359805944,-115.40328921927433,-117.28704546250712,-116.60993816444483,-116.86234093067802,-119.38068986943141,-117.97375138393218,-118.03727352625332,-117.34703436568849,-115.85815938015814,-117.48299392381946,-115.38228594169328,-116.38945118248732,-117.120917737557,-117.29850602894112,-115.943792389177,-116.4067902723248,-118.682860014354,-117.0510864706244,-117.09313890152411,-114.23329722513826,point1,-116.99800533187205,-117.0510864706244,-119.38068986943141,1.1319437804749894,0.1471027982782912,0.4393765129788383
HDOK,PLOK,17472,9,9,-128,-12,11,2,33,-116.28764231423091,-116.63154468644875,-116.78574946815145,-116.02526476386923,-119.01551562004857,-116.35985378139114,-117.03340512136742,-116.98677879611257,-117.50348785098683,-117.77532123812135,-116.5968186594278,-116.0937196877423,-115.13448602294251,-116.51411741135352,-117.2628032012343,-116.9947966509125,-114.91701133888293,-116.74813402949076,-118.32760082335602,-116.83441701379606,-116.53147695768224,-115.40166128855458,-118.92388613841698,-118.30465840773562,-117.14933819169676,-117.49266375598154,-118.55115017459167,-115.71431174461914,-117.53895365888093,-116.01856584192072,-118.31669293331866,-116.70782576325016,-117.5753561291954,point1,-116.9713639232034,-116.83441701379606,-119.01551562004857,1.0244582270693285,-0.13799375250880475,-0.2859954814769958
HDOK,PLOK,17472,9,9,-128,-12,11,2,33,-118.42141567453983,-119.01237723710584,-118.78904186611909,-117.22763835140272,-118.45528343871204,-116.79667225562103,-116.10043258846234,-116.17230051671629,-115.65811515726838,-115.75316070331127,-116.21929901925994,-117.67009342832445,-116.94017853701858,-116.65149663899226,-114.64233209328462,-115.46716738733399,-117.72586403285007,-115.96159924703056,-118.35435241138899,-116.45782226493803,-117.23951979665253,-115.89229106582783,-118.76722770110857,-117.81663890510778,-118.265741140205,-117.79441992073454,-118.64170292509453,-118.36100854765095,-118.21391590321407,-117.12675073848092,-115.44288703591924,-118.07459929310764,-118.26611255457038,point1,-117.22361995082893,-117.23951979665253,-119.01237723710584,1.3949525115328756,0.3263221391765148,-1.0721316598167028
HDOK,PLOK,17472,9,9,-128,-12,11,2,33,-114.18016511230994,-117.83179046997675,-116.48486597441003,-118.18043098141554,-115.63719882900592,-116.31134412310404,-116.08003077589838,-116.13742145099394,-119.36264215734116,-115.54310088712349,-116.98308116051568,-117.21888273982525,-117.3845514160584,-115.7064108970118,-117.39060034648041,-114.801766107067,-118.05861612187643,-117.13789942926319,-116.54109734220917,-116.98509118966284,-117.36288644594555,-117.57354769503381,-117.74296052378823,-117.54547795189507,-116.19218028717198,-117.41812838256756,-117.59588913380526,-117.170777897128,-116.74645093989675,-118.36091727435773,-118.84363659562449,-115.59879519919653,-116.70362014412449,point1,-116.93370472672984,-117.13789942926319,-119.36264215734116,1.2083865133797262,0.2769766040105708,0.3301074841528666
HDOK,PLOK,17472,9,9,-128,-12,11,2,33,-117.80141128804738,-117.84556741831818,-116.66306651707067,-117.74907411621838,-117.51252416435466,-113.82735204298302,-116.09493655021014,-116.9770402517358,-116.05801087193247,-116.84399593610375,-116.58256366211026,-116.68467955348152,-118.26966520269333,-117.08447300770393,-116.74364449648145,-116.39523247918069,-116.96881891302208,-118.13436799898652,-118.11504891288175,-118.3797406434565,-117.90667338696791,-115.30556350052166,-115.824394267286,-116.94911616318919,-117.03085467998491,-119.44298204375933,-118.05155025835336,-120.2551163670462,-117.83341467088569,-117.6231935851918,-115.84721998079632,-118.99438395238741,-118.9353680425264,point1,-117.29488014926878,-117.08447300770393,-120.2551163670462,1.5413561648947331,0.19231423064728914,1.0654810308733773
HDOK,PLOK,17472,9,9,-128,-12,11,2,33,-117.63885178268059,-117.67067423343028,-117.92425137426325,-117.8195643217637,-115.33485233353296,-116.26127281601933,-116.46296792452745,-117.07800339234791,-115.00002547972935,-117.90905354480176,-114.21528822147963,-117.18227060625493,-116.98545452839645,-117.11612512184446,-118.59109857299845,-117.18688879125911,-116.3061811598093,-116.50021740120559,-116.27662593712598,-117.2604978893332,-118.5654487219955,-117.16933448970174,-119.29451121785608,-118.48941352854999,-116.49161992764809,-117.98196091869754,-118.8436482287765,-119.39445369862644,-118.15831633545145,-117.85059506654883,-116.64378794408846,-117.4981802050014,-116.50507228340828,point1,-117.26080327270164,-117.18688879125911,-119.39445369862644,1.311261471138618,0.4478919719494469,0.4951198991890906
HDOK,PLOK,17472,9,9,-128,-12,11,2,33,-115.38924047050396,-118.2837552396991,-115.29139524243685,-116.28787862691861,-117.93585774410201,-116.99927080695127,-116.60965279238224,-115.24873776292003,-116.48409775999748,-116.61531704205439,-118.12968743245149,-117.56645284055193,-114.91569701795733,-117.27557696423013,-118.80211105362685,-118.16962628966466,-118.00723761570214,-116.688664048196,-117.40298474720656,-116.21169293863286,-117.58064708882,-118.62155277896149,-117.82024723186576,-118.49620657398027,-117.66933593537358,-117.23329462390627,-118.12703961711757,-116.28898957674396,-118.78442566078571,-118.00833904827303,-117.66335079512169,-115.94714058053319,-116.04477904443605,point1,-117.16970554521528,-117.40298474720656,-118.80211105362685,1.1689165750327186,0.41981810684189047,-0.8219460804390875
HDOK,PLOK,17472,9,9,-128,-12,11,2,33,-118.75842025204044,-118.0254984650618,-118.26540765723101,-115.83859176582305,-117.8562633195769,-117.51780152777556,-116.18592885571489,-115.91223568432842,-116.69718185991572,-116.18897581366419,-117.71895296173507,-116.92398627541439,-117.42136350936246,-116.40859906225529,-116.43994561059355,-117.329919581896,-116.02339605410111,-118.02607428649839,-115.49633596079882,-118.57542341468911,-117.1830965699388,-116.914253909501,-115.55279194397545,-116.59390664294673,-118.05713460035257,-118.22250782415819,-117.75376643249002,-116.43911578406424,-116.5267858416295,-116.50047855353151,-117.25176482440024,-115.6958075440508,-118.08270026226913,point1,-117.0419518985389,-116.92398627541439,-118.75842025204044,0.8502873690554756,-0.06412262668311036,-1.150497752858172
HDOK,PLOK,17472,9,9,-128,-12,11,2,33,-116.06569124850769,-119.77564491001023,-113.84913890062307,-117.09494190710906,-115.12555595230691,-116.57959820845458,-116.93017017870932,-116.29237666396746,-117.03780610726075,-117.04847945643914,-118.84168378813406,-116.05279283268162,-115.85916270208871,-114.61600238696559,-117.14997649491413,-114.9454787941518,-115.94687751486245,-116.27879714103688,-118.20723970933713,-118.47423837198879,-116.40012248767985,-117.1644435835636,-116.16264969891567,-117.78402621848238,-117.41467372782594,-117.24597626093491,-117.81599728800886,-116.78923904002205,-117.56213540390956,-115.09047495007371,-117.14620570334972,-117.1985499307499,-118.08470337278699,point1,-116.7888136647228,-117.03780610726075,-119.77564491001023,1.5110486231496698,0.10096701366577628,0.4486358643749342
HDOK,PLOK,17472,9,9,-128,-12,11,2,33,-115.78020781057404,-116.45933211864734,-116.75050527881139,-117.80257088482703,-117.27076835522419,-117.57403875840654,-116.88426662424786,-116.99112183891135,-117.04534516836549,-115.98509058350525,-116.5648431575211,-118.06565877150443,-116.60694661721121,-116.90578447049977,-116.73267551252222,-116.02462974091891,-116.56051205854072,-117.12387142021133,-116.59550717175028,-117.57854411246288,-116.99631519446238,-117.17032968148672,-116.65174080449927,-117.36071584655495,-118.40989974927389,-118.42587847772552,-117.53631563226344,-118.28967797339669,-117.36180643397124,-117.70338100358853,-117.1926049920555,-115.0467895338688,-117.67527178410612,point1,-117.0643317443005,-117.04534516836549,-118.42587847772552,0.5515893827101855,0.34102721707895195,0.5420131303765032
HDOK,PLOK,17472,9,9,-128,-12,11,2,33,-117.36857604950679,-117.58840141759659,-119.76495015583023,-116.86243747379383,-117.77629142663768,-115.43395672264403,-116.00345773823172,-116.82797022017685,-117.07921005785124,-117.47774885314962,-117.84589097467504,-117.2258546059878,-115.95446801704574,-116.95777601070871,-116.85026113159411,-118.77305300073812,-115.56002362114684,-117.941629583746,-117.37306527128982,-117.33214203946866,-118.19303072497242,-117.63401758836228,-118.06610532975503,-117.46481985604369,-117.70755446135034,-117.11192228445337,-118.08542004186474,-118.46527338864652,-118.2908273234264,-118.47039086807713,-117.64119056530097,-117.32849418673904,-114.79941539382123,point1,-117.37138261771612,-117.46481985604369,-119.76495015583023,0.980308685037048,0.4778964860103791,1.0446333854868537
HDOK,PLOK,17472,9,9,-128,-12,11,2,33,-118.62314231247173,-116.64764744946953,-116.51261598075342,-118.06746681440403,-118.10901177356781,-116.56986766581066,-117.12949016654997,-118.23548406763047,-115.34720891043294,-116.40795229197708,-116.5091469932525,-115.76712131630623,-118.00299938651158,-115.42353344484862,-115.23957201840273,-115.3143547540295,-117.03820326060256,-117.4800238667748,-116.21138386160064,-117.4368910075462,-117.61225942237458,-117.63310602904639,-118.03589985892822,-117.12034802527224,-116.20143007720158,-118.49620618833957,-117.14217957131518,-117.44414094899479,-118.78365190280529,-116.1163565277154,-117.85613809201344,-116.11821312879877,-117.78089436803758,point1,-117.04284671162986,-117.12949016654997,-118.78365190280529,1.0118949481190318,0.18801198037347785,-0.9729561049734792
HDOK,PLOK,17472,9,9,-128,-12,11,2,33,-115.8124794379309,-117.51700082985846,-118.151815235563,-117.15029428943438,-116.58277347452231,-115.68960170161706,-118.42936323191128,-117.36853167130862,-117.73965239309297,-115.58064832117054,-117.21143696436116,-116.81419813434067,-117.24003380534643,-118.18241648688493,-116.27495639460896,-118.44910593553483,-116.4139842667575,-116.74212531766793,-116.83627370676733,-117.83608076261287,-115.14398059257164,-116.38196445874595,-117.1417287591549,-118.11371988268345,-115.33985829172697,-118.08504671737312,-116.80858167565972,-117.23195016583873,-119.75312148364911,-117.43865311362349,-117.98738656571363,-117.51604114478887,-115.40374755943904,point1,-117.10207735673517,-117.21143696436116,-119.75312148364911,1.0691936681711456,-0.04276472604304243,0.025268505995174273
HDOK,PLOK,17472,9,9,-128,-12,11,2,33,-117.01175790709702,-115.76214656599605,-118.13151169409562,-114.90539079069555,-117.85496188194489,-116.90276475625097,-117.02074836565448,-116.36682987399793,-117.09701645965355,-118.28673373466484,-116.89914981317612,-117.32462269341761,-117.45103442533018,-116.4184330340985,-114.26424250298417,-116.30072031691024,-117.28601763155753,-118.59754271779961,-117.7520858022342,-118.43740622638023,-116.32318470565737,-116.80591334505509,-115.94622691508451,-116.53381402667313,-118.56226359722817,-116.52658992833379,-117.61106238811348,-117.79217482599653,-117.18340001303027,-117.36521291532169,-117.94383911050484,-116.6233865172713,-117.13416990292434,point1,-117.0431016783374,-117.09701645965355,-118.59754271779961,0.9257234497026056,0.7416188820784969,1.0947773255758304
HDOK,PLOK,17472,9,9,-128,-12,11,2,33,-117.36316383589026,-116.14889933839767,-116.43993715740653,-116.54601021630268,-117.22696824196521,-115.7828670277364,-115.84441605706336,-117.48437394976955,-116.06151749483709,-117.27113293201963,-117.35514439595974,-117.10710298557721,-115.27119279863034,-116.0064273488076,-116.71068448214228,-117.36145179752305,-116.04930372170439,-118.15607042047776,-117.43751179488733,-116.9379826070886,-117.98641625956812,-117.43677394737503,-119.2969206342664,-117.15593796848351,-116.69929233691937,-116.97223739656435,-118.25653424848596,-117.46883993953834,-118.12463968996073,-118.07946391305475,-115.70330795098478,-117.17298902632199,-116.95346274566515,point1,-117.0263325654962,-117.15593796848351,-119.2969206342664,0.747612883755178,-0.17717810308154136,0.16991894556451914
HDOK,PLOK,17472,9,9,-128,-12,11,2,33,-118.10480258843717,-119.75756571270328,-119.14003154806794,-117.50584261153992,-118.55585876471923,-117.03785878202068,-116.37339387596478,-117.41586435397761,-115.69481316767563,-117.70421188832255,-114.43377084755505,-117.1477997154843,-119.0332182346998,-115.64829321175728,-117.88373023896473,-115.84250531651327,-117.15743069371317,-117.69036764784151,-116.0622950017802,-118.1272661723909,-117.5737910607989,-117.38619788652613,-117.76686850836576,-118.79746376896539,-116.91944443319699,-119.40260158747432,-117.08117782841202,-116.95692406239218,-119.1032323329711,-117.62204783620102,-116.3653057608152,-117.13057632462468,-118.67195138304723,point1,-117.48771221660364,-117.50584261153992,-119.75756571270328,1.407554034720378,0.2732800579383034,0.09950131616303137
HDOK,PLOK,17472,9,9,-128,-12,11,2,33,-115.02363474456048,-117.23036437360423,-117.024553100969,-116.29329125842602,-116.0555241415642,-117.27965213178874,-117.10220912819896,-116.09365464168509,-118.3264400318802,-117.30441566894396,-116.5907981558733,-115.93156774502337,-118.3350906781412,-117.39727735968201,-116.47433575667655,-114.60461039530708,-117.51660245372531,-119.6229448901527,-117.781616457059,-117.14177923198571,-118.1771334694368,-116.54933127117746,-117.11284756595708,-117.0377070360649,-117.14897298003204,-117.56127622478638,-118.08097756563392,-117.25816924479183,-117.77648592043143,-117.3456660015949,-117.66227607337885,-116.86478229193297,-117.73325813039446,point1,-117.13452260972304,-117.23036437360423,-119.6229448901527,0.8924158500732173,0.3431240500485469,1.6548676929640478
HDOK,PLOK,17472,9,9,-128,-12,11,2,33,-116.95037620592937,-117.41733340411102,-117.97830805780333,-116.43795410863679,-116.46046384291311,-116.45495870764668,-117.98881089867506,-117.35131016340561,-117.937225725615,-116.6954599520906,-117.04728535641483,-116.48784615284526,-117.85678480360119,-115.86551990351008,-116.53306172732185,-115.9026422799185,-117.28806944258945,-115.93498669407093,-118.27150522089224,-116.15126766872835,-116.51406669271242,-117.77348709637123,-118.15925303670105,-117.4414916840959,-116.0458545936427,-118.43822997306265,-117.05447671699483,-117.22833355389271,-116.06731872731963,-118.00494922987876,-117.07381074443875,-116.45008803205039,-117.77185249801445,point1,-117.06164796654228,-117.05447671699483,-118.43822997306265,0.5890148267112651,-0.08393042871254844,-1.2584181278530404
HDOK,PLOK,17472,9,9,-128,-12,11,2,33,-116.85704668283516,-117.86906659447742,-117.13112073804737,-115.80400242892796,-116.63269271236267,-114.66202605798348,-116.26125188481974,-116.23572200087794,-117.19506398126897,-117.72400801670098,-115.81764114474511,-113.37435978173784,-117.66237807142113,-116.20661723071434,-115.93225663038415,-116.70917132382051,-115.90633500000554,-116.84657071094237,-117.43542177910744,-118.5120496792386,-118.43006681129287,-118.4806646231737,-116.64620499624431,-117.18961417837458,-116.01263733521796,-117.86784996840552,-117.77152146381115,-117.37170043796583,-117.64866840581395,-118.48223733051096,-116.3903044280433,-118.36731971293449,-115.00928562569264,point1,-116.86190538690607,-116.85704668283516,-118.5120496792386,1.3666922755853532,0.7914104589750471,0.9643739985331723
HDOK,PLOK,17472,9,9,-128,-12,11,2,33,-114.68427730637458,-117.3310801373685,-118.58755036539776,-117.63658199190927,-117.97420695816278,-114.05086237577903,-115.79028849136267,-117.17810267904146,-117.88493355001783,-115.76335514795964,-116.91126603330714,-116.54572188187086,-117.80577481981402,-117.60968805397411,-117.50970171890647,-117.20869537712831,-117.53224867094512,-117.06247091924843,-117.27358498483092,-117.75450068009465,-117.94634755608129,-117.98417571606103,-115.36035604509381,-117.46230705462642,-115.33293990319078,-117.96670199804139,-116.85555380243964,-117.2110309945607,-118.02496213879036,-118.02961716871299,-117.46856718453921,-118.59806520661348,-116.57294380429398,point1,-117.11843820353147,-117.46230705462642,-118.59806520661348,1.1354689555753474,1.2533302703427958,1.203689567948826
HDOK,PLOK,17472,9,9,-128,-12,11,2,33,-117.01276480163136,-119.0630188075805,-117.68442162949883,-118.00109441320456,-117.54103255993189,-118.23389939124975,-116.29553673686715,-116.75949440208991,-114.81010058863232,-116.3396992486097,-115.82630843414184,-115.82692440088822,-118.34922408592021,-118.99139006946653,-115.50997800597855,-117.45326669439471,-115.01771444586836,-117.56596744240122,-115.45437721732837,-116.0330315024853,-117.61693824800446,-116.3814347043355,-116.28541386639722,-118.55179642178803,-114.58436127069847,-117.35967766968108,-117.47700962934572,-116.3743500524893,-117.36874231308998,-117.90752799764789,-117.58670405226343,-117.27363949779767,-117.1924261247131,point1,-116.96149293110365,-117.27363949779767,-119.0630188075805,1.3181594424116492,0.2533704923551716,-0.5629629010288477
HDOK,PLOK,17472,9,9,-128,-12,11,2,33,-117.96876581627033,-117.45922483258822,-118.30046163184795,-115.82715538555203,-116.62583833185967,-116.53316820220829,-114.60932694001662,-116.16985962058844,-115.62133788077828,-118.04589538169915,-116.74197842617012,-118.44148885364962,-116.00770039491009,-117.0475206656459,-117.18933863382966,-116.53375786479634,-117.3539110324826,-118.79682894979922,-116.23118222112365,-118.78283896996106,-118.1211227697559,-116.17393449625372,-115.95459741589339,-116.82388067781558,-118.22960146988122,-117.13134823920936,-117.7189831847409,-117.24842808920586,-118.51250549780039,-117.68847040791533,-115.52667916597741,-117.39692914377643,-116.19642041166102,point1,-117.06092366683829,-117.13134823920936,-118.79682894979922,1.0686471968142004,0.16345757281935896,-0.6045038224361585
HDOK,PLOK,17472,9,9,-128,-12,11,2,33,-115.37819213787304,-117.82907116759598,-116.84789015009339,-117.8053390658114,-116.23749811752883,-117.38161854818043,-116.40566041979933,-117.64782272447108,-115.29829635249024,-116.35648414992555,-116.20534481389807,-116.7129011216719,-117.12162762807765,-116.57425464917954,-117.20840277651672,-117.91585471630994,-115.8862912362577,-116.0267378754191,-117.15132597781961,-117.11975739079294,-117.17516242643285,-117.93155500687169,-116.47648866817237,-116.76796247053099,-117.30612775634381,-117.69413693157863,-115.26018806039436,-116.71211652554713,-117.73292827674078,-119.37050218427039,-117.07453428562687,-118.61100391809336,-117.09897055004157,point1,-116.97945600243506,-117.09897055004157,-119.37050218427039,0.8024594483244398,-0.19624489080034566,0.5367959873602239
HDOK,PLOK,17472,9,9,-128,-12,11,2,33,-116.15641635427667,-117.76649990977052,-118.6512499834341,-118.24132297990406,-116.75375496531537,-115.40120718351787,-117.28256218620105,-116.74827977145864,-118.15597832061388,-116.2221845631934,-117.29189079753829,-115.9203800727518,-116.13770558617799,-115.52171833245654,-117.68488714236534,-117.24740039597133,-117.97073756129264,-118.98349004372012,-118.17206165109445,-116.27411337825201,-118.05585296865704,-117.99620641893432,-118.56373149330268,-117.46371885795257,-118.17599132522825,-117.43296323197724,-118.27261712818499,-117.05330817770015,-116.65598503895863,-117.60113912765155,-115.85131408517634,-118.17315835797126,-116.39785940103293,point1,-117.28114202400104,-117.43296323197724,-118.98349004372012,0.9286402794824493,0.2926281682341911,-0.9980145673591552
HDOK,PLOK,17472,9,9,-128,-12,11,2,33,-117.83274204315931,-119.05579468299435,-117.87503056438918,-116.99595370566375,-117.30650723566814,-115.00134610328683,-116.2927644155026,-117.04344314786994,-117.40648386296252,-115.3951892861644,-116.12956349681942,-116.4881896268086,-116.51252910626522,-116.00160963641646,-117.2388371379004,-117.7641299798314,-117.20618441478562,-116.52710148680985,-116.8845122868531,-114.7794722995419,-116.15095079745232,-116.24553003424715,-118.03038878120982,-117.79846112157422,-116.13506179941373,-117.58425677673954,-118.32892268075469,-117.93379547517267,-117.78956128784445,-116.26746517095084,-116.9359487492005,-116.85862385769074,-119.60842280364238,point1,-117.01226587441171,-116.99595370566375,-119.60842280364238,1.0855076744856722,-0.13676407494040138,0.3623785776550723
HDOK,PLOK,17472,9,9,-128,-12,11,2,33,-117.01585901230709,-117.70510431410213,-117.25957788699492,-116.84439693253256,-116.1636300714367,-117.13705118639085,-115.42073438318118,-116.17897822810916,-115.31679550206849,-115.76316866386878,-114.76735745138457,-116.56362485192352,-116.23212158444458,-114.57995628809624,-117.40275966251203,-117.12771556499152,-117.21083669082766,-117.28182298679845,-115.26744378154669,-116.71820629490969,-118.74939399839782,-116.85283273621863,-118.64483563435785,-117.16997841929376,-116.40746120238873,-117.4994186429211,-115.53165623867474,-117.46830029913092,-117.40288210424221,-116.78744972737726,-117.25437229769896,-117.7291106360818,-115.62241775496386,point1,-116.69931063727803,-116.85283273621863,-118.74939399839782,0.9804081153433549,0.253487189588594,-0.17878760503216418
HDOK,PLOK,17472,9,9,-128,-12,11,2,33,-118.222842428523,-118.5205457664043,-117.05941447529088,-116.76979188943939,-118.77886799898985,-115.50716134458764,-115.89827229280549,-116.9029322466149,-116.78548521039959,-115.52712969951158,-116.33964612452971,-117.93287329696322,-118.37267576908913,-116.9623858475431,-117.21690089619665,-115.63850973006468,-117.15759084827397,-118.32165215770131,-116.49317145409789,-116.53743769330885,-116.43490758214978,-117.22861802657248,-117.23314700532075,-118.12915048315496,-118.97511937996329,-118.7231817488308,-118.66377751184784,-118.80315992141404,-118.33808403009779,-118.2987771723736,-117.1869525652923,-116.66492161857462,-116.29809009803769,point1,-117.3310052822414,-117.1869525652923,-118.97511937996329,1.0643353560911097,0.04396245459761142,-1.1537993278012113
HDOK,PLOK,17472,9,9,-128,-12,11,2,33,-114.5376267961824,-117.6035220033242,-117.8712494099341,-118.14909960123474,-116.99993162802619,-116.232004093604,-116.42587175519547,-116.63118262794139,-115.66549492397742,-114.76475523865423,-117.89116523779481,-115.24759674931566,-117.87317415749129,-116.71703733754784,-116.72331176951583,-117.92513540161161,-117.02951589344924,-117.08627098545159,-118.01471373647023,-117.34411733447656,-117.54012376881309,-118.55894903102649,-117.83639978702445,-116.95428869729254,-118.3575674433754,-115.4383528325427,-118.17183362790823,-118.01179962881469,-117.00598811429361,-118.38431899422113,-116.51232491616453,-117.54900311326315,-117.22701041226219,point1,-117.09941627418792,-117.22701041226219,-118.55894903102649,1.0733173136338665,0.8842853078079618,0.17645994533475973
HDOK,PLOK,17472,9,9,-128,-12,11,2,33,-116.69898148421163,-118.15564898512898,-119.34267603017291,-116.0838713594749,-116.92148082751133,-115.3832009760302,-114.99000876717109,-115.61111387294561,-115.9697075994083,-116.53408737124064,-116.53946841908322,-115.81931287859217,-117.23996293681269,-115.37224232255242,-117.1787515753437,-117.60965597235696,-116.83448839533473,-116.78756591626659,-118.57319967885303,-114.96259444218414,-115.42833058592144,-118.00691506080881,-117.32402859328351,-118.43056328220811,-117.56381830130086,-117.5274939104274,-116.74895054063988,-117.55500892730375,-115.97034267317588,-116.94836425513438,-118.88699234944072,-116.92464202865008,-116.47558170139182,point1,-116.86057733395033,-116.83448839533473,-119.34267603017291,1.2091630317914952,-0.23503903939306878,-0.4061321518877796
HDOK,PLOK,17472,9,9,-128,-12,11,2,33,-117.69956882695803,-119.90567672838452,-116.12131310704503,-116.58377053589568,-115.9777831969968,-117.66447393775451,-117.83115162959893,-116.29714466035081,-117.73814754933228,-117.65681505092647,-116.22818319961952,-115.02586853153886,-118.89609395819792,-118.43630853098058,-116.47959567807892,-115.42327887974763,-114.93938499411313,-117.84568420260292,-116.66742840050829,-118.81164676142409,-116.47935327300748,-117.18036384784808,-118.20685604450479,-117.24979732645367,-117.66008711948305,-117.19377477499035,-116.54470846424499,-116.78690607970907,-116.50853685721596,-118.39205513064567,-117.77572536704793,-117.5136750787607,-117.3390118135306,point1,-117.18364150113631,-117.24979732645367,-119.90567672838452,1.193412079886829,-0.066761669693633,0.17209801015160586
HDOK,PLOK,17472,9,9,-128,-12,11,2,33,-115.33627849179013,-119.02637782391785,-118.24973542180585,-118.12282783348797,-116.70574997461443,-116.05322695438802,-118.08494104054343,-116.3643276231234,-118.25126130102907,-117.28772300932583,-115.66361475697853,-115.79049396187546,-117.7060979531023,-116.03258210555539,-116.73169434139106,-116.83409474720884,-117.1060621687959,-116.08363951135041,-117.52018866083746,-118.09144361222626,-116.80484764979019,-119.74569201750583,-116.43827294297546,-117.91656788237233,-116.47404576912966,-117.11474437946765,-117.16388281847789,-116.50759956643685,-116.50676567643434,-117.78064419415922,-118.43624161421997,-116.9578183452809,-115.84771486858105,point1,-117.11324845509633,-116.9578183452809,-119.74569201750583,1.0338908413702002,-0.49331066833781384,-0.11187047039108355
HDOK,PLOK,17472,9,9,-128,-12,11,2,33,-117.11260027464664,-118.48021087599702,-116.70514725731923,-115.86100277634183,-116.75367199930321,-116.29899714462616,-115.05553857783732,-117.64302578718453,-115.48978222941608,-116.67505360660725,-116.5537385587771,-116.31583882567477,-115.7197452965133,-116.38294871931073,-115.87069449884487,-117.37735572038426,-118.17002865234959,-116.6466864114905,-117.27435714706345,-116.74919500018962,-115.48913891548554,-115.67119709243792,-115.6378023260463,-117.1890852329322,-118.85917256761154,-117.32729507936214,-115.79424500139862,-116.41398590435986,-117.49832401939378,-118.49218097210364,-117.7575278712985,-118.77139517711446,-116.4000775756661,point1,-116.80112263924508,-116.67505360660725,-118.85917256761154,0.999984558463015,-0.4324435807048702,-0.5632288766082705
HDOK,PLOK,17472,9,9,-128,-12,11,2,33,-117.3699266952746,-119.73157173972797,-116.54720406788357,-115.97999541298626,-116.76420967785738,-117.54471384971853,-116.44220994192561,-117.08997223171525,-115.47313927349741,-117.14295260813532,-116.62208052935509,-117.47753426094786,-115.73965711530582,-118.30504784018817,-117.03827188202261,-115.89209825664592,-117.14473805445098,-117.30758392682147,-118.43526696199339,-116.46341574767166,-117.05397704772574,-115.84855777749881,-117.11482727595023,-115.59247610777498,-116.54990411307745,-115.75579085644648,-116.83647061885061,-116.40598414526379,-118.74200111717487,-118.32536532873785,-117.69861233084437,-116.60557996038047,-116.53666586718819,point1,-116.95690310972842,-116.83647061885061,-119.73157173972797,0.9170712205393877,-0.8178985251451865,0.8356759399201299
HDOK,PLOK,17472,9,9,-128,-12,11,2,33,-119.33363175497819,-115.51784766999674,-116.94829652285334,-117.37757207472221,-117.47169514944079,-115.81630767744629,-116.06217612260085,-118.15969419954243,-115.83717663304569,-118.13469420570969,-116.21107570607836,-117.95481496963214,-118.69779842025298,-116.84719864861611,-117.52708411666471,-117.49261735049463,-117.40156517719049,-117.5974700264052,-115.56805607003037,-117.10109967389894,-116.63961607817947,-117.2777426140364,-116.69669426944131,-118.43624409207992,-117.03887643481353,-116.48222261079638,-119.28556197854462,-118.62750795054488,-117.95153333199234,-117.67766302571488,-116.38602346116552,-117.3806885681411,-116.19635074690774,point1,-117.24650294945329,-117.37757207472221,-119.33363175497819,0.9953356676984503,-0.1973396212964463,-0.48700111151732406
HDOK,PLOK,17472,9,9,-128,-12,11,2,33,-116.39940039250857,-118.94180710723697,-116.89898209502704,-116.92152040140981,-116.54036886045745,-117.0667407401739,-115.25079104557328,-117.08411128677564,-115.58083166424231,-117.94591889360957,-117.27352794511808,-115.18800108080588,-115.18845810277277,-116.96722636098644,-116.84437784280945,-119.8723610065478,-115.41763765374863,-117.97473179017149,-118.95309344827795,-115.95570627168541,-116.40459923583457,-118.12736530496757,-118.17195537411683,-117.06721915841007,-114.89155893095075,-116.09265916716683,-115.78316484915209,-117.73122768508942,-118.08509718520425,-117.27620933613456,-116.01823637840435,-117.52379409856226,-117.74340468335473,point1,-116.94491167809956,-116.96722636098644,-119.8723610065478,1.419569297801512,-0.2759847583296991,-0.2636081753011017
HDOK,PLOK,17472,9,9,-128,-12,11,2,33,-118.32650386210335,-115.83835221127546,-117.37722073838812,-115.40727486034218,-118.01497366213924,-116.04183289078475,-116.76725181382872,-114.41671321553665,-115.31102254017101,-117.07321845466913,-116.09632117968486,-117.46405107254459,-117.67428561182984,-116.06931015405331,-116.921595210317,-117.02147009698226,-116.16815673062776,-117.27426771904734,-117.38984292887204,-117.58651413974773,-117.13361171785444,-118.11218128963922,-117.50085502972507,-118.42871391295596,-115.90607276925485,-116.14725548088282,-115.33102069306177,-119.37178332567788,-117.8606641011522,-116.80872030661234,-116.58276356371512,-116.94047167151486,-117.52777261512456,point1,-116.9058201687914,-117.02147009698226,-119.37178332567788,1.0838448845144082,0.1276363087219096,0.08930821529900301
HDOK,PLOK,17472,9,9,-128,-12,11,2,33,-116.33766078884679,-118.41882490228998,-117.02222660929111,-116.42430590126985,-117.26062201027774,-116.3068094552836,-117.84298187125185,-117.76531221444509,-118.46463776152119,-115.95807798985996,-115.54257547978227,-117.19873848569384,-115.79830347257376,-117.5092782217612,-116.2885743631953,-119.77981700580212,-117.44323589851133,-118.58783387107107,-117.53687718594492,-116.34860889742086,-115.95229169345713,-118.39522432275062,-118.5457224466304,-116.01386401930864,-116.20339154722978,-117.20158513670432,-117.28617044516956,-117.40310763708747,-118.9188805027767,-116.43741942779542,-117.99106453661192,-115.06968897213422,-118.18681635631559,point1,-117.1951675584868,-117.26062201027774,-119.77981700580212,1.1992147754446183,-0.20152604051842016,-0.5548240341268329
HDOK,PLOK,17472,9,9,-128,-12,11,2,33,-117.18522114169292,-117.77476104496645,-116.9995173054416,-116.07006761912386,-119.03894185838094,-116.07518142258728,-117.84336980799995,-117.80138986887758,-115.87012723269507,-117.05058746560202,-117.3143217959271,-116.94072252669251,-117.54229289826596,-116.00291730323264,-118.31196064540369,-116.20342579287123,-119.00134562447792,-118.59256175350491,-116.60387171998032,-117.68144924795037,-117.8152034310853,-117.46965028284663,-116.95568888941328,-116.78276485077559,-116.22176745264154,-118.08153412003307,-120.2200781260976,-117.71955193444128,-117.05614101093563,-117.61632507414475,-116.57235644235269,-115.46096850109372,-116.54169753995798,point1,-117.28538671913616,-117.18522114169292,-120.2200781260976,1.0335451805892513,-0.6627595946553394,0.7711225656118734
HDOK,PLOK,17472,9,9,-128,-12,11,2,33,-116.85079530959769,-117.53247569806503,-118.716855389536,-116.91460629107269,-115.89894063709747,-115.0051949088051,-116.05636340495913,-117.6949852282276,-115.01870653588198,-118.27377944942853,-117.16283321692443,-117.8327430991873,-114.47386728064917,-116.02922387330216,-117.91072543336985,-116.67673234475795,-117.91196459736503,-118.12125010802781,-117.34940944310202,-116.8515994032492,-115.94749210097012,-118.3122851763644,-116.7025320108995,-116.59914786924362,-115.60119352415057,-119.2075476743048,-115.23262196701253,-118.24530141644752,-116.73900140110578,-116.62894176056332,-117.90285644278602,-117.03598147243342,-116.81851008760546,point1,-116.94716559262099,-116.8515994032492,-119.2075476743048,1.276691556495489,0.2427980969587498,-0.43573718847470966
HDOK,PLOK,17472,9,9,-128,-12,11,2,33,-117.11923282565456,-119.42627016213335,-115.1938652296179,-116.21550647630988,-117.17509272212271,-116.30036407462775,-117.31606064816616,-116.0515277858422,-115.89429503975082,-116.6902172720988,-114.88653135352567,-117.13989162373036,-116.90502261196787,-116.79544448654525,-117.14349954474801,-116.17148552545204,-116.77237370214715,-116.65675827518581,-117.65624892458212,-116.09085712898536,-117.01847737074672,-115.50937507172804,-118.4344214500247,-117.35354068712309,-118.33357660855758,-117.83866996953961,-118.41902164231516,-117.65558312154046,-118.27862140579117,-115.00361016634184,-118.99249250950083,-117.0099360081575,-117.3842180696879,point1,-116.99491180285601,-117.01847737074672,-119.42627016213335,1.162278640905243,-0.08381257193117203,-0.1269362636031035
HDOK,PLOK,17472,9,9,-128,-12,11,2,33,-116.82549735847205,-117.21063949823221,-116.18180025289438,-115.71878368296898,-116.82156704656029,-116.28243464809464,-117.82007096614242,-116.44246375174194,-116.5950890683333,-120.04482263158101,-117.8806221173759,-116.99638745827119,-117.15795621980888,-116.86595054511936,-116.44383669316197,-116.03848543822303,-116.86723214147204,-117.12570400903826,-115.26611788400118,-115.39221232991945,-116.46623582844815,-116.30794467710493,-118.41814452722166,-117.18020701865335,-115.29245571754329,-117.05178855871162,-117.5377357504421,-116.78990832440483,-117.29494020754609,-117.09347005924798,-117.99506732528353,-116.69330003056142,-117.66069156854422,point1,-116.90180494954922,-116.86595054511936,-120.04482263158101,0.8601578175251605,-0.9150000551368358,2.8645784380234294
HDOK,PLOK,17472,9,9,-128,-12,11,2,33,-116.85419373917685,-117.65323438964799,-118.30875503249368,-118.84033272085254,-115.9959350721109,-115.63085432670522,-117.76748714028011,-116.41150278982789,-116.43872826066612,-116.84486191508637,-116.28705653957923,-116.98696201987802,-117.14903454226885,-115.54863962933682,-116.33611717711183,-116.73759877477508,-116.20703115524843,-115.41950717087157,-117.3452226819466,-116.98720857733035,-119.56504403768275,-116.63192163872638,-116.90857439230753,-116.60276752175459,-116.4806789408637,-115.94396269280857,-118.43602591570257,-117.13112977793013,-116.05796622044988,-116.15419491755225,-117.42071487177603,-117.47823278488826,-119.48768711789249,point1,-116.9711868025918,-116.84486191508637,-119.56504403768275,1.0488692984128896,-0.965409074887328,0.6733652038772697
HDOK,PLOK,17472,9,9,-128,-12,11,2,33,-115.37839076077579,-117.21321154182338,-116.95095986526714,-117.44413344920879,-118.8647977798338,-116.945649148506,-115.927929779653,-116.92438357266651,-117.61782779886225,-116.64405283477731,-116.58188916675641,-118.44531595377433,-117.50917297716204,-117.90872304838966,-116.28541474496365,-118.66947910584462,-116.7024350609541,-118.04979430495045,-116.56802651355073,-117.30266446926443,-119.38914096753517,-116.50884939075397,-117.99740351659246,-117.61155726584849,-117.10927739038031,-119.34509784947095,-117.45595625580766,-117.46617478974127,-116.14922559301996,-118.96347974856802,-117.49575164984736,-116.7863987795895,-117.0116495815454,point1,-117.37043074714195,-117.30266446926443,-119.38914096753517,0.900941808712138,-0.39570633658103305,-0.08700892036685115
HDOK,PLOK,17472,9,9,-128,-12,11,2,33,-116.77424150759941,-119.15657571622607,-117.37818138705961,-115.52164057252553,-117.18059581043478,-117.45260121718974,-115.32892904918918,-117.31792542651876,-115.5044009735842,-116.53062236220113,-115.59088920898246,-115.05052594827073,-114.41481979261056,-117.58685338614288,-116.68260655515088,-117.00519184420423,-116.18978959432141,-117.11500855104379,-115.61958764200918,-118.1707235495033,-116.24364495711848,-117.09128377001251,-117.42737644370449,-116.055675135206,-119.20589618941479,-117.86575942629901,-117.13253049280374,-117.25245431596224,-119.24507250529467,-117.45387951019528,-118.39600329456573,-117.85138565165674,-116.57189946677369,point1,-116.95044155314469,-117.11500855104379,-119.24507250529467,1.3591680371256456,-0.03073804870344254,-0.16942130596343175
HDOK,PLOK,17472,9,9,-128,-12,11,2,33,-115.85206886508743,-120.41734749374413,-115.64406941531492,-116.27083133825856,-117.37753479976833,-116.28826269912653,-117.9985863169232,-116.66409169307032,-116.7062403125097,-118.72388776071544,-115.58158663144319,-117.94382110971341,-117.48445513686133,-117.80996259945398,-117.96099104976135,-116.65783289118187,-117.41621240726057,-114.99581411734826,-116.63111590135328,-117.66392738406849,-115.30373818092221,-116.69731211955391,-116.81389437195087,-115.50666438814632,-117.62795614412946,-117.41409773916877,-118.22245902040287,-116.56735923768642,-115.98847722186662,-118.34837702477974,-117.06105210764728,-115.69174024224546,-117.56575563532344,point1,-116.99689464717538,-116.81389437195087,-120.41734749374413,1.277019801153425,-0.5850509349202977,0.9989275528339587
HDOK,PLOK,17472,9,9,-128,-12,11,2,33,-116.35372538593764,-115.24207518291558,-116.10826423304333,-117.10431439532604,-116.66700477701715,-116.86343280459988,-115.92938732741538,-116.03153685488141,-117.24276894770681,-116.01558082627866,-117.93061036786455,-118.35722111056366,-117.3460324955197,-117.19842777188083,-119.1441345685487,-117.20240893421008,-116.16248595170563,-116.24116190036105,-118.29049788807848,-117.32149740770683,-115.58604825862889,-118.02207630995524,-116.13746233617923,-118.40259419392824,-116.02029057911707,-118.90137646298899,-116.5800010034221,-119.4592537081091,-117.14800526693088,-117.73499851681593,-116.74476228125081,-115.83497362047233,-116.63148741997732,point1,-117.02896663907083,-116.86343280459988,-119.4592537081091,1.11377050654516,-0.5811046987484442,-0.3881592596686536
HDOK,PLOK,17472,9,9,-128,-12,11,2,33,-115.52251827266905,-116.8528437672974,-117.57924937207525,-118.42573371196897,-117.0555241227075,-115.23178525056379,-115.11239900068979,-114.88330522066103,-116.97086417984487,-116.65403155583247,-117.14771117437643,-116.8640256412378,-117.68164300803433,-116.4216583814573,-117.39868268302115,-116.80830999823927,-116.88782839831697,-115.90003166348276,-114.98182771802492,-116.81576174621969,-118.6116481067664,-117.49378997207597,-117.70796825694991,-117.32133935870536,-117.01227253933772,-118.28213231729583,-116.29852131183821,-119.90589012747083,-116.97414164939912,-117.51775129905522,-118.63865742090654,-117.89069037531897,-117.18752456779352,point1,-117.03145642938283,-117.01227253933772,-119.90589012747083,1.21232921834672,-0.02801708053005062,0.5277063067978358
HDOK,PLOK,17472,9,9,-128,-12,11,2,33,-117.73068682933233,-118.06880645548105,-119.18465045940023,-116.43232492142293,-117.03490620491125,-117.21609500859856,-116.8238533328619,-114.42783539128152,-116.17578189108883,-116.02632821712265,-115.27164858305397,-115.564088964735,-117.28457362009215,-115.68410127338056,-117.0197074213199,-116.1833975756805,-117.23914814616263,-116.96431583691707,-116.4877966365892,-119.5069585853453,-113.88108457552896,-116.4724953775288,-116.31071098991016,-115.56435985958557,-117.30871897960985,-117.36951738143183,-116.75652574075079,-116.64314054242126,-118.29523413079413,-115.2392157613054,-117.51745197492438,-117.55909296037639,-116.57782447639605,point1,-116.7218902456164,-116.75652574075079,-119.5069585853453,1.3688721873909353,0.006579594071057497,0.7857529966397281
HDOK,PLOK,17472,9,9,-128,-12,11,2,33,-116.53786286054739,-117.52750260715824,-116.2841202873196,-119.2011167393674,-117.25748358962343,-116.45113210030131,-116.12889482157455,-116.48157596640517,-116.45421658194081,-117.95096610752172,-116.5375161942351,-117.13620891108991,-118.40481643759318,-117.76264840462278,-117.15692697942899,-116.26906787403942,-117.04130148211752,-116.6245630406582,-116.8899282170082,-116.39008609902497,-116.47751101511193,-117.56716079744899,-117.78466900581374,-117.25098356759288,-118.73292111645996,-117.39632467865484,-115.55958031830423,-116.55568083700565,-118.74285813649462,-116.36802500609578,-117.2490798372262,-115.99037633045786,-116.64173631009822,point1,-117.05469218964674,-116.8899282170082,-119.2011167393674,0.7143478930681282,-0.8093675044973531,0.2285213880236383
HDOK,PLOK,17472,9,9,-128,-12,11,2,33,-116.66587035063776,-117.88115260320966,-117.63059105229921,-117.92644945288578,-116.83220419488788,-116.47656361960458,-115.56992660520977,-118.73579286040658,-116.29386334602226,-117.21264770977665,-115.19676770874347,-116.59085994592651,-116.8209984700834,-114.96695071086172,-117.97629005038777,-117.34797261347148,-116.87110081712602,-118.40664849788811,-116.1834971040775,-116.47855799473501,-116.79436701642072,-117.55576626400985,-119.60936236716367,-114.83109532015372,-116.13550189360566,-117.4803066536056,-118.67642576548816,-118.91899522078434,-117.64295263720841,-117.31999053330739,-116.35742493358086,-118.18326962795722,-116.98247961191888,point1,-117.10765586525592,-116.98247961191888,-119.60936236716367,1.2400693956947337,0.00837253693101832,-0.11222794648718004
HDOK,PLOK,17472,9,9,-128,-12,11,2,33,-117.75933559312305,-116.99522377231514,-117.47911614883652,-117.46818750535354,-117.23410376920863,-117.31883598265962,-116.14435939794477,-116.80846194690787,-115.5483660053455,-117.54429868412038,-116.46068858436001,-116.12123372692258,-117.70850473668222,-116.88733341376363,-116.55887942992915,-118.27720992085416,-116.25787028174463,-117.20864709024923,-116.09687972579137,-115.6075870184363,-116.08975045018218,-116.14175884687751,-117.31837147531024,-114.9143688057107,-115.7965455425045,-119.08681562831995,-116.78575722794037,-120.35906243379536,-117.30272132487701,-116.90861404816155,-116.90874325019297,-118.17781752033412,-119.04632938437055,point1,-117.04005389918561,-116.90874325019297,-120.35906243379536,1.2086432169799544,-0.8388467597873412,1.4502395400523471
HDOK,PLOK,17472,9,9,-128,-12,11,2,33,-117.17807866407139,-117.76726430324825,-117.32797998182555,-116.04658431707253,-116.55818751544079,-116.69157290088225,-117.95239589978401,-117.24610801287858,-118.23049553585109,-116.64701696198426,-115.3053096895612,-114.87058729346134,-116.13564240952019,-115.00016964448326,-116.69432875035567,-115.62268813120512,-116.82570791363698,-116.40984393126568,-118.70615378887544,-118.55471555980955,-116.5181216867975,-118.05200244772257,-114.6176911112938,-115.73394316312009,-115.9004068616801,-117.34472263650974,-115.62899081032985,-116.66282187756279,-118.79963370619198,-117.22291129048902,-118.54885612176048,-116.61385910438302,-116.39794493068194,point1,-116.78220415011322,-116.66282187756279,-118.79963370619198,1.2410816289057847,-0.06646580689717656,-0.6323332844991114
HDOK,PLOK,17472,9,9,-128,-12,11,2,33,-116.02355478694687,-116.87459852308841,-116.48897205438091,-117.71042816697542,-117.16558967899611,-116.01544948148195,-118.03580075577817,-115.89113377916205,-116.95746852947674,-116.9590893034481,-115.76240017102423,-117.72943371196041,-117.12755914966228,-114.95256195790063,-115.99619280961122,-116.17849868734102,-118.28944267356074,-115.99354636566467,-115.2468509727944,-116.70931785628981,-116.9743645781079,-116.77689881692264,-118.19591358768585,-115.44677629197845,-117.7823327924568,-118.69076502045026,-119.2816242788125,-117.00655463484033,-116.83965624091698,-116.78594717787138,-119.10637443451903,-116.54878719424161,-116.90008563088193,point1,-116.92254454834033,-116.87459852308841,-119.2816242788125,1.0884708628404176,-0.41651179308497316,-0.12195727261809841
HDOK,PLOK,17472,9,9,-128,-12,11,2,33,-118.42988127997822,-117.90289696800389,-115.74784376224598,-117.16391612603599,-119.40174754586573,-114.6602991234655,-116.20739545410926,-116.68553634230649,-117.46793265132618,-118.10208770794151,-117.8454202444262,-116.3184593327374,-116.15511257775059,-116.22468022449559,-117.36480802027283,-116.1110389507976,-116.13282074106475,-118.4013672996314,-116.99734080230962,-115.61065103211092,-117.67316122655542,-116.67099226937444,-117.67846932008656,-115.03709663589878,-117.47384949462881,-117.2599004936721,-116.77213252034606,-116.87910469611806,-118.19713889348331,-117.47340865212979,-118.24484533068996,-118.23158234637047,-117.31706715954249,point1,-117.08606015835674,-117.2599004936721,-119.40174754586573,1.0828665687892405,0.2487934576778806,-0.08468840153739032
HDOK,PLOK,17472,9,9,-128,-12,11,2,33,-117.07258127966078,-116.64194640556282,-116.07966724046265,-116.58373643232008,-115.94174178179324,-117.00630264264237,-116.81865320219583,-116.3953502227269,-117.70985764303853,-116.87590233931346,-117.15638708059602,-116.44409470839608,-116.55808133075145,-116.95160803745678,-116.33528382727138,-117.90881551983168,-116.46151583074348,-115.9724756194756,-115.59587954903664,-117.53052711009269,-116.87012704756462,-116.80857973891247,-117.30621122603326,-116.79791202428538,-116.68805723751386,-117.56030237160219,-117.87938323499714,-117.22688334888625,-117.07898739620062,-116.5781751034965,-117.24568527068476,-117.14581342497426,-116.900926054957,point1,-116.85234700859019,-116.87012704756462,-117.90881551983168,0.28998523798261905,0.09661930718268896,-0.018099623393523778
HDOK,PLOK,17472,9,9,-128,-12,11,2,33,-118.39282405145678,-117.27430188573726,-117.82201230869045,-117.18876901020226,-117.200081738189,-116.48787713849403,-116.18464354667007,-114.52688899966316,-117.52687535677015,-116.86239307906368,-117.6453307999317,-116.63924900528703,-116.98007782173485,-116.96646989632963,-116.10308525958989,-116.27408997124036,-116.80400509254561,-117.75591971493526,-115.45155319484718,-116.98320035381306,-117.50696398362682,-115.81736827630928,-116.4396609064816,-116.71816980155648,-117.6000985993722,-118.57301835997664,-116.31083373010803,-117.04619947157036,-118.57489973185076,-118.22039501300046,-117.60414580038909,-118.63570693684748,-117.22173493967485,point1,-117.07087405381685,-117.04619947157036,-118.63570693684748,0.8256971511738724,0.4213105985742124,0.6323272017558716
HDOK,PLOK,17472,9,9,-128,-12,11,2,33,-118.80973323413055,-116.98328968481272,-117.21188598863827,-116.36960243644981,-115.77812559714074,-117.5523971172404,-116.72889192467156,-115.29673630812331,-117.9472774278263,-116.32313549295465,-117.06147313559988,-116.99554586663028,-118.46786653107833,-116.95778297484301,-117.13354936919346,-117.14310321632944,-117.26148905966417,-117.59060793066459,-117.01824246007527,-118.1890317128145,-115.50327308558491,-115.6406571014797,-118.21682285289509,-116.58895072332672,-117.50104743938178,-118.56131855625331,-118.97634403826588,-118.51569540719412,-117.66653485932926,-118.66552554070589,-117.6345413785633,-115.04708665682696,-117.14593890687541,point1,-117.22677284895646,-117.14593890687541,-118.97634403826588,1.0383158764861857,0.3088168190803841,-0.4135203067814741
HDOK,PLOK,17472,9,9,-128,-12,11,2,33,-116.88729898414182,-117.8966418579526,-117.93322817735813,-115.92877449238719,-117.02642664876562,-116.92137224618804,-116.88591023944718,-117.10879206640757,-118.38418027584319,-115.87902441917979,-116.9065385508555,-117.89940000070898,-117.6447893869666,-116.33614725660355,-116.7678774080098,-117.39182611943491,-116.83669144014938,-116.748012529013,-116.81272589161341,-117.62405546370131,-117.25567431685944,-118.2232480583141,-118.31674366328464,-115.88652461202553,-118.00889267111458,-116.70514121371383,-115.93951084838713,-116.91189402779892,-117.1304134575391,-118.73484051193519,-116.7375620757289,-115.25375164951788,-117.76807192967318,point1,-117.11187825729151,-116.92137224618804,-118.73484051193519,0.6524228457784156,0.1126984774168132,-0.28848969195123875
HDOK,PLOK,17472,9,9,-128,-12,11,2,33,-117.0503618801163,-118.38730225601024,-117.70534847600594,-117.07517567436616,-116.93213081210426,-116.31648857447944,-115.17687991126854,-116.5825654791419,-116.50299231331161,-117.83358317666159,-117.11859472920689,-116.15581270885585,-116.58614009655982,-116.50682894927469,-115.24379773375234,-117.17426346031377,-117.18830837508838,-117.3041341449132,-117.72964618569148,-117.17381854540065,-120.18404395439646,-116.67006717948902,-118.4048929975682,-118.43001142451628,-116.31959186771834,-116.4721580622864,-117.34919575775314,-116.79973748790903,-120.13099480041822,-117.72459548155138,-115.64711918613993,-117.39128747041565,-117.43704668797193,point1,-117.17287623759567,-117.11859472920689,-120.18404395439646,1.1810294892809061,-0.9187999759069528,1.8936854478085139
HDOK,PLOK,17472,9,9,-128,-12,11,2,33,-115.49808790072042,-117.23911875119718,-118.00193490566649,-116.76949857036644,-118.92828983713952,-117.14136436358967,-117.29398645948504,-118.10339383096985,-115.81143227987552,-116.20555073542421,-115.97209937362642,-119.04775559069752,-117.36687839611588,-116.93190423866227,-115.85367799070092,-116.34183961741489,-117.17226080797582,-116.00244068376185,-115.43479610442627,-117.47673820407981,-117.46289754942973,-117.20290005984043,-117.84101557612931,-116.77303230492736,-117.25318294003772,-117.53647546637704,-118.07458910776016,-116.47062337616276,-118.97410718647286,-117.69772844581779,-118.8950274146892,-118.1962292634822,-118.33294783838426,point1,-117.25163045973957,-117.25318294003772,-119.04775559069752,1.0057174658877284,-0.010002969623568793,-0.7094543279297572
HDOK,PLOK,17472,9,9,-128,-12,11,2,33,-116.45220227755223,-118.4464573265316,-118.6421389108238,-118.28603319112399,-116.89578170885848,-116.50809115759706,-115.95635912279826,-115.09341050463615,-116.09777002160992,-116.13143899255142,-115.70775664178187,-115.62567366283388,-116.75174508165914,-117.66942321241362,-118.11006373267949,-118.65784218097068,-118.08917408446479,-116.73828620407399,-116.48214133711764,-117.80095192087332,-118.31573472124362,-117.40967444819944,-118.3729289243749,-115.51128224553892,-117.6625970785682,-117.21041313632135,-117.48852251860511,-117.91660016178719,-118.07954406110053,-117.78922918514853,-116.39363178686644,-116.84694872763608,-117.52140826494278,point1,-117.17155322828133,-117.40967444819944,-118.65784218097068,0.9861920062593159,0.3076356010766171,-1.0130094059810033
HDOK,PLOK,17472,9,9,-128,-12,11,2,33,-116.56130645575182,-118.2263654800918,-117.12942358182657,-118.3764612775103,-119.23805751125393,-116.60969671230463,-117.37501164395633,-116.18971580257623,-118.444754882771,-116.1275228144532,-118.74183687758205,-117.7250288006074,-118.09108590165327,-115.92962795672264,-116.61310982691245,-115.81611323567752,-117.13712579567283,-114.29519688395962,-116.84098902693901,-117.64432320511987,-117.18315139112262,-115.81333599853293,-116.68205479461973,-117.61179469596725,-117.48258994910037,-117.89505036537828,-117.15101825770812,-116.15355085388086,-116.74410661609461,-118.24940979047716,-118.5678705777057,-117.26366718078316,-117.38058628748132,point1,-117.19063455855135,-117.18315139112262,-119.23805751125393,1.0432513309641551,0.3996434486649199,0.5667190066978698
HDOK,PLOK,17472,9,9,-128,-12,11,2,33,-117.77396173170682,-119.06798103971447,-117.15059646033839,-117.49195146468033,-118.46461951775181,-115.87563838901708,-116.75603682575958,-116.35048821706295,-116.83738728416786,-116.36914545398749,-116.98520562247025,-116.41387491235243,-117.36702578215301,-117.00718773238155,-118.43809181379564,-115.67817879208721,-116.58240101572802,-117.52573263823591,-116.49065954656488,-116.92890490200186,-117.12526074179976,-118.87742476791401,-118.01206117265271,-116.2906109176946,-118.13721987789727,-118.72438983399392,-118.28092860256054,-117.47110711162388,-116.67682202086857,-114.88160708311044,-117.7231991099941,-118.07529025639313,-117.56091230524011,point1,-117.25430008920304,-117.15059646033839,-119.06798103971447,0.9125379152008931,0.1492620746260189,-0.1497847662823646
HDOK,PLOK,17472,9,9,-128,-12,11,2,33,-117.01815872463163,-118.93978885194129,-117.31568154441374,-117.89828200617745,-116.08500649658804,-116.74601865856145,-116.21334745316265,-115.20929800481014,-116.43351033533874,-115.39395077060112,-115.79010309048556,-114.96787399413839,-117.0812347314323,-116.24506846107553,-115.80762247375553,-117.93332637022968,-118.22752524416174,-117.01024070277667,-118.53376277498207,-115.80913982434903,-115.53352693325165,-117.24389627289973,-116.04167024744079,-117.29674818288031,-117.77279890678105,-117.71655437134775,-115.22535189982979,-115.81264233763599,-116.08565575457939,-116.83831501987054,-119.62726842538979,-119.09696125590729,-117.96278672882636,point1,-116.87615505606833,-116.83831501987054,-119.62726842538979,1.4395916144118066,-0.437319042030099,-0.5831906968514096
HDOK,PLOK,17472,9,9,-128,-12,11,2,33,-117.5095615013941,-119.24337583366543,-118.0402550549003,-116.37962768228546,-115.99701143194125,-116.28248336454264,-117.57850473772335,-116.61545356411848,-116.66843695733351,-117.2711203801935,-116.92044251060383,-117.56192291415991,-117.3296628186143,-116.5452076842764,-118.64000237819228,-116.6678685041756,-118.77296333778492,-117.6527646499585,-118.1751547043054,-119.64644416452678,-117.08434831090491,-117.1409345792638,-116.52261778612383,-118.08508048264329,-117.24023531589715,-117.38509846274883,-118.3968297468453,-119.1419507813759,-118.61835137989223,-116.50799297178125,-116.41908543542924,-115.74268604415725,-116.90200165148818,point1,-117.4147114279772,-117.2711203801935,-119.64644416452678,0.9584466429592331,-0.5274338321687078,-0.4876623681245795
HDOK,PLOK,17472,9,9,-128,-12,11,2,33,-116.87434453480881,-117.38256927307573,-117.88619624808723,-117.34770897230638,-116.54083218399161,-115.69106015996414,-118.40480610369622,-117.40180913988151,-115.81148251688893,-115.84100913737038,-116.32123652098635,-117.84292263902708,-116.02745807951894,-116.83531278785841,-117.83175654731967,-117.77358453707255,-116.17009620614391,-116.92653206857162,-118.1824627836661,-116.3918233835263,-116.87798414706396,-115.6375477873917,-118.18172276762303,-117.98545146063547,-117.86628314707795,-117.62173368224077,-118.55155656889417,-117.89150936309146,-117.14590693654252,-117.25848806834736,-117.43036060230526,-117.11537320542647,-118.50624623760831,point1,-117.19864144842452,-117.34770897230638,-118.55155656889417,0.7154891162582526,0.3195933772170202,-0.9326960280170327
HDOK,PLOK,17472,9,9,-128,-12,11,2,33,-118.09247827213083,-117.83554082384464,-117.4794260921765,-117.0182361048354,-115.73095816813172,-114.84755948266859,-115.32778025876335,-117.9577999201561,-116.29559843416479,-115.9726494976818,-116.02754564154851,-118.7368923149098,-116.95208428653294,-117.03727255011763,-116.93309733403179,-115.17702175986535,-115.8824935576021,-117.96423687798445,-116.33904135940756,-118.52267682564194,-119.73701848225822,-117.30040672745473,-116.59739129577999,-115.92218709660729,-118.62139182643435,-117.27590080052339,-116.63934065029764,-117.06718280389366,-117.11548491598936,-118.86222784574987,-115.83161973253512,-117.45588437111314,-117.08046038930529,point1,-117.01929959091325,-117.03727255011763,-119.73701848225822,1.2924769417107924,-0.25282512848256616,-0.2802360700225761
HDOK,PLOK,17472,9,9,-128,-12,11,2,33,-117.70346820832731,-117.44868661096936,-117.06644840299147,-115.17573150106821,-115.21179984711011,-117.61011101530949,-117.304239416742,-116.40402806100289,-116.14618518709405,-116.3403408549904,-116.1157832734136,-118.22634340640931,-118.70843592858678,-116.92365841947071,-115.5103624551693,-116.58243669041312,-116.77712600641449,-116.44867977933345,-117.65836451579395,-116.78804655195475,-116.07571190895227,-116.03360290823771,-116.90310131854112,-117.53972755724858,-117.12476721256475,-117.83163849006529,-118.67384791243987,-117.06653879507628,-116.47863630560941,-117.69756083874871,-118.91138984074122,-116.42219471418301,-117.48198385470651,point1,-116.98154478150545,-116.92365841947071,-118.91138984074122,0.85500366731117,-0.12195064509264661,-0.23754180307062533
HDOK,PLOK,17472,9,9,-128,-12,11,2,33,-115.75177267457758,-116.96938994262314,-119.90329069264696,-116.3052533011648,-117.60865834424617,-116.3436882230583,-115.90349111319158,-117.23797442199174,-117.11236925726668,-116.36022898524271,-117.78559053574844,-117.62274935050193,-117.09553173200257,-115.82754509602101,-117.58806367354487,-115.32598642979868,-115.91807778070142,-116.2645879103714,-116.916200512314,-117.35559856102282,-116.66241655516534,-117.23766098812764,-118.71070023875018,-117.56806863956747,-116.09263750513823,-116.16568617685402,-115.81659621387489,-119.3532475474427,-116.34356954899683,-117.22564717403675,-118.24960975393142,-116.04610234570157,-116.66209040038456,point1,-116.94939641290934,-116.916200512314,-119.90329069264696,1.066509719493,-1.0068137054603759,1.0661469696813595
HDOK,PLOK,17472,9,9,-128,-12,11,2,33,-117.1129023853823,-116.23921804179025,-116.2997843542154,-117.07819397452676,-117.86785203927786,-117.88735046032252,-117.01584139821523,-118.94638830355451,-115.92762570450624,-115.95176092350782,-117.08908507286523,-116.1011311345574,-116.08499555910693,-115.46157353667063,-117.79029956083878,-116.46129345867591,-115.88775265637736,-115.74721329884751,-117.82850678906519,-117.52355487743618,-116.51056769846203,-117.73026056975975,-116.62192236851803,-118.61034771697365,-113.9547055160026,-116.48836529352046,-116.02892474834783,-115.98819671882791,-117.00268885461239,-117.9890982503783,-117.58403116616407,-117.32062741770658,-117.25142112177986,point1,-116.82980245366042,-117.00268885461239,-118.94638830355451,0.997229434761137,0.3067832008585857,0.7786798135860455
HDOK,PLOK,17472,9,9,-128,-12,11,2,33,-116.74941058335487,-117.28366010148177,-118.94029311078437,-117.53776431061243,-115.38197704867963,-118.14902331883454,-117.71851777733293,-117.42931412284945,-116.37036118853668,-116.93876899749576,-117.3308248283143,-117.82655782610249,-116.71194419847014,-117.49035971012614,-116.20905778012074,-119.53632376280193,-116.83956795992184,-117.84977257998241,-116.27987586020569,-117.15216626258331,-115.22529676826944,-117.1791204618357,-118.5414088119475,-115.88985904594546,-119.70386680954402,-116.90543193714913,-119.26320295174577,-117.94208859251152,-115.71958141136558,-116.97300162342128,-117.27104356531784,-115.97160864581012,-116.69397037469064,point1,-117.24257643418622,-117.1791204618357,-119.70386680954402,1.2043315683002975,-0.43313158170810956,0.02524048429361736
HDOK,PLOK,17472,9,9,-128,-12,11,2,33,-117.21592036249432,-117.37681999018073,-115.44654720897923,-117.42471254324018,-117.13522901132403,-118.83026158005556,-116.61675619593387,-116.66858396976994,-117.17008723183744,-117.43978557237278,-116.10357387196757,-117.20703767338586,-116.18665490970034,-116.40943753011659,-116.27221619116553,-116.65414250778183,-115.91820208345497,-116.04707392396757,-117.19074391970578,-115.71006451889109,-116.08732516347516,-117.14057704446914,-117.00174776115327,-117.27336781495974,-116.65814393814426,-115.85699831355277,-117.14272238769517,-116.8129966040821,-119.40362098653274,-118.2843911596017,-116.38684886002346,-117.37750428113966,-117.65567278368131,point1,-116.91229599681321,-117.00174776115327,-119.40362098653274,0.7103583018130606,-0.869915469478564,1.4161023158204187
HDOK,PLOK,17472,9,9,-128,-12,11,2,33,-117.20232373776773,-117.90453360149512,-116.08836178300047,-114.56070723512396,-115.99885240106994,-116.90152330236918,-116.91620171432523,-116.35024553439312,-119.08013165859073,-117.6156260562734,-114.07939277453809,-116.5855325028196,-117.08826678111063,-116.62496898055576,-118.50649235165163,-115.94499720011422,-117.04072875390446,-116.93038952625056,-116.99034287039578,-117.89573413310778,-117.29242641922957,-118.54757680350113,-117.14444658729991,-116.24789980942663,-118.06452363816737,-114.97905010335401,-116.33004227039417,-117.47375468439348,-118.14472574882419,-118.98227155821276,-116.29661697893599,-118.32134957813352,-116.72114768337752,point1,-116.9954904473366,-116.99034287039578,-119.08013165859073,1.31346989153773,0.43811486925359144,0.4164668031870047
HDOK,PLOK,17472,9,9,-128,-12,11,2,33,-118.71379569850453,-119.2925954025591,-118.71978014381502,-117.40222965585053,-118.21991623563949,-117.67398197156155,-114.35553430103162,-117.75728967299939,-115.87064604621973,-116.95256985364205,-116.96915438388173,-117.6007313260791,-116.85941235016074,-116.56682209215903,-117.31422525524928,-115.41638628193613,-117.46154089325391,-116.78674048314174,-117.80969593113836,-116.12133040240494,-117.05032243453782,-114.9639343353516,-117.62812406794549,-115.91943588975695,-118.49544468482341,-119.68382165573082,-116.57965211385783,-117.0394020097418,-117.63259848885674,-119.13573109500756,-117.42472559135014,-117.94348458373074,-120.23717789577907,point1,-117.38176464326357,-117.42472559135014,-120.23717789577907,1.6360883952266496,0.07132916642027022,0.3035513740281668
HDOK,PLOK,17472,9,9,-128,-12,11,2,33,-117.35992336366492,-118.53395511855763,-119.40153981576319,-116.52715406453451,-115.83908121957568,-116.19098406430771,-116.51673325261102,-118.10326567824869,-117.93145169363078,-116.47775859291035,-116.34700759857047,-115.87575169861942,-115.86617075573717,-116.80804748150034,-117.05738600484743,-117.34983155324706,-117.25350230183311,-117.41422802690134,-118.47733553718622,-118.22585053832387,-117.405763572347,-116.73937151204397,-118.51953441157683,-117.81899916552265,-116.53110589482391,-115.48882780995154,-116.5337689615225,-116.62393483027951,-119.02443770817912,-116.1670121059133,-114.69683477604679,-116.82864467400539,-116.27546434163249,point1,-117.03668660983078,-116.80804748150034,-119.40153981576319,1.1153837066302519,-0.28846273203037265,-0.19867099595873983
HDOK,PLOK,17472,9,9,-128,-12,11,2,33,-117.5256674729974,-117.58127735402536,-119.19895445706103,-115.47587445476103,-116.92404683828049,-116.63511958636128,-117.28136097277745,-117.12409147279182,-118.06684056037946,-117.02669553086874,-115.24749519895444,-115.70697164145983,-117.99659156566437,-116.62940583280516,-116.46937309015189,-116.7032451206312,-118.94996666479753,-116.00820506868664,-119.0010357612427,-115.28389394005731,-118.2312354573636,-116.63145725724888,-117.08186030475265,-116.91061525035222,-117.15174916895435,-116.8219453396401,-117.29208055851886,-116.07145699970502,-117.70128290141548,-116.96959220372014,-117.12083368686527,-116.62185638443367,-118.32517526432997,point1,-117.08385616248653,-117.02669553086874,-119.19895445706103,0.9686816141070559,-0.22779161576133292,-0.034768274839063196
HDOK,PLOK,17472,9,9,-128,-12,11,2,33,-116.86548592041295,-118.81676286752209,-117.37930085876914,-116.66136443906936,-117.54573841768597,-116.70618601661525,-116.30007547570573,-115.74773768252082,-116.98290892619731,-117.91212598548753,-115.25324740017062,-115.68910448318594,-118.86414933881807,-115.36089876403477,-117.8135768198945,-116.88366945043103,-118.10104513432194,-116.12261035693449,-117.66311584939838,-117.09518293763152,-115.6457098251681,-116.66073744720212,-116.4846997911143,-115.78669938467941,-115.40931790863453,-118.77168306273724,-116.8946838443356,-117.03887289738917,-118.4665216418632,-117.17599413109632,-117.34809906122113,-117.87352467647912,-116.07599004181805,point1,-116.95141881328924,-116.8946838443356,-118.86414933881807,1.0333251577173674,-0.17304207352282083,-0.7428171969326702
HDOK,PLOK,17472,9,9,-128,-12,11,2,33,-116.28958959342404,-117.52466916615076,-116.55623326957888,-117.88315010833765,-115.41530409782249,-115.96247507590915,-115.80825459306911,-117.15287893522441,-116.95747839636489,-115.80590108370112,-116.34702125841324,-117.5136559944485,-116.76751866933091,-114.57831948891798,-116.82576297349569,-117.3201409428237,-117.89446053226354,-116.5686510734256,-116.6251832962892,-116.10682759980449,-116.10624578306137,-116.8828823796969,-116.93957343604657,-115.82420204447322,-116.07355695110894,-115.33086661581386,-117.73389858046599,-117.51187003551294,-117.56752602084978,-117.64032953287538,-117.94620805697537,-117.46948115883816,-118.47795783349633,point1,-116.76994165387912,-116.82576297349569,-118.47795783349633,0.7821540794642055,0.3204216032105491,-0.3435722697062378
HDOK,PLOK,17472,9,9,-128,-12,11,2,33,-117.82773755406822,-117.77276757920947,-118.00542237626803,-117.39397909822455,-117.48402273498432,-118.33452801998806,-116.27978078084949,-116.84510184755261,-116.77471515837378,-115.19341214470224,-116.57812224334668,-116.49300305001108,-117.54969155817348,-116.6399563366538,-117.32579442098024,-117.79882355539385,-115.78054324421501,-117.00646722933621,-116.96959615322795,-116.36415536882848,-116.82866810793398,-118.65179142165279,-116.12835443994304,-116.47335626564073,-114.92789048066771,-119.05453231992799,-116.57367010213324,-118.04097058673895,-116.24347876102915,-116.49958167782678,-116.91577257726334,-116.519594267619,-119.56922849722683,point1,-117.05589424121189,-116.84510184755261,-119.56922849722683,0.9987202685702736,-0.3811511892666382,0.4394422388668948
HDOK,PLOK,17472,9,9,-128,-12,11,2,33,-116.43117869463647,-118.45201899072909,-118.33974195344959,-116.8445683188038,-114.79259898394925,-116.18634937965048,-115.71687631923922,-117.28857866546386,-115.41558892006574,-115.73951121571001,-117.73275781736537,-115.86542413905377,-117.96461769197485,-115.07817689669822,-117.91577659437657,-116.31437792093658,-116.79542126452293,-118.92186938187143,-116.47162487653783,-115.13495994269886,-117.20955433332654,-117.32356707099318,-117.65834052423985,-117.07355002207889,-117.37827403636008,-118.61880209501169,-116.05989368502803,-120.46395930790295,-116.39112406649986,-116.64807240889,-115.66068338430699,-116.45042487339126,-117.58508287403363,point1,-116.90676808029689,-116.79542126452293,-120.46395930790295,1.5073947567507637,-0.6214921368992372,0.6444649002154574
HDOK,PLOK,17472,9,9,-128,-12,11,2,33,-117.41898145195708,-119.08756588414113,-119.92597227957741,-116.91906417840042,-116.92010886093679,-115.78502442571263,-118.71286681916105,-117.52922221654165,-117.48651769202604,-115.52551594927776,-116.73261616530397,-116.55854715720334,-116.01031029511283,-115.82819514773406,-115.208435571165,-117.70080574534552,-117.90865973809505,-116.59776581236262,-116.70839940310907,-116.1204879698641,-115.65788948754857,-117.82604602810075,-116.97583938283167,-116.71230313642086,-117.33869780182525,-117.88231521371917,-116.435434564166,-116.1746500645708,-117.86255550235649,-118.33181978192673,-117.69997981367476,-118.42101381905808,-116.64759976887031,point1,-117.11064264024535,-116.92010886093679,-119.92597227957741,1.138843349929869,-0.4746374680177904,0.10926239353524281
HDOK,PLOK,17472,9,9,-128,-12,11,2,33,-118.41426545278881,-117.6915611142172,-118.194158642627,-116.04808819801681,-117.0221783029014,-115.53884395178078,-116.64009252846715,-116.67450471219517,-118.43636604972129,-116.96575716668005,-117.4991713067672,-117.44001562172132,-117.17237343487568,-117.9945023959324,-115.54661625140842,-117.17638861969208,-116.25174239348213,-116.84015202001883,-117.56140063925127,-117.06059258882016,-118.68548906126861,-117.2625069779324,-116.94036068500496,-117.05643445893135,-117.38711303659176,-117.16059685663218,-117.218593892682,-118.82069277511731,-117.24834950608317,-116.82724241818266,-119.1088638461071,-117.60136382586364,-118.51656958351515,point1,-117.33342267622055,-117.218593892682,-119.1088638461071,0.7194477117673853,-0.035812656851950626,0.05374269432749568
HDOK,PLOK,17472,9,9,-128,-12,11,2,33,-116.82752941338383,-117.95431683500824,-116.30120858753185,-116.23785341468992,-117.1533054090367,-116.05784572493174,-115.71142747063581,-117.8350674467581,-117.41076718173737,-115.03852771654391,-116.53380645702713,-117.03575902379099,-117.38044654050064,-117.73796297559232,-116.41680572676317,-116.41342701690539,-117.63508867541721,-116.4982691109841,-117.01514593907854,-116.38574035341914,-117.65636685914416,-115.5689152706272,-116.87401063080617,-117.83410043621363,-117.45101639641818,-116.92710973088288,-116.34753742596088,-119.16909592582572,-117.87537492891593,-118.12401190885421,-117.84980973802803,-115.96129949217658,-117.83951592338265,point1,-117.00177168748404,-117.01514593907854,-119.16909592582572,0.7571114552980848,-0.0028279307400894452,-0.036247095470333335
HDOK,PLOK,17472,9,9,-128,-12,11,2,33,-117.17003692287227,-119.71135779917957,-114.99321100672555,-116.97484622626995,-116.80070207282056,-116.53707184007372,-116.4268428618436,-116.40883593114359,-118.58519701651045,-117.10645388666545,-115.9547769123168,-115.5205483149384,-115.90848847763267,-119.34767279563515,-115.83657028546527,-117.49272592015919,-118.43179150048397,-119.28321920335038,-118.5569502449678,-116.62982176974913,-117.24972287158634,-117.70326163245502,-116.76960029841283,-118.27350636718322,-116.05006546937943,-116.56879290770883,-117.76787591186981,-115.84438891204923,-118.0157720254638,-117.12838580092365,-118.44636026264101,-114.89042998815432,-115.78068170656144,point1,-117.09593833767252,-116.97484622626995,-119.71135779917957,1.5238777605150768,-0.3117860649965938,-0.597227105147093
HDOK,PLOK,17472,9,9,-128,-12,11,2,33,-119.78567659794616,-117.52996577198405,-118.1733672241921,-116.95643726729614,-116.39636860457905,-115.87440023001056,-117.27775278258773,-116.35789795622561,-114.84065301139314,-115.04289555398418,-114.68423755453826,-116.06300093798016,-115.87433628036524,-118.33211360107363,-118.17286104738254,-116.90225322108903,-118.02298913856814,-117.89519661620021,-116.92447086360343,-116.97099890835149,-116.07990899784593,-118.13007769967192,-115.8829058714389,-116.84278140362557,-116.57974096441815,-117.29397174531098,-118.92840956851175,-118.55066226760022,-117.8010247746556,-118.32766618757479,-116.56620443911459,-116.3787857011268,-117.57006728777122,point1,-117.06091151751568,-116.95643726729614,-119.78567659794616,1.3793607209518735,0.009153017513013716,-0.23075541493701435
HDOK,PLOK,17472,9,9,-128,-12,11,2,33,-116.8870521402505,-117.91721812464745,-117.25159911067523,-116.62474668894124,-116.94123424336114,-116.91449424369581,-118.36052746541331,-117.57488493405735,-116.14962662444385,-118.34138980006875,-115.45743296356112,-117.69352810266822,-116.54895568070363,-115.735467352225,-116.95639156298138,-117.48818398464803,-117.90764999046438,-117.39335624254996,-117.78916345208057,-117.69422036322011,-116.3605514859158,-116.41413355117932,-118.52444304095724,-116.64067945955722,-116.37267508326,-117.34354722833982,-117.3651463205487,-117.38403197684535,-118.18642631085669,-116.11919644740098,-118.2028199907147,-116.4176547369298,-119.0221727697961,point1,-117.21153337796848,-117.34354722833982,-119.0221727697961,0.7072370077310142,-0.007885197749645198,-0.5485619550305385
HDOK,PLOK,17472,9,9,-128,-12,11,2,33,-117.41704903156622,-117.6738688714784,-118.22350348264989,-115.79929571985357,-115.72976866632322,-117.39105929933254,-118.55885742298042,-116.46007803980211,-117.66065472774261,-117.22814656375185,-118.7156307869711,-116.94531235605619,-117.89610726893483,-118.05873420685874,-118.13596803442525,-115.74090142875988,-116.64564907068798,-117.05758885324734,-117.07169094949413,-116.56461547441491,-114.76162190317179,-118.63907808680878,-118.55870187972606,-117.33600377499235,-117.44045843774167,-117.40031648654339,-116.94257516054353,-116.48053155113712,-118.15866164675388,-118.25402198924867,-117.48367361137272,-116.54912813282216,-117.43997554518458,point1,-117.28543116549629,-117.40031648654339,-118.7156307869711,0.8586938998241399,0.6249904888792109,0.2904941232901592
HDOK,PLOK,17472,9,9,-128,-12,11,2,33,-117.68852849196846,-117.17480259363904,-117.74527444392906,-116.35455644584039,-117.6957997080546,-116.33041753521005,-117.19619023432756,-117.93637677827928,-116.52703944374807,-115.51838317297737,-116.89765324873588,-116.23225705058454,-117.03086546492179,-117.04649439744722,-117.26246978286572,-117.95037815291276,-117.61462800454221,-116.94372959215903,-118.0782153172272,-117.93719203820783,-115.94058869437272,-118.183137769189,-116.88722355297288,-115.8405793782677,-115.2694760369278,-118.60561116732279,-116.25484703758549,-116.93156060432675,-117.09417341395951,-116.98808097294275,-117.15214409915603,-116.69999216611326,-115.89072609636631,point1,-116.99695129960854,-117.03086546492179,-118.60561116732279,0.6395264227204125,0.1881463826711912,-0.47316858427189823
HDOK,PLOK,17472,9,9,-128,-12,11,2,33,-115.75485165245641,-117.94739634760565,-119.49111804804089,-116.90948705999351,-116.8194503438071,-116.11138393807533,-116.47996301114719,-117.10760845733634,-115.97642701355949,-117.39619399531013,-115.99237622324821,-118.89313816261468,-114.01903218749145,-116.14719396262936,-116.82181592405813,-119.02834858495062,-117.5094521649425,-117.31853550490861,-117.16968418671003,-115.90745992924516,-117.89866112227404,-117.24122647492108,-117.86146181270468,-118.31703920909666,-117.04380954598888,-118.30097309483713,-116.5879602602967,-118.05566566052251,-118.95858671801224,-117.63377329785943,-117.7172029567481,-116.24139721694885,-118.26525502406656,point1,-117.2401190634063,-117.24122647492108,-119.49111804804089,1.280599330430533,0.3468402511877191,0.635350363650955
HDOK,PLOK,17472,10,10,-130,-14,11,2,33,-117.71067245732868,-117.65796885103421,-117.36536449933327,-118.9729247201209,-116.79624324048163,-117.09258772040607,-116.66184121365161,-119.01544139778426,-118.01764299955238,-118.28673885956457,-116.79117863837386,-117.04409984652739,-116.52482419428858,-117.62468995119734,-117.78074221869191,-117.34446432940842,-118.23711919399265,-115.94677493856867,-116.55514261434769,-116.51697415742991,-118.5000545033054,-117.10393956347428,-117.87943780376544,-117.87618597882533,-117.18758052505916,-117.69110055286991,-117.38825503554513,-117.39896960055931,-116.8246468465911,-114.96515940471694,-118.88966043900864,-117.12364143380357,-117.8263534025925,point1,-117.41207336764248,-117.38825503554513,-119.01544139778426,0.7213315307564034,0.3525666661726503,0.9954849733219695
HDOK,PLOK,17472,10,10,-130,-14,11,2,33,-118.30086661705556,-118.7621802803145,-116.16575770221576,-115.77698006870571,-117.27902500324547,-115.57677056801953,-118.07740175261293,-116.7072463134278,-118.24891972092,-117.86869689527626,-118.47083913972139,-117.631194055182,-119.14021662882024,-115.06028834525776,-118.85656518377787,-117.91691129468336,-117.22188510022866,-117.22392057801027,-117.8887914092603,-117.38834152914066,-118.67926153577018,-116.63672772425171,-117.26715637207967,-116.91249304070648,-114.49069602024161,-116.21854098163186,-116.2396984195427,-114.80131092968882,-117.78859456457899,-117.40000661226557,-117.11651374915947,-116.53238703706825,-116.58611572046767,point1,-117.15855457252513,-117.26715637207967,-119.14021662882024,1.3512857463537493,0.474755056936065,-0.25039835193741045
HDOK,PLOK,17472,10,10,-130,-14,11,2,33,-117.12144079267695,-115.11305184993418,-117.76251176098297,-118.39128180599519,-117.49896987383818,-117.94546070284467,-118.3561968350725,-117.08777462164325,-117.36771819815397,-117.10201268681074,-117.50824465914513,-118.13619212660214,-120.62198311642014,-117.18631239443876,-116.28901923846075,-115.70542418041414,-118.25134378534409,-118.34738048949957,-115.5174529965109,-116.97451157930696,-118.4153632057313,-117.09478458052656,-116.42663158227435,-116.90806649703737,-114.80556686211233,-119.75430010725965,-117.55350160295308,-117.38859590429676,-117.1458420368558,-117.94478640579432,-117.60008204721244,-116.78425666940234,-117.29892109833078,point1,-117.37590855436008,-117.36771819815397,-120.62198311642014,1.3226415635927475,-0.229291234994333,1.5653359576001713
HDOK,PLOK,17472,10,10,-130,-14,11,2,33,-116.30100943833294,-117.80227205639794,-117.94769731225463,-115.47088298031463,-116.81536664431053,-115.7353764226223,-117.22078391165398,-117.08466477880998,-117.68801252008177,-118.09072498843892,-116.254673741416,-116.65550839570798,-116.99245950355173,-116.23230161702192,-116.74732445690086,-118.0623306871226,-116.69101137408218,-115.21563328242912,-117.21228791998229,-118.85870946840323,-115.51779086591797,-117.91849179312511,-119.12131420240028,-114.63827964132292,-116.35273826334164,-115.97294211398848,-114.93428786696597,-116.84389815476521,-116.95037447957897,-117.36960032158858,-116.02217388244641,-117.32003143363849,-117.95589291201829,point1,-116.84838931608891,-116.84389815476521,-119.12131420240028,1.1270486365251309,0.031237713726598015,-0.30371592716851037
HDOK,PLOK,17472,10,10,-130,-14,11,2,33,-116.05264265178916,-116.31791634088304,-115.54755021869914,-117.44555976628925,-117.1071238853234,-116.69965909766563,-118.22550890125734,-117.01792369229798,-118.04222937621533,-118.87963854299595,-116.80336136375696,-119.33048873784135,-117.34642227559229,-116.97676009152222,-117.21566979468754,-117.37430547973918,-118.07948369935441,-117.61506395505324,-118.66105325201183,-116.69645193766549,-117.99826841619915,-117.17471113604697,-117.51478740080255,-116.58355750824059,-118.49507682162768,-118.25024511964592,-117.7881229947832,-119.52038066306399,-117.85908626802362,-117.27897326575459,-117.82672132674514,-117.57108873842425,-116.16770098745933,point1,-117.49889496083205,-117.44555976628925,-119.52038066306399,0.8062965288177552,-0.17608614467687908,0.03311157874204218
HDOK,PLOK,17472,10,10,-130,-14,11,2,33,-116.93351138071836,-116.63143183264646,-118.42457871953948,-117.10864904050767,-116.64107929609496,-119.26927504425437,-118.62337158340485,-117.60302913542456,-118.40327599497904,-118.03157813300061,-116.67934802513753,-118.59646771516228,-117.73172832709606,-116.26473236645545,-117.35850520055246,-116.47253679228,-115.3989832097269,-116.93678466604379,-115.58017308774556,-116.55945712482365,-116.68908471609923,-117.84188254190134,-118.29770919629065,-117.18769807211511,-116.93656498004091,-116.71418805842745,-116.57421302930105,-117.36183026994335,-117.76526690769181,-117.72093643595667,-116.15742051465934,-117.78416467891617,-116.84629404450436,point1,-117.24623485216489,-117.10864904050767,-119.26927504425437,0.7811956627242006,-0.1651762461904047,-0.2547946435036059
HDOK,PLOK,17472,10,10,-130,-14,11,2,33,-117.30296599879232,-117.94477763541185,-116.64564191008387,-117.29254392696124,-116.85750045048451,-117.08384198471146,-117.43517362605091,-116.42769448863176,-115.10517370979129,-118.65436223776628,-116.21719633992461,-118.31740328871045,-117.70856213993811,-117.97181025901591,-118.02520731601622,-118.60106598288637,-116.79171144698266,-117.49530474111386,-118.55780513111898,-117.88203832305129,-117.7420086758427,-117.64758577986446,-114.05047385255746,-116.90718979933496,-117.83832080447769,-117.26138230420798,-115.95522013054746,-116.50948726279826,-116.0800809125511,-117.2768426952082,-115.78575618732094,-116.92959891917536,-116.57926625717475,point1,-117.11760589450017,-117.2768426952082,-118.65436223776628,0.9961866769958985,0.9136077485552553,1.4006066605205816
HDOK,PLOK,17472,10,10,-130,-14,11,2,33,-117.08088720760495,-116.90427248907702,-117.27004079052269,-117.52462955100971,-117.3699574443855,-117.84294235766826,-117.63597951404691,-117.16239325906143,-117.89790001285296,-117.08070147615943,-116.6877196173954,-116.97707237737261,-118.95653472197493,-116.8127081418018,-116.18750049448218,-117.18798974730659,-117.86550776957235,-118.90800392503277,-118.92129263409134,-114.46986136646956,-116.7456077589865,-115.90027714446816,-117.96719072205538,-115.96078894479542,-115.92406812123491,-117.82451702308107,-117.30934150483445,-117.94748193760336,-117.30897551911848,-116.46285555042282,-116.04406296537381,-116.29475253921316,-115.83889334486702,point1,-117.09917296890737,-117.16239325906143,-118.95653472197493,0.9252496742171947,0.2208803840777808,0.6187751521096678
HDOK,PLOK,17472,10,10,-130,-14,11,2,33,-117.85664457650388,-118.89579677630107,-116.81708480080263,-117.97210645099001,-118.51572790776753,-117.77246905271562,-118.43860665609377,-118.16427240007673,-117.2085009049025,-116.47263269840211,-116.63161519163407,-117.2888652778181,-116.63152003918641,-116.13050331861255,-115.78513730414018,-116.5131644565309,-116.07773591520592,-117.84642630212402,-115.68744023240797,-117.14597112959176,-117.74555223135104,-117.28994036241734,-118.28367420657844,-116.82634646544435,-116.37476219891909,-117.64941253964332,-118.94373399438146,-115.86137916142701,-117.70543401287833,-117.90626113681776,-118.25117466029886,-117.0232408381026,-116.4631997038153,point1,-117.27807069405705,-117.2888652778181,-118.94373399438146,0.8154145634425329,0.00750837644376307,-0.9825557548471071
HDOK,PLOK,17472,10,10,-130,-14,11,2,33,-117.48806247402052,-118.52654131130372,-117.1600598053618,-117.67845107522538,-117.38050127924859,-117.48405522645197,-116.64535728601355,-116.91944236790223,-117.62370265549096,-117.24629631873744,-115.70139280470572,-118.47387005092328,-117.13739521051436,-118.75293382271035,-116.7406879918081,-116.3463274632972,-117.38229924296492,-116.58284643891636,-115.98633629258457,-117.50298255743927,-117.41266251397903,-117.12982387771122,-117.16934215051279,-117.1171452999618,-117.04058590626914,-115.80465924811992,-117.41768479617501,-117.07322945594834,-117.11770435851325,-117.20863697513376,-118.32053467050412,-116.4205008501353,-117.59469648035287,point1,-117.19959843208899,-117.16934215051279,-118.75293382271035,0.48717663922534443,-0.040003494035481826,0.49909078307866883
HDOK,PLOK,17472,10,10,-130,-14,11,2,33,-116.57225028944322,-117.51597757379714,-118.18912845223434,-115.02987856150786,-116.12629645965879,-117.87314950367129,-117.02912238156773,-116.79994399972978,-118.0222616173725,-117.65912515199385,-116.35453634204364,-117.1952629866658,-116.75464994202684,-118.65534166768072,-114.56892884441385,-117.63146853285446,-117.14670957309772,-116.45797968159758,-116.97125204100101,-117.86530872168132,-116.30672140472544,-115.31334274621925,-117.95421836820638,-116.466682337446,-115.96840711196865,-117.29986553975674,-115.63231496056532,-118.67280024932495,-116.99805300298553,-115.60261204855652,-117.28061174676388,-117.42383932740768,-117.25251311074754,point1,-116.92698649329438,-117.02912238156773,-118.67280024932495,0.9655092221185829,0.43227836116904056,-0.11610243893345817
HDOK,PLOK,17472,10,10,-130,-14,11,2,33,-117.04500878015745,-116.07273927329742,-117.65894000719513,-116.86704119979454,-118.12735684824722,-118.17455600816766,-119.31067207432892,-117.2577844352231,-116.98830644831536,-118.75542823160929,-115.88661822676929,-116.76070339427015,-118.39334904656597,-115.37677530576508,-116.13656010764511,-116.5062335392086,-116.84603566844972,-116.02187154872922,-117.75980007086007,-118.64676759248927,-117.09622714969065,-117.28338143401153,-117.20891931124993,-117.21767412349573,-116.29518384261138,-117.0827054689601,-116.56887106382675,-116.0668548710617,-117.40850760298389,-117.38873993989702,-115.96284986221602,-118.24332890985075,-117.66371102117316,point1,-117.15392431539749,-117.09622714969065,-119.31067207432892,0.846141274589088,-0.3081649760769128,-0.3258754157927459
HDOK,PLOK,17472,10,10,-130,-14,11,2,33,-117.18811672397551,-116.43341955802946,-115.80190867142534,-116.33441390742435,-118.51229551637033,-118.10047585285763,-117.31457102720657,-119.59276298667349,-117.53945354521687,-118.97224557724434,-115.48041853871484,-118.98803080963563,-116.48608276597801,-119.82809795194103,-115.48003932885544,-117.20402485707933,-118.28673546300104,-117.01534138271624,-117.16856090962986,-117.41633558755831,-117.2096636707468,-117.720294017991,-115.95064051275288,-117.1373597019707,-118.18564996324531,-115.12926223677506,-116.96227373589458,-116.12279813016407,-116.82397295639024,-116.9113944624746,-116.18511296771202,-116.6299490033525,-118.58071817225681,point1,-117.2331036513109,-117.16856090962986,-119.82809795194103,1.3446292096471975,-0.3871964692860571,-0.297432715600658
HDOK,PLOK,17472,10,10,-130,-14,11,2,33,-116.88721066417148,-117.8375374728323,-114.7749114559283,-116.82611868591393,-118.56016669484984,-119.52621868880422,-118.10653488625549,-117.41102277193819,-116.051295273233,-117.048277570001,-118.88670102914924,-117.34130457154947,-117.56025949026026,-118.51070009834103,-116.97383868306312,-115.70193276639381,-118.71504996166489,-117.19788477278013,-119.51658070271773,-116.03262964549677,-118.3272488070666,-117.05729023384954,-116.9254735515308,-117.29316719127732,-118.23335718683366,-118.41843981663425,-116.64223724694651,-116.89495951132758,-116.38945788919543,-116.54411362149395,-117.96439139205256,-116.63291195789122,-116.1262438696937,point1,-117.36107479276176,-117.19788477278013,-119.52621868880422,1.1711977965040883,-0.04551345200734959,-0.14540476920117618
HDOK,PLOK,17472,10,10,-130,-14,11,2,33,-115.22738579669422,-116.74399857319736,-117.77596729715287,-117.15771751580243,-118.23766264459604,-115.81594489578731,-117.7436273407136,-115.90724596032291,-116.95320522393051,-115.66614559315238,-116.41661504723798,-117.50962468130638,-117.72907302339217,-117.55512175074804,-118.53077124236209,-119.1050739897639,-116.79205613305763,-117.16690789582395,-116.66936984297331,-117.56216850836059,-117.56153865512931,-118.03787790639083,-117.84933818821419,-118.25084309870252,-118.7300002147545,-118.14890715651691,-117.02454320523849,-116.09618873761386,-116.91692760311122,-116.50535590321265,-117.03301202347748,-115.83133587073891,-118.01884342539864,point1,-117.22031499832954,-117.16690789582395,-119.1050739897639,0.8748885500118508,0.18928175649164142,-0.5399540022823288
HDOK,PLOK,17472,10,10,-130,-14,11,2,33,-115.71869024663151,-118.26332815036628,-116.8250490235281,-117.96395972791593,-116.2065576757522,-116.10021759410456,-116.84670448228735,-116.4543080774288,-117.8348145557579,-117.11281750906436,-118.60908220601232,-116.06956733006552,-119.50899895773956,-117.49933893172738,-118.80086630572978,-117.72741938247152,-117.58546846255635,-117.35825347932709,-117.48220859343246,-117.089412252845,-118.52183366383082,-117.2217751763795,-115.57382012292351,-117.0385288209226,-117.55341254684483,-115.13313269600081,-114.29877457462649,-118.21030884450057,-117.38445596464395,-116.91639218579695,-116.84779131998802,-119.7720609608971,-118.08439006668253,point1,-117.26102242087217,-117.35825347932709,-119.7720609608971,1.3604300705553645,0.2181144570725644,0.4572050653386803
HDOK,PLOK,17472,10,10,-130,-14,11,2,33,-116.88239299344077,-116.04786539695783,-117.59205775763473,-117.26105462040566,-116.43154496721773,-117.09261803224541,-116.937099869703,-116.66694245165316,-117.90110975109583,-118.29216124340945,-116.91621043257891,-117.83417142063443,-117.54610381579938,-117.52686986510092,-117.00684696286758,-119.45316009291103,-118.19946230233919,-116.43838528357753,-116.41975006401981,-116.30292166214487,-118.19691106138494,-116.21964724668109,-116.14730586555189,-116.72593248476089,-118.00087185592795,-116.03721373978469,-116.81968438281844,-115.79556934848502,-116.63841536220869,-116.54434411920106,-117.58052623023326,-117.23107360191094,-116.61541614828737,point1,-117.06974667978712,-116.91621043257891,-119.45316009291103,0.6397748587779525,-0.8214121875978054,0.7427908075736016
HDOK,PLOK,17472,10,10,-130,-14,11,2,33,-117.38575814634612,-119.7722207747934,-116.34066675891911,-116.51948095302139,-118.46833897160182,-116.97508496423464,-114.8085846836875,-118.91397938557294,-117.93231834239842,-118.15256211052348,-117.22340594879947,-118.33347372517356,-116.74321966310363,-115.97407765917309,-116.90681258199545,-117.23422897225032,-117.68477676232662,-118.75038862273703,-118.71300238533664,-117.03891737620285,-115.2806261036793,-116.10145518085973,-117.1211837826497,-115.68459814728661,-117.49273804505901,-118.3231867002863,-118.11782008978712,-117.68408885480655,-116.9229231156111,-116.2428531270495,-116.21731968022712,-115.57364567624184,-118.9903145284574,point1,-117.26133490364239,-117.22340594879947,-119.7722207747934,1.3621766246821567,0.014471927661646792,-0.5236547893055614
HDOK,PLOK,17472,10,10,-130,-14,11,2,33,-116.77591237687278,-117.41968419782668,-116.7524693439597,-116.60805818936537,-116.78222078740059,-120.20892385749086,-116.74683321215835,-117.24042148138007,-116.48140271957507,-117.71768277656008,-116.53685734892564,-118.24205248114176,-117.36264111074293,-118.00970131906078,-118.1327449214424,-117.27912158781733,-118.18257109718527,-116.01787557796612,-115.76904403848046,-116.76483351375343,-118.09024493711054,-119.89053715657187,-118.13272619880308,-115.59313551834168,-117.59410195191268,-117.39162935951403,-117.53634459979689,-116.67799416371875,-117.7875338834993,-118.84529332008329,-116.59268039052226,-116.00812344337785,-117.84809435277435,point1,-117.36422700651914,-117.36264111074293,-120.20892385749086,1.0640888635431485,-0.7907953971000332,1.0468537581741368
HDOK,PLOK,17472,10,10,-130,-14,11,2,33,-116.9169290341146,-116.3972431486687,-116.76737615743916,-118.39138835505874,-118.5548791392911,-117.65325483328267,-116.09414114116882,-118.43456787170767,-117.99326780308931,-117.24860172586352,-116.82865083507858,-118.16242251415927,-117.59747342920546,-116.39716820053245,-117.19556770998642,-115.42014376073304,-117.41845518928054,-117.56036832804936,-117.89450220649458,-115.94218512403378,-118.94862632056675,-118.71935881815085,-117.53409417568562,-116.85439034623741,-117.05910369845896,-116.29344156830808,-117.6920043663469,-116.04475417053472,-117.13546634080579,-116.76882557292338,-116.89138852551332,-117.076155194631,-118.16740986731118,point1,-117.27435168099123,-117.19556770998642,-118.94862632056675,0.7302199757212238,0.004426021609289454,-0.5393204474616065
HDOK,PLOK,17472,10,10,-130,-14,11,2,33,-117.69125502158215,-116.49369046284377,-116.02013344638382,-118.88801065818316,-118.08638667663337,-116.83989251036299,-117.57767295956823,-116.99207595766241,-118.15587957711696,-117.92650587695942,-117.28405450178981,-119.08691606543357,-117.39285629346011,-117.04627220307815,-118.81204900886111,-116.30727249836148,-116.82618329161922,-116.47641460293244,-116.72797801938567,-118.49618243376536,-117.57510251250936,-116.09024143032748,-117.56459295033835,-117.62039305275853,-117.25852660037351,-117.40598425831635,-116.3818167451689,-116.8015884469401,-116.5996229770579,-117.17886583201141,-116.22670653262384,-116.72034512294893,-117.53915667549512,point1,-117.27547349099555,-117.25852660037351,-119.08691606543357,0.6404813441072794,-0.553028280596443,-0.2695456159053684
HDOK,PLOK,17472,10,10,-130,-14,11,2,33,-117.15256656783379,-117.42259624693338,-116.98840316155636,-116.76159437157736,-117.7422914170312,-116.79544152857774,-117.0516536061551,-118.36276015225387,-118.69198078202267,-117.31333008244737,-116.09291016384836,-117.87719730725385,-118.82399739236708,-117.66679419965027,-117.61865138696221,-118.06070508103718,-117.18208286925598,-116.88843749357368,-115.81131007558139,-117.56183981867439,-117.52959079537852,-119.22368538171513,-117.5631987278687,-117.17829548238517,-116.72262912880477,-117.35834190507505,-116.62308357282558,-116.49767869659976,-115.88110594375132,-116.54264739361898,-117.33196470213313,-117.81228152248814,-119.12777054139397,point1,-117.37147931814037,-117.33196470213313,-119.22368538171513,0.6877861950652002,-0.38947578263590876,0.10818184042494527
HDOK,PLOK,17472,10,10,-130,-14,11,2,33,-116.13696182359591,-117.3046497707132,-117.33439490419448,-118.52466264849791,-118.56402899312717,-115.36456821339927,-116.22370674714037,-117.09495926315735,-119.06455907593195,-116.8888020043399,-117.42250592661743,-114.97569432512446,-117.08489033765157,-118.0214938336056,-118.02268863921883,-117.71943707857584,-115.45779241253723,-116.08279377735374,-116.675161773999,-117.35911560848322,-117.15875616737196,-117.80348921219895,-117.42262978492258,-116.90940349806839,-114.32140519096372,-118.66984890691418,-119.42894976343304,-118.76894102313473,-117.67735148987335,-118.58796153760122,-115.56470851461965,-117.2661329469719,-116.59388662872747,point1,-117.19685854006258,-117.3046497707132,-119.42894976343304,1.4385801137666574,0.37677844192729354,-0.1599824052521197
HDOK,PLOK,17472,10,10,-130,-14,11,2,33,-117.2340677180342,-116.78979940887534,-117.25733531003155,-116.42302744602428,-117.39488054644247,-117.57128497362083,-117.60957723245063,-116.67056745399076,-117.32280561081065,-116.90839693488947,-115.81855686622679,-117.22996774689584,-117.43518309233374,-116.78372740086967,-118.20174950190162,-117.9134486921572,-119.0356247619441,-116.57315689305102,-117.5021755170111,-116.67260798063704,-116.28361644156071,-116.79677282911081,-115.6921731778897,-117.64954336987897,-116.80221201677605,-117.87618003322348,-116.87035496386851,-116.5205498788359,-117.40257790110142,-116.20600132698782,-118.21275212476057,-117.13275920032157,-118.19219116927901,point1,-117.15107956126646,-117.22996774689584,-119.0356247619441,0.5124596550814797,-0.27383173444158393,0.31967039869405456
HDOK,PLOK,17472,10,10,-130,-14,11,2,33,-116.8725809859525,-116.55289093008192,-115.39930911148687,-115.74311858456068,-118.23512351872354,-117.19218298471509,-118.18256333156006,-118.21203460026116,-117.55550244383025,-116.71322746271835,-118.37429190041131,-117.02838549881665,-118.31112497969934,-118.20634505033581,-118.82418295414924,-116.92901057772889,-115.51907408667631,-118.2160886047429,-117.02508001957338,-116.32134669896628,-114.6126220591035,-117.23831454810451,-115.19945663115473,-116.37323035141756,-118.46719772516137,-116.25907817083996,-116.25165506074582,-116.89586722690375,-118.51593942853722,-117.76264423032917,-117.57483722087076,-117.60784115037775,-116.20360847176707,point1,-117.10229565455464,-117.02838549881665,-118.82418295414924,1.158810725857301,0.38379536097201333,-0.6368250371321071
HDOK,PLOK,17472,10,10,-130,-14,11,2,33,-115.79921677686407,-117.20217683783913,-117.48285914260534,-117.74622330175752,-117.81258703349239,-118.03211246034145,-118.0695082168553,-116.6911348220978,-118.11401375173625,-118.57733726631291,-119.33102791659537,-115.53117088316766,-119.2864459166293,-118.72740604992708,-117.35773847576552,-115.04458157418593,-118.33608442846852,-117.12991651257136,-116.67551135191677,-117.7173993150984,-116.20349066190197,-115.4326191378527,-117.74493006572038,-117.0726754988362,-118.21299369035303,-120.1462148689995,-116.93290820402984,-118.02558397444294,-119.07990532867937,-117.43624598766944,-116.60818898760122,-116.36784360927032,-117.18919677570194,point1,-117.48840147955413,-117.48285914260534,-120.1462148689995,1.3471001699081786,0.026457953198679034,-0.06895961547131702
HDOK,PLOK,17472,10,10,-130,-14,11,2,33,-115.56446425207129,-117.435185394557,-116.91060897510859,-117.58833971327216,-118.75199114508247,-118.13371628903123,-117.21715817365072,-118.59147294051141,-117.1013226481431,-118.05358317738502,-117.55651808105887,-118.9750249094031,-117.43916788783862,-115.65885044769445,-118.42202649695218,-118.45401071338514,-117.19992370341016,-115.87595178523448,-117.16557417037329,-117.20595737128357,-114.37139014137195,-116.22196923662861,-116.94025959691695,-118.58338029289929,-115.4825996063155,-116.82010714197789,-116.65491164617512,-117.8177948301616,-116.2228806152213,-118.12894485614467,-117.85340496110635,-116.89628092259694,-117.88247578229048,point1,-117.24779539106828,-117.21715817365072,-118.9750249094031,1.1178541837120957,0.6405497555434462,0.2447788124133825
HDOK,PLOK,17472,10,10,-130,-14,11,2,33,-118.03542896688208,-118.10268567551145,-116.70191946480618,-116.45883922643691,-116.85292825954343,-115.92864014163234,-115.78972716719052,-117.90885084535837,-117.78552771641576,-117.82739095571792,-115.7820108214113,-118.03975455342747,-115.35215378133732,-117.7295854514009,-118.56686180638937,-115.41376502623483,-117.11931987724424,-116.60438723556624,-118.12413687547166,-118.40760590253035,-118.35905476242647,-117.0621759586907,-116.5134802318187,-118.89562279040204,-117.72332295870866,-117.37288569215208,-117.94207730121347,-118.14266456136922,-116.84848433959483,-116.53024133038042,-119.10447989257872,-116.26661495095136,-116.64526215495849,point1,-117.27084505078041,-117.37288569215208,-119.10447989257872,1.0025039320624272,0.20567254552473047,-0.9015564745244742
HDOK,PLOK,17472,10,10,-130,-14,11,2,33,-116.70439795062126,-114.54446893286377,-119.54462892090588,-118.6476149978948,-116.900110556474,-115.68807478450336,-116.20007403581347,-118.04423179391536,-117.32035805651446,-119.2058843349844,-119.65088555330124,-117.91070966493156,-117.31071301181879,-115.18166486089501,-117.75124022132886,-117.2117261798238,-117.8760484742592,-115.06845434773956,-117.42396727229513,-117.3025941339885,-117.58415506083229,-117.18039220010549,-117.90369815251984,-117.50590122932817,-118.0363366617057,-117.66175887730371,-116.92168055682943,-117.64904175319423,-118.44836104940265,-118.16538917091668,-117.04302556240532,-116.90139571089396,-116.85099320399353,point1,-117.3739387052819,-117.42396727229513,-119.65088555330124,1.2920007765737613,0.42250368204983674,0.7575918406176965
HDOK,PLOK,17472,10,10,-130,-14,11,2,33,-116.56732147644907,-119.3589046875773,-117.16878748283025,-118.87746709519082,-117.17186843270295,-116.0120464081129,-116.87044370148911,-117.44134297079056,-116.44238219286063,-117.17321025147724,-117.51920603214002,-118.01285224963055,-118.91233719151461,-118.59534612625923,-116.51872173371342,-117.91098826010233,-116.79487456885838,-119.4717278174707,-117.67313879525139,-117.82731447500032,-116.38969155998743,-119.06211902050542,-116.6957124981044,-117.15569321915594,-115.74721569310137,-116.97110243526855,-117.48691317700793,-115.84755697468691,-115.34310364145307,-116.73467630217716,-115.4213837413509,-117.48111265285188,-118.51422289081061,point1,-117.30820562896619,-117.17186843270295,-119.4717278174707,1.1904806798448737,-0.25414170956245385,-0.5439319026521177
HDOK,PLOK,17472,10,10,-130,-14,11,2,33,-115.96528464240834,-117.2814903561498,-117.58256303545768,-118.68415179659135,-117.24818531341359,-117.28654962716901,-116.93706111509186,-118.35574175023541,-116.03818274822758,-117.74135227053408,-118.45665068051183,-118.3853179537022,-116.59008428115743,-118.46290454775523,-116.73404515799693,-117.81265057082025,-117.58341230841752,-118.25042659869871,-117.20522490471339,-115.06591431967477,-117.59409425681783,-116.21457559152765,-115.74018211672184,-117.85950123307735,-117.0291152759957,-115.51035588734965,-116.68513055958212,-118.4717544773592,-117.89632568442583,-116.6171328165466,-118.06556408546999,-119.24664093428837,-117.08173842354576,point1,-117.32361531277073,-117.28654962716901,-119.24664093428837,0.9702202656944361,0.3517566653314935,-0.38467040871340386
HDOK,PLOK,17472,10,10,-130,-14,11,2,33,-115.29792890748757,-116.50843538048991,-117.9926392248394,-116.67469978297359,-117.25080104492466,-116.84518640743633,-115.50540583950571,-118.10915194178416,-117.72889891745055,-118.97116374784896,-116.12179696265461,-118.18994536100845,-116.7170259033486,-117.21438141136254,-117.33689063885174,-116.82434140924354,-116.39730158341871,-117.78872974611261,-117.4155893503419,-115.95898663046275,-117.08425777516848,-116.40997655940998,-115.73039495839382,-115.97760142408056,-117.32568260044876,-118.93380336584724,-116.36855703635092,-116.2270034184978,-116.94277407548772,-117.510576214672,-117.05043178344592,-116.37690597771774,-116.44798243734277,point1,-116.94652266116395,-116.84518640743633,-118.97116374784896,0.7762516581003598,-0.43154244287857446,-0.017416269620409874
HDOK,PLOK,17472,10,10,-130,-14,11,2,33,-116.16347692904387,-116.32399347659442,-115.79103870219049,-117.10820419797919,-116.36445015782921,-117.01621207828579,-115.89027679285238,-117.91678318594154,-119.12482319487671,-118.57679122436548,-117.48970985684275,-117.61981502975361,-117.12855388954046,-115.46300390211344,-116.48811494741246,-117.9659657324345,-118.34751917986186,-116.62833762227626,-116.4465506392687,-116.7727551120773,-115.40160160718558,-117.56669950168765,-115.65000133957788,-117.28555799448522,-117.23376201207793,-115.96275648357464,-116.35897400024197,-117.45960313349845,-117.45835090279677,-117.19838634244499,-116.92558911766208,-118.14737297589694,-119.19452346303406,point1,-117.04453196138499,-117.10820419797919,-119.19452346303406,0.9536939674901619,-0.34366642435389944,-0.33859736981597033
HDOK,PLOK,17472,10,10,-130,-14,11,2,33,-119.27043537440429,-116.98276021915459,-116.07733558772874,-116.86169045755392,-115.84549526790762,-118.57605169261618,-118.06666650708114,-115.20463047646089,-116.38591933908492,-116.23620764318086,-117.93014914791486,-116.36246944596769,-116.49896266574498,-117.52740279876454,-117.86411441905413,-117.5837721683852,-117.14574287460039,-116.97530878331068,-116.68582520665066,-117.05762906990307,-117.9767554605962,-118.24390899324322,-118.2339548584535,-117.37864563519206,-116.61774160599303,-115.8774112781903,-117.35913266783275,-118.21650464514238,-117.4193126999661,-118.0660124262173,-114.89008445491562,-116.28568441482446,-117.16476491538035,point1,-117.11722676367931,-117.14574287460039,-119.27043537440429,0.9456554731139639,0.16945835989411207,-0.14243568384207528
HDOK,PLOK,17472,10,10,-130,-14,11,2,33,-117.56514156747343,-114.49018801634153,-118.76300786475495,-117.74109468455696,-115.06413470031906,-118.26719503856543,-117.1119571731106,-118.77998985356251,-117.92073256145024,-118.72301616330012,-117.45892533604668,-117.78575743391528,-116.16370132304095,-116.70381629331348,-117.71889226319787,-116.47842199183087,-117.9576306114046,-117.91413780001872,-119.28897413893549,-115.58655004492083,-117.73038464799002,-115.2444486503503,-117.49202925940138,-117.96824011061517,-117.40043051884668,-116.93488046028752,-116.20646419204718,-118.52850180215273,-117.24191909761649,-116.08896129225357,-117.5191824000579,-117.60678068838546,-117.19757292077163,point1,-117.29221396669199,-117.5191824000579,-119.28897413893549,1.2331438416702067,0.6991821827082852,0.2363781017267792
HDOK,PLOK,17472,10,10,-130,-14,11,2,33,-116.53906796859337,-115.5027137840305,-117.07107996912647,-117.56274226302214,-117.81057251670337,-117.44464800513536,-117.17547003651394,-115.61842299318488,-117.0796447524844,-119.03033128451209,-119.94477791991093,-117.456106479333,-116.92038062196998,-116.42275104310283,-116.56343797502447,-116.00286842954138,-118.39264498217618,-115.92216720733539,-118.46115796102174,-116.75354090108868,-115.89679045051177,-117.83945068448652,-116.55313586653133,-117.318115538798,-117.47320181723795,-115.60541697566721,-117.36879045861417,-118.79494004161498,-117.58300506751993,-117.74705177734266,-117.9633031125419,-116.7112991437408,-116.94977158277777,point1,-117.19632726094532,-117.17547003651394,-119.94477791991093,1.0239112764023086,-0.4829577602201433,0.4045944755950357
HDOK,PLOK,17472,10,10,-130,-14,11,2,33,-118.68368968558059,-117.06091985845595,-117.74228760390277,-117.68682201537227,-116.7942946678913,-118.78256839978114,-117.97470274896878,-120.59610134860637,-117.44152508521199,-118.57105911042784,-116.56992973482915,-117.01042905065925,-117.90941508848458,-118.49746623908686,-120.0105676144419,-115.56289451561632,-117.54655113038521,-118.39062913287133,-115.88453156787028,-117.21542965268019,-118.09391978707734,-118.96880278370367,-118.17498068847468,-115.32706343707545,-117.23799936234292,-117.07567467738049,-117.4603609822188,-116.30726220220333,-117.73592778334213,-119.14869503597629,-117.83008747883076,-115.65994249472924,-117.82013760105608,point1,-117.65977783531926,-117.73592778334213,-120.59610134860637,1.3784824617072962,-0.14833345949637186,0.3849986824874332
HDOK,PLOK,17472,10,10,-130,-14,11,2,33,-117.26996803683356,-117.83591376036017,-117.87418900023654,-117.84119080000376,-118.34132174994271,-118.91347092118126,-117.42727362082888,-117.43145814452089,-116.3220719984959,-115.05523026601544,-115.10139813141149,-117.99928530740847,-119.10687141082335,-117.27904265913834,-116.46557628166101,-116.1922093394027,-116.74677508997706,-116.11342702093954,-117.10153649347568,-117.4548261891185,-116.37537924419347,-117.14119334632036,-117.83920844019237,-118.01008150434728,-118.99943223543404,-116.13994778779431,-116.97936507764732,-116.43307923623168,-117.53381134106314,-118.37683671863695,-115.78435695403182,-116.9482191213913,-117.07483028322461,point1,-117.19723568219047,-117.26996803683356,-119.10687141082335,1.0005053275883369,0.13522209055249962,-0.20569155074951784
HDOK,PLOK,17472,10,10,-130,-14,11,2,33,-116.6255617799768,-116.65069782492526,-116.58148774595098,-118.73055609701333,-118.42433831130693,-116.86639672639183,-116.6871973631818,-118.42310644362665,-118.37937560784947,-116.8267035592357,-117.01302695106018,-116.00340563867096,-117.72586117917444,-116.64068513837445,-118.03638019273843,-118.86197158705038,-116.041218908073,-116.80501927448928,-118.55821696001969,-116.61246774428231,-117.5440296844964,-117.39083379929413,-117.3748518526416,-117.53834196479612,-118.20037482119581,-116.74197220659815,-117.48885394391714,-116.98323902401985,-116.23289242071557,-118.16121490978956,-117.79349480272674,-116.88084099712034,-116.37905420982312,point1,-117.3092021112281,-117.01302695106018,-118.86197158705038,0.6575002793556995,-0.3368019867859093,-1.0543479860912832
HDOK,PLOK,17472,10,10,-130,-14,11,2,33,-117.2689684557698,-117.93734325701516,-117.40746505424124,-115.65977855750873,-118.02699143437856,-116.16604950963254,-116.9982249787015,-118.78718951963293,-116.88133597403352,-117.00049713526494,-116.86455448535114,-118.40536664466046,-117.40023196337344,-117.2867339844004,-118.1069847510176,-116.53795617632379,-116.82665203076068,-115.67176928140077,-117.35360208202343,-116.05840148649855,-117.37070669793412,-116.11872198047976,-115.96823590429759,-115.69890467596248,-118.07906983825997,-118.28438095987222,-117.67239985346122,-117.23035265861186,-116.53059372543241,-116.66761248356462,-115.28118569451992,-117.94515129394608,-118.4147810219958,point1,-117.08812707728265,-117.23035265861186,-118.78718951963293,0.8262584043975887,0.1405575868100419,-0.8302852304355155
HDOK,PLOK,17472,10,10,-130,-14,11,2,33,-116.31234049028319,-116.02734849358669,-117.49215519525978,-117.73808101942876,-117.4939515755968,-117.05064919684202,-116.0806345148565,-118.00966393424095,-117.46943264664648,-116.86658196601928,-117.60586873805033,-117.32671608954833,-117.86570645893667,-116.97625134493337,-117.29535422359197,-117.05971454949646,-117.86611720515629,-116.2421374492487,-116.09119740696767,-115.32504898590513,-117.85817319303042,-117.79031996910717,-115.3404686102658,-116.52273368181304,-116.28048150837765,-118.0086977589551,-118.09490228818501,-115.82483749950356,-116.30760583971752,-117.99881850214824,-117.1837983767094,-118.55901967859886,-118.4480852561738,point1,-117.10342101961155,-117.29535422359197,-118.55901967859886,0.7566381887222993,0.3885351635058418,-0.8282217690987745
HDOK,PLOK,17472,10,10,-130,-14,11,2,33,-117.7056201180135,-115.66638093292758,-118.38678042543691,-117.39030452640408,-116.9934751274823,-115.41692638498819,-118.1368800268468,-117.65128583706937,-116.25256197490016,-117.05712172782259,-117.74213104249438,-116.2431674537625,-117.73709787244447,-116.91631821277875,-115.82989001178971,-115.68325567529287,-116.14371930867591,-116.49460759333242,-117.89269894021422,-117.18651531449389,-116.83581264818913,-116.61219238194384,-117.38183873855128,-117.91250200479024,-116.27951811266793,-115.10649686757834,-117.42768787048733,-114.00935172675402,-117.41422629224573,-115.2290672334451,-116.81912805564937,-118.38687433815979,-117.38370590334597,point1,-116.82803456609028,-116.9934751274823,-118.38687433815979,1.0471607658120847,0.6916501922509383,0.18488772036679357
HDOK,PLOK,17472,10,10,-130,-14,11,2,33,-116.27566701133365,-116.98286253576794,-117.5175736962204,-118.72992012197633,-118.3718734953801,-118.2877867514157,-117.5179271885196,-117.90311257611974,-116.63763450993893,-118.0801275770973,-119.62311533972519,-118.17117482931684,-118.46814817299372,-117.8065291964255,-118.15307912087329,-118.32090125920564,-117.45721826891499,-115.91141511928024,-116.81352519584225,-119.1438544217105,-116.88791811360336,-116.1655699084603,-117.94942744225037,-117.11645658143361,-117.56888798658305,-117.22751155406297,-117.66856016549919,-117.49694747039366,-116.21303933743036,-117.97204779358394,-117.81462555515654,-115.52652454648009,-118.27713581206666,point1,-117.57751814106248,-117.66856016549919,-119.62311533972519,0.8358221724929463,0.24192508176153393,-0.018694781716839692
HDOK,PLOK,17472,10,10,-130,-14,11,2,33,-117.60774481631266,-116.17680591256665,-115.87879565320404,-119.59483126869452,-117.92430179586552,-117.68373446191671,-115.34562933241843,-116.70672849000788,-118.0188809924171,-117.37325644833406,-116.18139165713903,-117.61793747713156,-116.60296232469445,-118.14150645169788,-115.86283006637213,-118.32782120510062,-117.33187904489961,-116.07347430954422,-117.68479014815256,-119.06481945418408,-116.10951698974313,-117.33217867590979,-117.5358439284942,-117.49830159941975,-118.11845943876565,-118.27504813781042,-117.17990236982752,-118.18677236519349,-117.34828680973415,-117.05243410995425,-117.02546624519424,-117.12714438846444,-118.25544628991145,point1,-117.34075523209323,-117.37325644833406,-119.59483126869452,0.886995730991231,0.02679805916846738,-0.018382617910749577
HDOK,PLOK,17472,10,10,-130,-14,11,2,33,-116.36256661788158,-117.99897932200513,-116.32026844188293,-116.77625645613905,-118.92087195149772,-116.68306356933361,-118.83160076410303,-118.12744284876908,-118.22609608074433,-117.37700189900129,-120.34454608356953,-117.52710472476079,-118.89470217472474,-116.51306828254982,-116.5646151699463,-118.68424162713963,-117.48415049236625,-115.97325611336512,-116.46900713661415,-117.06292651149545,-119.00826033386797,-117.58480097404951,-117.67136539883555,-116.65069440987949,-118.12047458808013,-115.46101134174918,-115.99955943262381,-116.8113575721225,-116.37359027690358,-118.17325022704416,-117.11996464530438,-118.15348507547036,-115.44802562164993,point1,-117.38538200501422,-117.37700189900129,-120.34454608356953,1.2757289971657588,-0.4118890227326861,-0.1448512530673418
HDOK,PLOK,17472,10,10,-130,-14,11,2,33,-118.49239404070971,-115.79041178736122,-116.11826720659819,-119.13063876314018,-118.46900635508385,-116.64548905212476,-117.48003127792046,-116.58557662324165,-117.76893211325195,-119.9131253216566,-118.6192392229187,-117.76375251181926,-117.19120006531425,-118.96359324842464,-116.85312085877923,-115.82400914963807,-118.265164116722,-117.7440277082718,-118.09131354096421,-118.6498267904644,-115.66214591034573,-118.92064427895393,-117.99476947772358,-116.67660465871307,-117.13146049530162,-116.73440554211119,-116.16187261637182,-115.86932173698446,-117.6581658203203,-115.92467441779073,-116.55887129345311,-116.42341519488322,-115.0226020234038,point1,-117.30600221881096,-117.19120006531425,-119.9131253216566,1.421762742876561,-0.1565538072266255,-0.8277798074766141
HDOK,PLOK,17472,10,10,-130,-14,11,2,33,-117.83890317405981,-116.26224437248717,-115.72874484348873,-118.87890000575409,-117.28430945674717,-116.33902256286466,-116.91791342792781,-118.32917337771198,-118.28332923971084,-119.13864899053442,-116.53100978525684,-115.46730211551737,-116.15584353911956,-117.20052186918595,-117.28788786874584,-117.14667152691736,-116.97633994405714,-116.23705484887391,-119.0180318866433,-118.24157299930633,-118.6826611971479,-118.49485917086866,-116.7841083774965,-117.269657622259,-116.01130080459178,-118.17478699925786,-116.1146493875731,-117.21120746013368,-116.20843635721151,-116.88518981325223,-118.07180900643895,-116.67898576004896,-116.78933680923075,point1,-117.23152771516426,-117.14667152691736,-119.13864899053442,1.0020485661954768,-0.302768529598246,-0.9435113978309877
HDOK,PLOK,17472,10,10,-130,-14,11,2,33,-117.9698290518705,-116.29079688632967,-116.3029574732942,-118.32865876311732,-119.79593069249121,-117.89057459712683,-117.4286340601465,-117.16410189112395,-118.67111047322332,-118.76597198040368,-117.30094911339981,-116.33900564102854,-118.00484999270397,-118.09661781718094,-116.1240312379555,-116.01529093027357,-116.55961566969633,-116.80271877915648,-116.53706644306807,-116.16952838648702,-116.24895114065625,-116.85233732535292,-116.94998370281094,-119.44738858340651,-117.95750819156065,-117.06262594728561,-117.4530421433088,-114.95609999034062,-117.36045316926992,-116.31986864778865,-118.13092380097768,-116.04554910290621,-115.36247537525796,point1,-117.1728923333636,-117.06262594728561,-119.79593069249121,1.2242349703194961,-0.38741590446391433,-0.12749217687232184
HDOK,PLOK,17472,10,10,-130,-14,11,2,33,-116.22105222588081,-117.07678581717107,-114.80744320622654,-119.3327518913213,-117.20563568933342,-117.04446517788344,-116.49821052946899,-117.19990790032416,-116.5619753721479,-116.50995816865955,-116.32650633843204,-119.16295717756388,-117.41564718713342,-116.72049923290851,-117.24979683696432,-117.67553382403432,-117.303523318061,-116.92223882520098,-117.65402415851374,-118.01249485375143,-115.65147637225763,-117.07242458614219,-117.1965991851799,-115.82910726606318,-117.18189510914165,-118.24455738027903,-116.07290231506258,-117.64018800163697,-116.2899870403669,-115.81321455208075,-118.64870970342174,-115.90738464710479,-117.55080153912476,point1,-117.0303228917831,-117.07678581717107,-119.3327518913213,0.9474188315378402,-0.30046190353828395,0.4584950180051419
HDOK,PLOK,17472,10,10,-130,-14,11,2,33,-117.25910025518237,-116.19862065684495,-117.83317227271003,-115.44640103120014,-116.7331955238439,-116.70831595051963,-117.10932471602213,-116.79073013490256,-116.92450747174401,-117.64398727989445,-117.40944142928976,-117.52408140598541,-118.1699099379253,-118.07660509859383,-117.316449901384,-117.4916525220064,-117.77131900325207,-117.09794757476816,-116.41597392205766,-115.00046125965115,-116.8293959333316,-118.02719581645566,-118.21684661201392,-115.32121046130652,-116.22049872606657,-118.34650512425303,-117.55646070207604,-115.83466603392586,-115.66808874235073,-118.58159251398342,-117.70310555847345,-115.66092922274657,-117.6603397074166,point1,-117.04691007582358,-117.25910025518237,-118.58159251398342,0.8819174701885538,0.5193143071166723,-0.6225736038014986
HDOK,PLOK,17472,10,10,-130,-14,11,2,33,-116.59520416336422,-116.43904161872614,-116.67516298609107,-117.4107735257804,-118.25819439370143,-116.60792899298156,-116.28521578110647,-118.06343525729342,-118.41391792748561,-117.21931802824314,-118.37586152944519,-117.30684748684413,-116.72995671844347,-116.78093640335467,-116.83452316288621,-118.48380289736507,-116.6068902927082,-115.92197314723022,-117.33184469117803,-117.93242747716297,-115.56566349205362,-118.36381825865051,-118.29204672376306,-116.36886864655779,-117.39966083147561,-116.15029046304205,-116.42886467080989,-117.19206331950456,-117.47567145192569,-118.22873164088406,-116.77701925685413,-117.56137792158654,-116.40726239744713,point1,-117.16619986533172,-117.19206331950456,-118.48380289736507,0.6540161342307632,-0.1542141011163478,-1.0353090719969131
HDOK,PLOK,17472,10,10,-130,-14,11,2,33,-116.24286948378129,-116.54665500061215,-114.9200911337248,-118.00021390468184,-118.61387864192615,-117.62075601651578,-115.26531962795283,-118.88945782564977,-117.4719214765119,-116.44682776538441,-118.28585295442888,-116.98260771302765,-119.36581417006438,-117.85159471925779,-116.81759415075214,-117.04430520088766,-115.80322255164882,-114.4728531300019,-117.37718219971015,-117.00262937000468,-116.1590180506841,-118.35655718559346,-117.88877327614492,-116.14541300351863,-117.61896027422958,-115.9764133963772,-116.86678213965263,-116.6850942433252,-116.91305942891856,-117.88892311683243,-117.60643184868293,-118.15716128124404,-118.17534408432205,point1,-117.13513873836517,-117.04430520088766,-119.36581417006438,1.244669319207176,0.3652303781502148,-0.07007004621034607
HDOK,PLOK,17472,10,10,-130,-14,11,2,33,-117.10669393681847,-116.93999413627557,-115.97022613482771,-118.13886542609819,-118.47870020099884,-118.15617356114858,-116.38982115944121,-116.99496197169782,-116.69979860805361,-117.46518686696552,-117.11257854598188,-117.46209388240031,-117.82906073345458,-118.86546764601239,-119.07619559286742,-116.55940942472606,-115.79285106445221,-116.72988984719584,-117.21514452350544,-119.0896440810478,-116.97943702351435,-116.96127972052894,-116.9959907612289,-118.98259066765365,-117.14371696209164,-116.96774291849836,-117.04728085138294,-117.54993989870513,-117.964945542022,-117.15365516552914,-115.898219772559,-117.18739669667028,-117.62139071023992,point1,-117.34928315256346,-117.14371696209164,-119.0896440810478,0.7345085935528948,-0.47239722106508625,-0.10084604879338732
HDOK,PLOK,17472,10,10,-130,-14,11,2,33,-118.13718308262285,-117.95371731955339,-116.89133410748197,-117.86369407607054,-115.95416980781802,-118.24846900445347,-117.6223335877354,-117.35797367184006,-117.34347422513862,-116.32503196215397,-117.00984187122302,-115.89514706754005,-118.26321506803191,-116.80152536654293,-116.35656934364417,-115.5239037701529,-116.83123901453061,-114.8146810999034,-117.18633178071684,-117.13830100420896,-117.00806101895026,-118.5803436844859,-115.59344291838003,-116.79171173295056,-116.4990191789737,-117.93048884790636,-115.54978856971996,-116.12999934961962,-117.55922585426093,-116.51492586600415,-118.73774655922833,-116.97534282936634,-118.22665940203109,point1,-117.01863309221942,-117.00806101895026,-118.73774655922833,0.9262565238296292,0.20954337809651166,-0.546772991058563
HDOK,PLOK,17472,10,10,-130,-14,11,2,33,-117.68145043922416,-117.55303769926597,-116.70759289579166,-117.14310146563928,-118.04400238636669,-117.37672295241245,-116.96838543810479,-116.59294749392524,-115.78499671278566,-116.57630074014156,-117.04341424723172,-116.30526434770246,-119.48071279160436,-117.20131064934635,-115.58064203225871,-116.82481987557591,-117.0443056637571,-118.2526711261364,-118.18260865652944,-117.28303056582871,-117.92380903544577,-117.86728417866601,-116.07720670763611,-116.18285594435174,-117.27146035235717,-116.10469947720921,-118.17879735359631,-117.05414172314126,-118.31384222401188,-116.17232790271224,-115.25589815925161,-117.66375533804533,-116.91982315738562,point1,-117.10949150707386,-117.05414172314126,-119.48071279160436,0.8061127326679052,-0.1926951533722724,0.21304387680408698
HDOK,PLOK,17472,10,10,-130,-14,11,2,33,-116.30712881563063,-116.99722849805096,-115.60511845956526,-117.03284449996917,-117.56025823079585,-116.83422574641827,-117.653288765078,-117.48129101828869,-119.72363773846718,-118.3172687586562,-117.9147993729416,-117.10072086648805,-118.3527405564127,-117.49251374890305,-117.07126967486447,-115.00657598425367,-117.02993279604536,-117.17561391118493,-118.3845296339657,-120.45469359865872,-119.279034592239,-115.49392598258318,-116.69672281086743,-116.89677221386424,-118.63129813378168,-116.63954340326787,-118.46845951500805,-118.94453872732988,-116.19113768392495,-116.36937029494169,-117.78892426649962,-116.99296266409449,-118.38964395945993,point1,-117.46297014916668,-117.17561391118493,-120.45469359865872,1.399627849567961,-0.3359406315756704,0.2789515633564563
HDOK,PLOK,17472,10,10,-130,-14,11,2,33,-116.00163263180225,-116.44132395624428,-119.17616515840761,-117.09703233339363,-118.3088931539023,-116.7305259811217,-117.12756923851566,-117.59349932646487,-117.0620180503004,-117.55717345227296,-117.34895786851244,-117.2799687412464,-117.91528212400152,-117.62629928886585,-117.04779424373278,-118.7755577661461,-118.2558013062274,-117.13466842801631,-118.25589687293326,-116.87710435840062,-118.7974228610157,-117.7683788803761,-119.00431312710519,-117.63538774810847,-116.94234727712882,-115.20922481036851,-115.72275626402417,-116.91380275471936,-118.18283910143302,-115.57923463404977,-117.98115530855937,-117.376099070888,-115.67022838324317,point1,-117.34534407580384,-117.34895786851244,-119.17616515840761,0.9618396744470858,0.2588798235670453,-0.2358553508754091
HDOK,PLOK,17472,10,10,-130,-14,11,2,33,-118.92825624398513,-115.49734146260477,-116.35513217796415,-117.7816008705368,-118.47383334592053,-118.09252679173173,-117.04303762348316,-117.58641967022346,-117.21026803299263,-117.9095327146894,-116.68193346761585,-118.41923296490462,-118.09071311573223,-117.19247150841107,-117.04606390202001,-117.35746987117484,-118.29551280388368,-117.67457417344546,-116.5771380272757,-117.30488115017985,-116.8705699788419,-116.89211831376345,-116.98988463365244,-117.3480307853013,-117.6376119930818,-117.35903396623453,-117.19280635430547,-115.49900575101411,-117.00589929887906,-118.09201063311448,-117.31520859979307,-117.42680944933748,-118.06445836716786,point1,-117.37004206191706,-117.3480307853013,-118.92825624398513,0.5614150137323012,0.4973522268957349,0.8487305009945456
HDOK,PLOK,17472,10,10,-130,-14,11,2,33,-117.55390105164815,-117.19354969552337,-117.73926232247528,-118.69178597624375,-118.8604805094563,-117.9690302145809,-118.50133913300422,-117.88548743508909,-118.68199965189531,-117.54331693033008,-115.8386877863941,-119.21107478543108,-116.8309615041795,-117.82036146362086,-115.56379468930442,-116.08140830163329,-116.50778143389299,-117.99386314314324,-117.6764577401534,-117.86614176173627,-116.75833366121665,-116.38407091343936,-116.75961824983575,-115.82982612235686,-116.13176328124443,-116.7900791133775,-117.32845197634833,-117.2093779956785,-117.73262070698819,-117.15155883065341,-116.60273272895921,-116.8106336920399,-115.96472769701172,point1,-117.25649940905713,-117.2093779956785,-119.21107478543108,0.8808384712420498,-0.13277299071133372,-0.6945554015609763
HDOK,PLOK,17472,10,10,-130,-14,11,2,33,-118.42661037960531,-117.33004277986475,-116.6002539926668,-117.83027645706002,-117.34394393694092,-116.95961781968788,-116.99214570910395,-116.70662554698889,-117.52389872012077,-119.21972821797488,-118.27458427592593,-117.7363656123929,-117.10125160030985,-117.80496747496942,-117.9324644318102,-118.64861724404757,-116.7688144274465,-117.46699029208838,-116.87934147340918,-117.54917884644311,-117.17247651095849,-117.5286553919676,-118.63205123172017,-116.96479203375918,-117.43253664097809,-117.51386968474507,-115.84114790536074,-115.0603460051248,-116.97561719124519,-115.37519887606466,-117.52591295348167,-117.68762127882987,-117.11974960994975,point1,-117.33108165312248,-117.43253664097809,-119.21972821797488,0.7187449415489803,0.5019513280012668,1.3583680519031618
HDOK,PLOK,17472,10,10,-130,-14,11,2,33,-118.30620098431991,-117.54210657078767,-117.84105931590383,-118.73278516566495,-117.17814952946205,-116.87567658194824,-115.59139189919897,-115.84020972238777,-117.62578646045374,-116.75478200820847,-120.28292512874664,-116.77657849883755,-116.43914556536131,-117.39230605135822,-116.86099114497206,-116.72900215604803,-115.8899812464576,-116.42994672014244,-119.19567350634895,-116.60840781326685,-117.26169649505314,-118.55314002639373,-117.6512141183596,-118.73173994342646,-116.9007027012514,-114.8665665268862,-117.4718531077227,-117.27916658837226,-118.20660690574901,-113.81837912553709,-117.94375073304265,-115.46600556058151,-117.56525372987535,point1,-117.16997520097351,-117.26169649505314,-120.28292512874664,1.5882598314960656,0.19057117772562251,0.9892657393957092
HDOK,PLOK,17472,10,10,-130,-14,11,2,33,-117.76155482398737,-116.06946011561885,-116.02717829559998,-118.94985022752476,-116.39738180737733,-117.50751127163788,-117.20975061704803,-117.22520254961118,-118.56434720846026,-120.20895366244086,-118.17982176343465,-117.81956207231211,-118.70603995458504,-116.24066119980917,-115.88580320153817,-116.418485665158,-118.59189797204587,-116.49699555736191,-118.17548370167597,-117.1927389830577,-117.93474457910511,-115.98885526999885,-117.15320527152876,-116.30714891149829,-114.70082026097171,-117.9869764480387,-116.99741241071932,-118.26902918757023,-116.05927906764416,-117.47565698184755,-116.8557310212036,-115.21548030969515,-117.51381416068146,point1,-117.214752561539,-117.20975061704803,-120.20895366244086,1.3430222202588216,-0.17882218813363934,0.12887393668329805
HDOK,PLOK,17472,10,10,-130,-14,11,2,33,-117.19316899681738,-117.91712893789861,-118.14659085558574,-118.53627527775991,-116.87333694419375,-116.16762502296177,-115.42883716857514,-119.02138720376838,-114.54165589233664,-117.4539008811666,-116.2544252461657,-117.07102174924832,-116.99512762556711,-118.45913101898917,-118.35743507659295,-117.13669802191585,-116.2148549844358,-116.47371903256848,-118.25512823186095,-118.13134357244742,-116.23011754484558,-117.71266246178524,-117.7600783924634,-116.92067113846815,-117.39990961520753,-115.30784377561102,-116.45427070432909,-116.53363616470158,-118.61780872874274,-117.75299630888624,-117.53696458208368,-115.76124251008288,-117.3077211201948,point1,-117.14923378146237,-117.19316899681738,-119.02138720376838,1.0895877643650915,0.41954830512018626,-0.20586081377418308
HDOK,PLOK,17472,10,10,-130,-14,11,2,33,-117.38586292516499,-117.08792894101296,-117.5173363176596,-116.83983240268424,-118.75889828829175,-116.60594874172219,-117.60234760536711,-116.49217111267232,-116.64085965220187,-117.20093956182588,-116.99235739927813,-118.07142063398955,-118.89017404240519,-118.73752358418895,-117.53248119163112,-116.18174300685374,-117.10068851896959,-118.11848889022178,-117.21534552471293,-117.67387085975571,-117.26983295900952,-117.1427918708304,-118.56884637532747,-117.0491093926268,-115.96328759194445,-117.27209244074555,-117.44208324275324,-117.09785615418058,-116.83062178636632,-117.26013749810099,-117.33598566568726,-117.1699815947957,-116.24698247939283,point1,-117.31199479552639,-117.21534552471293,-118.89017404240519,0.49839646279968985,-0.5669336584086664,0.30080379196146323
HDOK,PLOK,17472,10,10,-130,-14,11,2,33,-118.64122438614375,-116.6781857387385,-116.48010315503365,-117.8931527891255,-116.81364842873128,-117.50145874190926,-119.16822733637636,-117.91894728709882,-117.10339599590843,-116.96086919818015,-116.73385937575722,-116.69259371019999,-118.28760592724097,-116.86307243025472,-116.53855853403903,-117.6489692994645,-117.43843109673615,-117.77815936141852,-116.0152787422211,-117.19071744954088,-116.7668403765328,-117.12640139414341,-116.82136196545083,-118.55588778744041,-115.98709529461952,-115.23339294456967,-117.87632031492852,-117.27152717331361,-117.76911508179234,-117.60820930025656,-117.3407337381345,-117.07365017276797,-116.0360898627148,point1,-117.20645710275103,-117.12640139414341,-119.16822733637636,0.6698864664537989,-0.09552409268813386,0.3881763644988667
HDOK,PLOK,17472,10,10,-130,-14,11,2,33,-115.8653896151397,-114.89553068022525,-116.33428459678962,-119.20855337400764,-117.22320842619888,-116.02564751039222,-114.97734945504085,-118.13124151541528,-117.63873170634515,-117.56411858460194,-117.67613957125279,-114.61190938127217,-117.86748567360081,-118.31900090351988,-116.29788471145045,-117.1744234104146,-115.08195283215348,-115.95435767193449,-117.98802373722908,-118.64233993999974,-116.04545939509106,-116.93407186187734,-118.25033769339774,-117.15227854100728,-116.54339178492239,-116.13890535198374,-116.27299411906942,-116.53669407269697,-118.44440620042593,-117.14588021778164,-116.28696569417275,-115.78108118544144,-117.37513985253615,point1,-116.86015694749663,-116.93407186187734,-119.20855337400764,1.3196104565242015,0.0416302279779431,-0.6743010886121983
HDOK,PLOK,17472,10,10,-130,-14,11,2,33,-118.87504374020251,-117.40101144192495,-116.70118059213326,-116.81709561766742,-117.99737874139404,-116.17111456193089,-115.42932439982768,-116.86560239913415,-117.43946794039141,-119.26268321169235,-116.38302334258465,-117.83263258437674,-119.6458161894474,-116.6857097772205,-116.86586129989635,-117.54226592119494,-117.01055106399838,-116.66717880831465,-118.27626622500195,-118.13149681514864,-115.92931555264896,-117.54640728005063,-115.77321974145067,-117.2511394540386,-118.34028708691501,-118.32397590952634,-118.69057613260395,-116.64004973200349,-117.70008242472572,-117.25954602930106,-117.99250736043692,-117.2634572082307,-118.47072693029487,point1,-117.42975743986999,-117.40101144192495,-119.6458161894474,0.9701303028301463,-0.15230263128526683,-0.29723773233550244
HDOK,PLOK,17472,10,10,-130,-14,11,2,33,-116.84644373484427,-117.07371391314146,-116.99170244236412,-117.20990733224357,-116.73645526246426,-118.01689759754535,-117.42296169269254,-116.90780551434014,-116.43295494652348,-116.71641971736733,-119.08487519562443,-117.28837187385555,-117.3973954503988,-117.58983028903096,-115.23078241595296,-116.49885385380917,-117.66397754347932,-117.45440410054314,-117.44322582260783,-118.17869988819896,-117.6562896359752,-117.34473384331368,-115.93089247708998,-116.79322996840892,-116.44848079192033,-118.49229104751174,-115.96104472531593,-118.16230320660493,-116.74201769411823,-115.32494366906066,-118.76096150624744,-118.09054075831583,-117.80718939920897,point1,-117.20304840333695,-117.28837187385555,-119.08487519562443,0.7717138599081296,0.17874575305469176,0.1467862996020508
HDOK,PLOK,17472,10,10,-130,-14,11,2,33,-115.59988789040742,-116.13526841159256,-117.2884487026201,-118.39207435322713,-118.50607269168876,-115.92944831645025,-116.83895165566375,-117.01669423078584,-118.92682070136915,-118.4746592925917,-118.3346539199662,-117.73367113254481,-116.80159814473913,-116.04814621280482,-117.15835966046596,-116.88780651476961,-115.61813895683004,-116.16389132008317,-115.56809226926941,-115.76511300992516,-117.45991329936275,-116.6268924155586,-117.23362149674105,-116.61113849394515,-118.66063956412451,-116.3604883386812,-117.3223869725078,-116.22198685010818,-116.58568870608661,-117.89728669881848,-118.18910737337069,-117.14658126512536,-116.53863080966028,point1,-117.03158059611778,-116.88780651476961,-118.92682070136915,0.9263077876306154,-0.31920200593043757,-0.9178645731187318
HDOK,PLOK,17472,10,10,-130,-14,11,2,33,-116.53992720606716,-116.40810855992021,-116.9915121471693,-117.22035091381832,-117.02389201740213,-116.87362321642303,-118.1165818424239,-117.7712011438918,-118.95896082668368,-118.13494233942097,-116.39276561849901,-117.65992072429744,-117.92175795319788,-117.11617065018403,-115.62988814598685,-118.46330190846938,-118.53446366739396,-118.14463994946601,-115.28380880814643,-116.07924993695154,-116.52409389623436,-117.94852468254672,-118.09370146801263,-118.76521996825095,-118.59512415925143,-116.59138925654274,-116.36204320986036,-115.6621857888141,-116.40615900774542,-115.6342919902178,-115.77747504424792,-117.71887897704725,-114.70041306293837,point1,-117.09225963901584,-117.02389201740213,-118.95896082668368,1.2218439715213516,0.1751455305667623,-0.9071691914169868
HDOK,PLOK,17472,10,10,-130,-14,11,2,33,-116.13189879010793,-116.3817912645441,-117.48297104921302,-116.86259014884179,-116.42458252382873,-116.95401347628828,-118.91369153622728,-118.58823628635957,-115.55388371702085,-117.90078641371468,-116.40145676534503,-117.04517242463714,-116.92637499989101,-116.48427164976817,-116.75897041244104,-117.25902339881242,-117.9703357762672,-117.89294896141217,-117.6277396920688,-115.96567317338452,-119.01781521025778,-117.77074700882324,-117.2385408982067,-118.24327994559685,-117.69909679016864,-117.39648702439126,-116.74979893846788,-117.24345487649069,-117.22766334513835,-117.8760935354779,-117.00675546965165,-116.90287041983518,-117.6876091873153,point1,-117.26020076090894,-117.2385408982067,-119.01781521025778,0.6324756271635757,-0.20932093671929608,-0.02029016565034647
HDOK,PLOK,17472,10,10,-130,-14,11,2,33,-116.07967366411737,-117.2164469835804,-118.44827643597532,-117.90060610248813,-117.85893276272628,-115.58529242745747,-117.30741787650062,-118.80767793254039,-116.07747961860605,-116.47312820748397,-117.24109533811398,-118.16588944824936,-115.69198063703826,-116.87007482058276,-115.81047161111249,-115.90777749802348,-117.7251330893214,-116.92738265627294,-117.35121852982451,-116.02415901496897,-117.30336437849589,-115.53834864930883,-115.92156714507983,-117.56225028328012,-118.0506770795597,-117.02795281747736,-118.1458224151582,-117.53933657330558,-116.73488338721096,-116.13189332229567,-118.33444119744316,-117.08389285151311,-116.80611290914096,point1,-117.01971689891681,-117.08389285151311,-118.80767793254039,0.8316616974472775,-0.01659834928856728,-1.0521038105603795
HDOK,PLOK,17472,10,10,-130,-14,11,2,33,-115.93429847751474,-116.1355243604378,-115.3941278073846,-120.52520643308016,-116.37154464828228,-115.30430279237156,-117.87884729227825,-117.76211193145062,-117.5383628055949,-117.3446565790335,-117.49584091370794,-117.92220815894852,-115.32675096628228,-117.70512369847738,-118.47300121416248,-118.32879762780291,-118.41052763327666,-118.38459697647372,-119.17340398502562,-117.50444936636676,-117.08603178577751,-116.87815812858787,-117.50217763349238,-116.8420906818692,-118.76812172360702,-118.08149091665284,-117.70141792836222,-118.66089969295282,-116.9981690576701,-118.01188177843522,-117.53318014951172,-116.19051424324275,-117.7248043486979,point1,-117.48159459808522,-117.5383628055949,-120.52520643308016,1.2671359645711173,-0.016776675394547004,0.6394608068643515
HDOK,PLOK,17472,10,10,-130,-14,11,2,33,-119.32988135803035,-115.14160896926072,-116.40757015308024,-116.39564667310913,-117.92065307764533,-119.84484454115295,-117.02248882644328,-119.28835367021286,-118.39210629844216,-118.88700240743364,-119.22605105608737,-118.81827537867362,-117.6781567166502,-115.60414176241247,-118.42777412046557,-116.81581015156237,-117.2075119436364,-115.56102820679025,-115.33033586405406,-118.06347319799413,-116.82998350761036,-117.15718979598748,-117.241399314238,-116.4724361530771,-116.28276099763264,-117.02364610402432,-117.40918929974424,-118.182869793696,-115.61853582679144,-116.92625710809465,-116.80427266731847,-115.74860423451064,-116.57155075303099,point1,-117.2615578766331,-117.02364610402432,-119.84484454115295,1.5747075969446904,-0.2779844706601675,-0.7641483067428139
HDOK,PLOK,17472,10,10,-130,-14,11,2,33,-115.31667689114057,-116.62013333001467,-115.97558205970661,-118.90054382433944,-118.09077334913665,-114.99281186269818,-116.23873940512019,-117.27939742779895,-118.00946285534836,-115.45746035890535,-117.97491851661,-118.47010705567804,-117.00145129336344,-117.17492792072184,-117.5840523781034,-117.54494752273693,-116.21169232173258,-118.54527508757427,-117.55691959807132,-117.81590285611237,-118.06559229973729,-119.42631534511821,-118.57363355267941,-118.42104770794158,-119.47556575457735,-117.52530157809798,-117.37454316896977,-118.21720893650281,-117.61033775960502,-118.1875910698494,-116.25663164716747,-117.26661627977616,-117.93727632200336,point1,-117.487861737483,-117.5840523781034,-119.47556575457735,1.2016579116907677,0.4968165941419026,-0.10631867542494344
HDOK,PLOK,17472,10,10,-130,-14,11,2,33,-117.20953899220673,-117.58819850464887,-117.9534284635742,-118.22307501469402,-117.90792303253043,-117.2541417706594,-117.37739110131915,-117.07408485032855,-118.28002932582413,-118.55412656777253,-119.2804577429458,-117.1666464800034,-117.79218219485827,-116.2243549904068,-118.26167327495469,-117.63436288726278,-118.38969905898067,-117.45295687694211,-116.14755270334469,-115.98304503778859,-118.969011584373,-118.68755386880378,-118.82449898004475,-118.08991858861167,-115.25748076288308,-118.12820213166395,-117.73332544821501,-115.62776463221152,-118.38941572096194,-116.80310953645888,-118.04520848053856,-117.84338549116646,-115.71918953249514,point1,-117.571907079681,-117.79218219485827,-119.2804577429458,0.9947238511555309,0.6906912265353564,-0.14676426076943372
HDOK,PLOK,17472,10,10,-130,-14,11,2,33,-116.94116622858604,-116.68033584595129,-118.0209160658197,-116.31169546339862,-118.20128574751676,-116.3740693144432,-115.19592650544135,-116.87683774082454,-117.72099827952415,-116.86220671008947,-116.92061234226057,-117.057472512186,-117.16896284815998,-116.44569309625358,-119.85008709635905,-117.6437705306084,-118.22388649583652,-116.79857286599143,-116.93293472458885,-117.4372049899765,-116.1774466875724,-117.94511841118832,-117.38604338634894,-117.10778244874109,-118.19023912476675,-116.6964693268764,-116.09943794804127,-116.31145218247094,-117.32916854663601,-116.16231387628034,-115.88286844994035,-115.97610939707315,-116.7546504518688,point1,-117.02071926186727,-116.92061234226057,-119.85008709635905,0.7745160565960568,-0.847100562824515,1.9399852577871282
HDOK,PLOK,17472,10,10,-130,-14,11,2,33,-117.35445425474094,-116.96796815457996,-116.99989324095898,-115.50142860654742,-117.26344499554334,-116.15775260287728,-118.13408950546884,-116.04779655113995,-117.03774937248599,-117.13975719494304,-117.50557436787885,-118.27985621104195,-116.57665041345756,-116.79200170157527,-117.78279632502849,-116.20536888003309,-116.99012846028816,-116.21917704859071,-116.85923123633074,-115.56889533206879,-116.71082007349717,-116.15770994962338,-117.42603891434037,-116.1712528308251,-118.17388027738255,-116.90260551983965,-118.59506697449135,-116.45911603635858,-117.32357581431724,-115.85280637235205,-115.95461802118307,-117.36693261052473,-117.38438961159716,point1,-116.90493416551247,-116.96796815457996,-118.59506697449135,0.5995873454710916,-0.2031495517144144,-0.4759969701058506
HDOK,PLOK,17472,10,10,-130,-14,11,2,33,-116.7660674194575,-114.91881086791832,-117.52107415378164,-116.62258076183132,-116.86729169235062,-119.13763267944857,-116.45978793392305,-117.52439215591896,-117.93281254101801,-119.05398923062108,-116.74195016133277,-117.39527235498626,-119.30884662628394,-118.67621924804953,-117.65135424423245,-117.75864352431712,-117.64706631914378,-116.86855188263692,-116.2845573680119,-117.9784527788553,-117.44433546697952,-116.48443048939527,-116.06712164137618,-115.44017488567637,-115.95276893644309,-116.72283576687762,-117.15536251273676,-117.80951604194385,-114.70804135126075,-115.66740439576243,-117.98590525876527,-116.5629451300686,-115.47653312052802,point1,-117.04826451339191,-116.86855188263692,-119.30884662628394,1.283841984673345,-0.008884523034234877,-0.2591027575319327
HDOK,PLOK,17472,10,10,-130,-14,11,2,33,-118.1889309574706,-117.38093885924431,-116.43865196659296,-118.81602310985858,-118.4746941806519,-116.9255132087416,-117.2871879925515,-115.49321917290997,-117.48900511898248,-118.3518477522508,-116.58484100044687,-119.05033764648798,-118.45472191129058,-117.1055117115103,-117.64966551778531,-117.06248977259335,-116.82823331649412,-117.7766031388736,-117.54146908378519,-117.62202107534509,-115.7671866265935,-116.9740573171992,-118.89258958701922,-116.86458952489357,-119.84948367024504,-115.97135907412512,-116.09258115195892,-117.65637168279756,-118.21256764943367,-118.51493767761653,-116.06400068216833,-116.98794871846802,-117.03314001627396,point1,-117.43644605674729,-117.38093885924431,-119.84948367024504,1.0279716032644044,-0.19736502755024815,-0.31019942201155937
HDOK,PLOK,17472,10,10,-130,-14,11,2,33,-117.0500896530933,-117.50834012318691,-116.59919487555368,-116.92455448356158,-117.9116812399389,-117.76110309614303,-117.52694576977427,-118.03655058479801,-119.19285589473,-117.63269838578076,-117.11992501872211,-118.1705903414649,-117.46919247194717,-117.34106152730048,-117.38962572239538,-117.77775316028163,-116.53443825673862,-116.47990965807445,-118.00164510142429,-118.144148821155,-115.78161352810952,-115.58114388233605,-116.87092492292155,-117.39245292399924,-117.4057401850157,-119.87129038792726,-115.93167313266918,-117.76717312147221,-114.94824148432124,-118.26988141800433,-116.23894221976926,-117.19494550160096,-117.60392376882652,point1,-117.31606820191027,-117.4057401850157,-119.87129038792726,0.939117064450866,0.035027092808041387,1.1137590856353152
HDOK,PLOK,17472,10,10,-130,-14,11,2,33,-116.49001277439693,-119.3351008972489,-114.39325326513415,-116.91384335744756,-117.11406764697155,-118.0272405389836,-115.53289997134208,-118.2626581514729,-118.21197357397777,-118.20780598342486,-118.08185885919916,-116.85927942523031,-116.47297285603241,-116.97563796433887,-117.4016202280037,-117.76737300466246,-117.25584082151587,-118.09574665744012,-115.10773864841579,-115.84106286403183,-116.49610991215272,-119.32983544122584,-117.04281462529228,-117.41758287566198,-116.40080150230631,-119.79726473341181,-119.268226760778,-114.73195388595285,-117.89804881682032,-115.954152517338,-115.64636016524179,-117.09901250042513,-117.18192746963045,point1,-117.17006299077298,-117.11406764697155,-119.79726473341181,1.691471317939515,0.0615615268646973,-0.22191794474140103
HDOK,PLOK,17472,10,10,-130,-14,11,2,33,-117.43716638815012,-116.38398805826411,-116.78024893506306,-118.48344290248609,-117.92791717277947,-116.4344177110123,-115.6130289277772,-118.40940183230718,-117.42783108855637,-118.47123368177283,-116.88927064288757,-117.4056237587651,-115.67213686429002,-117.85872377403959,-118.26853461090991,-117.18754371074452,-116.89899858823911,-117.97784092448933,-117.01325731043909,-117.94753499061927,-118.60182131633806,-117.3445498205414,-117.41365279155856,-117.93928045297618,-116.72590020354436,-116.28419614624505,-116.17432014875783,-115.68580116102028,-118.25590154049173,-115.55421579427473,-116.36394233246558,-118.81644318338499,-117.46387851262268,point1,-117.24581955387316,-117.4056237587651,-118.81644318338499,0.8718539447139714,0.22541556795138135,-0.9513150604667469
HDOK,PLOK,17472,10,10,-130,-14,11,2,33,-115.26390534369936,-117.62992174795066,-117.50435833438634,-116.82658831421797,-116.63839858769464,-118.69356432893304,-116.4618921553789,-117.51926675203516,-119.16126586162329,-117.41276739669016,-118.05991665881905,-118.22203483584511,-115.39466502065719,-117.00191437850178,-116.23002794567259,-117.271307505558,-115.37088812524948,-115.68899101957336,-116.81252299434753,-117.03140729092334,-116.944226030436,-116.25265227654954,-116.91580280138936,-117.98494847912553,-119.58538956791118,-117.7231239930124,-116.22981979654615,-117.02172935730582,-116.23312423256128,-116.30030467102702,-117.82888038326632,-116.47111193554181,-115.54622768905435,point1,-117.00705896398435,-116.944226030436,-119.58538956791118,1.0866659770751887,-0.4345168181925184,0.05193650651161663
HDOK,PLOK,17472,10,10,-130,-14,11,2,33,-116.36206932506624,-116.80650908311652,-118.49435901069302,-117.2541567246898,-117.18205213255592,-118.29001330660773,-116.8703227524759,-118.8171677196004,-118.44530269514907,-117.05506120645221,-117.99612879764591,-117.07196512420668,-116.72891743278488,-116.66941211033672,-118.0030204048457,-115.60007659691922,-118.0271161958556,-119.07059710436005,-116.25299165227729,-115.86897717662274,-117.33398980222404,-117.89691945698671,-116.9352754480868,-116.75149032546061,-119.29062548257812,-115.97289784456537,-118.3844803289518,-116.70530705475687,-115.87229275734371,-116.88258767210138,-116.77592051143259,-116.66233590373193,-116.69079698077606,point1,-117.24306473094718,-116.9352754480868,-119.29062548257812,0.9108800160166215,-0.4366999403415477,-0.6227673224254002
HDOK,PLOK,17472,10,10,-130,-14,11,2,33,-116.38042263464254,-117.47385371088752,-115.82270236080902,-117.66662891230835,-118.10797601374816,-117.75565915494268,-118.00960031482533,-117.20917728569067,-116.65343868825391,-117.31296171803287,-117.39657452653262,-118.08099180668796,-118.46737516682197,-118.07860510796566,-118.85092153107516,-115.3068903866175,-117.72539941228462,-117.40869751553011,-116.9672090383718,-118.08445809767558,-116.28411037832308,-117.23255901950145,-117.20069114355135,-118.46819475550173,-117.52752872729167,-118.0897975283427,-116.68517819700752,-116.91062433704666,-117.63718693600401,-115.44948420121604,-116.45204567967461,-117.24337665917655,-115.31270559587263,point1,-117.25009171340042,-117.39657452653262,-118.85092153107516,0.8064210666963556,0.6304436194599473,-0.0839833171081712
HDOK,PLOK,17472,10,10,-130,-14,11,2,33,-116.82601533104182,-118.7751486731309,-117.50735322773843,-116.30807607155728,-119.69192841425753,-118.96452985792722,-117.96341881729158,-116.71536321436815,-118.56746720050673,-118.50316633040786,-117.2805869440641,-118.44275785114438,-117.43080570759045,-117.81130960110578,-116.30523708353816,-115.43715754403858,-116.57144527865017,-115.2940608856923,-118.44332048010612,-117.29763217324874,-116.31037871773492,-117.45296652702848,-118.41007488079198,-117.61889835941285,-115.9485426137648,-117.27644112939522,-115.25111964202146,-117.44484518630874,-116.21528363310927,-117.10875576980214,-117.5029479562537,-115.22930169359488,-118.64222822707355,point1,-117.28935045526357,-117.43080570759045,-119.69192841425753,1.3146830220186636,0.1150977900646521,-0.6299529120232066
HDOK,PLOK,17472,10,10,-130,-14,11,2,33,-115.87610668777363,-116.35866731301647,-117.39622342607052,-116.03201405577875,-118.04059339907647,-116.86470281153989,-116.85011886897178,-119.85902114700583,-117.33560909110916,-118.86435713570134,-118.91789941746579,-118.32602004453203,-116.6377358643268,-117.50661978942844,-115.6629575325318,-119.06944509673775,-118.5018605827266,-117.86368754071536,-117.10770473260284,-117.49855056660336,-116.53994702763123,-117.52806659771706,-117.76616499638756,-117.87529135206842,-115.72470892610924,-117.12166361038203,-118.34675564783285,-116.52072337523433,-117.9012745703681,-115.21160493406273,-118.23944046771518,-118.79882949437417,-116.29768168293047,point1,-117.40733478140993,-117.49855056660336,-119.85902114700583,1.2163578914001885,-0.026476304897942116,-0.5474295272231862
HDOK,PLOK,17472,10,10,-130,-14,11,2,33,-117.03939742674339,-118.14533654715358,-117.00228768836938,-115.67943899172964,-116.983773756124,-118.16079057625565,-116.14822457986853,-116.71864417663234,-116.82770243688171,-117.0520823560975,-117.2669926712999,-117.04251926552531,-118.41770832454803,-118.23498313550041,-116.16454079054904,-117.58184575989893,-116.53444301417308,-116.82111738298086,-117.6260104370162,-116.25955780959171,-118.5063504786504,-117.6983280556319,-114.27693035332284,-117.9209184409067,-117.50308313796391,-117.98954316956502,-114.73777788291399,-118.91576387635348,-117.66750126432947,-117.62536217795135,-116.41231835233314,-117.95957358624808,-116.53951373493499,point1,-117.13516247388016,-117.0520823560975,-118.91576387635348,1.0250791621716613,0.84347053438471,1.0456736232462558
HDOK,PLOK,17472,10,10,-130,-14,11,2,33,-115.94724498374232,-116.96569695489421,-114.93752126315451,-116.66601641269683,-118.1476965286131,-117.63617480821843,-116.35950061906964,-117.78413707508663,-118.07519036212011,-116.73200311391886,-118.01440217861081,-118.19602412392663,-117.62987190985629,-119.28690075352435,-118.05256140780773,-115.95519230144231,-117.05391999552484,-119.23150635676079,-116.49630025460739,-118.06159988784508,-116.32395346866679,-119.08873604295366,-116.77870677902264,-116.9569267826741,-115.88413274849373,-118.40905786088567,-116.1961462026308,-116.60048634896545,-115.92255404812511,-117.35160403433989,-118.5801229309283,-117.2046587285116,-117.6976277727548,point1,-117.27952045576893,-117.2046587285116,-119.28690075352435,1.113248984364977,-0.04280798515906593,-0.553956176354224
HDOK,PLOK,17472,10,10,-130,-14,11,2,33,-118.31358407395528,-116.94836596663484,-115.56180726991632,-116.91698737839428,-118.2026786662688,-117.71082545004397,-117.5080213521277,-117.99530097240378,-116.62422626200635,-118.62935428096056,-117.35963160261478,-118.12569702262573,-118.47618639714692,-115.24139666733002,-116.29652345478154,-116.1703555475162,-118.46476514571181,-116.83688247304241,-117.09231571963369,-117.2523055478455,-117.59246930525771,-115.32973848341857,-117.96060779086518,-117.00063795297432,-117.08801284461545,-117.32896487960222,-115.81016685944631,-115.00800601759042,-118.27179634917437,-116.12897546552239,-116.33294399166427,-116.11766642397316,-116.32866897842064,point1,-117.03108686646925,-117.08801284461545,-118.62935428096056,1.0144673119239473,0.2444912871409729,-0.8752636874878621
HDOK,PLOK,17472,10,10,-130,-14,11,2,33,-116.93548154130526,-116.9947377263169,-117.76062696157554,-117.8251312665171,-117.72123235024058,-116.58636343786998,-116.2371383847782,-117.32370570982138,-115.72250218754974,-116.06376541960906,-117.69255653812131,-117.24277649285726,-117.9908763282285,-116.69183406277953,-116.12490205222483,-117.32925256526812,-118.48087991232786,-116.21098634225547,-118.84836480078418,-117.7125611090672,-115.41856539535537,-117.29012379473814,-117.85650104215807,-118.30931906344823,-116.61237410473552,-116.59350986629455,-118.3821321125937,-117.90836182901408,-117.26853105120254,-117.62456879140282,-115.96121838079839,-117.67261316152461,-115.90162738698842,point1,-117.16045821726523,-117.29012379473814,-118.84836480078418,0.75193405343262,0.17899204195111035,-0.8318990491167182
HDOK,PLOK,17472,10,10,-130,-14,11,2,33,-116.65210920748116,-116.43768873763686,-116.36862480808423,-117.43240818755422,-117.24712139218819,-117.6269257377284,-117.26809972657576,-116.27563386107065,-117.37120903949635,-118.20331626675393,-117.28526477266044,-115.78757528577502,-115.66751241060554,-118.58396742978785,-118.87578573110424,-117.29246194731115,-118.70755444588247,-116.07049371919358,-118.02934568294008,-118.50253581717074,-116.87652751204512,-118.20613066043272,-116.69184935417353,-115.36913124262327,-115.56859944453284,-116.24146451057295,-116.50785060320821,-118.31606517874363,-117.95515888262345,-117.82995305257836,-116.53161658312412,-118.07155196289206,-116.74842445026688,point1,-117.1696956862066,-117.26809972657576,-118.87578573110424,0.9424569067059313,0.02869537822246808,-1.0299091252774724
HDOK,PLOK,17472,10,10,-130,-14,11,2,33,-117.87149648500247,-116.38462514597973,-117.14835182244126,-118.7773782959402,-119.01653703523556,-117.97401765570328,-117.8329933815807,-119.03576341995291,-118.89887054626037,-117.07316234382274,-116.2419505469992,-117.52760063008623,-115.86204858219973,-118.55399033726579,-117.30505657769196,-117.84535395113467,-118.22123219732546,-115.47467947551762,-115.80530625710288,-117.50399258115678,-117.83933906055576,-117.72241338066391,-117.97319653165721,-116.24573542107208,-117.98625721814876,-116.4973274750888,-117.79210090310568,-118.1114057741756,-116.86717010280088,-115.90995496672161,-117.92739126685753,-117.29948071541786,-118.64502308078033,point1,-117.49003645955895,-117.79210090310568,-119.03576341995291,0.9521554342865488,0.3960083789747174,-0.6872159962107314
HDOK,PLOK,17472,10,10,-130,-14,11,2,33,-115.61166234703977,-118.68230869726779,-117.51885429807636,-118.57937347087908,-117.68991637583153,-117.03145806810114,-115.50567446089782,-116.86064420858455,-116.72310596924147,-118.05372990829521,-117.2324556546734,-117.97100435912203,-118.43420705645121,-118.74833917341408,-117.78301454308031,-116.93798693469063,-116.52656501096016,-116.51046956767317,-116.18834026649085,-115.68563407847745,-116.37097244671835,-117.45423420287167,-116.63541334521433,-115.7369772762954,-117.62058537515318,-116.60567451077232,-118.35559354378805,-117.86188794442391,-115.80310988568904,-116.19888518729302,-119.09915330427978,-115.37205569343735,-115.47332876315595,point1,-117.05644290691939,-116.93798693469063,-119.09915330427978,1.1461556406501394,-0.12436500760457093,-1.0840949088144543
HDOK,PLOK,17472,10,10,-130,-14,11,2,33,-117.99225522881055,-114.73047207780314,-118.05579692282879,-117.15305019451696,-117.07751102427412,-116.83149728878354,-117.70189073151211,-120.05145053731013,-115.49081368865737,-118.3592856853067,-116.61958636289842,-117.58813718898158,-116.89109099106469,-115.28616214340113,-115.42645089495979,-115.81066984207064,-116.6452208776276,-118.36305119128252,-115.9313496192586,-116.8450984290566,-117.36909495255424,-116.98211013411274,-119.04201022023557,-117.7046126971792,-117.6057019076638,-117.1966850776751,-116.8683821792963,-118.7225682238837,-116.09021228173425,-118.31810661159254,-116.88678348396695,-116.73706258619826,-115.63896971329156,point1,-117.09130730272089,-116.98211013411274,-120.05145053731013,1.3374104803748175,-0.21010471165044478,0.1404568165025224
HDOK,PLOK,17472,10,10,-130,-14,11,2,33,-118.24398731824348,-116.70846089973143,-118.66562087189634,-116.40451105591349,-117.58731762574105,-115.9359308662806,-115.00770936705072,-118.74142271564992,-116.88702735847298,-116.60554128255421,-117.86238243012687,-119.3954745422841,-115.58886446243511,-117.26678065664152,-117.16459584678472,-118.33681173446121,-117.52197895749518,-116.17151462640629,-116.60592594792278,-116.22174628623831,-117.69411107046793,-118.83227150800725,-117.42259164061556,-116.06827528505099,-117.45342071779412,-115.94655392719102,-118.91446340900052,-115.59163328457188,-118.16344930849293,-116.46970953703483,-117.20231048966357,-117.36376759940072,-118.63810752958805,point1,-117.23285667149118,-117.26678065664152,-119.3954745422841,1.2133039070650988,-0.048484623563763214,-0.8174499989773927
HDOK,PLOK,17472,10,10,-130,-14,11,2,33,-116.82172393195411,-117.13884698923165,-117.90760481884254,-118.96059044026698,-118.10493143687744,-116.39139186432845,-118.015433510441,-117.52768774450816,-117.85880079432859,-117.1450797309991,-116.6456667546801,-118.30261826865716,-117.03998904879424,-116.57862316446482,-118.08977010499929,-115.89474511557485,-119.16963488409449,-117.38114830542374,-116.92790900174164,-116.29079748822234,-117.52185922403925,-116.57521050417054,-117.90421858954686,-117.3586062204171,-117.20501958174269,-116.97368933938058,-116.61569382456791,-116.06802077295308,-117.14633927438238,-117.21548588747102,-117.07412285398051,-116.04570222883692,-117.32517525128677,point1,-117.2491556651881,-117.14633927438238,-119.16963488409449,0.5954176217797251,-0.49478386646910294,0.1832355382373092
HDOK,PLOK,17472,10,10,-130,-14,11,2,33,-117.1318152894344,-115.65024061676242,-116.57732947766486,-119.16175232939774,-118.01303128282348,-118.17668998711211,-117.61850070421255,-118.74659684833846,-116.2425778879807,-116.89885637801608,-118.33351989430187,-116.50788161524744,-115.62792326712284,-118.39970963157137,-117.90213712927194,-116.78520408304954,-116.86221569434309,-117.56974679563903,-117.61262136152985,-117.90937073067398,-117.2222289160911,-117.48969049732555,-115.65108632928728,-116.89224586119416,-117.28941071834292,-116.52649992691845,-116.11246647955157,-116.83130144992957,-116.99232765195038,-117.13475023472576,-115.07040723405923,-117.70141149510238,-117.29910365816279,point1,-117.14971671082226,-117.13475023472576,-119.16175232939774,0.8549942428750246,0.12209921654917197,-0.08736211767915858
HDOK,PLOK,17472,10,10,-130,-14,11,2,33,-117.2515637111037,-117.34341356749842,-116.41267108645197,-118.59406617409043,-116.9356789065325,-117.41325200783318,-116.4200649268381,-117.68773190344014,-116.47909132477672,-117.58423882722603,-118.38216076519993,-117.0812664930411,-116.62011098664517,-117.66239238849786,-116.76613589838597,-116.02623048532459,-115.89622664360981,-116.52826587845732,-116.30828015792058,-117.57961636143546,-118.88356854521152,-116.6942091132594,-116.74596097685806,-117.87271915336987,-115.49727448637765,-117.92853711447016,-117.09899078657658,-117.65388710960318,-117.04373645595804,-118.4760556768749,-117.45652370293013,-116.52020011294745,-117.39890427254919,point1,-117.15887957579682,-117.09899078657658,-118.88356854521152,0.6179697526757519,-0.1908989546361016,-0.24905331574681888
HDOK,PLOK,17472,11,11,-131,-14,11,2,33,-117.06333584750853,-116.01600364650264,-117.61204360823017,-116.20062711750003,-115.91653151589861,-115.68922911812969,-118.1317224320739,-118.30767707630432,-115.80103584372092,-115.84385139014731,-117.58955992592485,-115.23437712358867,-117.3585515851757,-117.99220003716927,-116.35879646431813,-117.38498753508345,-114.68322588615092,-116.25314173949755,-117.26419965239968,-116.6660406161332,-116.48359259966372,-117.45789402266078,-115.57881102885615,-116.59565276371177,-117.43334601792284,-117.20086592073085,-115.93139843918179,-116.62633525617244,-116.24705592424408,-116.67253275027032,-117.57577279254699,-116.07040906591135,-116.94578733468963,point1,-116.67232097206123,-116.62633525617244,-118.30767707630432,0.7389562141675777,0.08989112332519363,-0.5302542309708018
HDOK,PLOK,17472,11,11,-131,-14,11,2,33,-117.47665106370735,-116.98646246702161,-116.49698039957539,-117.50856946570559,-115.53637801637319,-115.69299478915808,-116.67668057226585,-117.60061786328038,-118.09434679533334,-117.41681810363036,-117.27278869049871,-117.69910503396491,-118.3613477521068,-117.53859866099735,-117.5765772380588,-115.69651018164858,-117.47697230664862,-116.76657096867132,-115.43024650583159,-116.1082237542874,-117.12501468128757,-115.80032029017296,-116.6841560196611,-117.22600483235485,-117.92512359689387,-115.91966995646813,-116.513950748836,-116.70809015888358,-116.17146623941373,-117.9837913097505,-116.7685349182626,-115.36207549047224,-115.83404821845261,point1,-116.83138445726289,-116.7685349182626,-118.3613477521068,0.7111381131365735,0.16343830817187388,-1.101912561794499
HDOK,PLOK,17472,11,11,-131,-14,11,2,33,-117.6928627381833,-115.89887568047604,-116.04368233102213,-116.89137306326346,-117.2975308315334,-115.1399230368293,-115.81935954163558,-116.90452363334319,-117.37324132161935,-118.19266794252928,-117.25045534339733,-116.34120044833357,-118.5595501470451,-117.71932951839736,-116.770992955396,-115.99042163270303,-117.30957817729934,-117.50341714422666,-116.37741035284327,-115.31372142701566,-117.2366065206554,-117.00064575128997,-116.7437297429525,-117.28099954983001,-115.18020089396362,-115.63865852763446,-117.51088486179891,-115.22782554505667,-115.11826327226152,-117.67860236379875,-116.7328902174715,-116.66792382868832,-117.45208437484621,point1,-116.72301311264665,-116.89137306326346,-118.5595501470451,0.8440404205319597,0.27206845847307987,-0.7648246905046907
HDOK,PLOK,17472,11,11,-131,-14,11,2,33,-117.5529041619246,-118.29481798975378,-117.20358658098453,-116.65146314087103,-118.43806287231178,-115.94883807123648,-116.87247684010966,-116.78661449581354,-116.56766674597625,-117.38089928933151,-117.95851251119343,-117.13391489334467,-115.9790046170526,-116.4753041211106,-115.69608382266381,-116.87274852241788,-116.95376140859699,-117.4781773889242,-117.52638496419573,-116.399097054321,-117.18596148890637,-116.57749879246674,-118.05784225956972,-115.75429232633395,-115.07738831371096,-117.03943063612812,-116.75694785848233,-117.65284054293447,-116.63939523051535,-117.52876003111022,-117.07158079567904,-117.45440426227128,-117.32561049995782,point1,-116.97855371303636,-117.03943063612812,-118.43806287231178,0.5554833584033995,0.35887638360867247,0.24385995990200593
HDOK,PLOK,17472,11,11,-131,-14,11,2,33,-117.3720916208732,-116.61131032829265,-116.73081881472336,-115.61093819402247,-115.12804385644776,-117.53877031445633,-117.852076286587,-116.94473875611135,-117.14545439538242,-118.44598902845028,-116.99775966367332,-117.73672871387208,-116.80305356112517,-118.10401549162665,-118.74007207745211,-116.89184922336234,-116.56152689364889,-115.93694691605499,-116.27906459066807,-116.7424011779638,-116.6848795719096,-117.1372064380388,-116.62369178498544,-116.86843740733958,-117.8472118211703,-116.26425078694508,-117.89606424839126,-117.13259924388716,-117.00390701740884,-116.92658542495157,-117.48235055895074,-116.8126123969658,-116.73514458523391,point1,-117.01783609669614,-116.92658542495157,-118.74007207745211,0.5565149562997036,0.014255202002369332,0.7138649434355435
HDOK,PLOK,17472,11,11,-131,-14,11,2,33,-117.22197638105789,-116.69714427105056,-115.91472174970149,-116.64273484181925,-115.14057488143554,-116.40601145140346,-118.09790924664956,-116.83254129509123,-116.34978742651583,-114.4367858387088,-117.32772112527452,-117.83381881077565,-117.25854546466226,-117.30976092624543,-116.40478180722393,-117.13835271651892,-117.13066112421608,-116.55529997749282,-115.8460516515029,-116.58393953770707,-119.02827904301706,-116.3628408072383,-116.7332790987201,-116.64735950909466,-117.93301674301338,-116.90224146117434,-117.54064983501198,-115.86746478623384,-116.6175657338591,-117.9120295890218,-115.77157253169018,-116.48798357127514,-117.24011426823013,point1,-116.7931368940192,-116.69714427105056,-119.02827904301706,0.7608061740801277,0.13764644833526876,1.262291266531904
HDOK,PLOK,17472,11,11,-131,-14,11,2,33,-117.1160367246096,-116.53358680700973,-117.96662638442169,-116.94543042725142,-117.83166985363835,-117.68025927332332,-117.99019257364426,-115.55741194012161,-115.1349317606906,-116.61487177623663,-116.66249758749784,-116.25139389904936,-116.34217607979224,-115.76056474301546,-115.39774973887005,-117.6251441894212,-118.43772651858461,-116.80377648662041,-115.98543266371271,-116.96491973639016,-117.12728925224614,-116.37167713173366,-117.92093596741617,-118.32062470548007,-116.31231450077786,-116.85431714882094,-117.88634846051586,-118.64754753836046,-116.928238468217,-117.33915950980699,-116.4717372540388,-117.2630941549777,-113.69638217887994,point1,-116.87097167985372,-116.928238468217,-118.64754753836046,1.0781456105385303,0.740681933800199,1.2190317659009797
HDOK,PLOK,17472,11,11,-131,-14,11,2,33,-116.16450003618861,-118.49075072891718,-116.5212900833346,-116.51758478702634,-114.99558186136674,-116.77429631685729,-116.66052201472138,-116.20908240345554,-116.67539888577346,-116.7432714976357,-114.06811038388648,-115.38971105412655,-116.91945190376534,-114.91578273719408,-117.66919780447822,-116.62448907145101,-117.02768021984035,-117.34581445057515,-116.17513858851412,-117.21063629604653,-116.7728609165581,-117.95975667542189,-116.49862497955584,-117.30143123926597,-116.06219864882138,-117.36673952867328,-115.13231197714163,-118.31154727858156,-117.03603171943487,-117.79916741904165,-115.7983504359736,-117.39078961936455,-116.92647229233921,point1,-116.65013860167663,-116.7432714976357,-118.49075072891718,0.9417120960630351,0.5642719156884799,0.5185895369619815
HDOK,PLOK,17472,11,11,-131,-14,11,2,33,-118.43668977766816,-116.01259678684039,-113.74107043138909,-117.95918580707179,-117.47795047895755,-115.55972209951449,-115.1066522665234,-114.62687738270822,-114.9535860849942,-116.2210130535418,-116.30899815570983,-114.64090990585356,-118.28703865821508,-116.28403277888724,-116.60879233974788,-117.62431283067922,-118.86266382864953,-118.62962459252034,-116.56463795381455,-116.0932623228177,-116.74072844333406,-116.09462382077758,-118.21003782567585,-117.08009384529008,-115.50804627179045,-118.05507095440333,-116.7359434330914,-115.4356008609046,-117.4271354442902,-117.64879917604956,-116.41116253983732,-117.3927532339855,-117.02595340261368,point1,-116.65956262994386,-116.60879233974788,-118.86266382864953,1.584222953121461,0.24574418661312583,-0.5144991057012418
HDOK,PLOK,17472,11,11,-131,-14,11,2,33,-118.59342396543873,-117.7043790789501,-115.9474094265077,-117.44854801678903,-118.32271289931235,-117.00995783893939,-116.815619650436,-116.20902044148592,-116.22846946484759,-116.55231726660861,-115.38383072044155,-118.86874879034718,-116.0452342125436,-116.31312746218028,-117.04375210038815,-115.28171082410431,-117.61697895642837,-116.79697300481637,-117.52532455014668,-118.10663072315351,-115.67299006988632,-119.9010606050473,-117.40531329525503,-116.59870334882032,-115.63929028254317,-115.60586543714722,-117.42129917704489,-116.65263950449733,-116.09537664653713,-115.67670503862006,-116.08769954876921,-117.06063298391815,-116.80980884086392,point1,-116.86186527796414,-116.79697300481637,-119.9010606050473,1.1309523788174622,-0.8177303209577752,0.599589695833703
HDOK,PLOK,17472,11,11,-131,-14,11,2,33,-118.7213943140416,-115.09538061076543,-117.28587887156225,-116.15220326004855,-117.15866808321668,-119.1442381580707,-115.62256732390112,-115.68123201423879,-116.57334013896617,-118.69857704244208,-117.73083018414373,-116.4406796789375,-115.90294470418803,-115.91512846237072,-116.6410372374496,-114.87795398362802,-115.88851931734688,-117.57774079791552,-115.77293003757495,-117.67831620032794,-115.4940491599308,-116.45390970510151,-117.68553285586651,-118.47958845413001,-115.97146635944418,-117.59459110264052,-116.44135181075593,-117.10537536857407,-115.59640283531034,-117.8046730163406,-115.92970141687843,-115.738269420321,-114.2623357147967,point1,-116.63990326185535,-116.44135181075593,-119.1442381580707,1.3831169520403526,-0.3215978397217173,-0.5276718938876601
HDOK,PLOK,17472,11,11,-131,-14,11,2,33,-117.1428892417345,-116.22306472304217,-116.82756040682396,-116.71626544490834,-117.11259129660958,-117.49050110102584,-116.48179944951832,-115.8315218097691,-116.44317664959064,-117.34218164385891,-116.350920215344,-114.46646741758458,-115.35934960925722,-116.91644826351683,-117.3418047694294,-115.34698265879422,-115.05961305595838,-117.97763835138241,-117.91300022715106,-116.83459454898258,-115.78674259961792,-116.5944456260248,-117.33735952316755,-117.04535708018308,-117.09576764289525,-114.46850755953969,-116.55877102171951,-117.32782232416915,-116.85520896313733,-116.87730314429832,-116.92631234130963,-117.79195869372134,-116.91025987843199,point1,-116.62891476613632,-116.85520896313733,-117.97763835138241,0.7764560932910126,0.9597013470658915,0.5545574040470447
HDOK,PLOK,17472,11,11,-131,-14,11,2,33,-116.4371607005649,-118.81858906694498,-115.79858349448283,-115.35245168430465,-117.41775408476651,-117.98632014549344,-115.10356639581362,-117.39191263732955,-117.43382975789504,-116.22805496014786,-117.34589845545574,-117.06785454671478,-115.72381285939129,-118.28490009923493,-117.61272186733856,-117.05335196998358,-117.47401774284604,-117.63454937615894,-116.61645170756834,-116.86762328529603,-115.20370092598182,-115.67047412479704,-117.56933297716692,-118.32333763143967,-118.5651932787453,-117.67028002568188,-115.68136592877197,-114.96167811623633,-118.23543497281459,-118.94246185285078,-115.69155714545977,-115.72384267290603,-116.66869625908028,point1,-116.92596244695949,-117.06785454671478,-118.94246185285078,1.2869328277643857,0.08316010694372052,-1.0896617181221449
HDOK,PLOK,17472,11,11,-131,-14,11,2,33,-117.06002555396053,-116.85214743977347,-116.7387537570422,-116.66716181452941,-118.28530154469718,-117.48912135727032,-116.27477300545276,-116.73931306562945,-115.76924771208411,-118.29341395866503,-117.17742960570338,-117.65690695121906,-117.31825640287109,-116.00089438792352,-117.44060698882204,-116.04061850070282,-117.03217034768085,-117.89648301775787,-116.61101401496103,-116.954343348275,-116.68792878322112,-116.1771867900142,-117.5725280288893,-115.18481252999638,-117.00195337200732,-117.5758716778379,-116.44632306878017,-116.73483981892583,-118.38220383898138,-117.4425084166326,-115.87274539738418,-117.47077709581167,-114.98756019768476,point1,-116.904097630036,-116.954343348275,-118.38220383898138,0.6655492754384735,0.32235360642029665,-0.022516043285925935
HDOK,PLOK,17472,11,11,-131,-14,11,2,33,-116.48605226595238,-118.07883975775063,-118.06321754115582,-116.03143877603588,-117.92541336561155,-118.76779109988908,-116.03745196063498,-116.43958903517459,-117.14232491337725,-117.49308448526529,-116.78992119491939,-116.80614164301002,-115.53924982675936,-117.92299327893001,-116.97038283274541,-116.16130769926549,-115.01096589284124,-115.99395043120474,-116.18783256992923,-116.70399432756865,-115.90565149469049,-116.08147922002128,-115.80274554623448,-117.57323787368367,-116.89231681039536,-114.97529911297423,-116.34722742423031,-116.35531869165837,-116.80821816379105,-116.55278861717298,-116.21637145426556,-116.3454365320714,-117.1144739947579,point1,-116.65219720708996,-116.48605226595238,-118.76779109988908,0.7432083222130124,-0.3996228480213852,0.09808915934435358
HDOK,PLOK,17472,11,11,-131,-14,11,2,33,-116.50245020085005,-118.66523713760147,-116.97264803502217,-118.08344163248178,-116.45021375842416,-117.37839726783768,-115.3671317865039,-116.21366694467646,-117.62310896926526,-115.83755346491525,-117.90095944977153,-114.76560868748088,-116.8286786912572,-117.30756951585684,-116.98893376211213,-117.68984701445036,-118.3480862829836,-115.68078402541917,-116.98237865450733,-117.42602463148305,-117.66896610806891,-118.15400610633449,-117.77567449763175,-115.57416840495777,-118.97473303857925,-115.9594620122362,-115.30838885228998,-116.22720356193898,-117.86291207053648,-116.00043687565791,-115.66697445694057,-116.18504054427811,-117.10216421610336,point1,-116.89311668661985,-116.98237865450733,-118.97473303857925,1.1055053423206214,0.03294260609165793,-0.8544861540353423
HDOK,PLOK,17472,11,11,-131,-14,11,2,33,-117.92817822977904,-117.89223164830844,-118.28162204345799,-118.52476357166066,-118.30181497668808,-116.10595450621882,-115.82945054207296,-117.9322315250549,-118.11620194246142,-117.36404858909442,-116.98065133652379,-117.38504502323089,-117.7635148590307,-116.59734707871915,-116.85723252410841,-116.98233559474444,-115.99610678652571,-117.65486909533982,-116.82893322975383,-115.51604652809236,-116.5731308230469,-117.37960462955867,-116.80971101630182,-115.98344286018872,-116.29133948807906,-115.21090185481413,-117.96306790070808,-117.22630141863561,-117.3701975943065,-117.73689956372581,-116.83762445078851,-116.4746002690027,-115.16693578037142,point1,-117.02613143273919,-116.98233559474444,-118.52476357166066,0.8096056931273663,0.3699510758311196,-0.6761045011628863
HDOK,PLOK,17472,11,11,-131,-14,11,2,33,-117.0575027937831,-116.97959105754857,-115.66776736804957,-115.54644626831566,-116.42199176960024,-116.53142664951524,-117.49891636188545,-116.94670530069858,-116.67694834390306,-117.44221627753643,-116.39827530649023,-119.06930615490545,-115.94023395536425,-117.48980933857862,-117.16920962979304,-117.16565475704355,-117.24692058940842,-115.89727607140476,-116.80359346903755,-115.67925551197281,-116.17527781564561,-116.80538642110628,-118.31194535212222,-116.43683737824,-116.49114098934909,-115.71899675062257,-117.64614306480108,-119.04716408159717,-115.47626528273862,-115.69342373643198,-116.34034094720393,-115.27286420651998,-116.0135022388282,point1,-116.69873743151636,-116.53142664951524,-119.06930615490545,0.8730207190741386,-0.8289605791118949,0.6158088032166682
HDOK,PLOK,17472,11,11,-131,-14,11,2,33,-116.55231007098324,-117.17688291695673,-117.0887770959205,-113.99016241798026,-115.84655562524178,-117.94351474095863,-117.44053619730941,-117.35988749739549,-116.67265845784624,-117.72314741875554,-116.14935724277487,-116.75176725686737,-117.93332377920626,-117.54883114420291,-116.74729914262616,-116.96948416904962,-117.23747406711958,-116.60610597967157,-117.66143674788822,-115.43410804888627,-117.13665099179683,-117.113800727278,-115.18085391622535,-115.88914991543155,-117.23767584220897,-117.9101394156453,-115.21549075227585,-115.97877335824238,-117.26809746100824,-116.86169259488972,-116.58682087515726,-116.98688583283892,-116.69802484974456,point1,-116.7544750469813,-116.96948416904962,-117.94351474095863,0.7771913957948008,1.1546575415886806,1.5800727884987045
HDOK,PLOK,17472,11,11,-131,-14,11,2,33,-115.97391250029317,-117.58923367853589,-116.62609825018978,-116.31202711675868,-115.65839465875085,-115.9538658559863,-117.30174190431508,-116.55789873667487,-118.0365556551792,-118.63465486016634,-115.5040314736456,-118.06085063657781,-116.03455364557695,-117.25503897468091,-115.40615840861074,-115.91706484072715,-116.71942137228561,-116.7989546840979,-116.8375757241151,-115.50255637918602,-116.99514892433845,-117.019045440121,-117.81588431157621,-117.01833390027392,-115.92520559969495,-116.66609024710162,-117.75581335597835,-115.34401494393627,-115.45602040414776,-117.42839677101806,-115.2917721908509,-117.57767459362914,-116.69485685049631,point1,-116.65663172392475,-116.69485685049631,-118.63465486016634,0.8081823512684766,-0.19247978959383502,-0.8622238401145306
HDOK,PLOK,17472,11,11,-131,-14,11,2,33,-116.73924957819017,-116.96452915461188,-118.38454098344924,-116.5689172701238,-117.29423693744123,-115.30700482954333,-114.48815897148427,-117.7268315427132,-119.19531023508222,-115.94686745258299,-115.35818754406472,-117.45920421291825,-117.03562925651744,-117.78811473246598,-117.0247015051086,-118.02257017098071,-116.88545118549915,-116.81604464178179,-118.17686519107392,-116.84251200549818,-115.45429974374234,-118.49367706854284,-115.89856549352498,-115.24106845599549,-116.66196210881934,-118.40394804650046,-116.46999427449818,-117.55246797152967,-116.4264230842315,-116.9682908850848,-116.84940231400215,-115.82421058211638,-117.30149952156205,point1,-116.8960829379176,-116.88545118549915,-119.19531023508222,1.120946010091996,0.1093589561732294,-0.173770699469336
HDOK,PLOK,17472,11,11,-131,-14,11,2,33,-117.1384454242944,-115.43642913583554,-116.84508890787619,-117.13449982214493,-116.77516914817616,-117.06611489776232,-118.25074740948392,-117.30768171825443,-115.71018457919725,-115.98907622771739,-118.80354519179876,-118.52589574389683,-115.84819097015041,-116.90537036558308,-116.76649170744376,-117.22186411567476,-118.36316479094594,-116.63469526170695,-114.43079616001349,-117.35827796909868,-116.3067107424443,-116.12483463474275,-118.52846937291216,-116.5224514035733,-116.50719215065843,-116.21308390744323,-118.01013284828541,-117.14390742470165,-116.4496286762598,-117.8592332173992,-116.53850817701448,-117.71000456505065,-117.79099784053827,point1,-116.97626922751756,-116.90537036558308,-118.80354519179876,0.931099108690373,0.18632799789065835,0.19753091503605358
HDOK,PLOK,17472,11,11,-131,-14,11,2,33,-116.37695651835251,-116.9017623996862,-118.63200478208859,-117.63220058902996,-115.64966242093148,-116.11630754010507,-117.55627545934598,-116.8605475211037,-117.49645527416924,-116.04756627740095,-117.7381891092291,-114.89103655313946,-117.52607539687672,-116.6816630523127,-118.2139758057635,-115.81134324554469,-117.00895360800068,-114.88301129787382,-118.14442300083687,-116.80924856749455,-116.72402310017303,-119.22597575749703,-115.65914517092011,-116.59746666854674,-117.34152123834956,-117.90785627744678,-115.06085865133515,-119.2983934666561,-114.81890462372687,-116.20070502780966,-117.83577980880152,-118.0651760678021,-116.29799161251906,point1,-116.90943805729907,-116.8605475211037,-119.2983934666561,1.3957297533652202,-0.022157465411130055,-0.5331895262492758
HDOK,PLOK,17472,11,11,-131,-14,11,2,33,-118.91402770471606,-115.74695140228462,-117.58842115734986,-117.04989109633397,-118.34425167675464,-115.9066799159448,-115.6672159733179,-118.43185174487701,-116.4835992383216,-115.80269512608557,-116.3629403951681,-114.06650534995319,-116.04272482184697,-116.54737169287533,-116.32493729157231,-117.28383883502528,-116.40562680982805,-117.51565896398013,-116.09985465452097,-117.63980120089052,-117.25302014546936,-114.96726597955674,-117.42984676974893,-117.21087139068186,-117.88611601460738,-117.07470848780164,-117.33059354448784,-113.9818696497025,-117.86174945121036,-115.91379165999622,-117.711458243154,-117.57975472166821,-115.5166111177054,point1,-116.72553037052842,-117.04989109633397,-118.91402770471606,1.3191704350648397,0.505068260596872,0.12084337638217146
HDOK,PLOK,17472,11,11,-131,-14,11,2,33,-115.60131463967798,-115.70559210590878,-117.13354909357028,-116.29609255454713,-117.29221201692356,-116.76926686608486,-117.54509182467893,-116.79739008006099,-117.46830618046062,-117.61119913063607,-117.4142734944771,-116.79200995235362,-116.81931970695841,-117.9880113046444,-117.91423635697987,-116.9466868190019,-117.43901805471526,-116.1600836096597,-116.58979969515718,-117.35312313622057,-117.56727963121038,-118.50098446711638,-116.65145964894876,-117.40824776783103,-118.13785544933859,-117.90377866323267,-116.00201529325054,-117.12644435395119,-117.48433574707045,-117.37625660261129,-116.89896793218149,-117.00422407007098,-114.13966584947775,point1,-117.025396730273,-117.13354909357028,-118.50098446711638,0.6970100950104792,1.2927540363597214,3.0684550112188806
HDOK,PLOK,17472,11,11,-131,-14,11,2,33,-115.80593380796235,-117.555309035229,-118.14965529237375,-117.69037887314497,-115.37884142537933,-116.3579769285544,-116.85586094324839,-117.21094065845085,-118.76602535229775,-116.32940241667944,-118.31252835180446,-116.84617318900379,-116.50153875339423,-116.53313736477286,-116.44003531938024,-118.90342071343974,-116.53710371679067,-115.30787321536415,-116.60274501747514,-115.2036181616149,-115.88957034030125,-116.13091094000269,-116.54865297845838,-116.94247679197728,-118.34248324524341,-117.53344431993374,-118.19001581717382,-116.26170231151373,-116.2008918575735,-116.85884487742328,-118.48589962999492,-116.66264215991004,-119.50776438528571,point1,-116.99526661185307,-116.66264215991004,-119.50776438528571,1.1615212512557982,-0.5007670979547885,-0.4370645474510346
HDOK,PLOK,17472,11,11,-131,-14,11,2,33,-115.15800311209574,-116.5492843285657,-117.07079766837894,-115.29420093258479,-114.86984581213474,-116.06865633576244,-116.69294789517475,-118.34987980748762,-116.93089959823179,-115.93326936679549,-118.83015948560409,-115.84814337819999,-116.70363680622894,-118.38257464562544,-118.19825480485513,-120.19320184815749,-117.9492302964331,-115.96628223472145,-115.4672811505828,-117.56358469991841,-116.55532970994335,-116.4521398916543,-117.35500971568473,-118.826328651429,-116.4811528823437,-119.0499570687443,-114.69856826721194,-117.03349751696268,-116.52252401923491,-116.7388914281024,-117.72901632345415,-116.92458469992103,-117.19208342399806,point1,-116.95694599412799,-116.7388914281024,-120.19320184815749,1.5896075322882803,-0.41971744552376944,0.030331163140671524
HDOK,PLOK,17472,11,11,-131,-14,11,2,33,-118.77425571888845,-117.92041144810862,-116.45640844885227,-117.95992663129653,-115.92818571250697,-116.5989299534319,-116.62223081285487,-117.53996070203534,-116.29819817095999,-115.31905274314727,-117.06974856490724,-116.52462770242899,-115.73523699112894,-116.94151036195116,-116.75113228989024,-116.21250656601643,-117.75918550590359,-117.14839524112358,-118.4268081987832,-117.40874538382351,-114.99354411048583,-119.19703087991464,-117.98473025762405,-118.91508871440507,-118.10116579567749,-118.47725774592134,-117.46062669543373,-117.72439648488802,-117.29309314946168,-116.12321258686363,-118.17069149098405,-116.1999391203583,-117.58035146519923,point1,-117.20050259531078,-117.29309314946168,-119.19703087991464,1.0632913252271414,0.1045724252654779,-0.5885768162357286
HDOK,PLOK,17472,11,11,-131,-14,11,2,33,-116.11179380231304,-117.82284814382245,-116.26254288235498,-114.43108335434697,-113.97185558595423,-117.00663592276003,-117.51919410820064,-118.95276653393285,-117.69122332266524,-118.04677605012989,-117.93662774963676,-116.27273915295139,-116.22584631002422,-115.87952779585875,-116.43647725604637,-116.71072932079596,-116.57395510239884,-116.74082739201675,-114.23512401188995,-116.50241856393879,-116.7360488340713,-117.74175319422667,-115.7634139799374,-117.84136571432863,-118.10647265012467,-117.34637433009095,-116.25583288729094,-116.8324320247439,-114.7291892640655,-115.84864978837444,-116.00642893512551,-116.53239019303626,-119.62320959203922,point1,-116.68771374998465,-116.57395510239884,-119.62320959203922,1.5567362394814463,0.1022596129729148,0.35667057310727124
HDOK,PLOK,17472,11,11,-131,-14,11,2,33,-118.87927834554081,-117.127240120939,-118.28132187968757,-118.44588849024662,-115.08143919635434,-116.60230639387974,-117.21432276023549,-116.79774150428064,-118.16702285929806,-116.18875688969929,-118.78924363213409,-117.83784868142497,-116.9542961488717,-116.26432100228925,-115.99174232556601,-117.50389474454055,-118.20001160915172,-117.11724230164671,-114.50340486997571,-116.86655121694876,-116.61769525681648,-116.6377120909481,-117.51881025226908,-115.65990835586138,-117.13915077022918,-116.8047745683125,-117.78804316420452,-117.77505818853552,-116.64283675981987,-116.49140210188412,-116.20865084415856,-116.4371881421293,-116.59399980842596,point1,-117.00391228110018,-116.86655121694876,-118.87927834554081,0.96251916945637,0.19598543104418018,0.2645896052385015
HDOK,PLOK,17472,11,11,-131,-14,11,2,33,-116.50647641305798,-118.13705780697342,-116.03607629763611,-116.01154331589787,-116.72700449617571,-114.83940049016766,-115.96110697701045,-114.21612534977221,-116.04252620256953,-117.15837326958778,-116.11674621147797,-116.00972559258888,-117.4515490407899,-116.01763127242232,-116.79183617157128,-115.31029072883312,-117.88005091884764,-117.39629014154578,-117.04549973615677,-116.51343566871523,-116.42189941175579,-116.04250827871209,-115.71068217000953,-117.32142288567331,-115.39355026259057,-116.46858388177127,-116.6666869080264,-115.94574323471905,-115.96358502353647,-117.62487335301249,-117.27423540899954,-117.04776046288058,-116.34276352177709,point1,-116.43615275470489,-116.42189941175579,-118.13705780697342,0.7133293191670106,0.2632345333603673,0.35482849169430164
HDOK,PLOK,17472,11,11,-131,-14,11,2,33,-118.00157190310657,-117.78356781815302,-118.41176736265479,-117.55650077553109,-117.26033971048649,-116.04690793392972,-117.96191713941879,-116.44893547631082,-116.69287757645269,-116.09583707459656,-117.57035546304431,-116.77659830201479,-116.57927144075146,-116.44440228493438,-115.93868566780046,-117.98029558990231,-114.8360168884201,-115.28231715505022,-115.15219063290513,-117.2160756832522,-116.87877763899489,-116.62989387862422,-116.51998885916716,-117.30515841051886,-114.47611654868751,-116.70796738927162,-115.76613494737292,-116.52257106892456,-116.06657593386599,-116.93354941580492,-117.70308029158005,-116.58195654685535,-118.34986013513817,point1,-116.74175948313705,-116.69287757645269,-118.41176736265479,0.9371671178397171,0.3509304533307826,-0.18942373971216497
HDOK,PLOK,17472,11,11,-131,-14,11,2,33,-117.96757024744281,-118.30831195167279,-116.28849484406044,-115.85872769840047,-116.48286609851736,-116.75084719850078,-116.50624088564162,-117.0130458151711,-116.37079258529069,-115.34927843980016,-117.69279168389389,-117.04719804999587,-117.3872435183514,-115.99324143220355,-117.43855963584137,-115.9929646592723,-116.63188282586255,-116.11280955574787,-118.76008455528095,-117.57313677883494,-117.72776495372966,-118.36518234155571,-116.74324471062471,-116.84293985572693,-116.72947532400092,-116.12100284950375,-116.60610925921509,-115.85527157045192,-114.41629309504738,-116.28089440846848,-117.98123261559653,-118.36016786496437,-116.11459828549287,point1,-116.83849289679276,-116.72947532400092,-118.76008455528095,0.9113950763933728,-0.004059239983133288,0.0003022978529290121
HDOK,PLOK,17472,11,11,-131,-14,11,2,33,-115.26008368251293,-119.61332214377296,-117.90775283162611,-115.8046066068942,-115.85374786236126,-115.2314834738534,-115.9412902147965,-116.42908929377684,-116.0919875187926,-115.49798804192379,-116.29319696089452,-117.22522988561084,-117.16188948226058,-116.0423417470066,-116.73935348878506,-116.63112780021144,-116.8453553482575,-115.10211525399434,-117.61699999568218,-116.38062106662765,-117.3896058855981,-117.11945623637467,-118.06000977185045,-117.40418588421485,-117.3744034288852,-117.22570391588056,-116.6089550677169,-116.93166441696991,-117.73835441890769,-116.20160437809133,-115.99168283776234,-117.42196019426312,-117.67979129871468,point1,-116.752029104087,-116.73935348878506,-119.61332214377296,0.9023791556059942,-0.5255419381435465,0.9567214926269725
HDOK,PLOK,17472,11,11,-131,-14,11,2,33,-115.49809577426637,-114.59304664841082,-117.1691898363414,-117.54226815024631,-117.73817738057897,-117.53975744261804,-115.26191847505521,-118.0148795636192,-116.76309611063473,-116.95598972862028,-116.43962077763808,-118.59168749191477,-116.30680346288231,-116.08706754239343,-115.74296604971335,-116.03881505373461,-117.63485743658117,-115.59590312292045,-115.75353047205218,-117.25562633839276,-115.87797770412365,-115.94458808294733,-115.40964941572463,-117.1591095947441,-117.42254204950163,-117.85580381184003,-116.32589151527894,-117.16187917372595,-117.51165065008885,-117.98852188546634,-118.01529771679951,-115.56829403194337,-116.65940815512154,point1,-116.7098154741188,-116.76309611063473,-118.59168749191477,0.9682345265112271,0.12613731684215324,-0.9547770352440494
HDOK,PLOK,17472,11,11,-131,-14,11,2,33,-116.11334685364527,-116.15959897055684,-116.59327951499391,-117.32760545899258,-116.91165674512253,-115.13975357799514,-115.84589672558513,-118.52195060620993,-117.24725331417733,-116.92353865598294,-117.53721875913672,-117.506972715968,-115.3818280186684,-116.49252922755774,-116.36416299158823,-116.80323405566438,-116.41548839835208,-117.31307311297242,-118.0815750107811,-116.08030131203611,-116.49483170404253,-119.1064462190556,-118.121252065069,-118.1775561596575,-116.3479611249629,-116.26609085826004,-115.93572358483212,-118.09854292055935,-116.50787867496854,-117.61471100583508,-116.1098181627413,-117.00968280340807,-115.931107099579,point1,-116.8630868608775,-116.59327951499391,-119.1064462190556,0.8437771333408701,-0.4766020359264173,-0.23849461121176763
HDOK,PLOK,17472,11,11,-131,-14,11,2,33,-115.90679430375933,-114.76385526476194,-116.90293528141451,-115.95270500019183,-116.89303250419496,-115.69131572463162,-116.81824063632938,-115.76833952047258,-119.2651018975457,-116.0525371701791,-118.49993993645445,-118.61833275616524,-116.22886717882042,-116.39251361737337,-119.05831475587492,-118.78342176522264,-117.38401581111955,-114.3182150139279,-116.6456449623646,-116.53891953992296,-118.01466230603916,-118.78008288368471,-115.19449900618922,-118.5321852595626,-118.38337076749563,-117.1365542655523,-117.52020132472084,-116.21265437162204,-117.19850656670772,-118.01606331907622,-116.92472332067373,-118.60745076262018,-116.85427715542839,point1,-117.08661436212425,-116.90293528141451,-119.2651018975457,1.624094244865995,0.1085945151511595,-0.7304332776622351
HDOK,PLOK,17472,11,11,-131,-14,11,2,33,-116.77299325699269,-116.55091040145457,-116.58286348593008,-115.85119806610814,-117.55885809404553,-117.24876701526318,-116.00787739857911,-116.91000390391669,-117.0407772154188,-116.04238335785641,-117.24669582824879,-118.23527893307046,-116.4881290033416,-116.78886015341256,-118.30948440694684,-118.50413086122376,-117.80325627126689,-118.55135725943721,-114.43638044732855,-115.48551860272106,-117.57504677674667,-117.82021883979394,-116.5431769113141,-117.9760687082437,-115.3212067564589,-116.24579951578916,-116.2964195551456,-116.63960793509507,-117.55268571877153,-118.05604690490894,-117.74901326922527,-116.6241933910389,-118.4705308035451,point1,-117.00865875904971,-116.91000390391669,-118.55135725943721,0.9781928663808969,0.39222128565177916,-0.13031588574747577
HDOK,PLOK,17472,11,11,-131,-14,11,2,33,-117.5082407491823,-118.15311205239294,-116.62617534862859,-117.25311676565195,-116.8624214239185,-116.19752445830599,-115.84792044621638,-115.75117540548962,-118.23947133903161,-116.28750094745776,-115.607962414241,-117.00106669764253,-117.97234403010185,-117.08311386896796,-116.19313018752665,-116.85412465601263,-117.98189579204049,-116.1256470057447,-116.14565335082563,-117.5190363832568,-115.96794019248031,-116.48484477958777,-114.92447216693697,-118.5954930839925,-115.75962928763539,-116.95179851419736,-115.23381541123554,-116.62453575057721,-116.51964965619888,-116.25700243338855,-116.4919378527791,-117.76223396910295,-117.16350250517377,point1,-116.7256814826037,-116.62453575057721,-118.5954930839925,0.7826178365812382,-0.22056155578764905,-0.47704120535683536
HDOK,PLOK,17472,11,11,-131,-14,11,2,33,-117.29419165714702,-116.5050411969138,-116.0091612361137,-116.77745101688399,-116.16316320366367,-118.14646209707716,-115.71572483501461,-116.19641353035152,-115.45353900387049,-117.0685137314254,-117.0614338621379,-117.91216207621143,-114.93479755638295,-116.81201835288662,-118.26422878484156,-116.11750571433394,-115.45675482691217,-116.90299328553776,-116.80303082199471,-114.88231210378261,-116.27258115648155,-117.66974647052852,-116.23074296804326,-117.9161324679946,-118.48379971646202,-116.467682700731,-116.69129406069773,-116.88737042706869,-116.99702876977993,-115.68719786885839,-114.70941763257778,-116.64537569279767,-116.86089456965597,point1,-116.60594434530783,-116.69129406069773,-118.48379971646202,0.893618230484712,0.019941702045410167,-0.29236669788743663
HDOK,PLOK,17472,11,11,-131,-14,11,2,33,-116.42931824279943,-117.92306494948244,-116.61452493852333,-114.81438997033158,-117.20764926190354,-117.41034870959078,-117.86427299384977,-116.52173170281687,-116.6890134435553,-116.94593767477252,-115.76707280593347,-115.93359288628412,-116.46096764168729,-115.5793552628297,-118.53656559153167,-116.53014637345039,-117.77742934358731,-115.81996233758562,-116.98928617675054,-115.57517846548244,-115.99568852192826,-114.44649581301687,-116.29972809849956,-116.53867438040882,-118.35952924209482,-116.96920995012701,-115.64087459144773,-119.73153510346725,-116.80775875925583,-118.14998697180928,-117.49105677717118,-116.3094622061253,-116.40304318407632,point1,-116.74341976885383,-116.53867438040882,-119.73153510346725,1.1701924872936815,-0.44379250168100143,0.7191177016169159
HDOK,PLOK,17472,11,11,-131,-14,11,2,33,-116.75084731399747,-116.62666685809808,-117.57231870771591,-117.26033440947819,-116.26604844444846,-116.16150457742596,-115.076454803845,-116.85882652290756,-117.30698647737292,-118.04760038181188,-117.73937099789151,-116.3624866007898,-117.57406428587731,-116.70982750378526,-117.25271304969255,-116.23135437713222,-116.2874589456067,-116.82894982205461,-117.73318205960337,-116.70938463753896,-116.38109404315279,-116.00979475258637,-116.59354438698784,-116.50455748316946,-116.37195827502,-115.71925286302583,-116.46013109675238,-116.62296940109817,-117.35699744053808,-115.73139070714407,-116.556650875243,-115.16327420952203,-115.748771230457,point1,-116.62353841035667,-116.59354438698784,-118.04760038181188,0.49602818152780664,0.07830888801291627,-0.12525123819804662
HDOK,PLOK,17472,11,11,-131,-14,11,2,33,-117.90469193329554,-118.06719151185779,-115.28469949939876,-116.60749966950259,-116.54241813330644,-117.75464651886364,-117.18416380839919,-116.17791235851578,-117.28012951571795,-115.77601479674644,-117.03666006669354,-114.89757416386047,-117.94394049542288,-117.64627304595058,-115.15254475016187,-116.48004483743469,-116.35583211325745,-115.15587696466865,-118.24915536737419,-117.83564101755401,-116.43862591620085,-116.86893670233484,-118.3283989862433,-115.21102163486198,-117.65087523372499,-116.88445883569251,-115.05506804154345,-115.78796045370484,-116.99177725339209,-116.39192105562552,-117.01850658304284,-117.21829923815423,-118.27896656291244,point1,-116.77144627470958,-116.88445883569251,-118.3283989862433,1.0582717874731764,0.29236537785060157,-0.9818297470057376
HDOK,PLOK,17472,11,11,-131,-14,11,2,33,-115.71282859513965,-116.87657021779587,-116.8171620577928,-118.77137231724224,-117.24566153796223,-115.62727685273441,-115.58048323802538,-115.94082026758838,-115.34240736491735,-116.3964000755437,-117.42919913914147,-116.7500823399789,-115.92379662011217,-117.09504400085211,-117.58480701693696,-115.4192328959477,-116.20582517079583,-118.26147832930289,-117.32206327167691,-117.41590835341094,-117.21223539208091,-115.73615904997979,-116.8082877501772,-116.60711677968048,-115.63190920213715,-117.1378020917465,-117.51219989379258,-116.35757706283059,-116.96075841105805,-117.92233960792622,-117.60928341529491,-115.78605509869023,-116.8643052695486,point1,-116.72316511175276,-116.8171620577928,-118.77137231724224,0.738665311696162,-0.2051758364417528,-0.5514887977019032
HDOK,PLOK,17472,11,11,-131,-14,11,2,33,-115.9178378138039,-116.09856737641033,-116.11089386792776,-115.53619540145338,-117.32163355798816,-115.59638853751571,-116.79529222347408,-117.33839459126614,-117.85593429863562,-118.30110941098107,-116.13478120978995,-119.17176706179526,-116.86750379559142,-119.02033281151868,-118.67173805822556,-116.92495266898196,-116.92682786949244,-116.62653274873945,-116.31847184765493,-117.13088975321122,-115.43508235853766,-116.61214694728399,-115.67039734510419,-116.33948069052228,-117.49944347823961,-115.7684474849074,-117.13989731133098,-116.8914641771623,-116.27422518123642,-117.65454314352893,-115.64513697010192,-115.87204676287278,-116.63923367955155,point1,-116.79113910408596,-116.63923367955155,-119.17176706179526,0.9672241561960759,-0.8145114881877779,0.15262480786339383
HDOK,PLOK,17472,11,11,-131,-14,11,2,33,-117.79675720812826,-116.96794573418093,-117.47513070216382,-116.47373824933291,-117.37015637546838,-117.5213425974548,-116.93231894529873,-116.14015204396618,-117.92715055595175,-118.06847769749156,-116.67551393495594,-115.3939483288399,-116.63184690246496,-116.50897140880888,-115.76356769124604,-114.97025109861977,-116.00612919787143,-115.65408881517405,-116.37951810475636,-117.66173778573997,-115.06974555353665,-116.84324409674512,-118.71348118952169,-117.87980209991139,-116.40655406880622,-115.86429255157657,-115.8398126268809,-116.31866932010912,-116.89922429292363,-116.8904641407585,-117.75392398536243,-116.13410358847676,-117.6402362312732,point1,-116.74461506435745,-116.67551393495594,-118.71348118952169,0.8222841490485711,-0.017770660462464765,-0.6031146438640094
HDOK,PLOK,17472,11,11,-131,-14,11,2,33,-116.67261679491463,-118.52179054339487,-116.0587655611558,-117.54424869693592,-117.08403118460826,-115.17284927755672,-116.29015262589168,-116.76602348562226,-116.399832646377,-116.20663077023828,-116.29134752866507,-116.65406418303967,-116.56315305524052,-117.03857181357701,-114.84642363890202,-117.82938471117096,-116.73934591917624,-118.01389527297127,-116.68073871205719,-119.13987083397556,-117.22174760640083,-118.25019414518763,-115.94879452239533,-116.6654118206798,-117.40378685829748,-117.10784398840849,-116.65221792830103,-114.87011427787948,-117.49468170517055,-117.07913910236543,-117.90908350574787,-117.23337182576668,-115.42416501916232,point1,-116.84164513821922,-116.73934591917624,-119.13987083397556,0.9352908794100385,0.020420553739370285,0.2906622467936191
HDOK,PLOK,17472,11,11,-131,-14,11,2,33,-116.08044248020893,-116.44017329254575,-116.32528042905922,-119.13595328110135,-116.81766354667813,-116.71876474363624,-115.76619135782127,-114.45088753766181,-117.44190885663731,-116.10543304336177,-117.24358134738354,-116.99349974279367,-118.89804336785159,-117.3812885255384,-115.83574995934525,-115.76983996637732,-114.80282159517115,-117.51047409778994,-116.33691032032456,-116.66132865254757,-117.24470406677311,-116.37286336581695,-117.45256241459855,-117.24939936181117,-117.87443486325368,-118.04975005005515,-116.56826177809938,-117.22037678390448,-117.46084621990194,-116.26439756791177,-117.47546591949666,-115.88347691775763,-116.49656060854048,point1,-116.79785866853805,-116.71876474363624,-119.13595328110135,0.9568578642326547,-0.04713812751111555,0.7680657192705707
HDOK,PLOK,17472,11,11,-131,-14,11,2,33,-116.72935188738289,-115.95576447626262,-114.68197919590469,-115.1242421788278,-117.00059009613975,-118.30096764259265,-116.2423435067829,-116.19666564131944,-116.94031574265355,-116.33221367339543,-117.40978645054605,-117.20538169477015,-114.7224037569503,-117.66112929851445,-118.5685564002709,-117.37938482475074,-118.13918324187252,-117.57776974028548,-117.46524060972274,-116.2132942865442,-116.12083463287142,-115.83439056272671,-116.233608372117,-117.20709430307836,-117.15184330711486,-117.53255620628407,-116.4323361598888,-117.41718115239459,-116.64813338165375,-116.62518366183492,-118.16028285198675,-115.89205401460742,-118.27835041439164,point1,-116.82970949595273,-116.94031574265355,-118.5685564002709,0.9515976180132297,0.3344032641341123,-0.22736370510007076
HDOK,PLOK,17472,11,11,-131,-14,11,2,33,-116.06361814020362,-117.42617840598426,-115.71957570062565,-115.35678386288018,-117.52081573368952,-115.26102530136455,-117.76525992724798,-116.53065918663447,-116.0359993982138,-114.90925898257596,-116.62648298642486,-117.52300786283519,-116.43638436936882,-116.82515976736134,-117.12645413232713,-116.43587774138881,-117.08279928081686,-117.27869302042237,-118.11911858852233,-117.03151166343144,-117.32832748126866,-116.90281726942236,-114.17783459866658,-116.00666042802196,-117.37068869560676,-116.49588678777778,-117.07986855392103,-114.46424405177801,-116.6145806386919,-117.16869611066649,-116.86553181173092,-115.7451819760968,-118.09014029712358,point1,-116.58742796221493,-116.82515976736134,-118.11911858852233,0.9233553141435911,0.767690961781549,0.21183631987791296
HDOK,PLOK,17472,11,11,-131,-14,11,2,33,-116.94678817555304,-114.89561614529549,-118.18777597042009,-117.33963034044113,-115.12337840699298,-118.06934804945102,-115.59199749141946,-117.02573490219146,-117.06055456179234,-117.01889727549127,-118.9134580881221,-117.03837055845595,-117.78601130197094,-117.24836132879169,-117.02728442053451,-116.12196602888507,-116.291125763271,-115.41935650492414,-116.12364801017951,-117.03094061382996,-116.92973382227582,-118.33091133391525,-117.30590539386287,-116.94205091584901,-116.77886752458981,-117.36792715609695,-115.2731338406424,-115.20796471541979,-116.88019129075246,-116.52121412552657,-117.711897513001,-115.42910485784265,-116.51726454270413,point1,-116.77140639304517,-116.94678817555304,-118.9134580881221,0.9536758565486885,0.14233622243387534,-0.349483565006798
HDOK,PLOK,17472,11,11,-131,-14,11,2,33,-117.91727193042203,-118.01168710221586,-115.16742128781189,-116.9775975171249,-116.50442929777512,-117.02145299041267,-114.77463335618552,-116.03507247663292,-117.14567938927964,-117.66135280245251,-117.54333532055406,-116.06856865154823,-117.68790369946022,-117.36651288640066,-115.84168921017596,-118.77573923882618,-117.19003556988164,-116.14770345564168,-115.77855501170018,-118.77836871722063,-117.34759807165912,-116.21898452262305,-116.69328175640356,-114.9052248352735,-116.6385764419943,-116.7904375069341,-117.12991854366263,-117.2356656967914,-117.03959159854688,-116.84406605344881,-116.72614363407959,-116.79021325165776,-116.44615367547696,point1,-116.82426865152345,-116.84406605344881,-118.77836871722063,0.8601977017162281,0.1548466065509368,0.33849468566519025
HDOK,PLOK,17472,11,11,-131,-14,11,2,33,-116.36930836901901,-118.518898022983,-117.4589651237018,-116.05559849544083,-115.04622370469801,-117.13245699762571,-118.37103789146957,-115.4670315779686,-116.61254888939982,-117.80901348722995,-116.6103785867868,-114.91214959981772,-118.4069691542488,-117.94402019867712,-117.27406766811441,-116.65455164019086,-116.86748827923236,-117.35850150013792,-116.72656875619937,-117.08267571354814,-117.18021334254607,-116.81621368733234,-117.53121114953726,-117.53984426697059,-115.81844915921083,-117.43453245320066,-118.03526909101379,-116.78692901912054,-117.54606243126727,-116.94642746064862,-117.4845178996453,-114.05017438651984,-118.17833890258997,point1,-116.9705041486695,-117.13245699762571,-118.518898022983,1.0430088145945495,0.9513559307676194,0.976385698598564
HDOK,PLOK,17472,11,11,-131,-14,11,2,33,-116.43822674529284,-118.45108699708254,-116.95764330916322,-117.44493795560383,-117.43312348054161,-116.7056084384415,-116.59570671898345,-118.50215335901913,-116.70831659962862,-116.93684640982092,-118.25791966560365,-116.09227668498725,-117.58979229219943,-115.41044739520588,-115.49893615095218,-116.49236611992491,-115.77512636666388,-117.52179031870402,-117.66026407720193,-117.43890131846722,-116.92385626000116,-117.16025687158404,-117.6249346895671,-114.63383919717177,-116.06511533728172,-119.071750836643,-116.4652167081931,-116.7711126578438,-115.22675406396058,-115.70658547196295,-115.29527074099325,-117.07734736319341,-116.48132181325045,point1,-116.80044946712529,-116.7711126578438,-119.071750836643,1.024448562916525,-0.04576891495629902,-0.19008895020799432
HDOK,PLOK,17472,11,11,-131,-14,11,2,33,-117.58300644137356,-115.7953327039644,-118.1160557615802,-117.71383737366834,-117.49506864238828,-116.46252002488954,-116.4625127614755,-116.96278628511922,-115.4743581556651,-116.88762398795167,-118.87008867352328,-116.65160495530192,-117.87499423761108,-116.56680379016295,-115.7898347047717,-116.8109008849023,-118.58311296036908,-116.30059476639973,-116.3874448632244,-117.34862171619851,-117.3837367836911,-116.32308225856751,-117.8599514050335,-116.16607703511642,-117.3512260318777,-117.7433016722555,-117.62684342269102,-117.42057330918675,-116.79816761660649,-117.04253481535162,-115.67246927158683,-117.55453816001202,-117.01250357965947,point1,-117.03309421370231,-117.01250357965947,-118.87008867352328,0.6556832076509767,-0.08723089377805718,-0.3345356995636286
HDOK,PLOK,17472,11,11,-131,-14,11,2,33,-117.57763965190087,-115.90182950707684,-117.38907978806566,-116.74806649405208,-115.57298393218554,-115.4502402025473,-116.92461193675999,-116.1457343743674,-116.43052892209687,-118.3950924618923,-116.41028580655762,-116.75256613026875,-117.71672657694971,-117.17214968193436,-117.08170777938162,-116.30371797510105,-117.03608962573013,-116.91526451280635,-115.47111898873749,-116.9973959013174,-115.51341578269002,-115.59764169042796,-114.69758886422524,-118.92263889967302,-117.85938205813392,-117.39604765748604,-117.08926114721777,-118.49994865414354,-116.74634066270546,-118.42083169619949,-115.51270460512309,-116.3224350036831,-114.4289779189916,point1,-116.70909226940695,-116.75256613026875,-118.92263889967302,1.1481066097483712,0.013005017959573022,-0.3182124771146313
HDOK,PLOK,17472,11,11,-131,-14,11,2,33,-116.28261029212739,-114.85056564745302,-117.1357050192143,-116.0139429974485,-114.98415077889807,-115.24426225607424,-115.12699532547563,-115.59089464477718,-115.80319749437294,-117.15259391462605,-116.28250219156773,-118.37876180859121,-117.47770551094253,-117.43434136021047,-117.41786524780775,-117.7974034349271,-114.60479568032899,-117.2266909392208,-116.96029237473785,-114.80371080815516,-116.47677974098866,-117.58914574394046,-117.53539467942099,-117.83461716225457,-116.62843334664993,-116.88467679469889,-115.12408384222654,-117.0156648018393,-117.66080451948305,-115.94654054888784,-116.6779737177884,-116.60763232932885,-114.40472563724865,point1,-116.45319577550647,-116.62843334664993,-118.37876180859121,1.1644022734058435,0.3318182651403762,-1.0321825967687444
HDOK,PLOK,17472,11,11,-131,-14,11,2,33,-117.05308490311566,-116.13700981343187,-116.00788403908051,-115.49612345938758,-116.23620361527027,-116.19324273783607,-117.11878306427623,-118.11578437681003,-117.10845397629369,-117.87847308764891,-117.02058501337923,-118.74059745432864,-118.7906667150623,-117.4114100188371,-115.18496769995096,-116.04540636078733,-116.30692535348594,-114.38146955436534,-116.78735628268754,-117.93767130154893,-114.91068737233373,-117.26516384706925,-117.00975137907855,-115.01890028730348,-115.0174380908306,-117.15771727700331,-116.99959973294351,-117.41844296921624,-117.4580339627433,-118.17046968117913,-115.4307074371792,-117.10020739606432,-114.97965358698642,point1,-116.66329914689439,-117.00975137907855,-118.7906667150623,1.303859126516465,0.15872457702110165,-0.7253410659066102
HDOK,PLOK,17472,11,11,-131,-14,11,2,33,-115.45205170641663,-117.83562525066746,-116.13785739526381,-116.07128890915196,-117.18244526703758,-115.2458576680711,-118.30473677136095,-117.01644630451388,-115.69674059802846,-118.76124132779574,-117.0860481787201,-117.46016230435353,-117.88752952983081,-116.75492642961306,-116.83086342516403,-116.31945257582532,-117.12667131960326,-117.27475354534386,-116.0663285702712,-116.22721210810644,-115.93152829337176,-116.14012235052911,-115.66592071875279,-117.21456641082241,-117.24177325139446,-118.05572539639009,-114.79250861752249,-117.43011662902488,-114.61503508761066,-116.82569171370878,-118.76704322655402,-116.89345085172603,-116.36995492814494,point1,-116.74792959577852,-116.83086342516403,-118.76704322655402,1.0461507123858227,0.01943980614557072,-0.2985126571611967
HDOK,PLOK,17472,11,11,-131,-14,11,2,33,-117.72868507170085,-117.32563587086892,-117.59525495635424,-116.10590148573719,-117.37712726158796,-117.6205266504935,-117.06789670447019,-117.71465187434578,-115.41871439684776,-116.37686528114263,-116.36372978649757,-117.76991811123112,-117.09703371646827,-117.79269718490198,-116.68521060110858,-118.07469703351805,-118.40799158434281,-116.44818495375338,-115.7284983629726,-117.40785015143092,-117.35376705730229,-116.8207394297109,-118.45029974809768,-117.78023084127383,-118.02980254503764,-117.78334416140937,-117.06745492773007,-115.36640926170992,-116.220872841858,-116.66025087993539,-115.96699749865252,-117.83371420835314,-116.27257094740018,point1,-117.08222804206807,-117.32563587086892,-118.45029974809768,0.6875446310509455,0.4086859027961826,-0.7521469656789521
HDOK,PLOK,17472,11,11,-131,-14,11,2,33,-115.49378296062005,-117.93315564749626,-115.93915506846382,-116.96517885343448,-116.73977823741821,-117.04229398259952,-116.7874686468943,-116.38793366256743,-115.12959148338129,-117.60617937980642,-118.44706409120407,-117.1674245668853,-116.83686769406054,-115.59717431188213,-116.40890287923274,-117.43922157737735,-114.06093541425612,-116.76222802030424,-116.77767116887145,-116.939025282977,-115.68792084787421,-116.50980373702119,-117.83680210109675,-118.34445739822735,-116.66838448697757,-115.91541065396704,-117.26051063470526,-116.74679542313274,-116.55214295218452,-116.6688863120813,-117.14813223798643,-115.90077204734988,-115.6911812434738,point1,-116.64824948502458,-116.74679542313274,-118.44706409120407,0.8207958170671158,0.42655670495542275,0.94338291255769
HDOK,PLOK,17472,11,11,-131,-14,11,2,33,-118.25436130978139,-117.27456113173142,-116.86104929001743,-115.98612622090809,-115.04068440078447,-115.9654255388302,-114.95723753210254,-117.42631585853567,-117.47332165400816,-116.71466648263109,-117.69778725407737,-115.3095682116208,-116.94358885181853,-116.34619542183566,-116.46239137397447,-117.61189392299254,-116.40046813097645,-116.93995348126028,-116.51508988851108,-117.19419723310811,-115.82118292624607,-116.33541259080192,-118.726668613097,-116.42871832217315,-115.7319265521564,-116.83472232811465,-116.4570955434101,-119.53050742612437,-115.13766912488711,-117.5865913363767,-116.32474824044304,-116.4931144623599,-115.16591688689648,point1,-116.66512598613919,-116.4931144623599,-119.53050742612437,1.0606329261270697,-0.5672122824888269,0.6869403146053559
HDOK,PLOK,17472,11,11,-131,-14,11,2,33,-115.87709375877242,-117.37019729438452,-116.5148237985303,-117.29242490331745,-117.12246989891135,-118.25832681434166,-117.07403609424634,-116.28834588315874,-118.3894626570982,-116.51888743022923,-118.53293378609649,-117.52826919394278,-116.92666766091901,-117.05859227648023,-118.51887433755995,-116.33098405357809,-118.54209145908214,-115.80171277706836,-116.74357994925947,-115.97698495907814,-116.97980366238605,-116.81390700534443,-115.63943943321517,-117.06382043747239,-117.28541708582854,-118.24965112090825,-116.48798343476837,-117.02637410751137,-115.97058616476625,-117.79735921572491,-116.90380659633445,-115.34693563843204,-116.00292594663223,point1,-116.97681117682968,-116.97980366238605,-118.54209145908214,0.7733269096516608,-0.25981790581453407,-0.6644916507657683
HDOK,PLOK,17472,11,11,-131,-14,11,2,33,-117.1422625741308,-118.05181801815029,-117.10155974691514,-117.96224565972805,-117.26475458942332,-117.32241067997877,-115.90891183086224,-113.94255597905942,-116.40757799924589,-116.01601223848448,-116.75002702946529,-117.70366911850559,-116.76312157594555,-116.32883844442142,-115.7592918986227,-116.47756034587093,-116.97127482154146,-116.60829218331524,-116.73103635395155,-117.09934977542382,-117.03984449745921,-115.62811160738244,-116.19957335642871,-117.93662413580232,-118.08328408600055,-116.42187823933585,-115.68342511476433,-117.19790915648073,-116.42684788182896,-116.34302692940474,-118.50099616695246,-115.53421058849932,-116.53056617447083,point1,-116.7223899635713,-116.73103635395155,-118.50099616695246,0.8099429109782559,0.5181526992455316,1.473009601952914
HDOK,PLOK,17472,11,11,-131,-14,11,2,33,-116.9113730713178,-115.65830874442408,-115.29511609591046,-118.57524505897987,-116.503215561754,-117.11986527274455,-115.48666955219139,-114.47215836352899,-118.46702952570513,-116.99945547173388,-115.58475376750272,-118.65334542063253,-116.03305291691426,-116.24030905234262,-118.2735579146072,-117.2051237821835,-115.9766098527201,-117.57850622722087,-116.49605389592733,-117.61828854347844,-115.93146318784416,-118.32041221709581,-118.36632780457424,-118.90412449917729,-115.50199460349963,-115.96760637436986,-117.32808376817727,-117.81681610330594,-117.36127000626331,-115.41361058899342,-116.14407044274725,-115.48710106469328,-116.17084355001133,point1,-116.7836897667446,-116.503215561754,-118.90412449917729,1.3786333250626581,-0.18659979940649365,-1.0473387120751942
HDOK,PLOK,17472,11,11,-131,-14,11,2,33,-116.69101652376335,-117.23945551719167,-117.96531252573735,-117.47810207845905,-117.23726224980193,-118.18366943973774,-117.18403553135707,-116.85043380486073,-116.62141660783016,-117.23274930724317,-118.48235020259077,-117.39423749519695,-116.70540258888894,-116.73173411911198,-116.33587468739204,-116.16780184229889,-116.9545694733477,-116.85783421109508,-118.31523800526377,-116.01662183581195,-115.68327679754569,-117.14778091373468,-116.07882690631526,-116.73338965956495,-116.20670152621892,-116.8172059102749,-118.22606532524082,-115.23419882095146,-115.97521413674832,-117.96721867922065,-116.87231499729477,-117.67509477326698,-118.31676075884077,point1,-117.0175505227939,-116.87231499729477,-118.48235020259077,0.6524046185207686,-0.02331703347715144,-0.502345284584881
HDOK,PLOK,17472,11,11,-131,-14,11,2,33,-117.34502209435549,-120.140387166728,-116.75558086062473,-116.72033111517237,-117.08020665144423,-115.97075133001252,-117.0357559209008,-115.36353577538709,-118.38692358621734,-113.84078715807023,-115.72027574619635,-117.02112700812681,-117.9818743285486,-117.01014506668473,-115.93761314506096,-117.85361016661538,-117.23482862219996,-116.82484875331721,-118.4623521000768,-117.1127605776887,-117.90685903110167,-117.43149472631944,-116.47423791593191,-117.33769009334591,-117.1946150127245,-115.91140331489343,-115.81670227159563,-116.08080899319309,-117.65988699621627,-115.49140978338485,-117.33540038294333,-116.07464701306802,-117.74134612814623,point1,-116.91682481322098,-117.0357559209008,-120.140387166728,1.2525262247900066,-0.04288572746521881,1.8737015669648085
HDOK,PLOK,17472,11,11,-131,-14,11,2,33,-117.36630237830602,-117.83769450204433,-115.94323967163596,-114.0147679234046,-116.63048575516724,-118.06396850234388,-114.59291682572774,-117.27915862845796,-116.99136895583705,-117.16949904031668,-117.03201977137167,-117.32448824932133,-116.83494885100475,-116.39649045217531,-116.59956023090898,-118.08048929426548,-117.08905031895524,-117.26426367438808,-117.36066587359065,-117.55027037457103,-115.38881021903065,-117.63822888288368,-116.72493657434693,-117.90302618350243,-117.32831290445785,-114.36080454926143,-117.97299693446384,-116.91137217844799,-117.97302953627788,-116.96336476807608,-117.83886396024408,-118.15691969142648,-115.4065331590302,point1,-116.90875299440133,-117.16949904031668,-118.15691969142648,1.1377763071651572,1.308433082087342,1.1935946156194883
HDOK,PLOK,17472,11,11,-131,-14,11,2,33,-117.30098634215904,-116.02104950369701,-116.5887359226988,-115.90237411500185,-116.22036181176013,-116.44094548032052,-114.73459963294607,-115.9852053161291,-117.63410228126804,-116.0970686055105,-117.2331562478472,-116.74157555918076,-118.90884825096158,-117.21202329707694,-118.76788460615596,-116.39161737740184,-115.8688401060682,-117.64402180763787,-116.65755494451125,-118.38471504528165,-116.66504678036866,-115.06681400885196,-116.73791540270972,-116.18975005866301,-117.98573190919899,-116.9483081093349,-115.25579093128385,-115.30091903853942,-117.16026629190203,-118.00806533462728,-116.68109760644873,-116.43489207426855,-117.31202727483273,point1,-116.74188760832259,-116.66504678036866,-118.90884825096158,0.987776594358221,-0.23230979028419255,-0.10112931952663429
HDOK,PLOK,17472,11,11,-131,-14,11,2,33,-115.75422178536684,-118.00173749294513,-118.53781571966769,-118.11966041518657,-115.67945197715568,-115.32423188586039,-116.40410090307361,-116.27116128021362,-117.55712108998178,-116.41475355813937,-114.59297967675943,-116.64837147833931,-117.7015606976493,-115.87545847537896,-116.31885245617069,-118.2087869032241,-115.94149536346467,-116.6834019702771,-115.81192027117092,-118.1202693692466,-117.13524099036724,-117.34739900926434,-118.58404975336406,-115.95221370755277,-117.08117817894592,-117.57024046367346,-116.79093866538983,-117.04136104278919,-116.55552868157527,-117.09203125147057,-115.87263706552567,-116.01848251499632,-117.02843937562615,point1,-116.78900283241853,-116.6834019702771,-118.58404975336406,0.9347556124295462,-0.06287473833544485,-0.5382984478387236
HDOK,PLOK,17472,11,11,-131,-14,11,2,33,-117.87628648359744,-117.93961389658959,-116.36862268093742,-116.98999192438183,-116.31141553104183,-118.40028777134069,-115.29706312796979,-118.52375417433105,-114.3947780337851,-116.87022629300225,-116.0066032918944,-116.71485422775729,-117.53028980630843,-116.44868445078801,-116.43229246327856,-116.15737842483011,-117.12980370919212,-115.33300757041052,-117.2772057018784,-114.32408725573626,-116.45858373451851,-116.11267616649563,-113.91629580430184,-117.62459438581632,-116.90664240517572,-117.52160643786802,-115.19528275123724,-118.09829211776126,-117.1886826019887,-115.43132173307035,-117.25073100865994,-115.9110302302813,-117.23771398437408,point1,-116.58120303577573,-116.71485422775729,-118.52375417433105,1.3020152276058603,0.51413667637267,-0.15377067741193917
HDOK,PLOK,17472,11,11,-131,-14,11,2,33,-116.41552467752423,-117.36637397392708,-116.96499120718704,-115.86188135650502,-115.68001976494426,-117.31849967625581,-115.69914653983994,-116.00344441727448,-116.44248599699426,-117.57737947249876,-118.3292890668657,-116.55313848999144,-116.776112155312,-118.19701323370177,-117.25372870164553,-117.04014174587003,-116.52694349748928,-116.07274548696981,-115.87471287420792,-117.30724386934278,-117.9854292113341,-118.52242856591131,-116.92831474398741,-114.70304725130283,-119.99428368695573,-116.48907605389024,-115.55587708236067,-116.24302009524585,-116.61112054017877,-117.80546323042059,-117.90450637664344,-116.09246484328564,-118.23998102136693,point1,-116.91926754264335,-116.776112155312,-119.99428368695573,1.1250030988562403,-0.575606121401894,0.772504942090436
HDOK,PLOK,17472,11,11,-131,-14,11,2,33,-116.59483275113612,-116.50091826932872,-116.95605991036128,-115.98249849829834,-116.52477146609316,-114.31544017454425,-114.36619678796995,-116.4225792920548,-117.10314301048321,-116.60107291364943,-116.10005612481258,-115.5735125244024,-115.63972517312942,-117.25214259568976,-116.742252616662,-116.71640884874176,-118.40310782812816,-116.67601400097399,-117.08852194389296,-116.52570843061848,-116.51786716604697,-116.16945123323917,-117.71797412053255,-116.37409662158241,-117.77222180829241,-116.70920918836583,-116.91369553372081,-116.58684768640758,-115.67622648030664,-115.2717925107455,-118.20201454182568,-117.76885090413379,-114.70661283543427,point1,-116.49914617550316,-116.58684768640758,-118.40310782812816,0.9084946272836989,0.4082486080854794,0.4558493266135093
HDOK,PLOK,17472,11,11,-131,-14,11,2,33,-116.89551224618926,-116.50500831685498,-116.5656671099129,-116.76776050784264,-116.31591951562129,-114.01277956920977,-117.53776284441393,-116.3638374295783,-114.97403439384853,-116.46012019793478,-116.89687233667262,-117.80711746844402,-118.13613760587953,-118.09874674679685,-115.97466699482702,-116.19380123268702,-116.82057435345064,-116.50362475906313,-117.14617199434755,-117.61684402216588,-117.92394631827668,-116.38391538647386,-116.93077989254911,-115.83802068204413,-117.82496789460122,-116.76978434889041,-118.01197077743848,-116.67442032151706,-116.79612145117818,-118.22597231451304,-115.85162989907371,-115.72630772337547,-116.8009861508044,point1,-116.76823584262054,-116.76978434889041,-118.22597231451304,0.840188734762194,0.6381670488582625,1.2110357243563104
HDOK,PLOK,17472,11,11,-131,-14,11,2,33,-117.8718464205837,-118.04367103861054,-115.71446223207366,-115.46424945791792,-118.24989224982988,-114.81394223261842,-116.86124803739774,-117.29274122024208,-114.77441319141231,-115.70860692522915,-115.91503486072878,-118.70784351802136,-116.49339745573711,-117.25917466012626,-118.51208585722426,-118.81041308525445,-116.19189721742636,-114.80862665796558,-116.65582749877522,-115.09219019923978,-118.02604677736888,-117.49961455877813,-115.61621640650625,-115.21331604058958,-117.79662699165169,-115.33353164476361,-117.95046860309297,-116.60890637672023,-118.67117494438537,-116.46888409552332,-116.68600306939354,-115.8981852360019,-119.62680069395057,point1,-116.8071921047012,-116.65582749877522,-119.62680069395057,1.789723319727657,-0.1930552771300061,-1.042064390789339
HDOK,PLOK,17472,11,11,-131,-14,11,2,33,-118.38037863298204,-117.14202246725498,-116.79060634562751,-116.49900467003006,-115.88696807011726,-115.21887021605409,-118.55146975373171,-118.12750907948111,-117.63289484465767,-116.47686754147115,-117.7489341077848,-117.79648593612875,-117.26133229663138,-117.2132788345336,-117.8695631782933,-117.17100588803845,-117.21221923896404,-116.33811358180853,-116.83697833702234,-117.34724265649626,-118.08236375343299,-115.56515534776128,-117.54619654933899,-115.88274695077953,-117.34252980625257,-118.76600203746104,-117.20360943041702,-116.66741805858713,-118.0796901211091,-118.78357000093614,-117.37810880395988,-116.82832013586018,-116.67465744524391,point1,-117.22127618540148,-117.2132788345336,-118.78357000093614,0.7540427607155398,0.2526324079074549,-0.17389038952039337
HDOK,PLOK,17472,11,11,-131,-14,11,2,33,-117.1892807418938,-115.50417546445946,-117.71045153746643,-115.59672242410608,-115.1640806536057,-116.61871391715886,-115.30351219415354,-116.73736268664805,-115.63216433567834,-116.60837866138321,-116.88482638642012,-118.22901871872622,-119.19809381905031,-117.4663888108257,-117.25454333390704,-115.86973226383573,-117.38889962104855,-118.07885645440402,-115.62415135643239,-116.36115935180202,-115.8889960092645,-116.05047459814772,-116.57190114846733,-117.38112288952459,-116.28198090706263,-116.72381204629147,-114.84805487972207,-116.71144717551363,-115.7580401014502,-117.14447106581731,-115.47198040686986,-117.60536955124738,-117.68919840882873,point1,-116.62264733094588,-116.61871391715886,-119.19809381905031,0.987184148443529,-0.3620857274906135,-0.19471717118847698
HDOK,PLOK,17472,11,11,-131,-14,11,2,33,-117.30321501785052,-116.77228676496428,-115.90995263764731,-117.70135511707227,-117.23154602689198,-116.63871409574071,-116.04384605718352,-115.13960087645238,-118.10512467754495,-116.85411130238475,-117.56181942843277,-118.60348364075328,-115.57281983316672,-116.47169329555291,-116.00687166790064,-116.86214137356397,-116.7590585692154,-117.99189528393504,-116.13809822366765,-115.54644863023768,-116.08346962549935,-116.72500591391636,-118.2384592532196,-116.38919799725993,-118.95154809585563,-117.00789993002621,-115.34052411399813,-118.4241483950684,-118.14947097687852,-116.79533205911119,-117.69442209289515,-116.78045861944177,-116.66702210596665,point1,-116.92306186967562,-116.78045861944177,-118.95154809585563,0.937996587723659,-0.21567030768468756,-0.64038511702458
HDOK,PLOK,17472,11,11,-131,-14,11,2,33,-116.14290517436062,-117.68620489520421,-117.62934941166641,-116.80584978446495,-116.21749843092203,-116.77810757853867,-118.08206622504817,-116.72609339871178,-115.66944218063385,-115.86959714093446,-116.38225671571738,-117.21593241973531,-118.05184900352388,-117.38663841198705,-116.75804277287712,-117.54839542975645,-117.4872258938101,-117.49323922438205,-117.15297227670061,-116.0745351427477,-117.04298193738047,-115.70746502795713,-116.65231432815104,-114.76344479930293,-117.8640924474675,-117.18514957209102,-118.55918282371046,-117.85756089093101,-115.48501353014711,-117.38608299305245,-118.22358054785833,-118.63073113961367,-115.51522638465656,point1,-116.9706372101225,-117.15297227670061,-118.63073113961367,0.8945024295955615,0.3287190889000629,-0.516434581092243
HDOK,PLOK,17472,11,11,-131,-14,11,2,33,-116.56696080681807,-118.08164014660167,-117.03457060897864,-117.45866521047407,-117.40364574543436,-117.36810220842506,-116.43286151586337,-116.82782652556376,-116.13352086959367,-117.98501943502485,-117.08449993449221,-117.38689213547813,-117.06478868864967,-117.49927656381452,-117.24945394290556,-117.79391678638886,-117.59968315040479,-116.24727644918816,-116.04841184544357,-117.0971121555711,-114.62695258300232,-116.4561413300698,-116.6475454353548,-115.31501755465428,-117.76177831614443,-116.81851110281585,-117.14888121856761,-115.78223487994279,-116.76438301077573,-115.80736030702398,-117.74293566307047,-118.8513571965255,-116.46885041513305,point1,-116.92594162843015,-117.06478868864967,-118.8513571965255,0.7106423369775604,0.448425990269223,0.7790192022483695
HDOK,PLOK,17472,11,11,-131,-14,11,2,33,-117.67792896221638,-116.67111776345533,-115.22413120120254,-116.14201058521734,-117.31232954788024,-116.00285224929907,-115.89428134054053,-115.2996439188666,-117.91854417795234,-117.5400742917856,-115.47002028539488,-117.32150563078879,-116.40864173275179,-117.1486019412734,-117.10478656662431,-117.23512001854438,-116.73418593580666,-117.38349292996132,-116.76584475405849,-116.31002517380263,-116.14008363001888,-115.21588476266243,-117.1567550518262,-116.28399247058016,-116.409989133727,-115.0853450660134,-115.83928589037095,-116.55831930584546,-115.93673616139337,-117.15490082184112,-117.60252539997722,-115.60856692427136,-117.34101160800492,point1,-116.54237985557441,-116.55831930584546,-117.91854417795234,0.6395417672858407,0.20766298563277394,-1.0779154894603562
HDOK,PLOK,17472,11,11,-131,-14,11,2,33,-118.11816367798261,-116.54886692879636,-116.69018899755946,-116.4225593598581,-115.74701316301619,-116.94123886077273,-116.67790213760843,-116.28901762785715,-116.25228267514642,-116.0559565800186,-117.18354881420122,-115.82876894603164,-117.42599865397261,-116.9363715454646,-115.97943266918736,-115.42242479533732,-117.31108988893945,-118.00469043594603,-117.09157182600227,-118.45218463871261,-116.50046136839727,-118.2937484661837,-115.44075679521069,-116.90947098158387,-116.58221926632628,-117.9151091438851,-116.57107412001271,-115.1798194910429,-118.1913812088873,-114.57852044093933,-118.57950692020302,-115.35575036324401,-116.52019848767493,point1,-116.7271905841213,-116.58221926632628,-118.57950692020302,0.9996424390726155,-0.07749870919150596,-0.5190336486908143
HDOK,PLOK,17472,11,11,-131,-14,11,2,33,-116.84320204671958,-118.70080419523389,-116.81154535069646,-114.87576274870105,-116.60184019118476,-115.09227146487255,-115.41114832244533,-116.73817451544144,-116.31038806506676,-114.81072083977143,-117.83420650033118,-118.80087382109835,-116.76383587116368,-115.70071030228499,-117.00473068539198,-117.34013763156051,-117.43242105055712,-118.17230356129183,-116.41426610377057,-116.0720273973682,-116.9068496529929,-116.58348340918187,-117.75039727779595,-116.37077239905861,-117.89120838541982,-116.94689764173968,-116.38414528221247,-118.996611986567,-115.71878379899151,-116.87442323354507,-116.1775435557875,-115.51347551271533,-117.54932826739505,point1,-116.76955427479865,-116.76383587116368,-118.996611986567,1.1238072255698528,-0.19223042037286722,-0.2642586940925411
HDOK,PLOK,17472,11,11,-131,-14,11,2,33,-115.27466763684599,-120.10397012986566,-116.94438054424417,-116.83715123345439,-117.36354122798221,-116.35783583524139,-115.9451616206541,-113.4787113972963,-116.7728180722926,-118.17376702075327,-117.47062599640765,-116.43155087190502,-117.16808059239607,-116.58619510082805,-116.36289797996169,-117.39081745978118,-116.53463397931964,-116.01322593061872,-118.55535557577305,-117.13935260706137,-117.17434784652146,-117.36588606886473,-117.03445704211802,-117.2073084577284,-117.40567561565972,-115.51120392234193,-115.9324145186771,-114.43580932284473,-118.83223226426264,-115.05434901950696,-119.0022657420303,-117.99102601250759,-114.4994193450271,point1,-116.79851927244763,-116.94438054424417,-120.10397012986566,1.8306087134193763,0.11074134196642606,0.6689558556163542
HDOK,PLOK,17472,11,11,-131,-14,11,2,33,-116.05954761299475,-117.48217725399864,-116.57932278967665,-118.22448936079338,-116.97269665024454,-117.26085385802256,-115.04500687673223,-116.91838919160735,-115.15624562857485,-117.38795038323306,-116.45135823237099,-116.77552831810203,-116.61197328903421,-115.37404764480847,-117.45821625265438,-116.73416063114274,-117.76139626768024,-115.41363026203365,-116.00452783772666,-117.76271784951089,-114.79408950038201,-116.2768218224315,-118.01638333111241,-115.75891513932753,-117.07386743235882,-118.24731234569003,-116.48653966917622,-116.36103909026632,-119.2355270987071,-117.66456546428894,-114.54389509174793,-116.19081897931778,-116.65395209251412,point1,-116.6890291893413,-116.65395209251412,-119.2355270987071,1.1389849863926889,-0.013962804185294681,-0.1591982367072302
HDOK,PLOK,17472,11,11,-131,-14,11,2,33,-118.42917532076287,-119.03736924610563,-116.66358658678847,-116.59099502607936,-116.48577260891173,-116.5852271199487,-116.13415003973688,-116.77737269438464,-117.28982924216706,-114.86091885968503,-115.27029631768713,-116.27664911865209,-115.52370570055906,-118.08602960036465,-115.50111171200435,-116.2982680280416,-117.76409677565427,-114.93814319026586,-117.46836731319827,-116.07412985407402,-116.96431525064656,-115.63184678116575,-118.8000991711474,-115.95958869891389,-117.4130811292794,-116.27327107338765,-116.60524713910824,-116.48426554269476,-118.72028889062561,-116.21986429996889,-115.07709876208332,-118.18090522715322,-117.51158116414565,point1,-116.72414083289063,-116.5852271199487,-119.03736924610563,1.2612471639400398,-0.3696577876230434,-0.577898235050756
HDOK,PLOK,17472,11,11,-131,-14,11,2,33,-116.50807563945119,-115.64668608419218,-116.76472519508869,-117.51332067563887,-118.48024289550669,-117.32801364759413,-115.339896420158,-115.86962102375463,-116.42636673889935,-116.67952268235945,-117.72877395926658,-117.31291730488114,-115.2988453938397,-117.01246870263725,-116.65926142607269,-116.31806705324976,-117.27863014347699,-115.86138416359327,-116.60426637667447,-117.24758952839596,-116.52741211169534,-116.47561952302027,-116.33176073689634,-116.35780237032799,-116.64065481286562,-117.65647116749037,-116.46641526690642,-116.4713508382377,-117.91470414645643,-115.86863185251887,-115.51491192870611,-115.7329229036956,-117.73061001948642,point1,-116.65357402221318,-116.52741211169534,-118.48024289550669,0.6010704950730672,-0.2526674649150412,-0.40305043097455373
HDOK,PLOK,17472,11,11,-131,-14,11,2,33,-117.88807928084157,-116.70779440255565,-116.52351550319412,-117.50983045978957,-115.20804779443351,-117.28934213595821,-116.13236640411874,-117.84038499885735,-118.04292666793329,-117.2738101088412,-115.64493290419243,-119.05167200774363,-117.5671587069989,-117.63519015443205,-117.51960916683883,-116.5618524760033,-118.59289221612147,-117.11333958478205,-117.08042802212516,-116.6720194845952,-115.93798307352388,-116.550209783851,-115.38571674589602,-117.27566786403479,-115.79737199643088,-117.7625719128591,-116.94202579303665,-116.35813367082751,-115.60335734621958,-116.57282230384426,-116.42710898791752,-115.57286168098325,-117.99413973471434,point1,-116.91015646589378,-116.94202579303665,-119.05167200774363,0.8742317086264968,-0.09974505064103843,-0.49506729165073393
HDOK,PLOK,17472,11,11,-131,-14,11,2,33,-118.81888855702485,-117.02518728970311,-116.99026560545774,-115.63495847385653,-116.37612180920009,-115.66786889576176,-116.47336757925748,-116.77611096090178,-115.55558531658176,-116.63351178129983,-115.67364509045713,-118.32898376747075,-116.59472849060232,-117.79329814886269,-118.10208910282057,-117.07789316727361,-117.06585029709832,-116.25800323696292,-116.05650105742498,-116.6415587772201,-115.64059663904443,-118.1115339093898,-117.51376516878561,-117.73661401631355,-117.23821366930024,-116.3722224776839,-116.80942887839137,-117.48816961074074,-118.41058889442937,-117.89554007362625,-117.52795635839557,-117.08871454173135,-117.99201642093487,point1,-117.01120539587897,-117.02518728970311,-118.81888855702485,0.7779206994135247,-0.05540224398788102,-0.8140572813522033
HDOK,PLOK,17472,11,11,-131,-14,11,2,33,-117.73533955360145,-118.27183804748982,-115.68834980456003,-116.85218330475733,-116.7160016735088,-116.55990228549463,-116.30769241700769,-115.95195824226188,-117.15995220910523,-117.66176395119547,-119.03827374162148,-119.4082314884111,-116.82972146300612,-116.1534542607801,-117.0717620555172,-117.52981343489313,-116.35643539822594,-116.09276724017874,-115.65059747348141,-116.53628850660203,-114.54353118515382,-116.1898733080524,-116.80108664223897,-115.77428896721365,-116.83881386299521,-116.35496629600468,-116.61987892338664,-115.35518825810624,-116.15198029976074,-115.87025903846937,-116.00885841664103,-116.92092854722674,-117.31267000259584,point1,-116.67620152422865,-116.55990228549463,-119.4082314884111,0.958219771259912,-0.8182097293327676,1.4850264267728917
HDOK,PLOK,17472,11,11,-131,-14,11,2,33,-116.79225972782339,-117.44365589877702,-117.60694327295353,-117.39409512568011,-115.91641895692929,-119.29781603177055,-115.75160379788872,-113.82493527825416,-117.08944758235944,-118.01616745855321,-117.88383652982331,-116.1186523399047,-115.90821196911051,-116.2154409327133,-118.86381994473037,-116.86700382826604,-116.6065295396314,-116.59941814113189,-115.95145551065616,-117.98887520249005,-115.53106412092698,-115.8752732812456,-114.64231846811667,-118.52245726060552,-116.60566178564433,-116.69284546725557,-116.96223176581331,-116.19157777627628,-116.22559587143863,-118.16877120182545,-115.84689697945817,-117.19879920435055,-117.6809696786384,point1,-116.79639545245583,-116.69284546725557,-119.29781603177055,1.3267348317360366,0.10687375486022954,0.40134935394341786
HDOK,PLOK,17472,11,11,-131,-14,11,2,33,-117.41977751106302,-117.31510491482194,-117.32090454527292,-116.19250948422334,-115.92654481435473,-117.03721958314108,-117.1401888983237,-116.5190929982841,-116.48511272825228,-115.78596365103067,-118.07109421012039,-115.60429636022752,-117.14044450077057,-117.10871267301333,-117.09878520807437,-118.03930538160546,-117.83851296970023,-116.38488079471712,-115.25385274748365,-117.01767618564946,-117.24917567675833,-116.81355297722487,-117.2964240692677,-117.44414168497579,-115.88649765253939,-117.40644755084811,-115.73554477178752,-116.8571054437466,-118.33406348930686,-115.97283858078461,-116.94128073508587,-117.72905966976101,-116.7880018343978,point1,-116.88345800898831,-117.03721958314108,-118.33406348930686,0.5725597567530334,0.28432804118654176,-0.5242350255427031
HDOK,PLOK,17472,11,11,-131,-14,11,2,33,-115.40893005016734,-114.91110255489579,-115.59844717382649,-116.54775746126103,-117.59375420649633,-116.73992751571703,-116.05012188848235,-115.79446982212319,-117.40637008166138,-117.03931438309678,-118.6907518592534,-117.41750667681853,-117.40975057749715,-116.09166540006495,-117.33306133888945,-115.29433463493616,-115.0902618981437,-116.16389194773976,-115.65206882192305,-116.83820694298433,-114.0988420869043,-117.20422075127446,-118.81150531786709,-117.07936815691242,-118.30171159317972,-115.77003737872111,-118.98586976374604,-117.13765159550394,-116.23040128168,-115.97812919168983,-116.67636950820386,-117.13348115854627,-116.98446135728989,point1,-116.65041649628779,-116.73992751571703,-118.98586976374604,1.2692211189707372,-0.09896734928356876,-0.09655924315177122
HDOK,PLOK,17472,11,11,-131,-14,11,2,33,-117.67113371603598,-117.49819451798258,-117.10554341940292,-118.1997613975185,-115.75996365271395,-118.04452097081986,-116.03256343907685,-117.41456888953002,-115.92862771541881,-117.11838637246686,-117.0210276425391,-116.4834495417883,-118.58467155901963,-117.06080120863913,-117.51107864654952,-116.65159349717605,-116.36585014547317,-118.00700283697525,-116.19330573530044,-118.20834274195627,-115.94797408301991,-117.22863185423269,-116.133964097609,-115.46117766976099,-116.71658842663126,-116.84738329543161,-116.27643748276161,-116.90370504376942,-119.23878341391543,-116.70985165794404,-117.86677190208754,-117.36807833295632,-117.01657964196701,point1,-117.04776710752938,-117.0210276425391,-119.23878341391543,0.7442691665068508,-0.385179496660761,-0.11055633170125434
HDOK,PLOK,17472,11,11,-131,-14,11,2,33,-117.02198576939136,-117.33833165158832,-116.4937611406523,-114.89612489522469,-114.83605188614396,-116.93295190381282,-117.07039709717469,-117.33128703912956,-116.78769315757262,-115.83276359747603,-116.59672833413055,-116.79892934801853,-118.5533659903549,-117.45096881009322,-116.54947481853678,-115.34229420895095,-115.24713149566628,-114.09299075232829,-118.40424256879474,-117.11131086645331,-116.34747078173697,-114.50621737977221,-115.54782046766685,-117.9009293018626,-116.9041023265051,-116.65759661582057,-117.52885087476702,-118.7232654148826,-117.41062727842062,-118.37750389029532,-115.05846071716559,-115.30223786448954,-116.56605472797935,point1,-116.59151281735936,-116.78769315757262,-118.7232654148826,1.4129019845698207,0.23224941218851863,-0.5845719323377438
HDOK,PLOK,17472,11,11,-131,-14,11,2,33,-116.21202424455083,-118.84688362861745,-116.56632537402545,-115.7610335987612,-114.83913251596611,-116.63713506633201,-117.59088669884663,-116.30413305272174,-118.27930676104907,-116.62451822854884,-116.83622514257104,-118.35100476250516,-115.43957423455556,-116.48903311593818,-117.61672168300855,-115.17127993449326,-118.31573837103716,-117.20265691409475,-116.21522209193188,-116.52628087829704,-116.90416975145817,-115.51215364606955,-116.84840475177113,-116.07216301048179,-117.46827953505175,-116.20942549895982,-116.07437562758133,-116.43161489654713,-117.20467380820897,-116.72973424741448,-116.6900157403937,-116.10534551307565,-115.05586225383627,point1,-116.64034347208188,-116.56632537402545,-118.84688362861745,0.9001658456737601,-0.3704486649926302,0.019942683671721806
HDOK,PLOK,17472,11,11,-131,-14,11,2,33,-116.59456960715256,-116.86860546952654,-118.34045581583592,-117.81073904277456,-114.63721581733,-114.27684315709827,-116.68449445171235,-116.85010259303098,-117.7046962752158,-116.03187125967222,-116.80620151518403,-116.0485744080435,-117.75489256332314,-114.79640316594933,-117.36496737298418,-116.58581207908504,-116.23070719064273,-117.90745843194352,-116.35318233837957,-116.5884992707508,-115.7572251499465,-116.37742301625052,-115.33819997756132,-118.39669247332786,-117.18008062671805,-117.70307303747639,-118.17677991716322,-117.5527482489223,-114.95506304143015,-117.0285705445689,-118.0172141261634,-116.49975485920427,-115.44932306800705,point1,-116.6869224215871,-116.68449445171235,-118.39669247332786,1.1928869654163152,0.4279941349394049,-0.5089226267825664
HDOK,PLOK,17472,11,11,-131,-14,11,2,33,-118.37433585673347,-115.9832672889035,-117.0189840415612,-116.33260215713668,-118.21141492287012,-116.06716449743166,-118.0127397995759,-118.13387230303537,-116.36469205265796,-115.92096084296574,-116.66341731458922,-115.64298171110612,-115.84824214567404,-114.80583698953478,-115.10187218307475,-117.10461049878049,-115.56453443839365,-117.01758236249032,-116.88669799306578,-117.0247352409763,-117.7693955783688,-116.92987598117602,-118.30310956094885,-116.08661257592745,-116.84879254493336,-117.47343986982656,-115.68723650230442,-115.83221134514228,-118.03961112496809,-116.17530418117379,-117.27102876357877,-116.44197494722962,-116.91653394971097,point1,-116.72289913835897,-116.84879254493336,-118.37433585673347,0.8924634214155216,-0.09490744660510195,-0.7612927631899744
HDOK,PLOK,17472,11,11,-131,-14,11,2,33,-115.76054931908106,-117.38203262775261,-115.77601383179376,-115.47212423276854,-116.05164170590126,-117.10188660064695,-117.45875044490309,-114.93187670370628,-115.64131047414517,-117.21353723032264,-118.04391606727805,-117.77541374007845,-115.68718608111574,-115.75881000628301,-115.07565725931025,-117.30788480131181,-115.61440759494145,-117.14354488219311,-117.7105327093993,-116.30317541553764,-118.19571769045315,-116.49042999206493,-116.416308057472,-118.42231447500956,-116.24841490494657,-116.89453790357082,-114.94879126897314,-117.42453595558321,-116.45469107878056,-116.642235478571,-117.02998755089708,-117.97026026347773,-116.97581962923286,point1,-116.64619078719703,-116.642235478571,-118.42231447500956,0.931563700599425,0.05580460559527256,-0.976846752607234
HDOK,PLOK,17472,11,11,-131,-14,11,2,33,-115.07473938337807,-116.78498994511136,-116.73450832003915,-118.33681602293308,-115.82252304546824,-117.41829930627188,-116.55914963679139,-117.46688231687284,-117.49481257817878,-118.50348029379141,-116.68101366043865,-117.64365927644974,-117.56555343613557,-117.15896003523248,-116.74596121625805,-115.56868791660766,-118.0510997165572,-117.78402613876682,-115.11124672706815,-115.64030565368019,-116.18540468327758,-115.85246431012679,-118.35791810932322,-116.37401655564744,-116.01711160576521,-116.43172923866642,-116.64355113770242,-116.14894783343986,-118.5127776303368,-116.66195298046651,-116.23733202272292,-116.47095931829583,-116.61984452397441,point1,-116.80790074472048,-116.66195298046651,-118.5127776303368,0.871124401914097,-0.19739169929174424,-0.6477194573092535
HDOK,PLOK,17472,12,12,-128,-12,11,2,33,-114.26127538451142,-114.10120473977561,-116.64615450815484,-115.75960449228228,-115.40136958457309,-116.84320247026456,-115.70898573419643,-115.25516688409165,-114.40953052015523,-117.69049122556993,-116.69099755595322,-116.44615020853594,-117.26649254327782,-116.95700919690529,-117.38859680035554,-116.9257582928427,-117.51141624255496,-118.08573792380633,-118.88135951495278,-118.3476526143123,-117.26053640261942,-116.31290373671786,-116.86190925842818,-115.48072349182675,-117.66484213212388,-115.89623985688644,-115.8594500274973,-115.78118837255002,-116.60440739092401,-116.81132074330513,-117.5309571327117,-118.14211281881693,-115.97844082368648,point1,-116.56858147348986,-116.69099755595322,-118.88135951495278,1.3172018087303639,0.290207374183448,-0.21753016305352357
HDOK,PLOK,17472,12,12,-128,-12,11,2,33,-115.09071810554092,-115.9722452423936,-115.4976512640231,-117.33301271598673,-117.9583215269165,-116.33804840033969,-117.69469476073616,-116.3588909974029,-117.69958599736323,-117.99739040722808,-117.61364432797926,-116.73098451448986,-115.29688556101804,-116.80058494036963,-116.90467118259079,-116.93821852190904,-117.65630727514699,-114.95142763770036,-116.8209156339719,-117.1934408583793,-115.84271247061876,-118.67215916336637,-118.10639514635922,-118.70983375156433,-116.47684616780252,-115.33794101939107,-116.45937800641603,-119.12601237541975,-117.53649000710176,-116.8159866215911,-115.43185800131745,-117.92235934586922,-116.40350409063558,point1,-116.89967018299814,-116.8209156339719,-119.12601237541975,1.1724115692738146,-0.007129725459560204,-0.6938333281991209
HDOK,PLOK,17472,12,12,-128,-12,11,2,33,-117.73302642522745,-117.3470815820001,-116.20954412486559,-117.95097980895895,-117.66027914192136,-117.25576339423077,-116.97196141275359,-116.75276004633407,-117.32898516145389,-118.30125998877784,-116.61978316170398,-116.86642304630772,-116.48987394276176,-117.22567559214225,-116.84063054250761,-116.65399904881326,-115.3636611786533,-118.25446948783892,-115.83531286270576,-116.03691420527629,-117.15492703087814,-116.594359102996,-116.77000820335782,-117.61679733564407,-115.04015353731528,-117.18336426327726,-115.87737654476119,-117.12631035537747,-116.6603663451215,-116.46367741070534,-116.56946361644617,-117.14807504747034,-115.96212559624037,point1,-116.84440571347956,-116.84063054250761,-118.30125998877784,0.5565781975242824,0.2478241243487945,0.14685169486876148
HDOK,PLOK,17472,12,12,-128,-12,11,2,33,-115.26904372800183,-116.1740463504928,-117.1694063687368,-117.5555395541288,-115.65332807030455,-117.73260309357516,-115.97585529991794,-116.99266881391262,-117.2309600797411,-115.65808732685534,-117.86706910421762,-115.72683504760121,-116.07482595276755,-114.69419716519013,-115.6791111056899,-115.80662040237277,-117.17976845274434,-117.49680236164991,-116.07630807534726,-115.9042344879524,-117.27532357724364,-115.75515980402362,-116.97464314095423,-116.42863325115837,-117.12655659040364,-118.39997652134738,-117.05181673810222,-115.35460287861191,-117.93145278555338,-115.37058508678497,-114.85933468114708,-117.29400119999424,-117.2697627645116,point1,-116.51542908669809,-116.42863325115837,-118.39997652134738,0.923345247015764,0.020734443283116084,-1.0750177987095482
HDOK,PLOK,17472,12,12,-128,-12,11,2,33,-116.55550741162263,-115.0958189979087,-116.19433979710433,-116.47385520701873,-116.42733439405886,-117.76733080297808,-116.60061816595434,-115.69775397386908,-117.51376687309768,-117.07861668616798,-116.92190182139477,-116.02535186882434,-116.72502490032844,-117.53540010422496,-115.98277866328894,-118.31871385917508,-117.79799860107353,-118.62779586451207,-117.33078230213512,-115.73414595289223,-115.25166863298259,-117.07071311921123,-116.48426271165252,-116.99444640602215,-116.51626421050537,-118.29590823184171,-116.25249411630323,-115.1084646379753,-116.65636665566032,-117.02702293597918,-115.97665474294558,-115.10684410263916,-117.80546897686946,point1,-116.69549744630962,-116.60061816595434,-118.62779586451207,0.8666295877293932,-0.11112605011092805,-0.5077129751681055
HDOK,PLOK,17472,12,12,-128,-12,11,2,33,-117.59702701943712,-117.16726409488929,-117.75608482175109,-116.60797988520822,-114.95926955376035,-115.42270243105403,-118.56328306538987,-117.62141420233509,-117.70765336265309,-116.684114363316,-116.31013405127132,-116.54736311500302,-117.00424193786311,-117.33675578278223,-118.05335000136624,-117.77981876775995,-117.15689616062382,-117.90849372930624,-115.99407770732704,-118.0039467870509,-116.13112201150602,-116.03915599146535,-116.71394702851504,-116.69603359631975,-116.15338489826829,-116.45366603503237,-116.39564199108477,-116.25125497590179,-116.35028104879501,-117.78664548326972,-114.783094246393,-115.68369223103664,-116.86550269743766,point1,-116.80258463864158,-116.69603359631975,-118.56328306538987,0.811763388997533,0.2299381105874478,-0.359976195665904
HDOK,PLOK,17472,12,12,-128,-12,11,2,33,-116.36979645104834,-117.1612390039753,-117.72305400987531,-116.48972483999164,-118.48450734874939,-116.16811128765801,-119.33821380355998,-116.78101034300083,-117.48461359885553,-118.04694139409894,-116.15055909363895,-117.72511621016288,-114.8557712813155,-114.9953451424366,-116.15604579829437,-118.27310816592892,-116.83071807107274,-116.04464637080652,-117.25404708692625,-114.78870992879719,-118.37343811467835,-117.28461167292038,-115.7184001405562,-118.10855716366254,-115.09387922759232,-116.199125837964,-117.55204215724856,-116.7357023828116,-119.73374238842304,-117.8862072966329,-118.85406985497863,-117.5265668491014,-117.33435394643381,point1,-117.07642352312723,-117.25404708692625,-119.73374238842304,1.5279209311774098,0.015773749964051297,-0.3978044025033851
HDOK,PLOK,17472,12,12,-128,-12,11,2,33,-115.65680612429946,-115.81001087683464,-116.10415918190702,-117.53869173247793,-115.15967328122154,-116.63826101167766,-116.81269918501495,-116.78286365768004,-113.63808227937706,-116.51394236922368,-118.10746050840301,-116.5525982237937,-116.64413032623816,-116.12336620262157,-115.52578238096993,-115.67526494940967,-117.77838248779827,-119.02494695006835,-116.13061497938041,-117.03563582451547,-115.7894684721464,-115.26527064211729,-117.36599386795515,-117.61822607858622,-116.15185624234185,-114.87544137043108,-117.40201577230013,-116.65408758802724,-116.57558423005403,-117.09428583047294,-117.71828947625816,-116.21672952039214,-118.6139612564296,point1,-116.56347220849773,-116.57558423005403,-119.02494695006835,1.1910655979144114,0.11217093511808628,0.6600000715271501
HDOK,PLOK,17472,12,12,-128,-12,11,2,33,-115.86272247483703,-116.34932645477701,-116.94987959132892,-115.63493780782005,-116.97103063628212,-118.62149478844165,-114.77979450683976,-117.38351894901348,-116.7211652147152,-117.55576661749818,-115.19572362489116,-116.32920287150566,-117.44067902391521,-117.39314774952756,-116.25908635081204,-116.36460598725832,-116.662544783875,-116.91205044339348,-116.63217231692907,-115.02126131683463,-117.039244471619,-118.38990517355988,-115.91785423725915,-118.78111039081848,-117.66611561621336,-116.44301275577693,-118.23640877507512,-117.15692786837623,-116.05373655221696,-117.09114220685966,-116.35667639091585,-118.3875730871006,-115.74109989607918,point1,-116.79699754340504,-116.7211652147152,-118.78111039081848,0.997176498691107,-0.11712886666904265,-0.3396292745585039
HDOK,PLOK,17472,12,12,-128,-12,11,2,33,-114.08947196664646,-115.3332630510503,-118.3053718247676,-116.38657707342732,-116.71422934049832,-117.66076913388116,-115.4902484339134,-116.04756653400142,-116.51571437352848,-113.84466555276254,-116.55603592071184,-116.24178672567287,-115.29907139754214,-115.03082495832273,-117.2428798641603,-117.64641333706471,-115.07479927378802,-116.16984290026977,-115.88031853352072,-117.36140005259193,-117.50880685437548,-117.39375578559378,-117.2656453128529,-116.09942950498868,-118.01233549651936,-116.57007996947638,-116.87111264489339,-115.51655080331763,-117.89716434631472,-117.76927257667984,-117.67018268626815,-119.41340907678764,-118.43283313301812,point1,-116.64581298300631,-116.57007996947638,-119.41340907678764,1.5554663000786753,0.21390584281273933,-0.13782313189774564
HDOK,PLOK,17472,12,12,-128,-12,11,2,33,-116.36585684286668,-116.06762169759654,-116.75387148698633,-116.77270248075142,-116.34613923685603,-116.92003533945274,-115.15206392042361,-118.79265580986282,-115.71247271122141,-117.53242436967886,-116.42345743240548,-117.4310657250782,-114.50423340988365,-117.06788091656449,-115.91090121053067,-116.06378499377811,-116.04795222119809,-118.05521243796028,-117.56804000668943,-115.49741851991016,-118.14568180630019,-119.8238505963963,-118.07245682757447,-116.90192777341555,-115.78469660712642,-117.0744386250164,-117.36142693357459,-116.75286469437383,-115.98861193702434,-118.70675004696135,-116.91104742505583,-116.5733979108078,-116.2437643040944,point1,-116.8280820078005,-116.75387148698633,-119.8238505963963,1.2013632930809515,-0.5539054978769815,0.6701704440447931
HDOK,PLOK,17472,12,12,-128,-12,11,2,33,-117.95571166083784,-115.20899192361114,-116.7250105080464,-117.8292163739859,-115.06725216780733,-116.61547120724332,-116.13413460832446,-116.12099487674293,-116.17758759365712,-117.73800125362189,-118.04356209916406,-118.39343172922513,-116.91273717898372,-115.60249966340564,-116.9873600612288,-116.85913034384292,-117.4209495575935,-115.12900030626086,-115.94173784825438,-116.73718662278281,-116.76052967790794,-117.56694541860566,-117.2350763071817,-118.1247076554767,-115.77605126192456,-118.60572050174974,-117.98209123077136,-116.38570094873465,-116.79510727487842,-118.42218427035459,-116.38030463348485,-117.10106541471707,-118.10308395396784,point1,-116.93450109498107,-116.85913034384292,-118.60572050174974,0.9709243077598776,0.15760507064600138,-0.8538038302637694
HDOK,PLOK,17472,12,12,-128,-12,11,2,33,-116.94094981423196,-115.23845500703872,-116.4220364738433,-116.66135632279833,-117.43522992331587,-116.43286999620524,-117.36350311530344,-117.77838118059036,-116.93757881114573,-116.79617161954205,-117.33380160609076,-116.59889964723132,-118.01494944458713,-116.3065634420797,-116.9241588270451,-118.11337902480174,-116.48977865771695,-117.70591073845736,-115.79113597189772,-115.8009177063238,-117.90701976208868,-118.11890205746337,-117.7982546595923,-116.99052041599884,-117.93772722127649,-116.27046630803056,-117.27154093843848,-117.635204157444,-116.2435584250449,-117.3321087418977,-115.8744745605162,-116.1338217580351,-115.1935723003863,point1,-116.90282420110482,-116.93757881114573,-118.11890205746337,0.6602431817086195,0.3026109912101609,-0.7437618691259948
HDOK,PLOK,17472,12,12,-128,-12,11,2,33,-116.70422918868046,-116.27834977039329,-116.65643636564936,-116.10302868640672,-114.3452309560829,-117.33741768448591,-115.89777539459376,-116.81513551475356,-115.48163605840585,-114.94813256125686,-114.71987849523131,-116.20511480369922,-115.0789860472805,-116.26147426020798,-116.01448168419316,-116.15472625749979,-115.47712828338038,-117.18551056457858,-116.90304155911986,-116.793676217387,-116.86213357734604,-117.86268560486599,-116.62948623708205,-118.34760539266858,-115.57581523636433,-116.23574888622595,-116.10805269940292,-118.63771269478727,-116.29917423800669,-117.30511199953713,-118.1730155645593,-116.59264808506272,-116.75488274006635,point1,-116.44683222149276,-116.29917423800669,-118.63771269478727,0.9548471216412043,-0.14337527697746413,0.1972863820903492
HDOK,PLOK,17472,12,12,-128,-12,11,2,33,-116.26240242820224,-118.17430895183566,-116.74199065453817,-115.34108718472362,-116.54842976545476,-114.5110514578271,-117.74517796531026,-116.87885287163071,-116.433109605053,-117.33638259354281,-115.70598267528482,-117.17974844502346,-116.5806412432649,-116.73859622445599,-118.50929199399457,-114.55875393438144,-116.24951321465376,-115.74123323313252,-117.50028679847367,-118.14563553234004,-117.88378731356687,-115.86516564442866,-115.885137016706,-116.85268739196279,-117.58053344656169,-117.53625519599447,-117.15085217621258,-115.52538603281796,-117.45599677378199,-118.66758601076015,-116.22554571581117,-116.73159428488249,-116.01967489624622,point1,-116.73523268705623,-116.73859622445599,-118.66758601076015,1.0456865612669586,0.1914406935622558,-0.2854237698881623
HDOK,PLOK,17472,12,12,-128,-12,11,2,33,-116.13029125043222,-116.79875715928607,-117.60831551457343,-116.79235207664944,-116.89931431291137,-116.30693423368027,-118.39747999894387,-115.37338282107324,-116.8937191496436,-116.45302062558643,-115.7837470573026,-116.10629148672587,-116.56714613127224,-117.27481512385536,-116.46492767675072,-116.0251479108324,-115.22398666869249,-116.04683912394496,-116.41867803486821,-115.87193154316984,-117.11861168397625,-116.07460185394724,-116.81722598516622,-117.67196567427229,-116.94825411833139,-116.71834814633802,-118.08433280197276,-116.40644467949475,-116.29628469456233,-116.24756990292124,-118.50802131741652,-117.59938142833133,-115.15856346839928,point1,-116.63899041379773,-116.46492767675072,-118.50802131741652,0.660935152412621,-0.47733923835504444,0.11077810369053598
HDOK,PLOK,17472,12,12,-128,-12,11,2,33,-116.39035151037866,-116.91784767510129,-116.7110362167812,-115.8901886532265,-116.31936435061965,-116.70906689689667,-116.57779227852244,-116.25783439703844,-116.64856485242122,-119.02282264320293,-117.37020528770991,-115.79532920282917,-116.82023046266039,-117.17831742758807,-117.53210811978335,-116.45212634807822,-116.61121803403375,-118.16411110602841,-116.1687578071372,-116.39668590553296,-117.52936664078591,-115.43396310610683,-117.15378787796907,-117.49443625932963,-117.05994653800398,-115.9978057847602,-117.10639566547897,-117.55795175611846,-116.89997650981671,-116.53787436508188,-115.21454856444471,-116.46841190725746,-115.94009627337718,point1,-116.73722789163946,-116.64856485242122,-119.02282264320293,0.571304601153491,-0.6424989593943031,1.450400711918331
HDOK,PLOK,17472,12,12,-128,-12,11,2,33,-115.18401247660651,-116.21382038925128,-114.98145997660751,-115.80240414797727,-116.05957656666354,-115.54492262656528,-118.18256107374303,-117.0286707671226,-117.07283517397332,-116.3412702182984,-116.82346566450418,-116.54616813914126,-116.93386964948421,-116.35877305332806,-116.91839207867355,-117.24455749084397,-116.28033516232573,-116.93247239001683,-114.41081554055843,-116.49821883669799,-117.93699187510335,-116.46870098931097,-118.01258751822421,-115.7300095837355,-117.59505375818517,-117.1765145345162,-114.27648811681361,-117.77506018541632,-116.59896264934122,-118.94444526251854,-117.68153364932233,-116.14463063797393,-116.4838403267985,point1,-116.61161880332251,-116.54616813914126,-118.94444526251854,1.0633492586448947,0.21336098332732656,0.27154919332239436
HDOK,PLOK,17472,12,12,-128,-12,11,2,33,-116.82123906051228,-117.21038298649907,-117.59864186900619,-116.35811786481625,-115.76264269490483,-115.99584338473987,-117.18253334458737,-116.92528342739465,-116.72303961061996,-116.61671197039085,-116.1969539185409,-116.29465140731567,-117.41827065506224,-116.20830817086984,-117.19372984595859,-117.72074498191333,-117.37283477382576,-117.51257899067438,-115.2397628174283,-115.98470769602274,-116.68875635024105,-116.88653273850663,-114.96385481632855,-115.87856455611767,-116.60275819233662,-115.404606924255,-114.69061417167643,-118.20050720806509,-116.32576835846758,-114.26372687703733,-116.96086102570925,-118.08554473975003,-115.6041833939213,point1,-116.5119169340453,-116.61671197039085,-118.20050720806509,0.8751526280090005,0.4249358120899266,-0.13167179283555308
HDOK,PLOK,17472,12,12,-128,-12,11,2,33,-117.59551978310907,-115.83482923559713,-118.23177740714054,-116.40948311377822,-117.32151669870213,-115.87017199305589,-115.83766084491167,-117.1127923677991,-117.88740464627959,-117.44718992085537,-116.88129031405362,-115.17789742678906,-117.57722535710299,-116.95430950259957,-117.41583860538421,-116.80066067611003,-117.98307779051693,-117.30205493045321,-115.8019364321956,-116.02840156480067,-116.46779901984166,-117.92569294009404,-116.65024471712745,-116.67558477634508,-117.28145013205507,-115.27880754042303,-117.3391417970984,-118.72927779237482,-116.51925208175838,-116.62173692740313,-117.77679340247293,-115.22524256826544,-118.13372156852598,point1,-116.91199345075817,-116.95430950259957,-118.72927779237482,0.827286189319105,0.22169155883038724,-0.6589781580527942
HDOK,PLOK,17472,12,12,-128,-12,11,2,33,-115.08424118459624,-115.88799714904465,-118.1533331610833,-116.39775449749007,-116.6481225947209,-118.18138962632055,-118.22979352981696,-116.60370618561376,-116.9861692643674,-117.50112888778487,-116.53405164778655,-116.2644469178919,-116.65938634076787,-116.88489573915197,-115.95791855963577,-116.68725914087405,-116.61288819272897,-115.12571498275707,-115.96499855200797,-117.34613405474111,-118.33053292458916,-118.43446264870985,-116.42646726762108,-114.89678664846117,-116.34140774320922,-118.28537413230795,-117.72160847631085,-114.923235761035,-117.78608548005585,-116.2966722761679,-118.2334175615691,-116.07263839091526,-116.37948319178993,point1,-116.7830152336947,-116.61288819272897,-118.43446264870985,1.0542453900097772,-0.0017566953318193597,-0.7795606110882147
HDOK,PLOK,17472,12,12,-128,-12,11,2,33,-116.58696675249178,-116.38744455975866,-116.79265998153481,-114.90622687694062,-117.14912315986837,-118.79713702378976,-116.09222473501092,-117.97273247661386,-115.98904862086096,-116.27812156197186,-116.25510387323764,-117.17186129004068,-115.95983655405921,-115.82809495796907,-115.98437250041134,-116.88477210063789,-119.11747661589881,-117.01017882444121,-116.3266211373014,-116.26360506197888,-117.88095030714692,-116.80620235452018,-116.45981523887313,-115.11667399469249,-116.49880169158153,-116.79022772183465,-115.16645095452732,-116.82715663744439,-118.47438406979323,-115.98383850983315,-115.07675631730322,-114.96359328615553,-115.88207927113083,point1,-116.53577390968648,-116.38744455975866,-119.11747661589881,1.0494435191467082,-0.7075399517857351,0.5198580067005314
HDOK,PLOK,17472,12,12,-128,-12,11,2,33,-114.66609246111933,-117.70737427170229,-116.60528379673543,-118.60918136939276,-116.52399417617441,-116.51637412189766,-115.45753429227243,-117.14235470921031,-116.8930134667506,-115.7757782886626,-116.92834296062078,-118.92691209123159,-116.74912203064879,-115.0526962218592,-116.31680062883576,-114.62944762125129,-116.45775959566498,-114.35157602079937,-117.21805257475383,-117.79547516399265,-118.17020647815681,-117.09011380313275,-116.70239925193796,-116.7366621687143,-116.37757071268109,-116.8175466665436,-116.419434686316,-116.65197986584273,-118.79683378518263,-116.85591034494846,-117.38634938118261,-118.31168925157344,-117.42509821529747,point1,-116.78984728712382,-116.74912203064879,-118.92691209123159,1.2414384859845222,0.24545286089890173,0.1476734535076667
HDOK,PLOK,17472,12,12,-128,-12,11,2,33,-115.59106514620746,-117.26882402035389,-115.98932044313051,-116.45370066868755,-114.66201908435627,-118.21647176889223,-115.93043188626001,-116.85806659004577,-116.82308176395544,-116.85324653775223,-117.41058315105607,-117.20932436977424,-116.04518320480601,-117.59024859477913,-117.84222361278447,-116.9783898305605,-117.91525418907779,-116.91901540264409,-116.28209332691384,-116.87514280806118,-117.02726608544967,-115.2106419641468,-115.973507660398,-117.45153839108075,-116.08283583697022,-117.03747392871604,-116.84128585072034,-117.03262341058773,-117.66523897522148,-116.32538751153939,-115.66702487155786,-116.89565002009591,-117.01400118108985,point1,-116.72539885114162,-116.87514280806118,-118.21647176889223,0.624964384137705,0.5134209939007842,0.1724730302545181
HDOK,PLOK,17472,12,12,-128,-12,11,2,33,-117.94292520140033,-114.83022385575326,-118.33028974697554,-116.01425993866623,-116.89478770079417,-117.62317031271044,-118.2330615752397,-117.10771535485037,-116.27606556938898,-116.54294231001812,-117.19481272348744,-116.93398226198215,-115.94814561363714,-116.56022522353668,-115.98539854704184,-116.52047191252102,-116.22015324520972,-116.49854336097604,-118.48911430461571,-117.23568297803178,-116.6080070884262,-117.67793643727518,-116.7805208407848,-117.14460609375364,-116.37311362032543,-117.42709934797404,-116.07169217447911,-117.24132740738307,-118.24240102356497,-117.25670222484837,-115.10025228031951,-117.28053727678613,-116.4392008567166,point1,-116.87955661846892,-116.89478770079417,-118.48911430461571,0.7287163055520731,0.15624641113682236,0.07851456434039683
HDOK,PLOK,17472,12,12,-128,-12,11,2,33,-116.10125229353235,-117.48534786294017,-115.82063048448182,-118.14926907873179,-115.8133082783096,-116.70768362819112,-116.28491432437337,-118.69498321776454,-115.89591866971979,-115.4425379965102,-117.80495213902722,-114.81681933198674,-117.3759391913745,-115.8783653574835,-117.38454932143024,-117.98760935243246,-116.19872934779664,-117.0378188238567,-117.0948651791877,-115.57262369203792,-116.25365930946609,-116.83614072018352,-116.74428674427583,-117.86449954637284,-117.18445654815733,-116.88233107512738,-117.68922456349992,-117.69842233788663,-118.00635036536174,-116.63682001615044,-116.58438904748836,-118.39121663021103,-117.39173216395439,point1,-116.90035292846378,-116.88233107512738,-118.69498321776454,0.8603157264637796,0.14488418904971068,-0.6412870164481355
HDOK,PLOK,17472,12,12,-128,-12,11,2,33,-115.59751103998487,-115.01795511819793,-117.64920277777654,-116.57534106961673,-117.42402758012945,-117.1621963677865,-116.00030513493938,-116.08216188766659,-115.94066473363623,-117.28825444842204,-117.96639439143712,-117.45026722745281,-117.06048461182175,-118.64257427109327,-115.35347096790787,-115.20878461776057,-114.84959897171345,-118.35168055550007,-116.06269572628472,-116.52094867577155,-116.78259799185165,-117.25198706812678,-115.47922055607837,-116.24549564792136,-117.49795330761675,-115.89959579041809,-117.31472994627693,-116.99079132321619,-117.94654685252246,-115.82504065610767,-115.50660594873513,-117.38676407685519,-115.63811417961053,point1,-116.60515040970417,-116.57534106961673,-118.64257427109327,0.9995324253344349,-0.0958158382107516,-0.983675620614346
HDOK,PLOK,17472,12,12,-128,-12,11,2,33,-115.8548256015145,-114.40402753431965,-117.52429173407008,-117.3172133839446,-115.7068884079311,-116.72409567683307,-115.58443059634726,-117.4502116956628,-117.22534385984324,-116.02975336172905,-116.16332289043581,-116.62961456672569,-117.9829187068531,-117.19754500261837,-113.80825367674917,-116.37512383586704,-117.81657367062827,-117.96610625834998,-117.76266845367859,-116.3399970799523,-117.6367824317849,-116.84889941615201,-117.37516308788888,-116.55849318291963,-117.32298872427913,-115.85467289558217,-117.1860053404339,-116.50611057005293,-118.93305431405133,-115.33414407731742,-116.93406109121948,-116.87208354111024,-118.37902774522348,point1,-116.77589977006272,-116.87208354111024,-118.93305431405133,1.1407874348883962,0.6764404316514918,0.9136254481506891
HDOK,PLOK,17472,12,12,-128,-12,11,2,33,-115.54318140772153,-115.8477279248684,-116.2041437156079,-115.82029329049551,-115.17352526574098,-114.12194074866693,-117.87276661363995,-117.08308896800095,-117.06069143672778,-116.19206114463991,-117.05429161930876,-115.24134204443335,-114.92771708504566,-118.64722738912971,-115.70048636865471,-116.32999255809308,-117.06746309225588,-117.15893923537182,-117.33730662852504,-115.54158420731424,-115.44101515123577,-117.22212818513081,-115.80784127467314,-117.4844838462813,-117.01096055697207,-116.46510036422539,-115.8866868219284,-115.70727731208899,-118.76508252460573,-115.96253662501404,-117.39231975317831,-117.24093770655831,-116.6660420374845,point1,-116.45388433041268,-116.32999255809308,-118.76508252460573,1.0617311394810776,-0.17885945659775257,-0.05028781537120608
HDOK,PLOK,17472,12,12,-128,-12,11,2,33,-115.90574159532873,-116.63104988580427,-117.77799953760007,-115.97323990974937,-116.18411469880644,-116.3306488025337,-117.26065485455726,-116.03299104453703,-117.24997208084741,-117.18390748067365,-115.85850609848734,-119.1665535735354,-118.27074128429491,-119.09692671651187,-116.42031611382727,-116.1420391888422,-114.69586774369769,-116.47630226053919,-115.52874174555423,-117.47711046817771,-119.00305272868725,-115.65729799731074,-115.83197954733262,-117.09739345528006,-116.4597511267971,-118.61242677014727,-115.12782038741753,-118.45229242727754,-116.07387300586619,-117.29406581736274,-117.16221737596351,-115.135777812908,-115.6250158595966,point1,-116.76352695138947,-116.4597511267971,-119.1665535735354,1.407529871116534,-0.5345357157450711,-0.514197770506942
HDOK,PLOK,17472,12,12,-128,-12,11,2,33,-117.46825838898265,-114.8313286194669,-117.78940122201381,-116.07590773196019,-115.94762479610556,-117.07191748482197,-119.82323157667716,-114.83351581981535,-115.42944999961867,-116.87706510186867,-117.5658288156924,-116.18774699548598,-116.68934260138992,-115.51165052044911,-116.50383118459115,-116.13185965101704,-116.59845302764569,-116.10055711797658,-116.56393630814681,-116.67408435229288,-118.3384060591433,-115.6117080377897,-116.22057071024132,-116.66471433789764,-115.7498186488834,-114.97042867646827,-117.40634563569299,-119.3610277329009,-116.48231641738344,-115.97338413954998,-117.77129467297424,-117.37107575298931,-117.6851827591413,point1,-116.6751898453659,-116.56393630814681,-119.82323157667716,1.3066367675847461,-0.7744561536254201,0.8955805713631766
HDOK,PLOK,17472,12,12,-128,-12,11,2,33,-115.88024423798346,-114.80062030990247,-117.28516756030139,-116.4997004878197,-117.5170752319947,-117.34806110590013,-116.99483906040315,-116.84787738605722,-116.17541016210231,-117.2952003618121,-116.22730607774383,-118.87177324551584,-116.338275698083,-116.98254694350231,-115.38535821167449,-113.30661511331706,-116.4693530921509,-118.09920521161311,-116.98972548803803,-116.06582863717693,-117.40391723715908,-117.48706315879421,-117.25816274271445,-116.7267143744548,-116.83690242363953,-117.97942436413274,-116.92617351216305,-117.49121042350592,-116.15601636074857,-115.11403825818546,-118.51456890377045,-118.37371691403192,-115.98936069410833,point1,-116.77689251486363,-116.92617351216305,-118.87177324551584,1.222858331035542,0.8125592074584003,1.7864695030517272
HDOK,PLOK,17472,12,12,-128,-12,11,2,33,-117.42984783452255,-114.88160340525386,-117.6124453045141,-117.48446554043257,-114.95133999388705,-117.07456914174725,-116.96006460342205,-116.52610629093283,-116.65955355805634,-115.4576614972695,-116.20874125561362,-118.28532340143559,-116.80295237809914,-115.5012541740979,-116.5610256655769,-115.94488725114812,-115.19113275628679,-116.62265639176866,-115.66970519633891,-115.61631693293653,-117.4061035394989,-116.6922521590935,-114.6675885012981,-116.5215003392477,-117.80578226299204,-116.90610542452295,-115.41545033891526,-116.56550366898456,-117.25982698401201,-118.0364529485632,-115.8496318613277,-115.65828660356198,-116.30347910756097,point1,-116.44029140342182,-116.5610256655769,-118.28532340143559,0.8749170276745124,0.02539380587447198,-0.7776804573642435
HDOK,PLOK,17472,12,12,-128,-12,11,2,33,-116.24562983891248,-116.27892313594413,-118.12524159347198,-116.5160516757714,-116.29632582913642,-118.91931954066757,-116.93624973378597,-116.72550516705806,-116.28279278091178,-115.71094554423301,-116.9701050910066,-115.94599638952083,-117.66065184954942,-116.77852577226759,-115.17080063269472,-117.95016473164686,-116.75508201244487,-117.16672028288058,-116.33818667736313,-116.61936171596882,-116.87618210370634,-115.48432380952211,-115.97286766396563,-116.47208289626306,-114.43619811758055,-117.67706947762393,-116.64870538783131,-116.5368603604617,-116.88941561128254,-117.41111063554233,-115.48574389996756,-116.54178250522753,-116.33945678772702,point1,-116.61104179551327,-116.54178250522753,-118.91931954066757,0.7480080256584063,-0.18383948508073122,1.1879759227196742
HDOK,PLOK,17472,12,12,-128,-12,11,2,33,-118.02136437718659,-115.29315588737288,-116.71079005937523,-117.3475831923624,-116.05515065457504,-117.12514285139707,-117.23281413996983,-117.46502417966992,-115.91121691856324,-115.60655069725998,-116.55958753613244,-116.58363076024882,-117.83820930407308,-116.76615123313454,-116.01274379748054,-117.16683477852833,-116.4073265299937,-116.96322335534724,-116.11938504844817,-115.98536628208734,-116.25809575705648,-117.09084961315259,-117.98503089435806,-117.93490945573983,-116.33298639749094,-115.92789505472518,-117.72837727612993,-116.55519597248792,-114.75031256226552,-117.08024673850329,-116.3286126450914,-115.6839121086775,-116.99251591255954,point1,-116.66121793852861,-116.58363076024882,-118.02136437718659,0.6345542182033952,0.1480537674640507,-0.350453208224315
HDOK,PLOK,17472,12,12,-128,-12,11,2,33,-115.5557805976209,-115.90972901298777,-115.2743291869715,-113.82361481726183,-118.75405146897062,-116.93574772496896,-118.00974999277899,-117.6203474476713,-116.93742788616825,-117.0403831044113,-114.59615343624807,-116.66067911601141,-116.73530345490848,-116.94989729788446,-116.12195849061972,-116.66114392428803,-115.98677292277394,-117.08299628365974,-116.33943988624785,-114.98613879754664,-116.51961574917472,-117.09011020691653,-116.90237309997805,-115.95711361214893,-116.7866707640574,-116.88298031954561,-115.72616089528528,-117.07323509036357,-115.98942556920748,-117.50002653174447,-117.54377649147813,-117.5581705442862,-115.985428129735,point1,-116.53020399557337,-116.73530345490848,-118.75405146897062,0.9653899217785282,0.5227064386728566,0.9527788964668837
HDOK,PLOK,17472,12,12,-128,-12,11,2,33,-116.24811719732455,-115.24185162899724,-116.94077492010004,-119.65586210277496,-117.37359617984127,-116.40430063209794,-117.48573075760378,-115.71587872385338,-116.759464523814,-116.75762908472792,-116.42556035191403,-117.71705156972457,-116.05488263302503,-115.08234863265002,-116.34172436186401,-116.15478865574374,-115.54819874230407,-117.62496416447186,-115.66627326179534,-117.10218585873275,-115.88316133057239,-116.46638021361396,-116.6308758018156,-117.59864986228075,-115.41143264045489,-117.89391686619183,-116.77449710610318,-116.77789701639342,-116.5073762637592,-115.62756732648928,-116.79001836526064,-116.88084412400423,-119.02581880876194,point1,-116.68392786997158,-116.6308758018156,-119.65586210277496,0.9848720915624917,-0.9636397017250213,1.5442083594649012
HDOK,PLOK,17472,12,12,-128,-12,11,2,33,-116.75874204931141,-116.4926721816552,-117.40963445649501,-116.48966945476452,-116.22309499104342,-117.91557579689783,-117.12344745942134,-116.9326134876174,-117.39888254993741,-116.3259483975358,-116.63026849818962,-117.71701498459018,-117.43591592857331,-118.30360367789363,-118.99809245205867,-117.67361664834084,-117.11033231890569,-116.78594785879716,-114.4092079878831,-117.38581515428422,-114.52173518486873,-113.75022743265255,-117.89462563606301,-116.23897916883206,-117.24361741024087,-116.75206346019839,-115.60282302129616,-117.26825646399573,-117.22446976630884,-116.59911470755596,-117.72811400384158,-115.36346170338575,-117.5919163234561,point1,-116.82725759445125,-117.11033231890569,-118.99809245205867,1.204141799203504,1.0012536554860354,1.3822009498142713
HDOK,PLOK,17472,12,12,-128,-12,11,2,33,-116.60052211548368,-117.33287191078888,-116.93434517453619,-117.74960181271192,-115.53199508563618,-116.89853632224296,-118.2795693258331,-116.77500051945347,-116.28040642956887,-116.2135383253962,-116.73303651810707,-115.55895268254191,-117.3545758506071,-116.44873483115485,-116.85891565581522,-116.47268648389526,-115.68240040132389,-119.00537408497836,-116.19512230079265,-116.14150917190766,-113.83687801422357,-117.15140308107514,-116.00943582399671,-116.6550427156237,-115.61272280165014,-117.93188089844035,-114.8086052722401,-115.15294671134806,-118.16743693025605,-117.59343324963874,-117.55403260003419,-116.48068306860918,-116.25496244709001,point1,-116.61385329142429,-116.60052211548368,-119.00537408497836,1.0880458041412888,0.1858198448840104,0.666774939213608
HDOK,PLOK,17472,12,12,-128,-12,11,2,33,-117.76498643300152,-115.09066862925911,-116.82198167579897,-114.76848880238357,-115.84664519051957,-116.6662188440662,-115.98079645262956,-116.84380556107307,-116.17415400674562,-115.0652083181186,-115.65130582809994,-115.47994884630157,-118.37163271037646,-115.83444584040559,-115.98719197045298,-115.59009989985496,-116.75638642706505,-116.96133000439211,-116.26614014664797,-115.58463681079722,-115.30947178708244,-116.0278420731875,-116.39300777066171,-115.8257126577999,-117.98317982057772,-116.04644816869553,-118.43656827040435,-117.99607971504423,-116.71392848045043,-115.44996390449447,-117.47962411478684,-115.41557877019605,-116.06131372383238,point1,-116.32256944409707,-116.04644816869553,-118.43656827040435,0.92733592813976,-0.7230748413714347,-0.2527639867713698
HDOK,PLOK,17472,12,12,-128,-12,11,2,33,-118.29796315600638,-115.49392953879543,-118.85932013364982,-116.2505469987425,-117.89145712581733,-116.14387685724478,-116.28471835467215,-116.44845185586455,-118.1980749598011,-116.33273713971658,-117.59006459899985,-118.56317804941234,-115.44201674850117,-114.54203254561884,-117.82104551092652,-116.51832369852852,-116.94454755737478,-116.8718093433014,-118.14356637235623,-116.00032948436993,-117.23856160360253,-116.61458027377812,-116.63800649237608,-116.35261166411401,-116.44551775947933,-118.14323165491949,-115.43798278121629,-118.2701862223669,-116.57894614563884,-117.46211175853618,-116.79792229683494,-118.33746313400766,-115.48997872480636,point1,-116.92257850125385,-116.63800649237608,-118.85932013364982,1.133796737212577,0.027717997947107522,-0.7352938112993179
HDOK,PLOK,17472,12,12,-128,-12,11,2,33,-115.8750353344912,-116.94280397124604,-118.41922736374592,-116.59790339882916,-116.00386161077226,-116.4365865982333,-117.59094243961225,-116.91754484161952,-116.76075270985167,-115.28808684167444,-115.98182559977748,-116.6848042783941,-117.34386424124844,-116.34354776151442,-117.50196655119673,-116.73743936058642,-115.34613724623395,-116.52243580598928,-117.19602712189143,-117.06654944413009,-116.99877876331357,-116.98300238781506,-116.80861043987159,-116.50930244469531,-118.81573870517752,-117.40518262542757,-118.48153425108757,-116.51818223799584,-115.3443389831341,-117.03278841062127,-116.34303362294195,-116.70338422086918,-115.92260515020598,point1,-116.7704189322483,-116.73743936058642,-118.81573870517752,0.6654486716974831,-0.4695981473982854,0.666688643371042
HDOK,PLOK,17472,12,12,-128,-12,11,2,33,-112.93084724471582,-116.35125075971234,-117.85682149900208,-114.89466625702964,-116.8891541968544,-117.61601953570242,-117.47716006454044,-116.68338816982092,-116.9888290495002,-116.08501196868549,-115.1314875807048,-117.64517847268607,-116.79406045404842,-116.64085520649151,-116.1436685830437,-114.90625114969423,-114.43816556285299,-116.21282093936146,-116.63096741942,-116.76356047477337,-116.0756652775866,-117.70313791685857,-116.06413327397806,-114.43774334052127,-117.08037821436785,-117.66609414420651,-116.1570925334966,-118.4698054605277,-118.70032907178138,-116.53420165062043,-117.38510928994785,-115.53980836928733,-116.15243538309115,point1,-116.45594237923972,-116.63096741942,-118.70032907178138,1.4764550500472593,0.6996308556737324,0.9143380291705072
HDOK,PLOK,17472,12,12,-128,-12,11,2,33,-118.77415156879516,-114.79301513015302,-115.09936588266467,-115.50023705497689,-118.4591220580774,-117.03833574396607,-117.24682679371976,-117.04426628837538,-115.94959694045568,-115.54403992910933,-116.70149039581332,-116.15118329995599,-117.62936084146044,-117.16651523022605,-115.46937557854409,-115.15986764076544,-116.39483748467701,-118.42503811808407,-115.50505088327921,-116.84796622774327,-116.457794429034,-115.69318038649826,-116.86380263703084,-117.2461214339027,-115.45245197983176,-115.22177992488336,-116.90725289174635,-116.19729684277671,-118.51080952316384,-117.75812650144586,-118.04190824659538,-117.33994520419473,-118.77880328963163,point1,-116.70814898125995,-116.84796622774327,-118.77880328963163,1.3217104224957748,-0.21039519704387266,-0.9897550661292969
HDOK,PLOK,17472,12,12,-128,-12,11,2,33,-115.03389565399013,-116.36844179459172,-116.5383418692503,-116.07303304214834,-114.63012579686107,-116.86900946213885,-117.65955317967385,-117.63424536806919,-116.51430997132972,-117.441632179444,-115.39198428083958,-118.51165042845606,-117.15153696543565,-115.14278341773502,-116.89678039131945,-116.72323383094117,-116.07700409952196,-115.9878009222008,-117.36748883862649,-117.10438374066821,-113.93355792432135,-116.62160027895507,-118.5954991008506,-116.49075531481712,-117.76903016602537,-116.60689246147649,-116.12859554348897,-117.82621736900157,-117.1617729686044,-117.48447533632,-117.94467859268762,-117.98071928127544,-117.56253845930593,point1,-116.76435054637491,-116.86900946213885,-118.5954991008506,1.1463442846477532,0.6690623033822964,0.33022723042916846
HDOK,PLOK,17472,12,12,-128,-12,11,2,33,-116.48426170247777,-113.89822420384864,-117.39011265996294,-117.38200241233349,-117.94808482482307,-117.10703124387987,-115.43283272821516,-117.67097565401261,-116.27713371930408,-115.78905863300116,-115.06705845542312,-115.02303693249654,-117.34623904352634,-115.07824932860723,-115.47852095405908,-117.25299319300481,-116.15694166327427,-115.24268222498459,-116.75663027355141,-117.90295483980697,-118.60296092318748,-116.24807800266649,-117.46993063060253,-116.94555402179869,-115.04723209059371,-115.07827101869064,-116.48659143812645,-117.58822392843261,-116.16669885296605,-115.34681729457759,-114.96188053096317,-117.2187244588269,-118.46712117888897,point1,-116.43373057760346,-116.48426170247777,-118.60296092318748,1.3689397285399256,0.07660733716135451,-0.8963368939917635
HDOK,PLOK,17472,12,12,-128,-12,11,2,33,-115.5882655883583,-117.72949429727014,-116.45564334869111,-117.5081196371446,-116.96901377304486,-116.4614506417638,-118.42683462386725,-116.94166950327335,-116.4838659253811,-116.14833864864407,-115.50637853562606,-117.59555611054517,-116.49244961710929,-117.54729456159872,-117.02757221901376,-116.5221414596521,-116.03720010950407,-116.97128701609316,-115.56026257193577,-115.53901735285227,-116.47341545227707,-116.55871952007978,-115.13979328733845,-117.10596559692806,-115.81630423754778,-117.11254296756866,-116.68334688946479,-117.37852532157727,-117.30903255367575,-117.36835897709548,-118.79442198814684,-117.05790251785568,-116.00932543500615,point1,-116.7369548571494,-116.68334688946479,-118.79442198814684,0.6867315709704431,-0.2463089669131933,0.06276500123863027
HDOK,PLOK,17472,12,12,-128,-12,11,2,33,-114.9201501570523,-116.07369911081582,-116.6027566252543,-115.67770001505815,-115.34115482710855,-116.54666050073133,-118.59777617840044,-116.42620935502427,-116.12405062368313,-115.55662244626649,-115.58267482631562,-116.08352227667937,-116.78841894030002,-116.582530946453,-116.2267134565142,-116.18503284747516,-116.71728054688896,-115.72920023215015,-118.46305260979466,-116.35149757464008,-116.73570354941621,-116.41933784589436,-116.76404635490734,-117.24623683720907,-114.96712273782326,-117.88004604102542,-116.48821264400415,-116.32606289916002,-118.98168102948472,-116.04674171751067,-115.81415044740164,-116.9973847774981,-115.7605604872438,point1,-116.4546664080359,-116.35149757464008,-118.98168102948472,0.8629364164269047,-1.0453564669353264,1.3204563083808645
HDOK,PLOK,17472,12,12,-128,-12,11,2,33,-114.53504168825543,-115.22540410367093,-117.58362387559386,-115.72239718558053,-116.35623882450486,-117.56146264260576,-116.74635064566365,-119.03342899996977,-115.61155654073438,-117.15142124696371,-118.8209969627962,-116.4879211998972,-117.19274378999536,-116.42140794407135,-116.21525630513317,-115.28841041008288,-114.88129549064492,-116.71051699730698,-115.75153477662897,-115.39505005179754,-116.99417232807973,-115.302265406957,-116.59914575033245,-117.78445691020826,-117.75775433503719,-116.72158083824932,-116.79198571438161,-116.13702097380161,-117.12268451416598,-116.29165262826987,-117.36180042156855,-117.03084316425561,-118.67441716954546,point1,-116.6442981768712,-116.71051699730698,-119.03342899996977,1.17138076243453,-0.2553546014699168,-0.1401153692566557
HDOK,PLOK,17472,12,12,-128,-12,11,2,33,-116.93710666742116,-117.71659829257874,-117.55121464911002,-116.04134706488567,-116.51954806592514,-116.3132759149247,-118.38428241143569,-118.11321902340772,-117.12788810322182,-117.43817260802427,-116.86207115289079,-117.22827381909833,-115.22321915606788,-116.86057485724132,-118.41478074741039,-118.98038885236008,-115.4111486311898,-117.42371521517296,-118.20684941095567,-116.6328472542622,-117.06593222810447,-117.10250134564113,-116.79360016774665,-116.48179594027033,-116.48469032672232,-118.43311886049015,-115.74200163892091,-116.81536328645682,-115.95059517616549,-116.62838193494376,-115.28607711897787,-116.87008440624224,-116.06331537954215,point1,-116.94254483963059,-116.86207115289079,-118.98038885236008,0.8635498301552711,-0.1829849477218415,-0.3262561749832926
HDOK,PLOK,17472,12,12,-128,-12,11,2,33,-115.32780988232618,-115.70889346645899,-118.2431796042933,-117.09889212588834,-118.66675526598118,-118.49405817100927,-117.51043896637681,-115.89129798192582,-117.44443842584771,-117.74541721033418,-116.24394720346906,-116.90555567692311,-117.40033565618164,-117.23922691736851,-116.9942174877617,-115.67903349645844,-117.19520645334477,-115.38858875135138,-118.9291475440282,-118.63225980470632,-116.13151758851446,-116.36498758737685,-118.11572886139916,-116.1342497118478,-114.66975878152938,-118.06441163262775,-117.28509296559518,-115.76328133727463,-117.10811180439546,-117.07513373562408,-117.69289326290657,-115.68189532914235,-118.90694006173746,point1,-117.02220311369712,-117.10811180439546,-118.9291475440282,1.2732102651134811,0.09472229949139702,-0.8671496749760963
HDOK,PLOK,17472,12,12,-128,-12,11,2,33,-116.61455929783347,-115.2456910216752,-118.65934810975692,-115.27652854761948,-118.1324986089546,-115.57910049141569,-117.07490463082321,-116.83225802733539,-116.03779186782305,-116.5733658407149,-116.20226170456188,-116.31808284178815,-116.97869296950941,-118.12920207449163,-117.32888945832491,-116.49313487855369,-117.25313075755525,-116.72524895379351,-118.1622550186384,-116.51448060190978,-116.62510182840755,-114.76142591459444,-118.00541185310756,-115.49102052784093,-118.18757324842123,-116.28128408050553,-117.19341871996184,-118.04146013581128,-118.62351959422274,-116.6441098583608,-116.47349089060755,-115.90777657484472,-116.25534527513369,point1,-116.80673830923934,-116.62510182840755,-118.65934810975692,0.9971028364643472,-0.12805922888467275,-0.5949711091913858
HDOK,PLOK,17472,12,12,-128,-12,11,2,33,-118.3031729310856,-117.25383396106832,-117.63690090426987,-115.32453743507835,-116.07261294316672,-118.55069054619173,-117.0833913673615,-118.40273738564224,-117.69537153930082,-116.25292604214468,-116.65660573612246,-115.48254431905873,-118.76028081735303,-117.67163800954603,-117.1456429972804,-114.37021495967566,-115.25579150657852,-116.02651548134295,-116.43112462496768,-114.59386281052238,-116.91086070637988,-114.27443492567346,-116.64363135984576,-115.85505990711751,-116.64698128594532,-117.64951310661823,-117.3038030121802,-117.80568302247843,-115.30988639042886,-115.77015990416382,-116.03965351340453,-115.08768171391816,-116.9633843673288,point1,-116.5827615010073,-116.64698128594532,-118.76028081735303,1.4434514238444534,0.1184714369204749,-0.7635416800107193
HDOK,PLOK,17472,12,12,-128,-12,11,2,33,-117.71483399318178,-116.81817206553971,-117.14102837307966,-115.97988518329176,-116.75262175689595,-117.50574042953457,-116.93139589301957,-117.10315753690043,-117.36399545831881,-115.99081439558128,-117.17628466093639,-113.97762808320385,-116.45107475516963,-115.85611087350146,-115.61471568187243,-117.78076560211373,-116.90976158984178,-117.616254960274,-117.31736087064928,-117.67752480521386,-116.27525792522505,-115.68580128603486,-117.72179075767438,-117.02656357155574,-116.52496171338646,-116.88998210790956,-115.89380903947247,-116.26620848372299,-115.41284716579086,-118.59003976731869,-117.69594066500028,-117.97707115624843,-117.2471658871582,point1,-116.81474443923084,-116.93139589301957,-118.59003976731869,0.8341964251167664,0.8234644947365556,1.3351782858788108
HDOK,PLOK,17472,12,12,-128,-12,11,2,33,-115.99029627340887,-115.30302447806737,-118.80276611428012,-116.40409340872684,-118.43352132243018,-117.43289816065521,-117.14561996760744,-116.55444634237355,-115.2803455523467,-116.2948522148674,-115.93191786679182,-116.20003021622733,-115.63493558603021,-115.90280575252756,-116.80252290328373,-118.44017081743796,-117.20284255441442,-117.29269580746683,-117.4666027185761,-116.2415072931178,-117.57056083001727,-116.00415442449201,-117.60124840771161,-116.2435146737472,-117.04667466431884,-115.62433397299208,-118.26684035964801,-116.20892510801468,-118.15638710236466,-116.41035100969653,-116.05521774267042,-116.18985406079052,-116.49170529819258,point1,-116.74629281834221,-116.41035100969653,-118.80276611428012,0.8801884087507893,-0.566191917940132,-0.5797937796212524
HDOK,PLOK,17472,12,12,-128,-12,11,2,33,-116.46289788493857,-114.96582710860542,-116.85413705575122,-117.50177438481047,-117.44688319738687,-118.49323735665644,-116.60623108523711,-117.8876501710302,-116.97467956514014,-116.17840807307739,-115.30464219117027,-115.46526184748969,-115.47131850607524,-116.54955491336125,-115.90282190258627,-115.72829554142896,-117.73825865938845,-117.59400915472835,-116.49034826338548,-117.20629559487031,-116.47887001365869,-115.98650070337482,-116.61806717020251,-116.38838415054435,-116.93954393938088,-118.03196711762519,-116.3242719192444,-115.6806139695355,-114.68239905202502,-115.54900601294311,-116.41578115751838,-115.87239162893123,-115.01121623956662,point1,-116.44853168277787,-116.46289788493857,-118.49323735665644,0.8676267439702043,-0.1941587363085908,-0.5166051293660061
HDOK,PLOK,17472,12,12,-128,-12,11,2,33,-117.12349246321207,-115.94826326084105,-116.41662159995956,-118.76595151097375,-117.5115798869244,-117.38540046297878,-117.36426883929856,-117.86707583178439,-114.90772059711789,-117.33357060837503,-116.27994626853318,-116.45024070951547,-117.10936497084246,-116.85765246440059,-117.36596001070407,-115.31570768713745,-117.07306339135789,-118.92625816204585,-118.78151186296427,-115.98997399367022,-117.95285919222908,-115.77743200709446,-117.63764486935906,-117.25754261630051,-117.68492793580783,-117.08544840128496,-119.64552143210167,-116.86186143214078,-115.39734988930388,-116.54057768738919,-117.26190210599212,-117.36656494771788,-117.8159327271283,point1,-117.1230057523178,-117.25754261630051,-119.64552143210167,1.079279226188908,-0.1065046441708171,0.3084480340169491
HDOK,PLOK,17472,12,12,-128,-12,11,2,33,-116.9706844997061,-117.29961533199835,-117.10332781141481,-117.6423957589434,-116.5550229448491,-117.70549584255582,-115.97247826496317,-117.00397893004798,-117.0942779074714,-116.56270940460034,-117.75597099007732,-118.51041481117555,-117.38006208412475,-116.91419722817247,-117.5293971000241,-114.81261803398988,-116.537926555722,-118.42595088650197,-115.56288080104774,-116.67657608239782,-118.40709467820234,-116.60937328641567,-114.3692816537883,-119.36224148593054,-117.13262537611755,-116.47797837510822,-114.98933574160874,-116.47216456660715,-116.80760317709557,-117.2518115510912,-115.28610790349407,-116.9798259203148,-116.4323421144558,point1,-116.86647779090951,-116.9706844997061,-119.36224148593054,1.12027159191535,0.22057245144554533,0.6075694865824373
HDOK,PLOK,17472,12,12,-128,-12,11,2,33,-115.7449946639366,-116.57645705677557,-115.9591042497216,-114.7962891122904,-115.30880689400273,-116.3348491227631,-117.0873094092858,-115.92470835208536,-117.45667932883076,-117.6879456826424,-115.58929360761873,-115.70201282052486,-116.45881569331029,-118.1085204460016,-115.8322604267252,-117.13540092139536,-116.55420605125333,-117.0222436921478,-117.0135337389638,-117.91715960823232,-116.50330987889963,-115.53150687295333,-117.80913566519204,-117.13669605721175,-113.80969584398149,-116.57132094273285,-116.03669174050282,-116.21945695306763,-116.22698935680522,-117.65829304982056,-117.3931982794356,-116.62609997880678,-117.33997400164493,point1,-116.51736240907762,-116.55420605125333,-118.1085204460016,0.8845777689612001,0.5865443507607919,0.6206403848742132
HDOK,PLOK,17472,12,12,-128,-12,11,2,33,-118.1377575724799,-113.39002197646708,-117.4692070582651,-117.00413989166522,-115.55591158125564,-115.05239152980045,-116.22793888021427,-116.27078639465078,-118.97805195636413,-116.46714315908036,-115.76788876620911,-117.61176086674178,-115.68203797767092,-116.80325169132075,-116.81710582337651,-115.85931234538349,-116.26762730846353,-115.9120567311215,-118.01419025549379,-115.90750686102662,-116.54451074227384,-114.47258562662013,-117.82042419046951,-117.63394191231372,-116.2528428289293,-114.62636121980839,-116.31268526134843,-116.09523518868674,-116.34068854291165,-116.52993977077372,-116.41319877573272,-117.52997826485723,-116.88712205077361,point1,-116.44410918189547,-116.34068854291165,-118.97805195636413,1.2407347444166679,0.30525390611732023,0.9317812868466517
HDOK,PLOK,17472,12,12,-128,-12,11,2,33,-114.00392626757957,-116.36855491776504,-117.87875887020424,-117.30011012615708,-118.16429774493241,-115.70436139576337,-116.56226031266544,-116.92119078561677,-116.76758189568169,-118.37442343743969,-118.5812857989565,-115.11920640198242,-118.64310246543722,-116.49306688743458,-115.90749310135789,-114.72453237708864,-115.59268533665298,-116.94515489580328,-117.10018821313919,-117.69508519807229,-116.2382955395449,-115.55882116874922,-117.02594697336693,-117.7994152625051,-114.9205575244874,-117.6687173533504,-115.90882478226493,-115.43460522430613,-116.89159874973205,-116.18812103560418,-115.45462748709582,-118.0128299716236,-118.52242012351027,point1,-116.68097114017793,-116.76758189568169,-118.64310246543722,1.454804217751055,0.142271470287307,-0.7510335813584708
HDOK,PLOK,17472,12,12,-128,-12,11,2,33,-116.88685106179317,-114.68546351994569,-117.03430429525459,-116.79646976983045,-116.7598622692384,-118.05696989501517,-116.66765128785765,-115.48179534998513,-114.41956897525485,-117.64490545632391,-116.36919054087605,-118.88072365432008,-116.40064588305388,-115.8559052670537,-116.02204646016666,-116.7617225405936,-116.7838933138113,-116.21884812143223,-115.92463590228253,-117.51228234008902,-117.95378899581358,-115.51228601027503,-115.4659069802868,-113.93232015905146,-116.23343074271982,-115.25036691220537,-116.17284529503364,-117.7289311771351,-115.53672683396005,-116.26441201015317,-115.04928278541827,-116.11007662626255,-116.97364912384094,point1,-116.3438715017071,-116.26441201015317,-118.88072365432008,1.1392252384563828,-0.032003276606347046,0.17314208154770006
HDOK,PLOK,17472,12,12,-128,-12,11,2,33,-115.56069966223475,-116.95878381863947,-116.75542389108217,-116.57293431868652,-116.24701714175825,-116.01351733024802,-115.75899298549857,-115.58568596501989,-114.79161888728238,-117.29772428628182,-117.17406958992969,-116.68247412287312,-118.25421997785453,-117.33818206180511,-116.16925687836515,-117.20613471853314,-116.87997063465485,-116.4013940123856,-115.92969281984179,-117.89508148075774,-115.18662918772539,-118.61812487189366,-116.47963876586091,-116.37007563943317,-117.02694732342502,-115.23644853332269,-116.92203089223993,-116.59302637448926,-116.40952335869957,-115.6948260237773,-117.91129997198986,-117.35380128905477,-117.11072210763894,point1,-116.61775663403891,-116.59302637448926,-118.61812487189366,0.7662854202545781,-0.10864856370691085,-0.1163480020589418
HDOK,PLOK,17472,12,12,-128,-12,11,2,33,-115.90158728956463,-116.0030268367293,-116.52991035357459,-115.81198220757784,-116.03353663899374,-118.47368993771042,-117.75160461160827,-117.00373747562524,-116.67069098927895,-117.30562097115707,-115.5840803603795,-116.17707486277692,-115.76050248334455,-116.31960464056759,-116.32090815909768,-116.0928769712719,-117.7427541371743,-116.6272898856221,-117.59777825711348,-116.08276900134325,-116.0012595704146,-116.1032069737839,-117.91659959129782,-116.71509443862965,-117.50131632852022,-115.91166243360095,-114.82810713091034,-116.48734584459349,-115.6249982990739,-117.41387532357474,-117.90310532003197,-117.41576712085948,-116.37399195246412,point1,-116.60567746661415,-116.37399195246412,-118.47368993771042,0.6972697413609074,-0.3550437567122461,-0.5245273146685561
HDOK,PLOK,17472,12,12,-128,-12,11,2,33,-115.49738071993647,-113.53890524279902,-116.86168195985407,-116.55649043826313,-115.81699210520148,-117.55555683237966,-117.88273084684474,-117.13055220245455,-117.98388088091716,-115.48247792277307,-115.70353095019755,-115.83524399085351,-115.76131886394548,-116.46377122849108,-116.13074478184501,-116.43635677839123,-117.07601601345159,-117.79106934562661,-116.61354755510472,-116.74782367324248,-114.80985054527068,-116.92405910995735,-117.30364688177808,-116.90141834050944,-118.1237902865058,-117.6451995423849,-116.58358077213707,-115.99135526353216,-117.57285895642994,-116.6374693702411,-117.69376061631793,-117.30093901561246,-117.29536544696116,point1,-116.65604140849125,-116.74782367324248,-118.1237902865058,0.9695242075327707,0.9820614393188999,1.5309556690577648
HDOK,PLOK,17472,12,12,-128,-12,11,2,33,-116.57415457270308,-115.06749908926597,-116.95851040847164,-115.51655663041164,-116.09311700710734,-116.28860531499524,-116.41645476621812,-115.89404025840115,-118.57909552558792,-118.16044278437867,-117.48194772138332,-117.21039578622415,-117.29612099938252,-115.6612332845556,-116.68608915764301,-116.14686038488122,-117.26295963749489,-118.59301907066191,-115.33348345904622,-115.67617264636492,-115.03017676162477,-116.58097840469321,-115.19653110641082,-117.7596305526515,-117.91207873661584,-118.09164907319492,-118.60496692635195,-117.89261360671834,-116.77474585523903,-118.8876905722494,-118.11852752180533,-117.5139963782172,-117.02007385142545,point1,-116.91758841976899,-116.95851040847164,-118.8876905722494,1.2471948360544165,0.029706029366597896,-1.068543766037132
HDOK,PLOK,17472,12,12,-128,-12,11,2,33,-115.76944599307664,-116.38958542279049,-114.92992110674173,-115.59576562641065,-117.11050963287865,-117.48593215181803,-116.27005274578337,-116.23163319367414,-116.80793832825961,-115.786988327054,-117.0300874031312,-116.52309908252326,-115.05812154225815,-116.08240492651122,-116.02381616040786,-115.37218460929054,-114.63116149424056,-117.5511987546252,-117.66359808806679,-116.40362297336638,-117.71770475805098,-119.30591968424558,-115.94990988427483,-117.48297460216334,-116.0363014538847,-117.58549883549773,-117.28835696606829,-116.77031421744653,-118.14314298880568,-117.0342318515591,-117.20493449472994,-115.83169231187652,-115.75590291428827,point1,-116.57042280381211,-116.40362297336638,-119.30591968424558,0.9978087908395755,-0.3567957970224828,0.28490833807213134
HDOK,PLOK,17472,12,12,-128,-12,11,2,33,-115.8729093957329,-116.4403248518871,-117.18443153284831,-116.67825944625099,-115.84765320920064,-118.04224294072806,-116.2441718772228,-116.3971880785286,-116.51446081421263,-117.13154447579124,-115.89655239003537,-117.51724481465153,-117.56208951550342,-115.57602414111665,-117.74640192571607,-117.36390863165384,-116.25813804816352,-115.29161860639176,-117.81498805187427,-116.88161087635527,-117.16755863554025,-117.39945279683795,-115.29271261679133,-117.02922527927826,-116.26111719124582,-117.5659978520818,-117.24359889163277,-116.46678344997187,-116.4483369085986,-116.11273323384886,-116.93173119579758,-116.45253838328351,-117.10892983937926,point1,-116.71946908782284,-116.67825944625099,-118.04224294072806,0.5185620655448878,0.19285881554829398,-0.7300400427895237
HDOK,PLOK,17472,12,12,-128,-12,11,2,33,-115.97712347839354,-116.2087405277184,-116.27217994631906,-117.04364542547374,-116.1411638354363,-117.26443571622387,-117.9084444703423,-117.01258757752271,-116.17459182080191,-116.52436107991815,-117.04057687126421,-116.54939625614075,-116.96259064433309,-116.29491117754246,-115.78798835957761,-116.6844972296825,-116.38543062926261,-116.24056286197046,-119.29911810772836,-116.79977483825078,-117.95934647480838,-117.67653404747702,-116.32966389605532,-116.45685419972367,-116.23208834082922,-116.33172742853,-116.38806933723613,-117.30332067229112,-116.03470790907258,-118.96825405082635,-117.01232192196517,-118.47245021627926,-117.34343233401053,point1,-116.88123914190933,-116.54939625614075,-119.29911810772836,0.7135889237537819,-1.3130505306756002,1.3513441057493343
HDOK,PLOK,17472,12,12,-128,-12,11,2,33,-116.96351281621772,-117.54551624864958,-118.17628341358117,-117.71634389426838,-115.81320600184793,-117.86676962951947,-115.87112378702419,-116.28610845471647,-116.84527288925435,-115.25020109586765,-114.7163480393161,-116.33924361880165,-116.2495781030115,-116.52747788187685,-116.71715673844862,-117.65003680222097,-115.41575836814812,-116.6870558655633,-118.09866161399644,-116.35926038849692,-114.84481002639878,-116.03294807384665,-117.79235926729694,-117.1495199256659,-116.58077988335164,-117.20210067358639,-116.23565301361982,-115.14684893981021,-116.07505955368053,-116.14919016343735,-117.85378743826267,-117.33689788310689,-115.86604002308809,point1,-116.58669425805995,-116.52747788187685,-118.17628341358117,0.8765759956241476,0.10613358829203852,-0.7533174189235998
HDOK,PLOK,17472,12,12,-128,-12,11,2,33,-116.17573474677857,-116.58409985054215,-116.07753464133718,-116.68420681742242,-117.80620679147981,-117.22517118732205,-115.6080240650602,-116.99956241224321,-116.62282896831312,-116.63677539861112,-116.0813932892638,-114.62554111659391,-117.52788012106541,-116.67927092735854,-118.94357296208746,-114.95383105668616,-114.4396007647226,-115.99066978280081,-115.61488609531881,-118.66687072607455,-115.35048058871313,-116.14186713566771,-117.04943221746207,-118.74761537346767,-115.76217141389614,-116.25552338644316,-116.88562423213558,-116.9249671232283,-117.1091256307335,-119.37509074236031,-116.31666405939055,-116.83768981165,-116.4874909841324,point1,-116.64204255819286,-116.62282896831312,-119.37509074236031,1.2913395771083642,-0.5043497880371626,0.46688692399311993
HDOK,PLOK,17472,12,12,-128,-12,11,2,33,-119.15419716082691,-115.81304022583367,-116.60877692258946,-115.403955375062,-117.01422381617877,-116.52776819083874,-117.01162183020662,-116.71108316976009,-115.9313359519297,-115.97529449398952,-116.8491043207775,-116.2932712834639,-118.23694233608761,-114.85761778104185,-117.22103937877917,-116.0407910651409,-116.8977387336462,-116.86573326903736,-118.00406870424366,-119.46825484487557,-117.11878813157688,-116.14684886821438,-117.19949589297089,-116.11113042595609,-117.15541526827687,-116.21593034891562,-115.23798899504847,-115.52170580015881,-116.19414748908179,-117.91155154880744,-116.47612971706248,-117.29176546338175,-117.8480502250098,point1,-116.76711536450821,-116.71108316976009,-119.46825484487557,1.0381452288857376,-0.6977475357812606,0.749112156500432
HDOK,PLOK,17472,12,12,-128,-12,11,2,33,-117.55491905606239,-117.41509027764015,-116.88470727186395,-116.3880612737885,-114.81199647677295,-115.72265263074628,-119.6257668036532,-115.05080730101096,-115.52107295826171,-115.5247840709647,-117.07646266864212,-117.67488671353738,-117.43236071997987,-116.58189084421348,-115.75350137770042,-116.65006378074439,-118.21885807304234,-115.74971178841481,-116.61518704075208,-117.80674554802982,-116.4168816912391,-116.55538663755509,-115.86205959958667,-118.3650133438934,-116.80415855978573,-115.75859570331517,-116.58000594263024,-116.88364208104029,-116.22199473532304,-115.39410314335458,-117.81860335219427,-118.06269766940156,-117.58089611712,point1,-116.7382898561291,-116.61518704075208,-119.6257668036532,1.1278055961871443,-0.4322521705170562,0.13374093428772582
HDOK,PLOK,17472,12,12,-128,-12,11,2,33,-116.28372390066863,-115.3457000914627,-117.69706344048846,-116.88342521198834,-117.81792252643709,-118.39695360331297,-116.7420972169752,-117.93425485013553,-115.5193837676347,-117.4462295943138,-116.5409471655683,-115.41519630715005,-117.94780865385678,-116.31305204324237,-116.77684430579924,-115.52331070002236,-116.40469661789373,-116.40940329617737,-116.2427668330419,-115.78075486754663,-115.00268967710903,-117.46212780525816,-116.30252250740051,-117.09653700575173,-116.32420973328587,-116.79261580937758,-117.25254430958066,-116.12553310231326,-115.9370617827828,-116.01892404344709,-118.55658042520855,-115.5520054003114,-117.79228570327336,point1,-116.65567188784289,-116.40940329617737,-118.55658042520855,0.8527417444514382,-0.29197982893122676,-0.7618215645132875
HDOK,PLOK,17472,12,12,-128,-12,11,2,33,-116.12155652489206,-117.07284470368444,-118.53371367524161,-118.26083091073517,-117.07670180176123,-117.40835669819829,-116.81763743557663,-117.43242629661803,-117.32080282539792,-115.43663267509685,-116.96407759110596,-116.45343016490412,-117.7212222374634,-117.31487331655718,-115.65529987506758,-114.89406376316472,-119.06414241834406,-115.31762475165345,-116.33966107018529,-115.48855006046325,-115.69842999703553,-115.48609989778332,-115.46357032634977,-116.62273969876748,-118.8331086454477,-118.00256508187198,-119.03254989040663,-117.16566270194885,-117.40086355428463,-116.7722354532517,-115.39419898688118,-116.48827368415363,-116.3208397206877,point1,-116.82956322530246,-116.81763743557663,-119.06414241834406,1.2788396426848005,-0.29594903389054966,-0.6709300344054094
HDOK,PLOK,17472,12,12,-128,-12,11,2,33,-115.02262583762624,-116.06085175714085,-117.42388068652347,-117.07264385104102,-118.220704235829,-117.99210294582551,-118.43717644971224,-116.58867853033803,-116.56064444974035,-117.67355861647994,-114.0375319451944,-118.03530243663104,-117.4576690569914,-116.24873680377988,-116.6636847179871,-114.60712934012453,-116.68246922285896,-118.1243349178889,-118.04150701205398,-118.05931954632406,-115.04128625866625,-118.28620472478221,-117.21879860369533,-118.21926138644866,-114.54771627069624,-117.57243591700338,-114.87255541588813,-117.5410060216479,-118.21792886786177,-117.04137248508184,-115.15287478866993,-119.32659498848824,-116.48894765981734,point1,-116.92537987117689,-117.21879860369533,-119.32659498848824,1.7860084532028473,0.5887548128142561,-0.5942505393284416
HDOK,PLOK,17472,12,12,-128,-12,11,2,33,-115.89140170628464,-116.24580247116758,-117.73255695599862,-117.52301926701163,-117.33157086046775,-118.70431505239267,-115.9852542165456,-116.22247441429613,-118.14995088198314,-115.06411973452074,-114.39041646157885,-116.00115061054042,-116.10697488357684,-117.686299436286,-115.3396395361195,-117.17621783256666,-116.51611380743513,-116.63679163554148,-116.56679169090518,-118.66050520031541,-117.99997211115911,-118.00719383161034,-116.47863797808738,-116.73392637908586,-117.22323520403835,-115.34631033199129,-115.96919355898325,-115.98060254780981,-116.71330864933091,-114.2785365077015,-118.68502422439462,-115.89556965456403,-116.37580360956278,point1,-116.65511155284403,-116.51611380743513,-118.70431505239267,1.2956698268558036,-0.019226544666073986,-0.38871010753866875
HDOK,PLOK,17472,12,12,-128,-12,11,2,33,-113.76393541735311,-116.42874547746563,-115.84536294278907,-116.54332385965027,-118.1642120626999,-117.55833531861263,-117.24030609611206,-118.0550193915892,-117.761312803593,-114.3781248330739,-118.13620339380536,-117.66687177044403,-116.05169698756016,-116.88767039039482,-115.9540390531345,-117.44275196293653,-117.06562802912032,-118.5367283809062,-115.4965512638734,-113.46880478722848,-116.30763304183476,-116.69549849684613,-117.96520274966848,-116.35481667275607,-115.43727161090679,-117.99038641501656,-115.50324245676252,-116.4806769032749,-118.2928963560938,-116.43129329167694,-117.43246351113879,-115.6309964070166,-117.90628285463664,point1,-116.69316015121126,-116.69549849684613,-118.5367283809062,1.614807387135523,0.775938583303192,0.2443547695138295
HDOK,PLOK,17472,12,12,-128,-12,11,2,33,-117.65883751182386,-115.54490504645536,-116.62273818775058,-116.02001827597894,-117.79547121778475,-116.84977948098876,-115.67502845964076,-117.19221722025024,-116.64898993056467,-115.5493108911446,-115.04187442111213,-114.82593712957612,-117.43226788594824,-117.76077126146814,-116.51429807358377,-115.531453558446,-115.55797465615608,-117.86415574097833,-116.69869109187886,-118.77689291196656,-116.07371127474853,-115.51205213107534,-117.03646732027919,-118.77227024269102,-116.77551807355499,-117.72911416294566,-115.28535724325624,-116.62296121223153,-117.66403287098917,-115.41488578670659,-117.34725849821882,-116.0675957800334,-115.33166490904405,point1,-116.5816515896749,-116.62296121223153,-118.77689291196656,1.1197777465349499,-0.2796242248863557,-0.8254855513942672
HDOK,PLOK,17472,12,12,-128,-12,11,2,33,-116.27599697174963,-115.53108442365897,-117.06119157530607,-116.49797800822186,-116.68776640256651,-117.1896979097354,-117.85367963562176,-117.55622803525429,-116.76396749968133,-117.93518572862259,-117.29454156706203,-115.29496112856505,-118.69950260069231,-115.637723032642,-116.02438519319031,-116.63219015186726,-115.12063211689491,-117.043093955822,-116.59801702289944,-115.56232556574061,-116.36694179453019,-115.9077828123962,-118.78128028046169,-116.087925577746,-117.51629727294991,-116.87954129216882,-116.48762200845667,-114.90029362620163,-116.91802888661121,-117.3426975883795,-115.80765178889587,-116.75023046260833,-116.34867362947107,point1,-116.6471247135355,-116.63219015186726,-118.78128028046169,0.8515537531000985,-0.32455571570410696,0.0362714189333726
HDOK,PLOK,17472,12,12,-128,-12,11,2,33,-116.75706106857257,-116.95379565703789,-115.48351641123931,-116.66122600080354,-116.58953239303924,-117.17176988530602,-116.85600546418053,-118.87608326649989,-117.0128256670357,-116.42557705655561,-115.38990776426121,-117.49059003285427,-114.84704362496198,-117.26311969108903,-116.65191858752303,-115.88382390596998,-116.09221179355221,-116.97827136546726,-115.85867664855051,-116.51338111605362,-116.72511972617151,-116.87937017322483,-116.0432987847382,-117.70058689669663,-115.57697495987775,-116.52294742458719,-115.55014186780922,-117.47140284493246,-117.00474147859282,-116.66576521852504,-115.2351235660954,-115.49940158995126,-117.15543406858916,point1,-116.53898927273771,-116.66122600080354,-118.87608326649989,0.6780226598413291,-0.2154612483463238,0.6721549518608771
HDOK,PLOK,17472,12,12,-128,-12,11,2,33,-115.626750395562,-115.69456131155333,-117.25848551451558,-115.8860631557613,-117.77032843944282,-116.74940952959781,-117.03667797220706,-117.16958009017196,-117.20518764574066,-116.99634266865918,-117.10356518026367,-117.88068442673742,-115.49936427788333,-117.1255509977443,-117.4333942787421,-117.82348512393665,-116.98156949340607,-115.24705656450897,-116.67875527900318,-116.87748871900894,-115.9236809825143,-115.37727749005727,-115.67216451557609,-116.66310848598992,-115.82573023109624,-116.90334460828933,-118.06751899099652,-116.37427719638008,-117.88406073371823,-119.57142169826626,-117.41548409067906,-116.8435106946484,-116.6909084333586,point1,-116.82596330957631,-116.90334460828933,-119.57142169826626,0.8488484887648313,-0.4380325104167626,0.9031288499079344
HDOK,PLOK,17472,12,12,-128,-12,11,2,33,-116.17757878665545,-115.1902447762588,-116.84915293488544,-117.11464310552314,-116.37931309617382,-116.51924822881786,-117.79095446700806,-116.21406458387936,-116.70907036423435,-118.25640712781366,-117.20046019468923,-116.20739380499461,-115.99161445128867,-117.58530464789743,-114.69603842438698,-114.55917636789636,-116.1302812475807,-116.11471982525777,-116.10555681494554,-118.12833987356461,-114.87006013756692,-115.85031246249352,-117.2183967082016,-118.13068215332044,-119.38990663299357,-116.08316440531382,-116.19448383244138,-116.11432423118033,-116.3180915366223,-117.75155734834864,-115.46254311748768,-117.53804668313856,-118.00543326680187,point1,-116.63171411029278,-116.3180915366223,-119.38990663299357,1.2062276989710834,-0.27872793642856436,-0.062457237462835824
HDOK,PLOK,17472,12,12,-128,-12,11,2,33,-116.17829620326067,-114.7954790574328,-117.24170206501078,-117.004299177574,-116.43503394574033,-116.40335090221335,-118.44620761934253,-115.01443292033368,-117.81488191736966,-114.90011577103115,-114.53363441474616,-116.11269563702484,-115.99003262990044,-116.09726285639992,-114.69017525134406,-115.53621610342667,-115.34534328752778,-117.02380800234923,-115.26967830914616,-116.51938892187778,-116.5269965832144,-116.03336037329848,-117.79006381903945,-117.51722864131811,-116.09694755476941,-116.87411772508169,-117.69419494607423,-119.04405014761258,-116.29851991869982,-116.72088334510148,-115.07455125418807,-118.35735465639074,-117.26469367158899,point1,-116.4437878069524,-116.40335090221335,-119.04405014761258,1.3043845581337001,-0.2635420149592912,-0.4991772063965967
HDOK,PLOK,17472,12,12,-128,-12,11,2,33,-116.27590814265491,-114.59026348557863,-116.76147993134865,-115.53562526333681,-116.19443633864327,-115.1793125164432,-117.52451567782451,-115.65594743836901,-117.86608721578803,-117.33404426892774,-116.53861828631538,-115.34529534143165,-114.66938372716542,-116.06401605873832,-116.63981753923693,-116.31674994238682,-118.51042185190194,-116.9951570269362,-115.89104821280205,-116.47221088482624,-118.13223396725908,-116.5444251568973,-118.07613271077727,-115.81414491209144,-116.39771903020157,-115.26616393305656,-117.4323633602573,-116.10642702672152,-117.26897652404102,-118.31341707562402,-116.57109206706976,-115.2268562596324,-117.66667181663982,point1,-116.52051403002804,-116.47221088482624,-118.51042185190194,1.0750211438706272,-0.12106119015257814,-0.7211371849078119
HDOK,PLOK,17472,12,12,-128,-12,11,2,33,-116.65272953041115,-116.72191538038057,-117.01441339962811,-116.37029558191209,-117.47398803308191,-118.0203127026013,-116.54148142157386,-115.84773063585199,-115.96341179059121,-117.09551499338436,-118.69852473783781,-117.53147578089168,-117.13678336468635,-116.32281867352322,-116.77806862305687,-117.32530354348907,-115.62355526666978,-115.94855925618283,-116.2747429549308,-117.3581511587099,-117.28174624936695,-116.7324666143394,-118.23605615932921,-118.6756411566061,-118.25823773862933,-115.26603805356913,-115.45752775589746,-115.87233435553132,-117.61284179846398,-118.69558269211194,-117.02990491079541,-117.31935445290604,-117.16005794781428,point1,-116.97871414287137,-117.02990491079541,-118.69852473783781,0.8493182619312956,-0.16150238188379776,-0.5638424637549542
HDOK,PLOK,17472,12,12,-128,-12,11,2,33,-116.48903727140487,-115.05143933010592,-117.99568266723409,-114.53059591732664,-116.56683529115625,-116.98511598317114,-117.15991567996201,-118.13536413453009,-116.32537301617668,-117.11287996358884,-117.32550787096659,-116.02862989987065,-118.3347378647572,-116.76665299494425,-116.36348524730327,-116.70948418922809,-116.84474969405544,-117.42774610886183,-117.28203331417582,-118.77448598954503,-118.09393794178621,-117.61162165115222,-116.14631991196131,-117.99464902440975,-116.1878704867987,-116.58111019050044,-116.83907971932386,-116.53027028590125,-116.73319983705463,-115.26736262214193,-116.16387024376995,-114.18339859378595,-115.54102347505082,point1,-116.7298020124849,-116.73319983705463,-118.77448598954503,1.0825304251156642,0.3977039269813675,0.27458666275343235
HDOK,PLOK,17472,12,12,-128,-12,11,2,33,-116.17272864290139,-115.4155882125652,-117.42012060117783,-118.0306545082942,-117.2195053297335,-118.26702695405375,-117.41465830748643,-115.23521029899574,-116.71844278640764,-117.73948043661366,-116.92123139449768,-114.99101053784304,-116.40687807993305,-117.8200628904363,-117.43219775067371,-115.2082038398182,-115.17974466987259,-116.64880535011486,-117.23702149416081,-116.23522009573686,-116.08404974387787,-118.14500762463497,-115.188132019716,-116.88088661733681,-116.71868055410836,-115.06741743695814,-118.14954837639736,-116.69847351511687,-115.94553482857152,-115.73474403899246,-116.54084021045114,-119.21869109700006,-117.29399572648155,point1,-116.7084786051806,-116.71844278640764,-119.21869109700006,1.1619013025133746,-0.11966403088183859,-0.6300704040997913
HDOK,PLOK,17472,12,12,-128,-12,11,2,33,-116.4687733934342,-113.0159048325351,-117.49186473814686,-114.67306796553815,-115.46174132881407,-117.64660958975834,-116.89781843493274,-118.10800603576807,-117.68573477793498,-116.7857175603124,-115.95203392066887,-117.24929990256007,-116.36267599452692,-115.74630136780125,-117.58938241966163,-115.90297685713468,-116.47969771671228,-115.88595712300001,-115.43757225887744,-115.61609645811515,-118.32681809190913,-117.20434600746754,-116.72961373591222,-118.23425900062018,-117.02545324325729,-114.90256330154452,-117.46038068262123,-119.90595688691478,-116.34473404663532,-117.70048304282844,-116.227467290272,-116.76609128903802,-117.27785625143669,point1,-116.68373501656636,-116.76609128903802,-119.90595688691478,1.5669949252001043,0.3352860623001589,1.676884469337446
HDOK,PLOK,17472,12,12,-128,-12,11,2,33,-116.41103882712407,-114.3051854779738,-118.44110051205308,-116.5032273990032,-116.96658092734074,-116.36629227270761,-117.40424761443856,-116.19888040607202,-117.77625216045557,-116.58307824723794,-115.98872656393584,-116.90790787605265,-117.0877984723647,-117.06163550961664,-116.97730825331764,-115.78347026063247,-116.8270122386047,-117.87595269043875,-115.89583377438555,-115.66110105515479,-117.01172464717664,-115.6939161310723,-117.01157583628475,-116.27343499167169,-116.8441858691834,-117.56960809347817,-117.40351909019685,-117.4052171231734,-117.90440718406494,-118.30565984402368,-114.95737846990221,-116.3915043790246,-117.13002743276488,point1,-116.7552966554827,-116.90790787605265,-118.44110051205308,0.7959048115422549,0.5117218105923058,0.6404568107311923
HDOK,PLOK,17472,12,12,-128,-12,11,2,33,-116.8332044859754,-116.96365220143365,-120.32523009811456,-116.38083494728411,-118.53607582634818,-118.44521178666274,-117.67364023581852,-117.13038003535827,-116.79942540156493,-117.21935782604054,-116.21984673106647,-116.21944022229702,-117.46515127886849,-116.2107717817508,-117.0591004900072,-117.92403814805242,-117.0532030304468,-116.45411177002562,-115.98219682448156,-119.14141424881082,-117.40924989093148,-117.15461943557409,-117.10213031434108,-117.72503990652007,-115.25400094144817,-117.02038142570568,-116.6717062442171,-116.20385020704627,-118.08861623095792,-115.25148832036815,-118.22084125442534,-118.28849117193565,-117.3251339020149,point1,-117.20460110957255,-117.10213031434108,-120.32523009811456,1.0893713331250052,-0.662417984172727,1.2943741409311325
HDOK,PLOK,17472,12,12,-128,-12,11,2,33,-114.96212341150046,-116.77958387183935,-118.6597795287772,-116.01170997764649,-116.00070669738145,-116.75873452857424,-115.59998287402628,-115.38447298947251,-116.14855417247801,-118.32962472281729,-115.91625020517269,-117.11460609146354,-115.05543104318758,-114.88396004874052,-116.52355185999019,-117.637789239473,-117.4913995745421,-117.19518358191675,-118.1642836480499,-115.39993802747509,-118.32243769282434,-115.26884824897733,-116.63821325118249,-117.55810131052729,-115.60118845852975,-116.70155488951997,-118.03844712293237,-116.64313986560374,-116.24589241631736,-115.92466705909972,-117.24119655801958,-118.64085474050022,-115.21495331102058,point1,-116.60779275816908,-116.63821325118249,-118.6597795287772,1.253143716456729,-0.2680252366514204,-1.0152324298860997
HDOK,PLOK,17472,12,12,-128,-12,11,2,33,-115.62047807793577,-115.75515201553809,-116.66815366199457,-117.41462563754725,-116.01250726429255,-117.81978809050105,-117.29953868422473,-116.70964454075077,-117.88548566065222,-115.62889277315885,-117.6176754737534,-115.89049280818169,-118.04358695007305,-116.71720243512918,-115.59038651787607,-117.78100025757728,-117.60137292717302,-116.26746397914341,-116.96484244734967,-116.38608533387709,-116.70045819595445,-115.0403012989807,-114.89130354636355,-116.21019433317595,-115.79509118874446,-117.07372901726444,-116.87478288608548,-118.1579831846886,-117.76908625011549,-115.27558844309377,-117.31370064699898,-115.70214344430767,-117.0387373820641,point1,-116.65204470771417,-116.70964454075077,-118.1579831846886,0.8497984817595902,0.13563297173337552,-1.1079627170812425
HDOK,PLOK,17472,12,12,-128,-12,11,2,33,-115.57696552386075,-115.5542849098269,-114.81809990634358,-116.6982271431921,-118.01137004120329,-117.43163510559867,-116.85468419611087,-117.45664095779215,-115.90584359146104,-117.22152588565024,-116.26055439717406,-117.12455717315204,-116.00716279084324,-116.69186016836929,-116.4465594798976,-116.13102161978591,-116.81105320455447,-116.97457704199417,-115.35479904619348,-117.65801332782806,-115.93348972358298,-116.58337465967931,-117.19190094672935,-116.44709174203359,-115.38200248580735,-116.0923229698538,-116.96345069168228,-116.9957652272988,-115.53523923095557,-116.99669083632652,-115.29326781243334,-117.33100352054855,-116.25370382688254,point1,-116.48450724801955,-116.58337465967931,-118.01137004120329,0.5934805473451428,0.20410763440683607,-0.6954687642515136
HDOK,PLOK,17472,12,12,-128,-12,11,2,33,-115.27219159968016,-116.01799548859387,-117.03147807786253,-114.28034957060603,-117.90914196665467,-117.61178292647296,-116.50136749496757,-118.13744666020837,-118.10846090947312,-117.25684965105555,-117.88704647993072,-115.6865669288787,-117.12706555519723,-115.68753951882204,-117.04467906563485,-115.67784199311113,-116.20511139559223,-118.64247149862507,-116.87990357653003,-116.71160903833761,-118.33438484939677,-118.84538337208852,-117.12910191403783,-116.4343159625462,-115.16584468649282,-118.71427416728201,-115.90453659982485,-117.2223251339474,-117.12693395188535,-116.78341820531381,-115.6099324817173,-114.48089791504036,-117.12048943189133,point1,-116.80450721417269,-117.03147807786253,-118.84538337208852,1.3631057360610386,0.21464875732958882,-0.4903669325361899
HDOK,PLOK,17472,12,12,-128,-12,11,2,33,-116.0456146973766,-117.01127294789674,-116.24299261003661,-115.83220642303819,-117.23506162454849,-116.8633945826034,-116.08588955655007,-117.21191715058147,-116.09841627311981,-115.40917075097943,-116.46086059595996,-115.26709455293923,-115.93452589401222,-116.98132465251996,-115.62792697580693,-116.63936504892675,-117.09228528429679,-115.24049072602422,-116.97573429787076,-116.66137943841042,-117.47348108146306,-117.75770256256203,-117.12335213367305,-117.15795906047143,-116.0273429348265,-116.73086924965557,-118.40599549860745,-115.72526008028787,-116.43621611784975,-117.56705759136969,-117.18135947327194,-115.5561851468612,-117.92374841608485,point1,-116.6055591948631,-116.66137943841042,-118.40599549860745,0.628545136624826,-0.10127602426772596,-0.6300115197197638
HDOK,PLOK,17472,12,12,-128,-12,11,2,33,-115.6479419236782,-117.45495866606264,-116.39867243239115,-117.33273782665111,-117.65883488358237,-116.71827143123345,-117.79851956241616,-116.50196393865798,-116.63999167118259,-117.67893157475021,-115.90343283298756,-117.61009013516194,-117.77562854732821,-116.00456158047076,-116.06776006670135,-115.5170140129524,-116.38385140135432,-116.05975028376572,-114.69427318201598,-115.13786781620325,-118.52080769405447,-114.69441446313105,-116.12647629940787,-115.71540467908788,-115.84274005446225,-118.7903769214741,-116.15092350067526,-117.28825821231024,-116.39636056715786,-117.98303890868421,-117.23577518987902,-114.06935556840436,-117.69625742855904,point1,-116.59076494717681,-116.39867243239115,-118.7903769214741,1.2455705113033686,0.1461138886262132,-0.42326824680327135
HDOK,PLOK,17472,12,12,-128,-12,11,2,33,-115.23517758395056,-115.03350414935107,-117.30508433131817,-116.5085061010875,-116.43330970352444,-117.78384055636742,-116.32893325357432,-117.55610449581813,-116.97900403810463,-117.66474141365845,-117.28441822823783,-115.71407424609237,-117.04085420879264,-117.04074788708121,-116.9008981679868,-116.76127805177077,-116.26528404479612,-116.42220211184353,-118.99907459726846,-117.58471987191916,-117.31974120635547,-117.27582562316347,-118.47509745587755,-115.9610457712799,-116.86085204085019,-115.92345822966874,-117.76158988961029,-116.34992153558305,-117.76358048539053,-116.53675258104631,-116.79209295557868,-116.03920671817559,-114.93790404098098,point1,-116.81329774473042,-116.86085204085019,-118.99907459726846,0.8166909892645169,0.008484030413808288,0.21557880136401764
HDOK,PLOK,17472,12,12,-128,-12,11,2,33,-118.06456246214047,-115.60601915609844,-116.62705283069889,-115.90613624597255,-114.90345190058747,-117.63662879151241,-118.15509280350567,-115.14533610136144,-116.53315396486593,-114.67293998121703,-116.45503730510602,-115.90950352646364,-116.45476936749839,-116.93339022790877,-118.70104237862462,-114.94996669737625,-117.11716039614657,-116.13519807403708,-116.3201018227173,-117.08923673232827,-116.45497263969315,-116.7782179732354,-115.15020552857602,-117.63205686081238,-117.14607986177454,-116.8305486816569,-115.65338728328753,-116.7086887637878,-117.37896563310673,-116.31427974260689,-116.35519354074401,-118.03132678402788,-116.12783131255091,point1,-116.54174349612205,-116.45503730510602,-118.70104237862462,0.9628996006059687,-0.08081236490695404,-0.33334623141080444
HDOK,PLOK,17472,12,12,-128,-12,11,2,33,-116.91289535820765,-114.73787080846549,-117.38683180149422,-116.53746058572877,-117.10275575030626,-116.41468793227288,-117.48825701512826,-115.0078455532535,-116.39717847921571,-116.80945975541341,-116.54831752624891,-116.14236199288929,-116.0972979756592,-116.71897058057185,-116.1730635369791,-117.98887074648745,-116.46543104508581,-117.68398248799552,-116.56896782135398,-118.2268818841516,-116.9541368508827,-116.58817617460623,-115.49535729088967,-117.09034256316755,-118.79091623838373,-117.72723768963336,-116.72994308139593,-116.35567937852353,-115.10078207451676,-116.18981919007011,-115.97814889259698,-115.91931506311265,-116.43973566022068,point1,-116.62936299348209,-116.54831752624891,-118.79091623838373,0.7670393640818244,-0.15725801851932827,0.4885160177409005
HDOK,PLOK,17472,13,13,-131,-15,11,2,33,-112.31924815575182,-116.46359591781427,-115.8077299325547,-116.55772890176469,-117.44330766949797,-118.55913183881228,-117.6927030803308,-115.57823341360698,-114.68671082196519,-113.94752124874209,-116.85320284532344,-115.2909689613296,-118.09842285030761,-116.65048512797591,-116.8431051629335,-115.07769749604064,-119.36237016978873,-116.89093502175119,-119.01358529147116,-115.84307311821331,-118.48305678647846,-116.03057689325512,-116.82688417210247,-117.62326626413471,-117.69393408130519,-118.8484950065701,-117.313949518474,-117.51471530649071,-115.53707122255776,-118.05675008406172,-116.59126649809733,-118.48014798508747,-116.01475520330513,point1,-116.78771594084533,-116.8431051629335,-119.36237016978873,2.2880749570714465,0.7059775599540121,0.9261566655146383
HDOK,PLOK,17472,13,13,-131,-15,11,2,33,-112.53281664664465,-118.04095502746753,-115.83584798814076,-115.81833775361356,-116.71124934676223,-117.86012483273919,-115.38030783110538,-115.01264077637435,-116.08480094389341,-118.04784989276105,-116.72981801186309,-116.50363220281238,-117.76408290356005,-116.92726224663726,-116.92724648867379,-116.40723805608772,-116.10354380805241,-118.28239443221455,-117.6973555385511,-119.18055305558754,-119.2598686749623,-117.23971468073904,-116.95885975244944,-116.4724883521968,-115.6981531503117,-118.16720072704395,-118.0285854624305,-119.42090051964581,-116.09683806646598,-118.53755284959153,-117.46846183826891,-116.27136515832024,-117.03899260800793,point1,-116.98506180678713,-116.92726224663726,-119.42090051964581,1.8612645654497226,0.7345861598427805,2.0611909848088366
HDOK,PLOK,17472,13,13,-131,-15,11,2,33,-114.7690962643762,-118.07228231838957,-117.24986952543618,-116.1411208764083,-115.42236163791334,-119.20846181713327,-116.83747369388715,-116.29718352178428,-116.8948734415742,-117.8008290972504,-116.480573436038,-118.89205939772488,-115.39366089772416,-117.76543420177913,-117.39727016262923,-117.89722362466105,-117.59342319445103,-118.91077480702167,-116.97064541629699,-117.11951335889654,-118.21944819844953,-116.03264577719044,-117.90347428927437,-117.33314062146022,-119.29126222881185,-117.64775759582768,-118.32981889443262,-116.84278131984104,-117.90910732007127,-118.32837036188282,-117.97666035812374,-119.06213268837949,-118.35177095885295,point1,-117.4649242819386,-117.64775759582768,-119.29126222881185,1.2353662721063592,0.4893850757399986,-0.12121633174408553
HDOK,PLOK,17472,13,13,-131,-15,11,2,33,-113.03548861471123,-115.75207584721115,-115.13417924670466,-115.75270779518691,-116.89008445575043,-118.56824115983325,-116.80210689227523,-117.66718073791691,-116.67615869296391,-116.79758368767735,-116.79603334952223,-115.07806055519765,-118.85675538092656,-116.39313741858922,-117.87480131716536,-117.75569190295413,-117.8584705266573,-118.10605053599562,-117.45849905219013,-115.12150526731814,-117.76261860515473,-117.53627926964947,-117.10188046226824,-117.59510632979813,-116.84974038520608,-116.935350267993,-118.41882107988415,-117.6616736725403,-118.54238584859385,-116.31794052680816,-117.95352203796672,-118.93608608891108,-119.05368700277306,point1,-117.12242133376652,-117.45849905219013,-119.05368700277306,1.664738964895479,1.0220802078826228,1.603853312900791
HDOK,PLOK,17472,13,13,-131,-15,11,2,33,-113.49204874737174,-116.41832131599158,-115.4701609295501,-116.03147096161719,-117.9599707061785,-117.37658925482972,-115.54804371383568,-117.8762749120017,-115.75281525886123,-116.24595603551353,-117.52711859113106,-116.53861541650227,-114.32279227392102,-118.16577091046547,-116.32263078740297,-117.53745706171237,-117.16016673701247,-116.83662360319816,-115.49669051184938,-116.44827318091166,-117.78485790365153,-116.37871866144751,-118.65215230627969,-118.84002353022622,-116.48148089545685,-116.42112115695237,-117.29279819979112,-118.39139984516743,-119.08070676464762,-118.92473781469583,-117.83876381008866,-119.20702597225413,-117.19243480863436,point1,-117.00042462361063,-117.16016673701247,-119.20702597225413,1.7501815307217574,0.4413311168822523,0.2326318233326079
HDOK,PLOK,17472,13,13,-131,-15,11,2,33,-113.02394052616367,-116.47285442806407,-116.25630418760134,-117.45432106821002,-115.30050607352008,-116.42475717263135,-115.8987496749359,-115.78885192739077,-117.50477910514631,-116.53156907231671,-114.19614993824177,-118.86374998199706,-116.81048542995762,-118.0012273046136,-119.16197068752905,-117.13027016839183,-116.80917581557058,-118.41059458589874,-117.93664310598449,-116.45365716088257,-119.11382005254319,-117.74717722965572,-118.3622140096354,-116.84156965727848,-118.0134932603988,-118.16649013193864,-118.5798163504327,-116.58667565043163,-116.59781928109801,-116.39227418887185,-116.40179060234802,-116.59528954993091,-115.41844536584749,point1,-116.94689190137753,-116.80917581557058,-119.16197068752905,1.7851143489032153,0.6494361459305851,1.0598436759359369
HDOK,PLOK,17472,13,13,-131,-15,11,2,33,-111.42950849243105,-114.97081624785048,-117.26869635792497,-116.58917184529454,-115.64823082001494,-115.9716509697143,-117.99745436626642,-117.96432009056709,-115.90724086771371,-117.92190304607423,-116.25940189949299,-115.5778405791639,-116.37696777389483,-117.44578880234441,-117.20937522191686,-116.24362380958772,-117.70282216508144,-118.77527297758118,-116.75190369282437,-117.74922625114634,-115.93622505924543,-118.12719713689796,-117.84886631484247,-117.42522525219599,-117.37342500464827,-119.92456509062218,-118.68078513185696,-115.67607681012633,-117.45612231717024,-117.90036447344977,-117.26812729725815,-119.01662931908939,-117.03634401849754,point1,-117.01306574250869,-117.26869635792497,-119.92456509062218,2.1821782408428114,1.4419448815377858,5.006867179973767
HDOK,PLOK,17472,13,13,-131,-15,11,2,33,-112.85341792663017,-117.74798880891966,-115.63457634575809,-114.09071201990656,-118.11609388165826,-116.34634298275301,-117.59892485883371,-115.97531982940352,-116.16695294448297,-118.2228255814017,-116.65121303170758,-117.02557759917286,-118.08310247759621,-116.85622346121072,-116.75285858684954,-118.59040109059677,-115.44676625497134,-115.74461550770508,-116.24910643783831,-118.15387446068914,-116.1034207253552,-115.92612278577496,-116.19232615876554,-117.47884271858116,-116.84121150756742,-116.93208633854836,-116.96388550535534,-116.26925149244461,-116.36264382399006,-116.88968803332827,-117.6274376661708,-117.1037704819901,-115.58218660885967,point1,-116.62362933135806,-116.75285858684954,-118.59040109059677,1.3547099288586943,0.9936763389527526,2.2817520090181636
HDOK,PLOK,17472,13,13,-131,-15,11,2,33,-114.27951573158253,-116.18763831653,-117.18152340455379,-116.85060217102324,-117.86371673159734,-118.10211150706144,-116.90529562273431,-117.23015724010206,-116.3169626984245,-117.39235285367901,-116.98046282791931,-114.97858040234549,-115.31435407590315,-117.26059946065257,-116.1854941678158,-117.70716717060192,-117.12914760815285,-117.08961543979635,-118.53871735086544,-117.7235029225467,-118.69670537736317,-116.3039082518397,-117.91389446312547,-115.85979159588864,-116.51904935801605,-115.88547386229926,-116.60134759123436,-117.52310853550739,-117.23737223195396,-118.57533574402233,-115.96930547902525,-117.28237181562068,-118.12813042610009,point1,-116.96100946775407,-117.12914760815285,-118.69670537736317,1.0345985847017731,0.5261769182787343,0.25141682278350164
HDOK,PLOK,17472,13,13,-131,-15,11,2,33,-112.39626326525729,-114.96505867852845,-115.76749258431924,-115.3916854400141,-117.09034349698398,-117.111924109035,-115.00558535059318,-116.69412696352381,-116.70771030793301,-116.23121979555637,-117.48935484457678,-117.27913640348973,-115.83156641148113,-117.99575700915616,-116.71809694967548,-117.75751769205442,-116.86912557245857,-118.48664961499895,-117.92067920745012,-118.00049168514693,-116.72594089903828,-118.09342645955124,-116.49719290343238,-119.16565751946916,-117.73569974790946,-117.84780530804251,-117.08496174342179,-117.35632588883992,-118.05765477334063,-117.34361272071597,-116.83525842305778,-116.98619240964231,-117.20666150153912,point1,-116.92867199031014,-117.09034349698398,-119.16565751946916,1.5260457107535024,1.5346579031890941,4.2998972230370835
HDOK,PLOK,17472,13,13,-131,-15,11,2,33,-113.3949832089543,-117.12062451673589,-116.48518674856396,-116.28872523337125,-117.22805590985523,-116.26542457997193,-118.21839562443922,-114.62155417200748,-117.38149494395626,-117.20651220697869,-118.7734213324231,-116.96561014289186,-116.2497352498905,-115.34228684351841,-116.10876600409141,-113.8806332157778,-118.32211124178141,-115.00680696880987,-117.3925209681652,-116.43586408813596,-117.6348452024704,-118.40516882839373,-118.53668186157267,-119.5362362417901,-117.51937753479805,-116.73362519835416,-114.91444248851592,-119.42307846366363,-116.93302177469299,-119.39602216922047,-117.52718764442693,-118.3423184629236,-116.69237702309479,point1,-116.9782756392193,-117.12062451673589,-119.5362362417901,2.258033457963208,0.4316001165049437,-0.01904573153140854
HDOK,PLOK,17472,13,13,-131,-15,11,2,33,-113.66560193098285,-115.81791646476483,-115.74636803912219,-117.3306817563175,-115.12678628497832,-117.60272726682462,-116.53443269952336,-117.64163584283249,-117.7912656610804,-117.71658993202406,-117.01576308933674,-116.93052148900773,-117.40772983505833,-116.17623780755882,-116.63537725868991,-117.3951265028042,-117.04940372490167,-117.85433346677227,-117.49400845250786,-116.72430013825122,-115.93371768313573,-116.18604761508165,-116.98288937060705,-117.84723421277344,-117.92682529745471,-118.88459206335637,-119.23002463868413,-118.1805430686286,-116.35475867336801,-117.19917708884446,-118.02885598967185,-117.65864869393162,-115.93114123516447,point1,-117.0303413113346,-117.19917708884446,-119.23002463868413,1.163136541788959,0.766293247319189,1.7021869026847471
HDOK,PLOK,17472,13,13,-131,-15,11,2,33,-113.64506786762793,-115.63314420906663,-113.97428730426655,-114.52557459948996,-113.94643954667211,-118.83464276516624,-115.8521589176253,-118.21129976913944,-115.25215061350126,-115.63460484378172,-116.40740447973354,-119.14788119662357,-119.40955228196717,-118.54504571154733,-117.38030986113625,-117.00320706847745,-116.63159341717383,-117.20120500040532,-118.27879616710855,-116.82920905353997,-116.79918472955154,-116.80583247481914,-116.56222015551853,-115.41782302584677,-115.61009763265415,-116.91106611740945,-115.1534614600802,-118.50556130658832,-117.1355115396819,-118.20853328693313,-117.14764944315353,-117.3676981507709,-116.42587724627681,point1,-116.67860882555559,-116.80583247481914,-119.40955228196717,2.208630893147611,0.19581272413989556,-0.4870133313608571
HDOK,PLOK,17472,13,13,-131,-15,11,2,33,-112.16273892191944,-116.44575613985309,-115.25855322374215,-115.85102010947853,-114.44509142554996,-117.55181104280186,-115.43197619172756,-118.46743343051133,-114.43637023547596,-116.76085117356075,-117.49707368462303,-116.45883607204208,-116.88425658161485,-115.78019278545413,-116.44795836498528,-118.26264456744987,-116.85288064864802,-116.14580301794301,-117.37154872216068,-114.99946535855862,-115.92652749739915,-117.33489731596254,-117.4716875572229,-119.1920313657331,-118.42101805597243,-116.49940486768841,-116.04205540894944,-117.74454125287842,-117.86783257974953,-116.90602636084813,-115.81289738483962,-116.92962425991276,-118.35543832142363,point1,-116.60655284626304,-116.76085117356075,-119.1920313657331,1.9364589555587306,0.8509686106560668,1.7890680821312785
HDOK,PLOK,17472,13,13,-131,-15,11,2,33,-112.81639190943768,-119.7609413234075,-115.59640924174906,-116.73696568506597,-116.23306351236306,-116.13932685091679,-115.5684700667152,-115.39699954900178,-116.30843734820404,-118.00024544528644,-117.44293603760467,-115.99675762050117,-116.90220362558725,-114.66734697864337,-116.93946885287127,-117.80215204820892,-116.02093355705289,-116.76455570706925,-117.63870304885104,-116.80043442093664,-116.61373912685605,-118.08406608176975,-116.55109245515352,-116.89976325564527,-118.60417540239264,-116.32538381067319,-117.98776570058811,-118.34325168997135,-117.82227800422855,-116.9095726197626,-118.24300892219047,-118.70400225510876,-118.78780917601537,point1,-116.95177731302512,-116.89976325564527,-119.7609413234075,1.78638219307374,0.6150444021294514,1.5587857225698234
HDOK,PLOK,17472,13,13,-131,-15,11,2,33,-112.64867213882884,-116.23926484888722,-115.84254082956313,-116.9782924235859,-117.88805244911661,-116.9083359977134,-115.5438847567925,-117.24915823999136,-115.4523173037606,-116.30839508089045,-118.07613867518508,-115.11328309261577,-117.55517289083213,-115.70662305447398,-116.38380609505708,-117.3098991901569,-116.55853654365687,-117.62357173378987,-115.87251380388822,-116.81794675692917,-116.32665795135517,-117.9099943838558,-117.28745761411763,-117.8884624868989,-117.45920278042196,-118.44622590986668,-116.99771078061994,-118.47966864470472,-118.36598222852578,-118.4531184789266,-117.72084855861794,-119.33926777421614,-116.33903460298275,point1,-116.94212236669168,-116.99771078061994,-119.33926777421614,1.5972593896224492,1.0156297588173724,2.583826700098475
HDOK,PLOK,17472,13,13,-131,-15,11,2,33,-113.32844106013852,-117.92545841464148,-116.2940797146744,-115.20973765028326,-115.5441043227314,-117.33387437905158,-117.50640420312294,-116.9409017739168,-115.5707050135329,-114.90121680020427,-117.61383225808125,-116.84610928901999,-117.05770731829344,-119.70210575668963,-117.83062598337882,-117.57267049110189,-119.4442638249424,-117.40668952067094,-118.33467555287442,-115.8570402760234,-115.69724848263867,-116.64066649265914,-117.45710040500762,-118.24404712601353,-117.08694813364052,-117.37203093167912,-118.40313269275207,-115.91296094775343,-115.92927232526694,-115.45771410179276,-116.48884329753461,-119.60665859552694,-118.49527776208309,point1,-117.00038014841581,-117.08694813364052,-119.70210575668963,1.9583572135363967,0.18959703109221476,0.25208653522277036
HDOK,PLOK,17472,13,13,-131,-15,11,2,33,-111.91165211755936,-117.22241817131392,-116.17866132790434,-116.5542018738494,-116.27275888359935,-118.40401129724002,-117.8843152561536,-116.59544969871233,-116.97723975069552,-116.08484101354937,-115.5184514522922,-117.20293036030486,-117.80213785326397,-116.30771253797708,-117.87192987047301,-117.91988383730742,-117.08533511768098,-118.03431962208965,-115.9976860347552,-117.13730431342182,-115.74103709449098,-119.65514440170831,-118.3542173772703,-116.01848586397415,-116.79821243894325,-118.06612978795323,-116.91626864395002,-116.02007689187545,-117.7944202796148,-116.25410479503138,-116.07356970441262,-116.14979526872996,-118.6633710552466,point1,-116.89297193919222,-116.91626864395002,-119.65514440170831,1.7241771982408611,1.2843510072886546,5.169798462244069
HDOK,PLOK,17472,13,13,-131,-15,11,2,33,-113.3611104202191,-115.77364830862383,-114.24187950266804,-117.86183981545003,-114.7693108807863,-115.56710589916145,-115.79491842904416,-115.8655611265014,-116.46122926166855,-115.91975951644635,-116.75889305584796,-116.3954913026852,-115.83551355531455,-117.65600838083274,-118.65701537457694,-115.71659915221068,-117.0983621328185,-117.9555858876055,-117.7443386343745,-118.45875027950913,-117.38982679799719,-116.61324309005384,-116.46983279025932,-116.39680274276019,-117.64860580899295,-116.31374691929696,-116.3877624735906,-117.27985324051791,-117.81181405194697,-116.62431499142669,-117.59369265254574,-118.13799919938268,-116.90620779501197,point1,-116.650503741519,-116.61324309005384,-118.65701537457694,1.3710733902035825,0.6600256356797165,0.6771283812796591
HDOK,PLOK,17472,13,13,-131,-15,11,2,33,-114.94940016809167,-116.37908790514786,-116.18655335164142,-116.21667083599598,-115.88824815796703,-116.52040054160618,-116.39785386341843,-116.97820693734748,-116.22314895603849,-117.33759820814232,-116.45872202326679,-117.17885349829757,-116.98959009826505,-116.76915764171197,-117.09474555758256,-116.5390202005931,-118.04395676252699,-116.5111300373034,-117.29504390481131,-116.37335215687513,-117.03798553702771,-117.46384522406919,-117.22451946638293,-117.23017883266373,-117.12199238618929,-117.82010861262935,-116.91054263187502,-117.6892425367129,-117.34916566563565,-116.61248371420582,-117.76058393741918,-118.25427585342028,-118.20135285724466,point1,-116.93960660794262,-116.98959009826505,-118.25427585342028,0.4866036446281534,0.3204509409335466,0.7027608546740862
HDOK,PLOK,17472,13,13,-131,-15,11,2,33,-114.05221708446831,-115.84919036118025,-114.29697698554918,-114.44512145368161,-114.7428827520483,-116.20750153054422,-116.57410120054045,-115.69640104978701,-116.64193031044849,-118.69544903537896,-117.08459358718997,-114.84997958972046,-117.12986078453356,-116.96761467131252,-119.14951107925569,-117.13309773116184,-116.06481279157563,-117.16384661999354,-116.72110179205748,-115.82178304602265,-117.53307246936711,-116.48904166425551,-118.20362659164762,-116.61330412928159,-118.04788996067609,-116.25875429418319,-116.76110322063545,-115.11000729081888,-117.76874534093879,-117.38802844647171,-116.8345546100429,-113.68913038865524,-118.10071008162453,point1,-116.48745278621361,-116.64193031044849,-119.14951107925569,1.7515175875000997,0.28707149293711604,-0.3168851666416961
HDOK,PLOK,17472,13,13,-131,-15,11,2,33,-114.04398766643739,-116.96174724074113,-115.84587799761044,-116.78172617524962,-117.04508208571237,-117.50764209585913,-117.26467133705087,-116.38859072017365,-116.56324069801826,-116.10746134724708,-117.10309984131037,-116.91950823828209,-116.33060859053289,-117.97962544065317,-117.79944569297021,-116.24708351322668,-117.03700161037044,-118.45678147436713,-116.80877083929082,-118.09590851317031,-117.82438532061276,-118.31148324837768,-115.57243539493184,-117.51588883559758,-117.04703229793543,-117.99023698670335,-116.99292047441712,-115.93250211851621,-120.07149849100259,-118.5772328709576,-117.36211865999317,-117.31985403204428,-117.15477695666802,point1,-117.12000687291005,-117.04703229793543,-120.07149849100259,1.1009725121143412,0.09567579671426826,2.2670682814562926
HDOK,PLOK,17472,13,13,-131,-15,11,2,33,-114.03305113497167,-119.04389564114268,-115.95139810540215,-115.69660468203384,-117.03788099300954,-117.30605439317044,-115.3044706766783,-115.04860338215663,-116.29249159080227,-117.51742348748014,-116.46278736746413,-116.92583612891802,-115.39865487196137,-116.73950246801422,-119.32465818115988,-117.09853963901843,-114.91356366202305,-117.39256599901567,-116.2522306761936,-118.06410068071818,-117.01784973438411,-117.17962485636184,-118.01415900728465,-117.66551669609491,-117.52849314095006,-117.7277764777166,-115.51710196720528,-116.90252292212477,-119.75171430270143,-118.70138021023564,-116.11760055305017,-118.34791878137707,-119.55021871397828,point1,-117.02503609469086,-117.03788099300954,-119.75171430270143,1.876672975904764,-0.057844534821523436,-0.3213553188872198
HDOK,PLOK,17472,13,13,-131,-15,11,2,33,-112.2689183509853,-116.47837023468196,-116.25347561082486,-117.09365965665965,-117.73751065920021,-116.54528250025737,-115.64244978324705,-116.60809789216347,-114.9586947040524,-117.06451202332225,-116.49915408256015,-116.67301585945557,-118.53590543420096,-114.94109564296821,-117.57075523517615,-116.13200338864853,-116.40296568540069,-117.10756006787715,-116.75271804801234,-116.93071327522624,-117.97126500771516,-116.03688493902946,-116.27703107903871,-117.15913649630869,-116.72303100102685,-118.60162847389175,-119.12243114056857,-116.59505516488822,-116.7414640947658,-117.8152668862433,-117.06584739589803,-115.4028126928311,-118.83263084485826,point1,-116.74367707127226,-116.72303100102685,-119.12243114056857,1.6004673811926062,1.0381060601673824,3.689928388591128
HDOK,PLOK,17472,13,13,-131,-15,11,2,33,-113.04233422575712,-116.34806725220476,-116.48581167387377,-116.46688486717912,-116.21063092988399,-116.44686301176883,-117.63353885414257,-116.19400683144417,-117.21893021927737,-116.09685272276784,-116.73756624201076,-117.22626887894683,-117.38566672772787,-116.90349076299489,-117.53937574018413,-118.08037185946827,-118.75169263476103,-116.87030722205051,-116.5483018251819,-117.5639153487643,-117.61448250366912,-118.00454276273068,-117.63278142240844,-116.18975867245663,-117.20284957757339,-116.26594231865113,-116.59896242938241,-117.0805372014043,-117.4024634703942,-118.058629216674,-116.43901807778504,-117.460769218979,-117.88417374892948,point1,-116.9571451045887,-117.0805372014043,-118.75169263476103,0.9256265400595958,1.8182015964703857,7.184437448376034
HDOK,PLOK,17472,13,13,-131,-15,11,2,33,-112.27966542450805,-117.66781282099986,-116.93174940634762,-117.35579813805552,-118.32181611066632,-117.16758648418019,-116.9881770588267,-115.10944060385218,-117.62773775100122,-117.09374995084433,-118.1544915975908,-117.48024209488342,-116.78791287240601,-118.79822218481344,-115.09472654262467,-115.94108980014647,-116.01105644671885,-115.71069249372918,-117.50103486979724,-118.01175564284884,-116.57321469723232,-117.76095016243659,-115.2570148775177,-118.26886441401241,-117.12281711611523,-116.95323408922519,-118.54345780996107,-116.56566062241211,-116.29154180565541,-116.68869022329778,-118.88413755890498,-117.32218506202274,-118.56578901585956,point1,-116.99491865907557,-117.12281711611523,-118.88413755890498,1.721834370255895,1.404232060384329,3.6199169353552745
HDOK,PLOK,17472,13,13,-131,-15,11,2,33,-114.09621773304761,-117.16755871535237,-115.92210755088496,-116.64676694709867,-116.16487792888725,-118.65121960697574,-115.2590615531641,-116.12061206693718,-113.98268859954548,-117.44406438383744,-117.12674829133272,-116.59099942420953,-117.20010284270904,-117.60747502393616,-115.62171419926023,-117.66356103547689,-117.90513964430232,-116.61682479460954,-116.69802098442075,-118.59671291455315,-118.85533115305769,-116.64986271875132,-118.18013314250061,-116.69891629459201,-116.62194294877338,-117.79564587125455,-117.27725763569126,-117.21302032009757,-117.09146143595127,-118.36257337703812,-118.03572184905651,-118.48434691937548,-115.91761187308369,point1,-116.9777666599929,-117.12674829133272,-118.85533115305769,1.3653943973560636,0.7075448355886444,0.6147029647163027
HDOK,PLOK,17472,13,13,-131,-15,11,2,33,-111.8661239880532,-117.62301401791248,-116.8550095305951,-117.40213707739122,-118.15737123811459,-115.96743185944274,-115.93414541705197,-115.84941258815098,-117.02951717452454,-118.16871963015065,-116.27303362609713,-116.58482986357123,-117.19731742977639,-119.73571764286368,-115.94610192888393,-116.78032918830907,-117.37428573891295,-115.94413981630584,-117.36875929957942,-119.05742136382432,-116.15287807291182,-117.3716168104421,-117.40295491509505,-118.58541944526633,-117.51310447361259,-116.22862136511053,-118.0486755349331,-117.44251412384354,-116.29088920131792,-116.0762756563624,-115.31984866797254,-115.19682614297771,-117.8488154035759,point1,-116.86646237069492,-117.02951717452454,-119.73571764286368,1.861051005921697,1.1418705791238302,4.401252578965716
HDOK,PLOK,17472,13,13,-131,-15,11,2,33,-113.36119243744822,-116.6817963437032,-116.93801323543947,-115.2098925897671,-118.6734223312054,-116.43188585876123,-115.94399270282841,-118.53777222262498,-116.60156519080333,-117.04641109897842,-115.6533910173058,-116.68236597423419,-119.09934463246626,-115.86021648825188,-116.49314243843197,-116.21193051323529,-118.24852096006354,-117.13962411978395,-117.09087327539727,-115.15771052198033,-118.0150750153094,-116.04094820025648,-116.3894757186343,-117.61618210403883,-118.02265536344035,-116.79866569985508,-116.54515965861727,-116.85776194787559,-115.85030300688001,-115.28401567868939,-117.36432510936558,-118.24471714910393,-117.60951776630837,point1,-116.7788444354874,-116.68236597423419,-119.09934463246626,1.3792587984230014,0.37958621367439366,0.8890777366257736
HDOK,PLOK,17472,13,13,-131,-15,11,2,33,-112.85183330765021,-117.23518503714854,-117.08021774870072,-115.77498019003338,-116.15426737538162,-117.0373418727951,-116.63728273225556,-117.08380628371286,-116.34831620966771,-117.58371668026346,-116.92001655877706,-115.12994656555296,-118.02618904594065,-117.53037424696856,-117.74658771984143,-117.18989651919892,-117.72817167670067,-117.51528487434007,-115.19474322639847,-116.62774659161234,-115.85598224486772,-118.84916650543072,-116.51792691143633,-117.16127815146112,-115.79741537244755,-115.76981466949407,-119.27649095093517,-117.39761699145072,-115.986143794916,-117.87287403925629,-117.15242538503995,-118.14790816297995,-118.2748122041833,point1,-116.89259878323756,-117.08380628371286,-119.27649095093517,1.4447534489906662,0.9629334920176367,2.619370976638097
HDOK,PLOK,17472,13,13,-131,-15,11,2,33,-115.34400446695057,-115.86492934558026,-116.36821465992955,-117.75838145432797,-115.97028406240665,-115.85916294820161,-118.7037646652326,-115.64735570521746,-117.69870064596681,-115.55812036844937,-116.02180169411973,-116.60250356413448,-115.46695500087688,-117.2256121811822,-117.40942276879008,-114.62213930443613,-118.14764417850594,-115.53566221134481,-116.8291526778035,-119.39788769935697,-117.0521355666362,-117.72483607247385,-117.98253967076433,-116.87463922809053,-118.5956231572759,-117.63734423971731,-117.95140395724161,-117.01108320883603,-118.24048641843531,-118.54109166135699,-117.55006991577403,-117.90584407000034,-117.15106291914115,point1,-117.0378745360169,-117.15106291914115,-119.39788769935697,1.3219353022340798,0.13294161088216896,-0.7730809926920958
HDOK,PLOK,17472,13,13,-131,-15,11,2,33,-113.10934533996536,-117.32461735991757,-113.95458475737821,-116.12878168351546,-115.32052170699207,-118.25066773511448,-117.92237937485618,-117.50574727523092,-116.78060309172618,-115.84897474410481,-116.77102960813906,-116.66390854907115,-116.92871730820224,-117.12871095583269,-117.23432643545301,-115.53503147370088,-118.30320372379985,-118.62299550367555,-117.29210017133421,-117.50254487079418,-117.3999484413271,-116.12735009665154,-117.41049054777362,-116.39541112992222,-117.48171072811955,-119.21487073979452,-117.06885073493592,-115.55528021686804,-118.53536554295796,-119.03444525580272,-119.29730669664112,-116.70759287145351,-117.77456288214051,point1,-117.03430235009675,-117.23432643545301,-119.29730669664112,1.827413222915873,0.7985393220437752,1.2770671623772647
HDOK,PLOK,17472,13,13,-131,-15,11,2,33,-113.4152113035404,-118.17450251351873,-116.78295413304077,-117.03818342921522,-115.30325459514299,-116.57210391062453,-117.32504006879122,-115.07017565499218,-116.81279506432122,-117.85443479137426,-116.29103850013269,-114.54671823170493,-117.5431196959629,-114.9484830049428,-116.92763259011262,-115.07226250164321,-117.39023538880012,-116.07903456930336,-115.11103506658756,-117.03329966004628,-117.00526942257399,-115.76632065818983,-116.07555228017397,-117.81722817325337,-118.57172879929924,-116.99399266296408,-118.99730300953534,-116.80507572683669,-117.09821432430722,-116.77434578658375,-118.03907894838241,-117.12392590427598,-116.80929046299583,point1,-116.64148002524755,-116.81279506432122,-118.99730300953534,1.4467923872633877,0.5563255641766367,0.3711232287323507
HDOK,PLOK,17472,13,13,-131,-15,11,2,33,-114.21504274625636,-115.84586631616598,-116.50033146026954,-116.5619593040552,-116.82508293433341,-118.70303366401832,-115.16756512213037,-117.06235981052941,-116.92160815129805,-117.47524212267115,-118.35232632368827,-117.5723053067951,-116.05225995106792,-117.6813105050837,-115.88240943534272,-115.36964365131442,-116.46589509139007,-116.88051439983616,-117.37944462722729,-117.84811809761113,-117.73598829837117,-116.71842577998862,-117.5249331906412,-116.44598654102334,-117.73830889252103,-117.58421741621834,-116.53669058376848,-115.80914604977492,-117.88644243499202,-117.27870264629651,-118.07977396877725,-116.7725614278067,-119.69616438261886,point1,-116.986959413148,-116.92160815129805,-119.69616438261886,1.1427343138966153,0.13904048214228457,0.8487732347365511
HDOK,PLOK,17472,13,13,-131,-15,11,2,33,-111.46055914296396,-117.77132738829526,-118.1972638014933,-117.87100788515815,-115.75433084147147,-118.318113696121,-115.79967272729473,-115.2679703785995,-116.41967502254582,-115.6491472424945,-116.56289706736915,-117.10330009847665,-116.29890658709013,-115.91784226004881,-118.32220409196316,-117.73932468342169,-117.48900245402234,-118.00649392482636,-117.27352759558629,-117.26021536249792,-117.00688818211962,-117.81704122557316,-115.21650938405254,-117.89094652984554,-116.11978548614721,-117.51201339138721,-116.5641100615854,-117.57084643224302,-118.72270561582422,-117.741905124581,-117.54804618057683,-118.36490874375254,-118.41563101557797,point1,-116.99921574621234,-117.48900245402234,-118.72270561582422,1.9029750693657115,2.030827031808799,6.474519281976404
HDOK,PLOK,17472,13,13,-131,-15,11,2,33,-114.16984632452044,-117.04647595644191,-117.00849001651906,-116.05417148637589,-114.54111634092418,-116.88767636859347,-117.1331663202795,-115.40533873327627,-116.9888885626502,-118.47897498037439,-116.87969824952197,-114.9096703156049,-116.60066337565475,-117.25359168944414,-116.26274802501108,-115.75285431576745,-119.87093547535345,-117.67349074961948,-115.70019925445057,-116.02052479055293,-117.94731948210857,-117.22213408436158,-118.46838827624343,-117.34938526294776,-116.6851407974534,-119.75565868393625,-118.4044026655152,-116.16950969305441,-116.31191237652997,-115.35143898220582,-116.98852218707506,-117.67826333601545,-118.45293516675103,point1,-116.8916221916707,-116.98852218707506,-119.87093547535345,1.7187723943564353,-0.20196325279699592,0.15905794104462734
HDOK,PLOK,17472,13,13,-131,-15,11,2,33,-112.41359965903878,-117.67056898563854,-115.79293619916477,-116.8512102010314,-115.18667239730374,-117.23081931916188,-116.53136424990204,-115.47902557837527,-118.24994964916952,-117.47521562234844,-118.85344329271628,-116.37655044904072,-116.07207100635803,-116.15582960601895,-116.36624657213258,-115.59423597335903,-116.9634755827326,-115.94750674905093,-116.50873966882777,-116.86688207227374,-117.3275500760658,-116.99092844393469,-117.23237564370497,-117.7872663718638,-117.09563954371885,-116.2220716062592,-118.67071052882464,-118.49706430474458,-116.19488821000905,-117.20379234984739,-116.83868262031326,-118.1019203386711,-115.73463798425809,point1,-116.74193548048062,-116.8512102010314,-118.85344329271628,1.440346392991581,1.1172384922669745,3.8431063417653193
HDOK,PLOK,17472,13,13,-131,-15,11,2,33,-113.29986260164077,-118.15705613620788,-116.35864219443842,-118.13213837193186,-116.45933066884841,-116.88542093533744,-117.01545396353846,-115.57998449620531,-114.37545647845963,-115.78311329435488,-115.83887544468907,-116.38225923763399,-116.69437820240499,-118.58121006914493,-117.29338206358864,-117.01270147644108,-116.19600552432046,-117.19097687572221,-117.2253129619767,-115.6247370310647,-117.1247205320203,-116.82543630686509,-116.63003281371532,-116.32065390944568,-116.60966462919163,-116.98752237010189,-115.67388220048657,-118.28431050972013,-116.69471533403022,-119.57848160448799,-117.13948575084291,-117.23540444327222,-118.50101370629928,point1,-116.77853400419482,-116.82543630686509,-119.57848160448799,1.397115678051886,0.4023550415599055,1.7867940949297654
HDOK,PLOK,17472,13,13,-131,-15,11,2,33,-112.83568172472872,-115.62184781243316,-115.70963414825853,-115.76704057320259,-117.31872184558586,-118.00276945579628,-115.2338141680267,-116.39045710559392,-117.11134413967805,-117.73443001553834,-118.28797633778818,-116.17090091054241,-117.50599254693248,-116.06717548275732,-116.58004894546833,-115.65497113398797,-117.47873603549576,-116.32297453332356,-115.68965234744253,-116.46223949992512,-119.83527001721929,-117.99575510548813,-117.73893574776534,-119.20674046588637,-117.04150860442687,-116.86422252151023,-116.68319127699235,-117.94264283253817,-116.96600246697307,-118.21394465079862,-117.0002917088093,-117.13318654965875,-118.27074594435813,point1,-116.93451050469486,-117.0002917088093,-119.83527001721929,1.6408659496476516,0.5615821799573658,2.1652135645912574
HDOK,PLOK,17472,13,13,-131,-15,11,2,33,-112.67508801530454,-116.52198725060906,-115.96704520043536,-117.02416203062404,-115.62906790869461,-116.04179339609179,-118.24004239850139,-117.26883103862586,-117.7356877070961,-116.84986820891699,-117.27439524289768,-116.4296337416737,-117.75894897864019,-118.45400777674436,-116.52368305872255,-119.00986822573948,-116.98409864069453,-116.4712585683523,-116.07996675021803,-118.06470275194793,-117.06890049656896,-118.02204442779903,-116.80866274714768,-117.75515296655334,-118.5327379241348,-118.87231124383436,-115.90162086724816,-116.5325208408713,-117.82161824431725,-118.93803596987495,-118.29816312632461,-116.48892114480017,-117.62296656361157,point1,-117.14144828647322,-117.06890049656896,-119.00986822573948,1.5039600263795814,1.2469523764983363,3.8250900274642343
HDOK,PLOK,17472,13,13,-131,-15,11,2,33,-113.28458983121202,-117.54525795504186,-116.21676235894643,-116.47883306374763,-114.7959124736946,-118.39968550935794,-115.03541514156856,-116.86672260323283,-116.85972220979427,-116.59689323207851,-116.68780074829631,-115.36767950794909,-115.89914025672002,-119.42544076616309,-117.35390313391633,-114.72661247823251,-118.3634451295536,-115.93840502628073,-117.58553791163827,-115.79317244132771,-118.55022978502019,-117.54732215969796,-115.3736345263662,-115.90977382028711,-116.69166765238438,-116.41124685327259,-116.97764871045685,-116.48641700021896,-116.12671431692871,-117.7201531612281,-118.08715325508959,-115.33401211410238,-117.1410839043835,point1,-116.59327239509662,-116.59689323207851,-119.42544076616309,1.6012290374599476,0.1528027731702333,0.3685257932416488
HDOK,PLOK,17472,13,13,-131,-15,11,2,33,-112.31240861879621,-117.84388341197514,-114.60312237102588,-117.96831606794366,-116.4253112377185,-115.89082125655274,-117.59958926587063,-117.30499690597948,-116.01575207134796,-115.11329947203072,-116.03027419949417,-116.16377516256611,-116.90785970416582,-118.80506357837692,-116.69009231613173,-116.65427146103666,-116.19531701543504,-117.15571674787607,-117.40879393698782,-116.97304152833875,-117.83881125815427,-118.30122583338088,-118.98141039262262,-117.16025693494552,-116.0622380126022,-118.9599079293474,-118.21370081692551,-118.01330204848229,-118.13632539523626,-116.37700447567734,-119.31671864992012,-117.99993380857539,-118.85916599275254,point1,-117.09944569328101,-117.16025693494552,-119.31671864992012,2.018691926819225,1.097468456126337,2.4525006002921956
HDOK,PLOK,17472,13,13,-131,-15,11,2,33,-112.08782629774159,-117.90041652405925,-116.23666174523872,-116.41938970316643,-113.50661475006123,-116.43378785575841,-116.62840647938256,-116.7398342802615,-116.10717830755875,-117.17630601926,-116.978491571736,-116.9259813865378,-116.27973902348901,-118.35827475926806,-116.95474965933126,-117.61778090813259,-118.23810710592743,-117.07243311828104,-118.546879794122,-115.58636120487826,-116.78250654993332,-118.02200875527454,-118.93353883146307,-117.01140081497404,-117.131074564739,-116.754936322963,-117.96320277876015,-118.00109171713156,-117.35037859136094,-117.49192019540955,-116.91174579968384,-116.58060408460128,-115.64725167610418,point1,-116.85990549019971,-116.95474965933126,-118.93353883146307,1.7172540738429891,1.7672222725093112,5.021412236945711
HDOK,PLOK,17472,13,13,-131,-15,11,2,33,-112.95880985314876,-117.28706162410299,-115.82798773267767,-116.76211595601377,-117.58632884346315,-116.6560784000262,-116.50083294522854,-114.41795923547225,-117.71394956784593,-116.20181079666072,-116.69771800882525,-116.93705124970994,-116.04738545618105,-118.06253304830959,-116.88144520463264,-117.45416514863955,-117.97231967693892,-117.26309786943185,-116.21198419095586,-117.0787818309257,-118.03772616837384,-118.3936372609398,-116.39364352422507,-116.54920375049534,-117.22421579100741,-118.7104816369743,-119.05513946600864,-116.42797888600352,-116.64366887759913,-116.28245866582044,-116.66957424320633,-116.78967789768335,-117.57966528138681,point1,-116.88716630572466,-116.78967789768335,-119.05513946600864,1.2785051772484597,1.1643795545838502,3.6853605853319915
HDOK,PLOK,17472,13,13,-131,-15,11,2,33,-113.63699912892565,-119.91704065231693,-117.2487738837644,-116.84774499219283,-116.14318708754469,-115.79354580105222,-117.12712482195415,-114.71752644112854,-116.82645077812533,-116.80837004941567,-116.96123850468284,-116.13876484789823,-116.12431232492577,-117.01095643523207,-116.49065400363025,-118.38573355794193,-118.07468886768099,-116.93281734237053,-116.40570013616954,-118.5329813148427,-117.32499614844214,-118.13615347061628,-118.24487081391693,-116.58094968629624,-117.36213705648314,-118.1795124394609,-118.12375881117735,-117.4253221865213,-117.47812087735971,-118.05294634821252,-116.92943046645557,-117.75527696791924,-117.65031592830321,point1,-117.13237582342302,-117.12712482195415,-119.91704065231693,1.2964890616581775,0.6494077430946167,2.242474506667412
HDOK,PLOK,17472,13,13,-131,-15,11,2,33,-114.04902486292629,-115.29013559507406,-115.26882230488098,-115.55332287036128,-117.7522972263433,-115.90792213909977,-116.15591332444484,-114.74920214488633,-118.02418112166528,-118.86059549339646,-116.23009659928266,-116.7323457734862,-117.96473294992936,-117.13287511716483,-117.67868056604038,-117.2889466038583,-117.93456673950234,-116.4021560758493,-114.30576893129403,-120.10564528374303,-118.12276008100847,-117.72662723481342,-117.57917113796574,-116.1172260330047,-117.98006000343119,-118.93554952202416,-118.04412502243147,-116.12910850681567,-117.41610126212716,-117.08022125128531,-117.31336021779475,-117.67583844081106,-115.14901097367057,point1,-116.92898155789129,-117.2889466038583,-120.10564528374303,1.8943737998030494,0.18445953530551507,-0.22208767800557938
HDOK,PLOK,17472,13,13,-131,-15,11,2,33,-114.28906305854669,-116.48237654475884,-115.6392654123834,-115.7192709977492,-117.08055827077672,-118.43983576717483,-116.17902035991088,-117.34896340207833,-116.053961058335,-116.0836909450092,-114.55237946009113,-117.14805888538109,-118.86089337132513,-116.9627837619847,-116.04394488910206,-118.534426408676,-117.07382946645973,-117.1788072439166,-118.35349916746895,-117.20715941885997,-116.20593850487523,-116.28329623617202,-119.44765671673719,-116.80091398484707,-116.45031677352833,-117.33760236863107,-116.46781872948786,-116.284428142096,-116.617411160634,-116.94426121768313,-117.46118369893392,-115.83348033706604,-116.09235273885143,point1,-116.77146813634947,-116.617411160634,-119.44765671673719,1.1995876552386502,-0.27990988171948006,0.6824169806673019
HDOK,PLOK,17472,13,13,-131,-15,11,2,33,-111.48238309494268,-117.2377613835721,-115.7749980004877,-116.32568389442267,-116.87688842997574,-116.79661079497625,-116.31073896106257,-116.73183278645294,-115.63459788590608,-117.00292683762538,-116.55698220988137,-116.82550869336593,-118.18898942198652,-115.9897289421931,-116.49145164192397,-115.64206461385945,-118.13459144959253,-117.9016847984973,-117.93245137782219,-118.45009578356031,-117.4421314619153,-117.02711415433262,-115.78695230793069,-116.33513656276261,-116.1606026816161,-116.80649103901065,-117.01025452296501,-118.03534241974246,-119.31414268499235,-118.46035349872695,-117.09925085898722,-119.03498593207262,-117.69715250933153,point1,-116.92417823140887,-116.87688842997574,-119.31414268499235,1.8369418287066113,1.6898043551472497,6.776891603270874
HDOK,PLOK,17472,13,13,-131,-15,11,2,33,-112.50207007997717,-116.23190578407984,-117.19332657485788,-117.91445605730821,-117.22602132206978,-117.3542461029321,-116.81534557306547,-116.30941541844415,-115.2680572372336,-117.68921626558098,-116.39281351365659,-116.81090831409037,-117.49276591623041,-119.12539204028523,-119.16529261634555,-116.83789900700329,-118.29450487647271,-117.3867896496235,-117.39547295761076,-117.38273007947112,-115.60626595951254,-118.620976755918,-118.2511243451009,-117.86708863759056,-118.01327440689396,-116.66798551484693,-117.01393727506954,-119.1458829851463,-117.49783070878973,-115.73753300970722,-118.11956614953675,-117.28316268591283,-116.64866657123459,point1,-117.18975528459389,-117.3542461029321,-119.16529261634555,1.594071625246852,1.4122047299279235,4.53677520759425
HDOK,PLOK,17472,13,13,-131,-15,11,2,33,-112.01083163517039,-115.73376939664074,-116.01452013605754,-117.69747208753604,-115.68448075991363,-117.29380313703442,-115.66849687137154,-116.6162228569649,-115.35096193597185,-117.81884112441602,-116.0264122520864,-115.18069943016597,-116.64803755685509,-118.17530077946263,-117.74587623993042,-115.74334325713436,-116.65108219800372,-117.88024985118967,-117.69023926904026,-116.11219884416266,-118.45454116535487,-118.04770774733859,-117.78575914503371,-116.05346227721346,-115.6237589279392,-116.17956365211862,-117.83592396365647,-117.54601411325616,-117.78352660472498,-117.72929583252281,-117.9226232262828,-117.79316152940298,-119.29281663885645,point1,-116.84215134675179,-117.29380313703442,-119.29281663885645,1.83306209106417,1.2501487763859682,3.2969529991127984
HDOK,PLOK,17472,13,13,-131,-15,11,2,33,-114.24548112496608,-117.551458558242,-114.68620313284653,-116.0783522136288,-115.81768443768479,-118.26478119038835,-116.9411825675555,-116.13107590848114,-119.06568500146045,-116.56147278740055,-116.56124097378289,-116.30312836297716,-116.79738464710451,-115.05742257565026,-119.55365750066085,-117.58340303847604,-116.67173745198929,-116.75730705128777,-118.52096469388387,-115.50154485110693,-117.88985909496694,-116.33560597628389,-116.74774818067152,-118.30879216282132,-118.37269574364268,-116.32702290956765,-115.72358183468681,-116.89938680802325,-119.25344865805151,-116.23108023776622,-118.45393059466339,-117.64670608404602,-117.12378358721952,point1,-116.96863060430252,-116.75730705128777,-119.55365750066085,1.6230393991916616,-0.09141234262834333,-0.3517090495857267
HDOK,PLOK,17472,13,13,-131,-15,11,2,33,-112.84627892098563,-116.80670503354774,-116.61925231826628,-115.7394238728467,-117.11900969034009,-115.85772139728809,-116.37840025342891,-116.41684727810345,-116.14353886503734,-115.03936516568788,-116.07476928400825,-117.19306616799341,-117.08462892621556,-115.3147433064934,-117.27655505973857,-118.41481411710059,-117.54084022194978,-117.18408333713094,-115.9915282819862,-118.11601851474552,-118.6134216658237,-117.42885078893346,-116.97943945172186,-117.927805368893,-118.74141009803249,-116.41812430793833,-117.58816265774135,-117.00933803595903,-117.9087194231432,-116.98720171693991,-117.27318935806181,-118.38294101436207,-118.05964460122131,point1,-116.92351025762625,-117.08462892621556,-118.74141009803249,1.3685984330190395,1.2035649178715637,3.0455398825720024
HDOK,PLOK,17472,13,13,-131,-15,11,2,33,-114.7784198524657,-114.74916115149864,-115.17152078887234,-116.00170234609496,-116.9855511346394,-116.34409647257628,-115.017017575567,-119.2131673217767,-118.35133144182578,-115.99613498130806,-117.11750549080652,-116.86094765359455,-117.93590534280716,-118.19289249803298,-117.21667044728505,-117.29298046734736,-118.4318912696578,-117.01935608102336,-118.46216904257842,-118.35305979471505,-116.39081166708772,-116.9720333680322,-118.81236417923206,-115.60865865910216,-115.8777301786597,-116.74669883991444,-116.60116311010967,-118.35876996588495,-117.55760371566154,-119.78474689559317,-119.04622914236546,-119.27085739881484,-117.48837666816885,point1,-117.21234924070004,-117.11750549080652,-119.78474689559317,1.818238477960625,0.0841738287666387,-0.7891907388980695
HDOK,PLOK,17472,13,13,-131,-15,11,2,33,-111.85247042150186,-116.19941971433074,-116.40029600836925,-115.30958680981657,-114.82890463303791,-114.96309988104944,-115.93011925018477,-116.76282217172621,-115.93980909657665,-116.39296656364704,-116.64466175701367,-115.88054074333459,-117.00115948257927,-117.10087764925252,-117.09724309034405,-119.71553961181237,-117.72206324075754,-117.2802160878669,-117.9277387656861,-118.35382681839164,-118.70388405788125,-117.49578376009013,-116.7487422784006,-115.59908608880525,-118.79206021373453,-117.35290985808686,-118.39662633348196,-117.71250657284057,-116.74531918167747,-118.73647265706538,-118.4615279848466,-117.68455137938382,-115.72116953382117,point1,-116.89254550598166,-117.00115948257927,-119.71553961181237,2.1783649626122386,0.988607802601995,2.737599233613913
HDOK,PLOK,17472,13,13,-131,-15,11,2,33,-113.59724146874437,-117.17549788581194,-117.59498162383369,-116.79426432703981,-116.78672526054808,-117.4377175046956,-116.42068961864005,-118.66002596786407,-115.99504518592634,-117.42044817258277,-117.13409557385432,-117.83288302741285,-114.55643803114246,-117.36415726466095,-117.13373950286498,-117.55696384339961,-117.1042723908726,-116.98692673373411,-117.63136071887965,-116.67323728133003,-117.03217846882134,-117.23441448265035,-116.82508397673337,-117.13403919117633,-116.89148306056256,-116.64378245746218,-115.31901011358936,-118.63965452796805,-117.3075994489225,-117.32460105005798,-119.7581280787191,-118.04153863071411,-117.91628483852487,point1,-117.08862150635576,-117.13409557385432,-119.7581280787191,1.1942622557922513,0.9049973576390974,3.301982189686863
HDOK,PLOK,17472,13,13,-131,-15,11,2,33,-114.76323725681347,-117.1398176594209,-115.18446673936666,-114.66239241268411,-115.57765954510413,-116.21050550737722,-116.44555389384853,-115.3821798861794,-118.53363678207602,-117.07184421532358,-115.25732354731541,-117.61903289402201,-117.10236258109109,-116.7379373782505,-117.09063197343933,-116.97462446539681,-116.86549914763273,-117.55048379257353,-117.2950420675796,-116.99324461757075,-118.09942010522555,-118.4692222645601,-116.71452094884484,-117.52624552862466,-116.079823491899,-117.04347110022422,-118.2521024860228,-119.25069101986325,-117.45874196967908,-119.38442171744671,-117.32099687874513,-118.4579236103327,-116.9559114268776,point1,-117.01427178519428,-117.07184421532358,-119.38442171744671,1.362283663601675,0.13837064872222582,-0.16147253919314775
HDOK,PLOK,17472,13,13,-131,-15,11,2,33,-112.45188330411412,-117.73477057960005,-116.3152434768715,-117.33817191191356,-117.15798741855637,-117.94650137894534,-117.73369671298146,-116.3601862671194,-116.96633433071956,-115.34894751936322,-116.94870714396784,-117.82367622119368,-117.64890236923108,-116.81700574878158,-117.72881781042081,-116.60142651405982,-116.94489236622361,-117.09587553464684,-118.89508001213716,-116.90755252454422,-115.19230675891679,-116.49676032627228,-116.95697268040655,-117.41293572073754,-117.45562970113241,-117.45579702921766,-118.77027334806984,-117.52702859436825,-119.13327950608937,-117.96393165116933,-115.6169780212891,-117.24043572672736,-117.20497919937164,point1,-117.0664535578533,-117.20497919937164,-119.13327950608937,1.4154279999087795,1.7155867128041997,5.896076714526622
HDOK,PLOK,17472,13,13,-131,-15,11,2,33,-112.54109921235325,-119.09673993267141,-115.10336933256085,-117.20802165465368,-116.86880831577912,-118.0691953108444,-116.96254961664567,-115.52452507435434,-115.98381457305557,-118.0821513342196,-116.28574257063391,-116.21784345623897,-116.47957904687473,-116.28307769510104,-116.58803248247597,-116.78379942464304,-115.94303775161018,-117.64389705131406,-116.60534393430176,-115.778036212422,-117.26044322058054,-118.67181880843792,-119.21730323908677,-120.78363953546875,-117.48767610456639,-117.85636990082115,-116.44399558490002,-116.08701042757436,-116.55385414905714,-117.00663635922635,-117.80241497827886,-118.61712229960017,-115.49847618052632,point1,-116.94955832639026,-116.78379942464304,-120.78363953546875,2.0788709441999567,0.11686311072450097,2.34162795605334
HDOK,PLOK,17472,13,13,-131,-15,11,2,33,-113.58360651208524,-116.07606395114456,-115.46397764980885,-116.49792451171847,-114.39568685948967,-118.43714930814326,-115.7554678012005,-117.73703670764706,-116.37984750278311,-117.64926835658164,-118.39397570930178,-116.98658423922943,-116.25604508828387,-117.19233655222017,-118.14072948055185,-115.22403691916564,-116.85320056012357,-115.64096657019138,-117.71266033965533,-117.00071767726288,-116.7975456076916,-117.24249306774053,-116.92806900531524,-118.04732956293614,-117.41891084044374,-117.70144364554396,-117.6207170061071,-118.41209061159432,-118.32659168528592,-118.3172670813392,-115.25722873053641,-117.77175514562234,-116.61429864092185,point1,-116.90403099780809,-117.00071767726288,-118.43714930814326,1.4384797812100776,0.8563956113748925,0.3992159968406934
HDOK,PLOK,17472,13,13,-131,-15,11,2,33,-114.06980529562516,-118.34845024763072,-116.28050224164646,-117.17583392351769,-117.2539810608952,-118.19809069195198,-117.41590295719378,-116.38521467576165,-117.32119848743935,-115.96825570894958,-116.43899004508525,-116.94600888566943,-116.20959552230919,-117.00354998280757,-117.47609852606904,-116.8373205021313,-117.88668185043198,-116.8686132628479,-117.27123905851629,-117.3938439547374,-117.31947916220547,-116.29764433922112,-117.03780582135823,-118.04800639719932,-117.23370627948995,-117.38719967905526,-118.61103522631751,-117.77431499786688,-118.48728875347065,-116.87254433763775,-117.80716031552741,-116.82723081002048,-117.77640235214075,point1,-117.15845440462813,-117.2539810608952,-118.61103522631751,0.7326574927178165,1.2231978403635408,3.814404852367859
HDOK,PLOK,17472,13,13,-131,-15,11,2,33,-111.99593571027124,-117.42604415047623,-115.17011488766866,-117.31753699650146,-117.38212425907717,-117.80787155134766,-114.80794466772333,-118.71031307281868,-116.84176641310417,-117.44193775998522,-119.47670138660908,-116.78982291998787,-117.26713127183923,-115.81593581180027,-115.01696032574571,-117.82109010659283,-116.43297735529195,-118.79543699544708,-116.26284485834404,-118.58037163474937,-119.69005337750613,-117.86701660248023,-118.80813282060235,-118.18334783640464,-116.89922457581692,-117.95608926710935,-116.16261478333224,-117.32475034172661,-116.38159826119141,-116.98027015981195,-119.36365186228582,-117.97169090526796,-118.53602033474237,point1,-117.25107040192906,-117.38212425907717,-119.69005337750613,2.358993705594744,1.1781416086156447,2.7684614208297575
HDOK,PLOK,17472,13,13,-131,-15,11,2,33,-113.23215003404007,-118.57671493459769,-115.7846698274332,-116.67157035513618,-115.71393897702363,-115.34560988661352,-115.47353129193812,-115.01361349233457,-116.01973652810982,-115.58792387205506,-117.93400078081264,-116.6960334983198,-116.55314228677659,-117.9090299551821,-117.83487774668943,-118.47179335153737,-118.28811323404857,-118.75920487253956,-117.90984312023944,-116.227666569539,-117.8166470138657,-118.08013238495717,-117.93210411118604,-115.88262336140663,-118.99390843476625,-116.72577725898348,-117.65475155561693,-117.35094845341014,-117.61532895977194,-115.84751761852007,-116.24289140136656,-117.21213997062078,-117.62870745314154,point1,-116.93898916947211,-117.21213997062078,-118.99390843476625,1.6385692938202303,0.639639107885237,0.35551540744272225
HDOK,PLOK,17472,13,13,-131,-15,11,2,33,-113.28356095331998,-117.4735199755738,-115.36923287590753,-117.61754332244563,-116.13077135183151,-116.59351885296883,-117.12148303302958,-117.03533143061208,-116.31032755919418,-116.55847212346208,-116.38055397938246,-117.43053186196802,-118.73062990962411,-115.8467210093932,-117.71639915442032,-118.79603475670035,-118.0735526331358,-117.35245509904817,-118.10400024451448,-116.94013465405563,-117.72501392620991,-117.08045245573597,-116.63595915049397,-116.88958049140194,-117.92982293987927,-117.88503827776998,-116.22565937186572,-119.08316097549246,-116.44635815012026,-118.09626492829985,-117.49732358294057,-116.95668887381565,-117.29524310110499,point1,-117.10943457593085,-117.12148303302958,-119.08316097549246,1.167574200127477,1.13743242769418,3.5303066102627745
HDOK,PLOK,17472,13,13,-131,-15,11,2,33,-112.2847420483178,-117.5535765524874,-116.89358590597902,-114.6108752074238,-116.36502445694337,-117.45788443371838,-117.4752271242798,-116.17282695538727,-117.21645592313314,-117.10243527651132,-117.9316813506781,-116.76363843889526,-119.05719435957857,-117.21193214002153,-118.17696597580317,-116.52409408971147,-119.38093886604703,-116.96710233369411,-117.49123502376904,-116.19785166359267,-117.25991361487944,-118.22675540103624,-117.00538325092855,-117.72079540060066,-117.60129461220737,-117.93441700468684,-117.30299675879574,-117.63452881436102,-116.17916925370328,-118.22462473204527,-115.71184381978507,-116.24940166082459,-119.23532259872344,point1,-117.12490045601666,-117.25991361487944,-119.38093886604703,1.6941261017454103,1.474366746389498,4.864222306356204
HDOK,PLOK,17472,13,13,-131,-15,11,2,33,-112.87467834785106,-117.06055374730232,-117.07920310601857,-115.22242397465763,-116.65964548352328,-116.56159095281538,-117.44767632232117,-116.34658145652735,-115.5557318659274,-116.73767116461265,-116.02402572320187,-116.93523492545667,-117.09069339964299,-117.32892330314519,-117.5700939611156,-117.63732717459288,-115.89563098265596,-117.68325275474096,-118.26624304178975,-116.11581217848827,-117.2496201237467,-117.11884951287648,-116.9714779461402,-118.1480665256092,-116.47034942286516,-117.16215428312864,-116.64644494299576,-117.63211786233731,-117.83499948052628,-116.70312206587461,-119.55242143381994,-115.77071753953493,-116.42405552903263,point1,-116.8417391071174,-116.9714779461402,-119.55242143381994,1.202949137279569,1.0495952070879506,4.635591149437332
HDOK,PLOK,17472,13,13,-131,-15,11,2,33,-114.36623684305059,-115.5892313904711,-114.3705887867153,-115.19743629989067,-118.54062611061639,-116.59782465823463,-117.28962905858211,-116.7657287223132,-117.25670006031766,-115.62853821541087,-115.4429781248615,-115.13902460624446,-116.39401547599458,-115.7992619393322,-115.38952525378757,-115.94677816203233,-118.54948538351529,-115.57525344893386,-118.51791244674331,-118.76158083158035,-118.00135348504041,-117.02203228553074,-118.225083893447,-117.15173736281284,-117.63077732206573,-118.4416486159506,-116.71469671596246,-118.20457808820747,-117.65558094994002,-116.17698550539072,-117.48374223252326,-115.9156111250953,-118.08905820699584,point1,-116.78276489719973,-116.7657287223132,-118.76158083158035,1.6251456515219374,0.13552208803172455,-1.1164710934538333
HDOK,PLOK,17472,13,13,-131,-15,11,2,33,-112.34237895058199,-115.64627739051313,-116.20762212988319,-116.67248307248117,-116.942023061982,-118.92896012803996,-116.70552174648469,-117.66825640174902,-117.2326954385682,-115.19976095592261,-116.77215278370625,-116.46940759538523,-115.76736687035438,-117.27162561850551,-118.42962015009724,-117.25918663828071,-116.70942805033388,-116.57955127470873,-116.95897151855239,-117.21221952353555,-117.9821090017585,-117.21275626915804,-117.74279800027233,-116.59253665316822,-117.48033810486146,-116.60805766621115,-118.73692464372506,-116.5556491323684,-117.04539185031847,-118.21768144406519,-116.49991688500845,-117.3998621921362,-118.73289192288753,point1,-116.96310372926074,-116.95897151855239,-118.92896012803996,1.404189289891456,1.584662106834108,5.950924108551606
HDOK,PLOK,17472,13,13,-131,-15,11,2,33,-114.29351637178968,-117.17128943528105,-117.20688720986522,-115.23538385124495,-116.9832550048389,-115.60779937325783,-116.92376577378084,-115.4892058155375,-117.16090199238651,-116.8271869121634,-115.75870885952793,-117.09803043350195,-118.98049989571714,-117.64158034515073,-117.24086181431916,-116.52804957512564,-116.45620157008136,-115.77879392147408,-116.83266398262307,-116.84376258532475,-117.11156602499268,-118.13841391694629,-118.54361499294896,-117.11662266559132,-117.1513786879477,-116.90031090771528,-116.30447048909365,-117.57457280323,-116.59941265988948,-117.88218156987334,-116.8506881587991,-116.40709217230939,-116.86010651927413,point1,-116.83329625126069,-116.90031090771528,-118.98049989571714,0.8413591033330854,0.32751654336804253,1.2598162477181538
HDOK,PLOK,17472,13,13,-131,-15,11,2,33,-113.12021674110242,-115.72193284657685,-115.40601569729559,-116.75275268911996,-117.06134847507599,-117.1381209521573,-116.49385365257957,-117.36676627697176,-117.94566746726983,-116.4854381008045,-116.9857061451865,-116.17407534541034,-118.36027939726063,-116.65749867341978,-116.67699035504043,-115.34147133783921,-117.77599815040415,-117.63311260076074,-116.48933728131412,-116.73806471222295,-117.00644395777306,-115.68006240689218,-117.93301286681123,-118.89924781516135,-119.53196628462241,-117.16811614472675,-118.17958668879048,-117.89618640561788,-118.42549191501679,-116.06751118598049,-117.87669321395163,-117.1870819648438,-116.08612572336305,point1,-116.97764162034436,-117.00644395777306,-119.53196628462241,1.426533556195897,0.6881844947048149,2.1313646233517862
HDOK,PLOK,17472,13,13,-131,-15,11,2,33,-113.02741492321954,-119.1883731173046,-117.59262781186085,-116.77474217727017,-114.91100494993721,-117.2366982955179,-115.24570755096457,-115.97326664342299,-118.15451537816156,-118.27310469867034,-115.03795639902528,-116.77863401480349,-116.42540847829956,-117.04343934187945,-114.28493294779238,-117.06662784701254,-118.21307835175121,-117.36353399629989,-116.15356781616748,-118.57190986714767,-116.62572108354522,-117.8937898680588,-114.76110017356204,-117.38485080040961,-116.60985006888549,-117.00011007869632,-117.95567884504564,-117.84798118613135,-114.36797695218846,-115.84856503757663,-117.40318995266351,-116.95021874299024,-117.59229862915765,point1,-116.71387503107331,-117.00011007869632,-119.1883731173046,1.903859969058926,0.7318235784822221,0.22706116427491851
HDOK,PLOK,17472,13,13,-131,-15,11,2,33,-113.10058396961028,-117.12455593507306,-115.71183493952545,-116.63547395943816,-116.9464962948261,-117.8441602821803,-116.59238989115882,-116.52579418274603,-117.49522842416994,-116.54478758444237,-117.89614950124493,-114.63622978284299,-116.76010338548082,-116.3952057020949,-115.29696424014315,-117.30897008958927,-118.83496435256926,-117.0796817312464,-116.78592904734327,-116.30956891008553,-117.81071873831561,-118.247105183726,-117.01735572871522,-116.950670066907,-116.30122523557505,-114.8694819643756,-116.81344969928014,-117.38658976662397,-119.40907547841712,-118.10069603056131,-119.0208029239985,-117.3457031487189,-119.19593335749926,point1,-116.9786024099553,-116.950670066907,-119.40907547841712,1.6887880165803784,0.6155519376703088,1.4410687491721554
HDOK,PLOK,17472,13,13,-131,-15,11,2,33,-113.15515292614134,-116.4720525526989,-117.78331605712516,-115.4902029403418,-114.56384626643504,-117.49709386332907,-116.06372938348377,-115.0046959173623,-115.89296680034016,-117.1298989703232,-116.84493223263246,-114.70615638657807,-116.64469288834798,-115.96466224599007,-118.99607139337543,-118.71902520978392,-117.07211321431929,-116.7169608550226,-116.9364022701909,-116.50670188291375,-118.87287405525367,-116.80538700289752,-117.90130575786927,-117.87046748327758,-117.28687494396021,-116.42706570107265,-116.22429909046873,-116.24603485493711,-117.5854696910885,-117.66216510830179,-115.13863054325824,-118.01204165213058,-116.70297273160259,point1,-116.69382614766221,-116.7169608550226,-118.99607139337543,1.6046673825212874,0.5189020335114456,0.6629794747345628
HDOK,PLOK,17472,13,13,-131,-15,11,2,33,-113.70319029165087,-115.45510578794665,-114.96839859394575,-117.51175780185663,-117.37616267253074,-116.40828859707347,-117.72044212381891,-115.55962194271908,-115.95863053806536,-116.75873312370534,-118.1327983400801,-116.70890573675065,-114.9136813691974,-115.59343673327356,-117.60798140163074,-115.75051911895723,-117.64279789285695,-116.86450017556719,-116.56781226984516,-117.34890870596479,-118.20637553061138,-116.39196064575181,-117.97470734003844,-117.52153839564338,-116.56249395772676,-117.77705508601368,-115.11618932758185,-117.4905038578434,-118.4689394532361,-116.92184230139445,-118.85789691784271,-115.84906442821446,-118.19032221833332,point1,-116.78425947508084,-116.86450017556719,-118.85789691784271,1.4150273983918928,0.5077189485806058,-0.21494338499267807
HDOK,PLOK,17472,13,13,-131,-15,11,2,33,-112.82828243697907,-117.47845228524943,-115.28241871375093,-117.92903793689075,-115.76451010761494,-117.129074067024,-116.20598951057488,-114.66638190766709,-116.58275038117675,-117.15759199666236,-116.75796133289862,-117.06602179550788,-117.06040114240228,-117.376387369333,-114.85947666135654,-117.88198238280606,-117.81662820243787,-117.67890340744907,-117.89744390638499,-115.04598624849336,-117.29973694670385,-116.81999460035769,-116.06098895316514,-118.07249482573137,-117.72857159489475,-117.54923719966447,-117.66338691541694,-119.00616821329983,-115.37949526248629,-117.24386658482382,-117.25851771916801,-117.3354452521697,-118.185679357047,point1,-116.8505837944724,-117.24386658482382,-119.00616821329983,1.5626793833199175,1.2493254202072328,1.8827133805424014
HDOK,PLOK,17472,13,13,-131,-15,11,2,33,-113.31223212935112,-115.89177154583989,-118.03046676731782,-116.06214932270565,-115.96673790954627,-116.57979704058702,-118.60448395358411,-116.86885845544933,-118.56186822267806,-115.78477943702755,-116.08783435488172,-116.85529725270075,-117.3656382482354,-115.64391861005723,-116.02618287394347,-117.16788308535823,-117.89747726436948,-117.21947429498499,-116.77576601779185,-117.4481570984621,-118.81326830202326,-117.93997432252245,-117.19566631484841,-115.39581902592397,-118.02623010657533,-118.38444766156226,-118.73707044398377,-116.21557062031404,-118.03634614407194,-117.7022210597511,-115.4786701821181,-117.91330785342888,-116.91423588820534,point1,-116.99707884273334,-117.16788308535823,-118.81326830202326,1.4405038310241798,0.7222536073929914,0.9584271107872042
HDOK,PLOK,17472,13,13,-131,-15,11,2,33,-111.51930468753665,-117.84821886727558,-114.97601163507946,-116.26700832647033,-117.64909603566808,-117.05213969043096,-116.21124888449478,-117.522435742331,-115.66183354023535,-115.18164636438617,-116.09460460732923,-117.36486942295775,-116.57326734294575,-117.36442931961587,-117.44202911217575,-114.94509078097232,-116.739004302877,-116.85206938772278,-118.46263371507153,-116.83831960328203,-117.14029894258266,-116.67339294728605,-115.48467720724169,-117.55275152815847,-118.3322709207742,-117.23804993706617,-116.98281232146051,-117.86767870069647,-115.55523373409962,-116.21164492004323,-116.06333665699995,-117.65972540501797,-117.88101333356866,point1,-116.6426711492077,-116.85206938772278,-118.46263371507153,1.6862329777299243,1.8845813184079496,5.977904606439003
HDOK,PLOK,17472,13,13,-131,-15,11,2,33,-114.66147887181255,-117.99388076000423,-117.31517523124215,-116.37238300378742,-118.58106026365081,-116.47137359932012,-115.26560962695578,-116.81100272263912,-116.97021274687704,-117.86242416509462,-116.49997035259636,-119.05661312820774,-117.71650160865654,-116.41440772275958,-118.10023786224146,-117.78968253251807,-116.32186507639116,-116.56920119565352,-116.75174115993727,-117.41094415072047,-117.86266907477481,-117.35582452397715,-116.5779218054706,-116.31265712067393,-118.38898173431889,-117.69091297579807,-117.62501313433471,-116.1019953101403,-116.2435128400896,-116.29477643424777,-117.774556215374,-116.86402279161909,-116.36360343377889,point1,-117.0421882780504,-116.86402279161909,-119.05661312820774,0.8703897742248692,0.1554499038083745,0.18229237651882846
HDOK,PLOK,17472,13,13,-131,-15,11,2,33,-112.63157077908699,-115.59936744159907,-116.22923528756931,-116.25610482117888,-116.05932331110117,-116.3130910900644,-117.23323002885179,-116.73487252832487,-114.4307973663498,-116.55515316038196,-116.2114147527833,-119.47571120946205,-117.51205359029555,-115.75075868058653,-117.94604188594862,-116.37474918549457,-117.31823006010336,-115.56374007261482,-117.44736087220673,-116.63721822875779,-116.74995470334497,-117.17264142424962,-117.47455188083251,-115.55383305133907,-117.67437501390216,-116.62860612197079,-116.82291352564751,-116.64370428495106,-115.5660513548969,-117.72339591596574,-118.07037714372534,-117.53292536614245,-117.75781064177816,point1,-116.65609590246994,-116.64370428495106,-119.47571120946205,1.4142013612964657,0.9179246381310242,3.2465011386139744
HDOK,PLOK,17472,13,13,-131,-15,11,2,33,-110.84568898370497,-117.47443013786199,-115.13088203289767,-115.83126567470188,-116.69790562887135,-117.21579334132585,-115.63196429081127,-116.80496974515856,-117.3993738752295,-115.84384490671412,-115.81763769692277,-117.56892443946052,-117.5459266485829,-118.31074209944113,-116.17656666982901,-116.79967685317023,-116.97658044450836,-117.66056309942653,-117.28260981594549,-116.7635570146206,-117.9224276201305,-117.8946110521685,-115.86012699055264,-118.48678140447927,-118.36865108468037,-115.92163147308122,-116.86318062926084,-117.81759989491461,-116.84572443320681,-116.25460152271259,-117.6715905481782,-115.82897179043842,-118.05158101277353,point1,-116.77473887441703,-116.86318062926084,-118.48678140447927,1.8863547664649185,2.421039440812722,9.445999439531631
HDOK,PLOK,17472,13,13,-131,-15,11,2,33,-114.20392814464326,-118.8817315599247,-115.1846040851346,-117.54596613513584,-115.16168388600211,-117.65464790351791,-118.2042512182175,-115.23273754805305,-116.29806918165069,-118.30859044647588,-116.66248795274312,-115.51792650121158,-116.76918742737826,-115.09477398134077,-117.22438045269391,-117.205461022767,-117.87240123479204,-116.1082303169315,-115.48991746005917,-116.78966370448518,-118.40059439454399,-118.58039776055254,-118.63020673365298,-116.53925193314379,-116.57868666460762,-117.16494107601498,-118.10510665990678,-117.59671135131575,-117.65835749067483,-117.08651206556493,-117.33754019169234,-116.91337306354073,-117.48816942907176,point1,-116.9542572417406,-117.16494107601498,-118.8817315599247,1.374216319287373,0.4621856887384348,-0.4887533593539386
HDOK,PLOK,17472,13,13,-131,-15,11,2,33,-113.3847512044135,-116.62806896134842,-115.74439693275647,-117.80098589208916,-116.17146229886417,-117.83228925685485,-116.72910216048005,-114.46886236622602,-115.60985450210083,-116.39635313477987,-117.94512562991389,-118.44971562081975,-116.34949839420032,-118.21820686942642,-115.94302085152636,-117.15054707003935,-117.04993592413841,-117.71805011075126,-115.7896199011218,-114.54651323230289,-117.64299731208936,-120.99186035342585,-115.77727417073794,-115.90681880662929,-117.05634358341813,-118.16154170928104,-116.17568610394709,-118.49989599915455,-116.35272257475728,-118.96671494521381,-117.410046282313,-118.36261594523614,-118.27491158663449,point1,-116.95472089960582,-117.04993592413841,-120.99186035342585,2.145965400431947,-0.06996479291100029,0.9603243770149441
HDOK,PLOK,17472,13,13,-131,-15,11,2,33,-116.39912580650093,-117.67517084762054,-116.53072549871585,-117.15496196327923,-117.3391745625067,-115.37094899018425,-115.73395330938867,-112.89299604160811,-115.55464139513394,-116.91814847659232,-116.86688887780412,-117.53382446150611,-117.90765368570841,-115.85091915595774,-116.72364143465775,-117.07148858545362,-116.46723709040666,-117.28216862324746,-116.44725328218892,-117.43157422876929,-117.98132608091039,-118.05822584412584,-116.12342048177494,-115.85112076636402,-115.98558734471698,-117.9844012675658,-118.87085408034922,-118.72543181817812,-118.57651660566442,-119.92238436547979,-116.82520623731737,-117.02715565682789,-115.00471742668182,point1,-116.91178316039962,-116.91814847659232,-119.92238436547979,1.6729559662473432,0.47532360220942665,1.8926310904529982
HDOK,PLOK,17472,13,13,-131,-15,11,2,33,-110.96169874109196,-115.84351779905525,-116.27944285581084,-116.89386063888719,-116.47737007133598,-115.67754828060045,-117.56016084594853,-117.89993893201158,-116.30054714926703,-115.0367860460403,-116.6054066627229,-116.391192629994,-116.32376256190271,-117.19236292641445,-115.17896827249102,-116.44187505098111,-118.77498039309059,-116.5914649649601,-117.95863910289417,-119.5543805140427,-117.76348537490323,-117.43674978581603,-114.56530038585498,-116.31036559551598,-117.51410558610503,-117.79180224769098,-116.76833387016484,-118.03413156136786,-117.97104143021794,-119.06918151924523,-118.57619749481336,-118.34891653934642,-117.07495439023845,point1,-116.88389303699466,-116.89386063888719,-119.5543805140427,2.4093418492691403,1.561942591618585,5.182607477772322
HDOK,PLOK,17472,13,13,-131,-15,11,2,33,-112.93667733175705,-117.19359649114593,-115.9805892087265,-115.21471343010371,-117.6435682701119,-117.01506832051264,-118.98476796986817,-116.3987247588981,-116.23439152326286,-118.3222391806261,-116.05191457758957,-115.1948733167332,-117.28779094660842,-116.64927900821272,-116.72167277888485,-116.51436998622452,-118.2688182201248,-117.18143217056335,-117.4809623772777,-118.82074190794737,-116.89092483316539,-118.27380925372344,-116.93598390282072,-117.5977035119311,-118.24551765601687,-119.09560249650295,-116.35992829443332,-117.8667615864602,-115.69608987860298,-118.53584624980246,-117.88289064381881,-118.3951859946639,-117.78828583192308,point1,-117.14123399724376,-117.19359649114593,-119.09560249650295,1.6223578686987559,1.0217528582112498,2.05421011307851
HDOK,PLOK,17472,13,13,-131,-15,11,2,33,-112.18262917369243,-114.84565137552744,-115.7911245453436,-116.09300753653977,-117.15005752778194,-117.04087029199242,-116.87989452470516,-117.19938593007932,-117.47416079728404,-117.60241575667327,-117.28702963518101,-116.19784115126178,-116.50688162604935,-116.38959609659834,-119.33304245926172,-117.94980282742138,-118.7378389269031,-116.99651467413592,-117.5456951067877,-116.47322254205108,-117.26187451240885,-118.36608670163736,-116.3897704020105,-116.71330251235075,-118.03220874006134,-118.61939277208128,-117.48957382399657,-117.73527611647914,-116.2033505736773,-118.88377836181849,-116.43235956737452,-116.6139588479815,-116.30321374592712,point1,-116.99153967221442,-117.04087029199242,-119.33304245926172,1.638660530297099,1.3756565255377684,4.9576246181553
HDOK,PLOK,17472,13,13,-131,-15,11,2,33,-112.09499815170248,-116.59760919010965,-115.63872965265774,-116.5349792344251,-116.14914527040138,-117.31676047536382,-117.35014613302104,-115.90098140050014,-118.40919396795303,-115.24403554866987,-117.15022440973758,-116.61788591225347,-118.64108113681421,-118.62471240787322,-115.35815103795723,-116.15161028766508,-115.89590458392894,-117.5371670607762,-117.21313341556179,-116.77995660462655,-118.21862993951358,-117.85883851399439,-116.95569632113107,-117.3191448558757,-118.13175046339074,-118.69068688801443,-116.9023906139297,-116.4179394948137,-115.75417699063833,-118.06791698412017,-117.11700622793319,-118.83260291232922,-116.33441344929291,point1,-116.90326059202955,-116.95569632113107,-118.83260291232922,1.7286487371725126,1.2923152393247577,3.937042759786219
HDOK,PLOK,17472,13,13,-131,-15,11,2,33,-113.00334708506404,-115.38863043922359,-114.5017501142761,-116.98968327008319,-115.10232265656428,-116.00975828644079,-117.63372632413264,-115.70615003480556,-116.43885772106844,-116.64126440759757,-116.3922362649799,-116.76518607759552,-116.71378317819543,-116.98042326403257,-117.52871275887634,-115.98683374217603,-116.79620899427452,-117.06582224184778,-117.34790876295759,-117.42928969311758,-118.6409301878086,-116.71731516462593,-117.47483713823028,-116.39960297132184,-118.1034157520931,-116.8181487027616,-117.58047924762805,-118.58457453377109,-117.62059711080826,-116.38330864638456,-117.00724505435285,-116.12034074503038,-118.36751424796833,point1,-116.73455166121497,-116.79620899427452,-118.6409301878086,1.2914305599721756,1.046739452994246,2.422723107542088
HDOK,PLOK,17472,13,13,-131,-15,11,2,33,-112.09597326301612,-117.7136870882168,-116.57412275116985,-116.16377954209264,-116.48065178518256,-115.86840717639848,-115.08685165048898,-115.80512323533782,-115.06821020896226,-116.77182497869556,-117.84801916367844,-117.28586428982338,-118.25473746701411,-117.37640623927767,-115.8978174390938,-117.70529651801588,-118.06200319562755,-116.67000587286347,-117.87580370983319,-118.32585624607702,-118.56107727118825,-116.13053709564372,-117.23134881643793,-117.52551997457232,-116.62673343807819,-117.21454003028119,-118.22237280045994,-117.73509782144995,-117.02439045168205,-117.45735202454232,-117.52346396168876,-116.96334804136656,-117.13643863250395,point1,-116.91765642972004,-117.21454003028119,-118.56107727118825,1.5113570319379988,1.9122582370752934,5.858774592134788
HDOK,PLOK,17472,13,13,-131,-15,11,2,33,-112.78991981448357,-117.03656211466728,-115.58260722953379,-117.8471534073598,-116.20677887948827,-116.08430002090329,-117.3585444604357,-116.5858288240959,-117.14356748356292,-116.16473529114481,-116.35308580300718,-116.90774025764053,-116.08059892064897,-118.46433679412071,-115.89233746445619,-117.05510763569652,-116.87147555191527,-118.04323104054119,-116.24844038245448,-118.44573028116776,-117.65710878802719,-117.63205173386751,-119.27933353439661,-115.65298211235283,-117.52690357084168,-117.14933082524195,-117.26622431739293,-118.21783028891367,-115.48125899876125,-118.42336374581016,-115.71745401852877,-117.18363805686988,-116.67688824413126,point1,-116.87958939068061,-117.03656211466728,-119.27933353439661,1.4144658570600863,0.9101511806907838,2.9160550141077377
HDOK,PLOK,17472,13,13,-131,-15,11,2,33,-112.84576584654832,-117.39221968099396,-117.55809694460007,-117.31797993911648,-115.6904289406483,-116.4320290807369,-117.48399862170706,-115.16097889531679,-116.81587562441948,-116.70759042193467,-116.78891075457686,-116.67944615101706,-116.69335972616422,-116.82079279396606,-115.67414604253017,-117.17567605011452,-117.07492988878788,-118.6380816345618,-117.48357011867371,-115.10185649569132,-117.26636766649223,-117.11493959593238,-117.99655634731927,-116.33522725510903,-117.64541494632094,-116.71320387113848,-117.02271885719793,-117.62529593537695,-116.15772780297989,-115.90163076879423,-116.8232443197509,-118.11807091978262,-117.20796823416676,point1,-116.7716393991657,-116.8232443197509,-118.6380816345618,1.0943719369511917,1.6344342221966974,4.8577318923466315
HDOK,PLOK,17472,13,13,-131,-15,11,2,33,-112.55163402812434,-116.57037673787853,-114.25440249825607,-114.0218197953288,-117.60328094807251,-116.31421596719272,-117.63383599042963,-115.73230847510251,-115.75216809735892,-115.43198445177003,-117.50771300672484,-116.26305691314515,-117.69798975751911,-116.88846492266754,-116.97183905056754,-115.35872649906048,-116.18583150849534,-117.26490417598067,-115.8517477666216,-117.3390618690936,-117.28344325656485,-116.54723773661686,-116.48287969801278,-116.68269822589912,-116.37013120459751,-117.2533256404835,-116.14914228818057,-117.69775149509168,-117.10851175718206,-118.16193952168295,-115.65066145138984,-117.30989840423315,-118.66718738117385,point1,-116.501823349106,-116.57037673787853,-118.66718738117385,1.502851515163237,1.1727990323715622,2.2094900572056377
HDOK,PLOK,17472,13,13,-131,-15,11,2,33,-113.02733108643909,-117.73811485020347,-115.00663319790803,-117.17889407599593,-116.01478536196068,-117.02535293930235,-118.56373900873692,-116.30910854415654,-114.66515567877782,-116.33101330439888,-116.23283044553742,-118.5772361608786,-116.06040204401954,-117.04217067645547,-118.6782029099546,-115.94202961140648,-117.54671025137056,-116.42527387335407,-117.6685788700311,-117.57241686472733,-115.59110762086596,-117.35848093181843,-116.82157553912438,-115.63114045108588,-116.31922891482944,-116.93587011521517,-118.32604928640318,-116.93090908467724,-115.29001915774553,-115.83835424269522,-117.7955309588304,-118.63631460570507,-118.3792685662343,point1,-116.77150997669227,-116.93090908467724,-118.6782029099546,1.6193624334711265,0.607270101612062,0.7353613371035936
HDOK,PLOK,17472,13,13,-131,-15,11,2,33,-112.46496101701936,-116.74854638592794,-115.49652771623697,-116.55557737387075,-115.44163817544212,-115.07699366186468,-117.50217215189839,-117.52979912969485,-116.14209277074819,-116.64853341517555,-116.4180191792826,-117.53407839873095,-117.75549714119002,-115.71258968658134,-117.27407246288436,-116.0643116112211,-118.14626239629689,-115.66600201412167,-116.93617799752285,-117.6174503409971,-117.09076346173323,-118.23056357442269,-117.50654356008673,-117.62968046742397,-115.60463556976559,-118.13944603471943,-116.62573856537774,-116.94214133364389,-118.81284626301012,-119.3758089591254,-117.257315142064,-117.94435741064204,-117.68679754681051,point1,-116.89630123986466,-117.09076346173323,-119.3758089591254,1.619948005024864,1.1258144017613865,3.1193165190815537
HDOK,PLOK,17472,13,13,-131,-15,11,2,33,-113.05597082524267,-116.99108266796384,-116.31718912294336,-117.19171308371197,-116.26194406041478,-116.00262146281229,-116.20151886432072,-118.39690994416748,-116.21926008635795,-116.92619858354996,-116.71320953581369,-117.85657960016204,-117.58633703242728,-116.12493187982966,-116.58411297492792,-117.55286576037756,-117.19277508898523,-118.23482621008527,-118.14490441169633,-116.25789498892608,-118.51098303816931,-117.83438833340642,-116.78229005873554,-118.34477796774914,-115.65585634305826,-117.08444113075804,-117.85786307550538,-116.95154441680164,-115.09012865074081,-118.04111649666785,-117.28958617453537,-117.69849820312562,-117.60543969269966,point1,-116.98665938686877,-117.08444113075804,-118.51098303816931,1.2024447171264936,1.3757905203125946,3.521045642920329
HDOK,PLOK,17472,13,13,-131,-15,11,2,33,-112.92298673907847,-116.40430254502108,-116.04910607478875,-117.47266352401795,-116.8727134950937,-116.59908248856597,-116.48257979387895,-117.2511968814979,-117.65308842186796,-116.69964090487966,-116.90812656857474,-115.80156623498645,-118.28833972054593,-116.84580253905129,-116.22719083257013,-115.3889633944829,-117.95449742694942,-117.28235990004491,-117.78406951442825,-118.07072101502452,-116.74615313117866,-116.95906204780259,-116.25844824032029,-118.11915298988566,-117.0577641868264,-117.78144219678441,-116.05242691108495,-116.32290822530527,-115.72066206908951,-118.17124228267194,-117.85670788262205,-116.12758665269199,-117.20718255064807,point1,-116.82847689037156,-116.8727134950937,-118.28833972054593,1.0792859585080632,1.4739203796438034,4.577720440752893
HDOK,PLOK,17472,13,13,-131,-15,11,2,33,-112.8195387710092,-118.4851515972164,-116.9970894768772,-115.71543917658045,-115.08771539883507,-115.52013167122301,-117.87477572087214,-117.42989429437475,-116.19618333065402,-117.87655988305089,-119.45971193309842,-116.13338437791599,-115.86236038923789,-116.49266699406888,-116.23164814112963,-116.24031755526264,-114.38150683099524,-116.74351314696125,-117.90287883827861,-117.6687129094287,-116.72488936205535,-115.53443856533896,-116.67908808759668,-115.98657259579153,-118.85095385710018,-118.88571769916973,-116.24143008941374,-118.03070773022988,-117.93696920111651,-117.26196077385494,-116.11433446195568,-117.06442345728745,-117.52902550756055,point1,-116.78665732804672,-116.72488936205535,-119.45971193309842,1.8101405648982092,0.4972617362601338,1.071706963374592
HDOK,PLOK,17472,13,13,-131,-15,11,2,33,-112.64628936744674,-115.52190049978161,-115.69933057703406,-115.90594073609579,-116.98761478525788,-116.98156542042057,-116.56951345899844,-116.78764536261588,-118.01426372173474,-116.1915651616855,-117.11258260398176,-116.92130662279705,-118.47365597226911,-116.55040015720917,-118.29699536837835,-117.24175163427543,-117.88312969059665,-117.0761289126677,-118.45145061411212,-117.16535348274644,-116.43146156757275,-117.42386199711159,-116.99593017682086,-117.1131848340095,-117.44864223443037,-117.90818998581236,-117.49601938028529,-118.24875207854326,-117.69868622803246,-117.28021984072123,-118.29742515485069,-117.52224293794069,-117.42436502421603,point1,-117.08385956334703,-117.16535348274644,-118.47365597226911,1.17613754265026,2.091810028437965,7.3473439592126795
HDOK,PLOK,17472,13,13,-131,-15,11,2,33,-113.05423548222952,-117.07242775439431,-115.58760510110102,-117.28476292208822,-115.81451316909325,-117.36075755441223,-117.19401114132882,-118.2786902165864,-116.51056550245566,-116.99618812453285,-115.6339366601175,-115.98861981278368,-116.75207004291717,-116.80129538114473,-115.88511630348897,-117.35062722026244,-118.88058407211464,-117.10502293268084,-116.68877723034755,-116.33051510322542,-117.82980500912855,-117.73629541224548,-118.30697344670993,-116.25658824829787,-117.30716444776965,-115.75666592907706,-117.45017118205726,-118.81205798362998,-117.31015494266968,-117.52212647557768,-118.61382959044118,-116.68887207193079,-116.33748940125994,point1,-116.92419745054848,-117.07242775439431,-118.88058407211464,1.2570892712887674,0.9476822059097301,2.978607626735766
HDOK,PLOK,17472,13,13,-131,-15,11,2,33,-110.9692333326231,-115.52792791259931,-115.5545760127826,-117.22996245305987,-115.96444723545146,-116.49518418225301,-117.90293513210445,-118.31661411451807,-115.99933730487287,-115.72940907790749,-116.53111712885622,-116.97321119415223,-115.66826317445556,-116.18243954392821,-115.77742822819289,-117.6339583696722,-116.89093338536769,-117.56660810447144,-115.58853238689207,-118.99529505994155,-116.1566308950834,-118.34544734590783,-117.28976975320539,-115.33824457397023,-116.13150742864461,-115.50043192355731,-119.97634197008709,-117.56752295273176,-116.70020442541605,-115.84124633600649,-119.24106304311728,-117.81169369852196,-116.51248688125487,point1,-116.6639395321699,-116.51248688125487,-119.97634197008709,2.400350740237578,0.9830335205359156,4.576523881829621
HDOK,PLOK,17472,13,13,-131,-15,11,2,33,-114.09082180263074,-117.09243769389981,-116.83155300161202,-115.5874343796142,-116.0544083768956,-116.6478543224808,-116.39329437472655,-116.54656733651042,-116.20065325156415,-116.32154161529014,-117.04011096680046,-115.02904765739642,-117.54015375491822,-116.75670372620628,-117.0158889366942,-115.81259064409852,-117.76282176058372,-116.57691316300335,-116.78672734638933,-116.92892981184013,-117.94127792049525,-116.4461324468979,-118.228679050448,-118.37995372072608,-116.37965285735578,-116.14180714915508,-118.96537884790197,-116.75648807184953,-116.73042550475402,-116.75491834991361,-115.84697941782106,-117.12809757644618,-117.16887042362687,point1,-116.7237913715317,-116.75491834991361,-118.96537884790197,0.8571235342736128,0.15515073160264264,1.5955307643626102
HDOK,PLOK,17472,14,14,-130,-13,11,2,33,-114.82703332308088,-117.68455242291962,-116.81596502652185,-117.53277130833222,-117.73709440725922,-115.53164644274663,-117.35089121277525,-116.034541300957,-117.71716215404345,-115.80569450765702,-117.67300773634966,-117.7929010720237,-116.86833417590924,-119.39129649765798,-117.72685216258384,-117.43047790180661,-118.25359653475262,-117.21989547785532,-115.76411241818838,-116.62849176940769,-116.16272560660045,-117.95682789705079,-116.67425757914495,-118.05987261070194,-117.78107491932825,-115.7276585683427,-117.88745854683357,-117.21772616838999,-116.57241380464748,-119.30445343882238,-118.54512210464036,-116.9956381815887,-117.51444096635578,point1,-117.2177572195538,-117.43047790180661,-119.39129649765798,1.045760583244071,0.18119488450140042,0.09416447265276284
HDOK,PLOK,17472,14,14,-130,-13,11,2,33,-116.66641850170015,-116.84173016378546,-115.48360254695656,-116.72108601426636,-116.77924102764986,-119.21451124323814,-118.23877839336188,-116.8865256628715,-116.28892832265556,-116.3395210087644,-117.87481157135065,-117.56605265294445,-117.75596685940853,-119.18379399327222,-117.09860301445333,-116.29638032865775,-116.24733712530917,-117.64843705996587,-116.7642734692473,-117.8093257867919,-117.40492386793193,-117.95808126579117,-117.41568240978084,-117.13081278712734,-114.44563277921232,-115.7719809522658,-116.68155278177056,-115.52010816968212,-117.32692196251149,-116.9646970357908,-117.40798983693608,-117.43547729488748,-116.65539416458732,point1,-117.0249872743917,-116.9646970357908,-119.21451124323814,0.9315954435509984,0.09425147774385154,1.1038002175925468
HDOK,PLOK,17472,14,14,-130,-13,11,2,33,-115.38236735791186,-117.54242181620745,-117.16072166540185,-117.63005948845868,-116.63894834649935,-116.38101189739342,-118.59116164409332,-117.44191670481737,-116.9810999390429,-118.7148029966492,-118.37465605772601,-116.30360800221024,-118.74444045852235,-117.98337834295553,-116.71663772607171,-116.15532806564043,-116.80846598001679,-118.36243122147931,-117.10643403275138,-118.3877377955292,-117.75617647729105,-116.82013705097005,-117.7492497704058,-117.16090755456688,-118.21933793067758,-115.9195277340393,-118.41784541411944,-117.17193981768068,-117.19663620234311,-116.56812697953043,-116.42957067219469,-116.82579220512301,-117.12698177745862,point1,-117.29605633714479,-117.16090755456688,-118.74444045852235,0.7307244835158222,0.006789996638549102,-0.6707592044337729
HDOK,PLOK,17472,14,14,-130,-13,11,2,33,-117.59698669966795,-117.2168709905508,-117.91582293507439,-119.22859408193187,-118.30411930507918,-118.08692702759409,-118.26123606454263,-117.89949351019553,-116.05641210002098,-117.26116102854026,-117.54227132903185,-117.49507741896991,-118.33406879830493,-116.38308037841762,-117.1240507117446,-118.3172289900425,-115.02944987465612,-114.16945938680796,-118.23507542947213,-117.52020485318803,-117.45790225695374,-117.06641269834597,-116.5914937535624,-116.78710302725437,-117.01121799190963,-118.63448198649539,-119.87441451888843,-118.28165458331863,-117.65568559774594,-117.97245167726837,-117.75404483914635,-117.99956252951333,-118.11595124834457,point1,-117.55090810977516,-117.65568559774594,-119.87441451888843,1.1444336334782197,1.0326692730823472,2.6497640115698737
HDOK,PLOK,17472,14,14,-130,-13,11,2,33,-116.75718999661792,-117.95946183223461,-117.56118997852165,-118.79571905498322,-117.90825473545846,-117.77028078228847,-116.86697661372034,-117.06275692954038,-118.00199125604148,-118.11678441893291,-117.75581324008111,-117.389063941626,-117.8555231740605,-117.11539641191027,-117.2755646637061,-115.9323510762089,-117.77482542773727,-119.22071574882209,-118.59854083161385,-116.35398553128469,-118.544099143563,-117.4167297962189,-117.80673476392435,-118.42844304719974,-117.98306090262555,-117.47517326062247,-115.93822028256471,-116.83898708795735,-117.62927159901653,-117.13077482781735,-117.82013340833687,-116.21415139109388,-114.68938634742733,point1,-117.45416822738662,-117.62927159901653,-119.22071574882209,0.8251038225738814,0.8292519542662117,1.4362246592597034
HDOK,PLOK,17472,14,14,-130,-13,11,2,33,-116.56345067982711,-115.8453202648987,-117.21655778991038,-117.84002620711222,-117.12177794065039,-116.91987630358054,-116.82790614993009,-117.01473958740429,-117.31094608514806,-117.50076453408091,-118.14690226869094,-119.35148617128394,-118.87051652949702,-117.81949917708101,-116.79454263385816,-118.47743695734597,-119.37306580681539,-116.57160811857351,-118.1645754236985,-118.53088086452811,-118.23363930978786,-118.04658643004403,-119.27097711405769,-118.57676638334702,-116.28310434235797,-117.2901189838222,-116.72193746609139,-117.49961629253372,-118.37352621179829,-117.737185339693,-115.09627443922884,-118.33173332129338,-118.92684472372424,point1,-117.65606635914227,-117.737185339693,-119.37306580681539,1.0288575448356876,0.29565878644491167,-0.17260713892075907
HDOK,PLOK,17472,14,14,-130,-13,11,2,33,-115.3783703648943,-116.15590051458409,-116.32242724321834,-118.40391744678134,-117.02887392161635,-115.8230419978377,-118.07596454755611,-116.09484425480439,-119.05443461733563,-118.79879274102,-117.22107618795529,-116.98267038012712,-118.4212217191398,-115.81087065790027,-118.1272241917172,-118.78204364350687,-114.68275388120834,-117.68561489263878,-117.60440977504838,-116.88571573455604,-118.36911914990394,-116.91689169176801,-117.82413899792587,-117.11732183763263,-117.59379094097112,-117.1131621314026,-117.05152486334298,-117.0684820270266,-117.5737816136532,-118.27776511531435,-117.8837696547024,-117.73097683634288,-117.72729186520698,point1,-117.32085410420119,-117.5737816136532,-119.05443461733563,1.0331890461248268,0.5893382880170376,0.09573718535664533
HDOK,PLOK,17472,14,14,-130,-13,11,2,33,-117.13560055899059,-117.6070777251807,-116.46306304640477,-115.21501412473293,-116.9707933351068,-116.66430418355587,-118.99187026504636,-117.92416021008397,-116.85186638283984,-117.55263277133629,-116.35121449204847,-117.53389938882454,-118.78718350464665,-117.49413882186929,-118.46150423927887,-116.92675995331652,-118.59611640708368,-117.25268802780822,-114.610067005094,-117.21884720006685,-116.80441321023287,-117.58148322614191,-116.47905396340853,-117.39808716084028,-117.97690022842478,-117.06741545166436,-118.03202049454164,-117.88767098746959,-117.79043268965708,-116.41036423308522,-117.52122052955443,-116.42765186061939,-117.54771941078434,point1,-117.25858288150721,-117.39808716084028,-118.99187026504636,0.8201167698057081,0.677504025028929,1.4507434668155281
HDOK,PLOK,17472,14,14,-130,-13,11,2,33,-116.19360896400146,-115.61680303070145,-116.84793014476081,-118.16125470314589,-117.34557872492442,-118.89080173702676,-116.25385756899011,-119.22128292470043,-117.48418608685114,-118.17112927469,-117.53207715234626,-117.86458923967199,-116.95011053873873,-115.9883835054102,-117.63377443025351,-117.5759415965436,-117.11759220769619,-115.6438636761746,-117.81523150739982,-117.09214575814374,-115.78183360348991,-117.1074403994661,-116.58441058407988,-118.56022453483945,-118.3324527339346,-115.9625800391129,-118.06162917435947,-117.6831871562361,-118.07576807603921,-117.04628679873788,-116.38351688490636,-116.97028829432016,-116.13849879698716,point1,-117.21479575299031,-117.11759220769619,-119.22128292470043,0.8894046342042261,-0.05795197709118595,-0.7239540165749525
HDOK,PLOK,17472,14,14,-130,-13,11,2,33,-116.09749160364404,-116.941924157427,-118.34216789157622,-117.46947224435978,-117.12025735913205,-116.06180346968152,-116.9566291835729,-117.4602285183549,-118.08321755323567,-118.9598329635587,-117.69754720789793,-118.84506588218196,-117.43698372230764,-117.27513199082306,-117.7983971496023,-116.41233841884419,-117.884491846102,-117.97659266222955,-116.9602303288123,-115.88827795682361,-118.9621134719581,-120.34329677064885,-117.1639446483198,-117.91191838201175,-115.60602129278895,-117.62082641945302,-118.56176488135894,-116.16459825778531,-119.06655076156278,-115.23606461220953,-116.70916662356922,-117.18995075359683,-116.95126053266581,point1,-117.42895634903323,-117.43698372230764,-120.34329677064885,1.2079046929267085,-0.31107488344565143,0.28459873185797235
HDOK,PLOK,17472,14,14,-130,-13,11,2,33,-115.1880851986781,-116.67856319082924,-118.65670244357591,-118.13072613925755,-117.42436654821654,-116.96212322026132,-116.41875074368002,-115.73672782393346,-118.65027000350341,-115.81526534531973,-117.48554155979357,-116.83900913103137,-117.0241044330051,-117.2503258952848,-115.91708119021365,-117.53661348909992,-117.40744000820831,-116.75791629362782,-117.35956156176232,-115.60160120188148,-117.70974072200673,-116.90782064052505,-117.11005744746042,-118.68747734377533,-117.0997763371806,-115.40475325879281,-116.92475496430359,-116.27248804699053,-116.74723681243518,-117.91214723966266,-117.04519205480925,-118.81593616922353,-118.20278868849809,point1,-117.08124076202508,-117.04519205480925,-118.81593616922353,0.8979655873200019,0.03610450313778553,-0.43011101465339374
HDOK,PLOK,17472,14,14,-130,-13,11,2,33,-116.89549031362596,-117.12396469319401,-117.41248837954639,-117.41174472300716,-117.2333968779226,-117.39886012649286,-116.55435984063001,-117.88798119009103,-117.72508683908961,-116.90569122956964,-117.57753173207409,-117.02132354780079,-118.73797968688899,-118.20483480149268,-117.55845649124448,-117.01192728894591,-116.06309548806159,-118.48956783978936,-118.14110363191726,-118.71079232878,-117.64340649458009,-117.06551209892748,-117.1785832748734,-117.83153243839112,-117.70808481175568,-118.36857985505799,-117.59167013699673,-116.95903244366296,-116.91548024741668,-116.67591400739528,-117.78857289549248,-115.66230043072315,-117.8244568398235,point1,-117.4326910007655,-117.41248837954639,-118.73797968688899,0.46780785593011376,0.2548710541649715,0.4158956250971362
HDOK,PLOK,17472,14,14,-130,-13,11,2,33,-116.8211240527304,-117.15896348752264,-117.87447288409174,-117.1591390152067,-115.30613656397763,-118.1401085083608,-117.32292171112205,-118.37616689643077,-116.43812369732585,-117.3608062647788,-119.13653020750104,-117.042772342374,-117.38574953362381,-118.24035561092519,-117.9780745081348,-116.97670950176914,-117.73781568652169,-117.50915923903337,-117.9695704311109,-117.6550289647004,-116.57450239830047,-118.00178208440411,-118.51379597878272,-118.45050204238984,-118.87917556757697,-117.76934308364194,-116.04840549148635,-117.91103488209407,-116.31681186447852,-116.34063203798854,-118.46535500454091,-117.46799293164571,-116.46523544974686,point1,-117.47861508861573,-117.50915923903337,-119.13653020750104,0.7356770364429293,0.3709348045064372,-0.09378121215535362
HDOK,PLOK,17472,14,14,-130,-13,11,2,33,-116.49177375115734,-116.35750712785938,-117.05167078766272,-118.02190169691278,-117.42112197013,-117.15554636179891,-117.29682191618487,-117.03816313349833,-116.73028843431555,-117.46929594839507,-116.22274811108635,-118.67591898461237,-117.02076511841808,-116.6891470300332,-118.01055630639962,-117.85258771944751,-117.40479170342078,-118.66599969673302,-118.65410541979206,-117.81751576504486,-117.3983213089632,-117.28895065937837,-117.31497372306887,-119.92358407008149,-115.9768933817498,-116.72123230698577,-117.69887766395894,-114.9201434789887,-117.05138934919182,-118.14937726407476,-116.89302424667093,-119.26238872501345,-118.2449451570424,point1,-117.42097964600215,-117.31497372306887,-119.92358407008149,0.9359515608812095,-0.1893397293580767,1.0451443170724874
HDOK,PLOK,17472,14,14,-130,-13,11,2,33,-114.10274032183334,-116.99041291560835,-118.39441490704209,-117.44559176084991,-116.26049267020994,-118.84132795700641,-117.41111191121702,-119.30131683761202,-117.92089387145872,-118.66539748521771,-116.4573233008135,-114.9204711600371,-116.5993539505912,-118.09755720117359,-118.0438250467518,-117.47028992647239,-117.73405348421473,-116.4996712128813,-115.76673655578561,-116.644747113918,-116.08497887956045,-117.39014249658489,-116.07829602973534,-117.76035941976534,-116.03930354773757,-117.63425134342158,-119.52898602235958,-117.78276629274849,-117.86316156875326,-118.04428276135793,-116.68032356403239,-117.15517461714009,-117.59185233264026,point1,-117.24853358989489,-117.44559176084991,-119.52898602235958,1.3429375736788542,0.46832208970967804,0.6077457263862494
HDOK,PLOK,17472,14,14,-130,-13,11,2,33,-115.38435735955716,-115.56833559428372,-117.28979427856795,-117.9785613663991,-117.35750258409409,-118.69270619884163,-119.23275750746727,-117.59185811137732,-116.72994763410055,-117.594408098163,-117.14709189641677,-117.91821051003959,-116.2870014787897,-119.32727352420136,-118.78571974288354,-117.39086005753553,-117.02986978449646,-116.38174773179938,-117.62407174379133,-116.68972503965287,-118.02536593603867,-115.80353129804755,-118.5034713168136,-117.1602529199322,-115.98541748276484,-118.64783927492596,-116.05667214315707,-116.86360211539402,-115.50107506733248,-117.72192510340507,-117.66119660724155,-119.51531700751576,-116.41747453846929,point1,-117.32924063798473,-117.35750258409409,-119.51531700751576,1.2476496619149777,-0.12558715987377317,-0.6888165153195551
HDOK,PLOK,17472,14,14,-130,-13,11,2,33,-115.99913028487202,-114.38411959408351,-119.9281606589916,-116.50209297644847,-118.18583757251159,-118.42282889936303,-117.77192101292896,-117.35748851495269,-119.12010185064682,-117.61862701054717,-116.95285126532356,-115.74619267587354,-118.14919330970022,-117.23455557813287,-118.22998738375703,-118.43202191017119,-117.35497145227347,-116.08313655222727,-117.8595209643982,-116.94183169625659,-117.62864094591994,-117.70920560626979,-117.10767546360051,-117.86782022138951,-117.32050562193932,-115.93155175694127,-117.96593253018426,-117.23333277078929,-116.65134642857069,-118.39671610527856,-116.31054780822568,-116.22531255378455,-115.80112009465248,point1,-117.2855842142729,-117.35497145227347,-119.9281606589916,1.2033066152227996,0.20383355120336083,0.6103560137563169
HDOK,PLOK,17472,14,14,-130,-13,11,2,33,-115.07333393940236,-118.35615222071016,-118.32231053575282,-117.7407104889485,-117.10634516928684,-118.21171931684444,-118.42909493201311,-117.86270299212859,-116.15473809170561,-118.2637662124065,-114.92504906663365,-117.83171630807355,-117.03760447067042,-118.02240832488586,-115.92012454475339,-117.12995804314241,-118.36560765748081,-116.73998480613984,-118.07433456795737,-117.60658392249715,-117.05762103109849,-116.95219620254444,-116.27378850726336,-119.48773159248319,-117.97680534400415,-119.65656677621647,-119.15638090878439,-117.47706419463944,-116.66096276061462,-117.3392044040712,-118.23580287714708,-117.40171297575918,-116.75889613878292,point1,-117.50330240378308,-117.60658392249715,-119.65656677621647,1.1616927690980476,0.3821059086045742,0.3791250558701309
HDOK,PLOK,17472,14,14,-130,-13,11,2,33,-116.38341955202591,-116.1213349160319,-117.57486103169192,-116.67199932116121,-115.79916255470076,-116.75639363491608,-116.96001642544041,-116.51990904698786,-117.43856277838574,-117.3571011137103,-117.74431619426323,-115.48737829896571,-116.20426924396581,-118.56048054378189,-118.71526888667454,-117.28620611662163,-116.33983407562401,-117.25800197678664,-117.39710138172423,-117.9086819130457,-118.8455063339411,-118.00218611488752,-117.93159312943266,-117.73670659532593,-117.111844986786,-118.39741775015268,-117.135770439566,-118.51762320685444,-116.7111542268238,-117.26055365605569,-119.37383577905359,-114.98976425176821,-116.9500515886463,point1,-117.25600930502421,-117.26055365605569,-119.37383577905359,0.9648065003320169,0.05551904231864392,-0.08916137229014254
HDOK,PLOK,17472,14,14,-130,-13,11,2,33,-117.04857084377305,-117.50160196103471,-118.74843320233649,-116.52264568317275,-117.58656807097427,-118.28299928729501,-116.90490362942565,-117.2684918921604,-116.7436712004238,-117.07548205625913,-118.66657300400001,-118.71905167472002,-115.93250875502642,-117.02493011674673,-116.74704439569072,-117.21986272389722,-117.77116573206146,-118.84041883523659,-117.58520936696333,-118.08682366742268,-117.90444364301128,-116.75683279976208,-117.13006917175481,-117.45245205906456,-117.24092954058752,-116.69570757812467,-118.30287453861192,-116.92191127100827,-116.90439127569466,-117.18219965936356,-118.44564695452159,-117.5244276523954,-116.48262331291916,point1,-117.43095350167998,-117.24092954058752,-118.84041883523659,0.5354927554285362,-0.3974946767750154,-0.5547841701008589
HDOK,PLOK,17472,14,14,-130,-13,11,2,33,-116.08967216260375,-117.2127604303972,-117.23595017358842,-117.81906097351346,-118.3069437717675,-117.36361391139693,-118.40803378096791,-114.88186117828235,-118.4317117084114,-117.22038310816107,-117.66989951890314,-117.39893911574065,-117.64794168668463,-116.70155399271069,-117.18468655855607,-116.72164493609348,-116.96505621291045,-118.30655834424275,-115.35564716439858,-116.25712729347042,-117.3114966786771,-116.75558379892016,-118.19132926579235,-116.94880575607121,-116.82458869655906,-118.27173127280172,-117.20422380643112,-116.95680330786965,-116.08730742049174,-115.55838552307657,-117.45208850728413,-117.38524283792846,-117.71821263411609,point1,-117.14681350087336,-117.22038310816107,-118.4317117084114,0.7436250516940587,0.6975766913477233,0.43806780425534164
HDOK,PLOK,17472,14,14,-130,-13,11,2,33,-116.27019453043769,-116.64040583360196,-117.85911591643875,-118.60908783543952,-118.13958674734606,-115.66035118226814,-117.79585427279669,-120.03975514024931,-117.25231194860655,-117.57127038962281,-117.18961159445426,-116.30490901996814,-117.62511800686228,-117.58443722802103,-117.44854595522908,-117.73484778227167,-118.68782491938418,-119.1153507491393,-115.87644364334348,-117.25460222115623,-118.34942599123873,-117.73448341476185,-117.33475540025226,-115.96892867200293,-116.74938346390165,-115.33790745427513,-117.01924109541012,-117.38842206976905,-116.8754915017131,-117.409931717011,-117.43898572503005,-117.80111084937778,-116.8401929044345,point1,-117.36084500532775,-117.409931717011,-120.03975514024931,0.9469136676571441,-0.2840271583573558,0.8459416198319887
HDOK,PLOK,17472,14,14,-130,-13,11,2,33,-116.31437071076823,-116.38437163553176,-117.43505383572166,-117.5927188534795,-116.78342355183703,-118.14269369962959,-119.007462800949,-117.11625222135515,-116.91374544967738,-116.62095430698234,-119.09539052048524,-117.98719044864546,-117.88676465563627,-119.15594560899204,-116.8545558302839,-117.6510720958765,-118.17576079442982,-116.74004517395755,-118.30206875508048,-117.65466843777662,-117.58013116839102,-117.8176125747215,-117.36702752349332,-115.34518121127466,-117.42427873433007,-118.1744735448184,-118.04862307370291,-117.21986043097326,-116.50420166047228,-116.9550388813137,-116.58031716053809,-116.87439175040068,-116.9785720404685,point1,-117.41467330733313,-117.42427873433007,-119.15594560899204,0.7002057688492526,-0.12611232809280054,0.22089725019049533
HDOK,PLOK,17472,14,14,-130,-13,11,2,33,-116.16887737856163,-117.64708906766946,-117.57285245254168,-116.86198060844511,-116.26610410083119,-116.15231872398058,-119.41297323591887,-116.42215761796888,-118.58573434658427,-116.93471282908648,-116.34581644305295,-119.20483328278631,-115.68893727595243,-116.24992818579952,-116.77846615428075,-117.56844694264562,-114.89943484580914,-117.65698080759188,-115.70421564735496,-118.33749364143517,-118.63950435323792,-118.13433249006756,-115.07199595973333,-117.39691868018117,-116.96564046121277,-115.9614639034215,-116.75231916942217,-117.56022383974576,-116.29229210591664,-117.16542816273358,-116.2451636380273,-119.74930036495775,-117.34440860897546,point1,-117.0829801613918,-116.93471282908648,-119.74930036495775,1.3786761929160587,-0.4393343944790145,-0.18530095726390305
HDOK,PLOK,17472,14,14,-130,-13,11,2,33,-113.94544097057926,-118.11754383034265,-117.4287273979594,-116.5212287635272,-118.5739581588585,-118.62123980264867,-115.33282085067248,-116.36501749137689,-117.82351930814616,-116.96862151096761,-115.76575128803461,-118.0026425971047,-117.60460486927398,-116.80731274569953,-118.34481205581758,-115.76148681679307,-118.80850675768089,-119.18422639397234,-118.12314667779256,-117.47302250727155,-116.8783007457045,-119.67157264009741,-117.99399346023121,-117.21865478019436,-115.35350730603311,-118.84200893298974,-117.47343440742789,-117.1478299192701,-116.67146787598557,-117.7494257523038,-118.21576054693051,-116.03486229104783,-119.36700763633303,point1,-117.39974112391117,-117.47343440742789,-119.67157264009741,1.6274840589713795,0.5445006232256601,0.23638150888908482
HDOK,PLOK,17472,14,14,-130,-13,11,2,33,-118.42373051654894,-116.29614586065037,-117.79901147913687,-117.17705961359368,-116.15759440109632,-118.09606087276642,-118.30363217659276,-118.04501356398615,-117.44114511634076,-117.36715003200464,-117.48268344696116,-117.66914764454746,-116.59046594918117,-117.12334534949146,-118.06538750876501,-117.30415122846652,-117.40102339761165,-116.51456038165506,-117.83357504437602,-116.11365491181195,-118.174259449657,-116.76466279775984,-118.55124804582381,-117.88087140669187,-116.53232342999422,-116.93380319053296,-117.19039886467628,-116.01525849310957,-116.67705766536878,-117.80219955118916,-118.4457556301866,-117.54290895807263,-116.72315496498884,point1,-117.34661942253442,-117.40102339761165,-118.55124804582381,0.5237133367585711,0.17189989085127083,-1.0167273158389492
HDOK,PLOK,17472,14,14,-130,-13,11,2,33,-116.68060620472768,-115.77925637004917,-115.9550974068313,-118.53423802433977,-117.65632921913233,-119.10886203223532,-116.40909178593922,-116.4381597987131,-118.68913477278144,-117.68798907258723,-118.45238498143021,-117.8175877045339,-116.85650267503536,-117.23725793827718,-117.1024190168864,-116.75292231648403,-116.67650971074947,-116.52999287294804,-117.38888444446118,-117.24204222989442,-116.7813822466957,-116.88458074267166,-117.34545864966678,-117.73738354138891,-118.04197228385107,-117.69826702073938,-118.25086856293319,-117.99493080290002,-117.37245023694267,-116.53008298947448,-117.78984586509682,-116.69057986839172,-116.32125221951445,point1,-117.28588859419102,-117.24204222989442,-119.10886203223532,0.6382942377489312,-0.29209239988786234,-0.48157427997972313
HDOK,PLOK,17472,14,14,-130,-13,11,2,33,-117.14327865123795,-117.77844801793526,-117.45529385577659,-118.90140642133107,-116.8850175005033,-118.30751132302956,-118.05411020521154,-116.75561634901436,-116.34619502369867,-117.95075090404058,-116.40225131223912,-116.21215331626183,-116.29575248584266,-115.85684991163379,-118.47642494931304,-115.93637255212802,-117.60619532122196,-119.12165586166861,-116.90145440945254,-119.30013219043616,-117.15117889773218,-116.90245508678397,-117.06461638661027,-117.53570862233089,-118.49417563252398,-117.9684036956306,-118.21856207448054,-118.04204397219951,-117.82866298987837,-116.66047688580423,-117.60387926897971,-117.70771081535884,-119.15403656286777,point1,-117.51572065009567,-117.60387926897971,-119.30013219043616,0.8645573421946733,-0.10263396790517643,-0.7403799895185386
HDOK,PLOK,17472,14,14,-130,-13,11,2,33,-116.8867949127121,-116.28016567852889,-117.16062832501906,-117.9925377003272,-118.83960247444952,-117.35102993998858,-118.33343314772628,-117.48804813511062,-117.17211231995348,-118.52610371898396,-117.59141983357615,-117.59427133487578,-117.64092448722486,-116.33690246735351,-117.66671097166368,-118.12616634294558,-118.73138418371524,-117.48127682832039,-117.81598856696654,-118.39278397117027,-117.88975270828423,-118.24651963648776,-116.41326308811033,-118.24641813453616,-117.5849546720624,-117.99886999587125,-116.60233106552381,-116.38293506110051,-117.00591353257177,-117.932057823484,-119.06416825179036,-117.80597737279552,-118.08889503359987,point1,-117.65667702172209,-117.66671097166368,-119.06416825179036,0.5267224442990307,0.2751412682841385,-0.4674413858321427
HDOK,PLOK,17472,14,14,-130,-13,11,2,33,-116.67165737892567,-116.85278012847381,-117.378999312,-118.78104846093878,-115.73188159085113,-117.89622952248747,-116.43305772603864,-117.78745085148398,-117.23778935951985,-117.66631308208567,-117.92331565134786,-119.937387464055,-117.9064973009608,-116.75904635081653,-116.71359080853897,-117.45131873427516,-116.66827920898311,-119.7367684626519,-116.07080575950889,-117.42992332669253,-117.07909341937832,-116.82995710589009,-118.4121958330638,-114.96216648368016,-117.7612367347854,-116.73057728447573,-116.44214388747817,-115.74555394934711,-119.21357554939372,-116.68209689915447,-116.24779254199518,-117.55289088424045,-115.5486157566752,point1,-117.21945566091496,-117.07909341937832,-119.937387464055,1.2636942595169165,-0.5355659240237782,0.39662470071595113
HDOK,PLOK,17472,14,14,-130,-13,11,2,33,-117.20764339891127,-117.47163412116429,-118.49002077352793,-118.26108733346851,-119.43442314548234,-117.4694269590477,-116.24272067955098,-117.21136833592662,-117.675954260774,-117.86600938295015,-116.84201010234294,-116.42913797413347,-117.88350854656761,-116.21121539840746,-117.11749598637006,-116.56018874794977,-118.31525151648637,-117.11280977632852,-116.80319857956708,-117.66028665514966,-118.24262916475945,-117.37004034063412,-117.97014557350754,-117.1099448783947,-116.57302636454548,-115.94635822287948,-116.61862101456234,-117.99523604835173,-118.64635816339313,-117.37493338147885,-117.68928058569709,-117.43375291419602,-117.19824074502203,point1,-117.4070896688342,-117.37493338147885,-119.43442314548234,0.58707808631904,-0.3238682158249899,0.15857025429613758
HDOK,PLOK,17472,14,14,-130,-13,11,2,33,-115.49855693702695,-116.78612818778137,-117.08479433406377,-116.5083925004649,-116.367000690018,-117.21329128380941,-117.78835749898585,-115.80760171134528,-118.10596496890275,-116.91878860387763,-118.20309406555165,-117.75399506739635,-116.29266072953159,-116.1091026179714,-118.091040821346,-118.92528692715632,-115.83831871728576,-117.34247523674402,-119.09590564555401,-118.62922596814818,-117.13143005912131,-117.34940871842736,-118.36479995605424,-117.60173249964183,-115.66524368776824,-116.75581165135412,-118.02375150223826,-116.9924110717113,-117.88790944760292,-116.5081675872201,-118.53554131330695,-117.79077592083425,-117.36127089938076,point1,-117.28267384326129,-117.34247523674402,-119.09590564555401,0.901511221701335,0.06704752899530696,-0.7753823544129963
HDOK,PLOK,17472,14,14,-130,-13,11,2,33,-116.8223769615441,-118.31538818105024,-114.94801428836816,-117.8346810721465,-117.0875983828799,-115.80835426867138,-117.1038751294198,-117.76009044477972,-118.98945138637879,-117.013999651723,-118.58849583077047,-119.51570378859697,-117.07508831381072,-116.37708509818701,-119.59315360910743,-117.1846873662173,-118.19717424324799,-117.9837118992948,-115.82864507427583,-118.47607924725114,-119.17911816957388,-116.31892128195001,-116.72675049931033,-116.02504178299317,-117.49656636429232,-118.15835268669734,-119.70573742189964,-118.88747148578942,-116.61571896888718,-119.71605073927722,-116.48786646358839,-117.77486448661551,-117.87702005627688,point1,-117.6203980195416,-117.76009044477972,-119.71605073927722,1.5080028073212584,-0.00037388355742863427,-0.6833620814781103
HDOK,PLOK,17472,14,14,-130,-13,11,2,33,-115.83277577266614,-118.48750224800666,-116.34126763540303,-117.25422576865193,-117.7282561140475,-115.08693272342236,-117.5406592479949,-119.6858001314258,-117.79697390853414,-117.99515158822305,-118.71050146458767,-117.31578204168959,-118.16473660593438,-116.096819167716,-118.77838506528136,-117.1708639333613,-117.47980884361154,-117.5403699669617,-117.06123730381661,-116.90581476295064,-117.99587826888569,-116.47076094153284,-119.31312614711024,-118.0606183577876,-117.18319111654401,-117.29898720158766,-118.14875946464589,-117.75930591727335,-116.78824768649011,-116.74995343092057,-117.47714242294347,-116.6580663999572,-114.9667702702336,point1,-117.38923248243026,-117.47714242294347,-119.6858001314258,1.0809877300942063,0.2247016032481569,0.48106433985547525
HDOK,PLOK,17472,14,14,-130,-13,11,2,33,-114.73213657827134,-116.86256662632952,-116.53767127008659,-116.86097696722948,-117.19026764121507,-118.81763277403316,-115.57221144291117,-116.93876738108482,-116.91455743102311,-118.96442028498721,-117.11340784192697,-117.87085146468273,-117.81081777980062,-117.15553287146398,-117.78253541679216,-116.892950923743,-117.69755523466205,-117.63765983246225,-116.65502621569907,-117.51348833252744,-118.73030674370946,-118.14967164790015,-116.3454977835586,-117.49574678877948,-118.57136069812778,-118.58385742859689,-118.57467379752686,-115.37938728003469,-116.16917032411023,-115.60016905013552,-117.11078749163825,-118.04482601834053,-115.66926656353289,point1,-117.210477452331,-117.15553287146398,-118.96442028498721,1.1252290737266937,0.3449045564510258,-0.38167583946387174
HDOK,PLOK,17472,14,14,-130,-13,11,2,33,-117.12332498245502,-116.9752548089148,-118.74778199189323,-118.87638254896909,-117.69384861578445,-117.94127113872878,-116.02466178073348,-117.14026039692635,-118.38193207539575,-118.23724601218073,-116.93902932991469,-119.23052661724155,-119.01500859425508,-118.15314431894512,-117.77703943394144,-117.77221951790762,-116.95140507323207,-115.89260654203318,-117.82844284698957,-116.41717954252991,-117.58750592837754,-117.67425898801312,-116.32279287095152,-117.60512808813742,-117.92356836121823,-115.41860802982951,-116.96467055520989,-118.7214908267087,-118.80560784855588,-116.93721450292878,-118.51363339947972,-117.18107153908224,-117.02701886919499,point1,-117.56973139323213,-117.67425898801312,-119.23052661724155,0.8792220245787065,0.25049419655936955,-0.43226033235767813
HDOK,PLOK,17472,14,14,-130,-13,11,2,33,-116.85224139933045,-116.28094191365348,-116.87365410867471,-114.61495301366803,-116.66556606582145,-116.35287087060671,-117.21222578186097,-117.24076691472719,-117.45815335165611,-116.39534815734602,-117.65882916583107,-117.57232178498964,-119.74391518470019,-117.58021657568845,-118.53703949083078,-116.96420855705018,-116.44674331364457,-116.52048807768358,-117.90298592410059,-116.83446531950405,-116.4063096506221,-117.13330582431533,-117.4527267122903,-116.30308578476735,-116.72402280279755,-118.01131274487831,-118.21875803471609,-117.1275115315556,-116.14618390471516,-117.05500269194606,-118.25960163324685,-115.96072837769769,-116.61299564113426,point1,-117.06422667594093,-116.96420855705018,-119.74391518470019,0.8150342675078248,-0.3641460565907965,2.116411984741861
HDOK,PLOK,17472,14,14,-130,-13,11,2,33,-116.2130635561892,-117.88975293131206,-117.14144490037859,-117.04928105509453,-116.52676464154564,-116.73147887732945,-117.56010339190196,-117.15168706123526,-118.3294587307748,-117.3813845031491,-118.64849657680875,-116.95578554995735,-117.50290100885768,-116.66396034760696,-117.56144300115253,-116.53035031758975,-116.88728743550237,-117.99013779594311,-117.82793249184029,-117.60793548454342,-116.68295128678012,-118.74500610155792,-118.92070603281981,-117.62925186473103,-117.74607892470333,-117.1313613138451,-116.51927291812946,-116.35281456604005,-116.56172523130124,-116.68177753949345,-117.15276803948161,-117.39774904298696,-117.77545692350768,point1,-117.31659301345731,-117.15276803948161,-118.92070603281981,0.48095098401735936,-0.5742686082374374,-0.2384589174949574
HDOK,PLOK,17472,14,14,-130,-13,11,2,33,-115.78925116677111,-116.99398713633106,-115.4008877451683,-116.38361858579353,-118.05390293109367,-118.50775678573106,-117.53523144161534,-118.81222676038477,-119.30609586732474,-117.7135157280831,-118.20942270336315,-116.3677406945971,-117.85384408720476,-118.71442669615197,-116.42997676057317,-117.12824666711442,-117.49817020275471,-117.27320533721925,-118.08910128009575,-118.59370312909628,-119.00670561878637,-117.24990612063161,-118.77693009878737,-116.2685290821622,-117.76970733831095,-116.30328417617747,-118.13200186786584,-117.62618155792653,-117.80082299630124,-117.38371686042711,-116.4309990763264,-116.76429691615415,-119.14967522126796,point1,-117.55506268598766,-117.62618155792653,-119.30609586732474,1.0079085650197952,0.18465962174122427,-0.7438695325677145
HDOK,PLOK,17472,14,14,-130,-13,11,2,33,-115.35706387661045,-117.13277861052944,-117.36126686273062,-119.14354962315603,-118.02675184690673,-117.28994798093193,-116.02386762344503,-117.03886722018119,-117.4784399504754,-118.49499822574693,-118.94479849620981,-116.55606556174564,-118.92476662980171,-119.0999064020081,-117.70238557784604,-117.5000434383776,-115.93389481254191,-118.02780337231201,-116.09636905862197,-117.94007971970174,-116.82659338357841,-117.28117169624699,-118.07634782439546,-116.63514111700928,-119.41700539666172,-120.17320438634496,-118.57796439743757,-118.05290663127425,-116.90592384707541,-115.29140603438108,-117.93965128168668,-117.44283625510953,-118.27243297626507,point1,-117.6050372762832,-117.5000434383776,-120.17320438634496,1.3086518324134788,0.04530888997438899,-0.2119590899522925
HDOK,PLOK,17472,14,14,-130,-13,11,2,33,-115.09540441807395,-118.86876498055875,-118.49189569011914,-117.8962234924826,-118.6394522209727,-116.47563726606273,-118.12836600732227,-118.91443013142727,-117.40868784237058,-116.31319526837439,-119.07228448892666,-118.41876320737538,-116.4715423542141,-117.1580092165962,-118.85385349713377,-117.36457395840448,-117.69368140031979,-116.22056002066297,-117.60327044168434,-115.2060014167793,-117.92707399400426,-116.76934180060925,-117.01006458904266,-117.2464938709488,-116.98380194640279,-116.76150178683696,-119.66014222705658,-119.70051742139721,-119.90803182563813,-118.2734719982849,-115.17638807950014,-116.25523300718497,-118.02976455145937,point1,-117.57564922479476,-117.60327044168434,-119.90803182563813,1.6067974637263134,0.13778160592016944,-0.5434069739837848
HDOK,PLOK,17472,14,14,-130,-13,11,2,33,-115.57369171300518,-117.30124400636583,-116.22381271627538,-115.96739069433059,-116.94445152864894,-118.30520806636872,-117.97940604528418,-115.68805330514172,-117.11618266207344,-117.78048487917233,-117.05896297857949,-117.77899859466704,-116.13321844953892,-114.7557605908561,-116.43215679511465,-119.01799091829366,-116.4452955411065,-116.27897189972929,-118.97665371610792,-116.84750519362875,-119.52628939573046,-116.40975579453075,-116.36624677784674,-117.89273533414924,-117.8656145261665,-118.2440941529766,-116.00128715160994,-117.23081538879511,-115.98031429730914,-116.51895687911983,-118.16407402364275,-116.70515910164698,-117.77887487026892,point1,-117.06938357539643,-116.94445152864894,-119.52628939573046,1.1755276886202897,-0.28406806303073623,-0.3250244879788311
HDOK,PLOK,17472,14,14,-130,-13,11,2,33,-116.51533526348118,-116.51389370821383,-116.76422682433837,-118.14665741933305,-118.23132146808555,-118.86550171251702,-118.41129493068445,-116.79461756533503,-119.41728207739986,-116.51915273546618,-116.29446337073443,-115.51875170409077,-119.61169274015172,-116.92513355132589,-116.21831221709499,-119.35896712832765,-116.46130816184623,-115.85078296140043,-118.19690184499885,-116.35570114894874,-116.94130893120212,-117.65154757763496,-115.22717898247627,-117.55491283084594,-116.87019908685494,-117.05869140924422,-116.6978598033977,-117.55222565699658,-117.24030574453909,-115.85586653508307,-118.32599516680975,-117.12832613568416,-117.4330369673734,point1,-117.22753798066414,-116.94130893120212,-119.61169274015172,1.212571525535683,-0.5071452240972798,-0.2995683563550853
HDOK,PLOK,17472,14,14,-130,-13,11,2,33,-116.94051954840549,-117.57783738606688,-116.22071489897937,-116.88443273078968,-118.70847167879833,-116.73173815849952,-117.32553226993961,-118.18804562111083,-118.06065398785378,-116.98201256350487,-117.3608493647284,-119.56174633979457,-117.01504707671965,-116.04022313446349,-118.31892537180914,-118.27296330996388,-118.83841500047427,-116.1132360009232,-117.38351443933473,-114.44785414477623,-117.90868488554163,-117.93598471690073,-116.74671298753381,-116.73938463681255,-117.08604874462372,-119.2706362885543,-117.24329138079375,-117.45226304059062,-117.6145591136446,-116.10722376422699,-115.3177854156111,-116.40903669044042,-118.9076005105733,point1,-117.32460440008435,-117.32553226993961,-119.56174633979457,1.2172376560504634,0.2017309638405236,0.3310929024469109
HDOK,PLOK,17472,14,14,-130,-13,11,2,33,-117.32056382187636,-117.34764633908063,-117.43291924636053,-118.51429594716534,-117.981285472844,-117.40461738734565,-117.47272601256226,-119.07462044242504,-117.19137563813686,-117.77813407029123,-116.92325803661089,-118.03503211516744,-116.13532673409041,-117.85497967195386,-118.18879415687569,-116.63805822911894,-117.11816365466865,-117.63540422016607,-117.83644754919321,-117.656823656156,-117.02907436087739,-117.20867922260129,-119.11600032903861,-117.30980044893003,-119.29711907224532,-117.12819917021181,-118.38511373829226,-118.12339363266582,-116.87259619977898,-117.22094132878185,-115.7731811311129,-117.58537345156338,-116.23104948201409,point1,-117.54003012030918,-117.43291924636053,-119.29711907224532,0.6248789842525944,-0.19381106225627168,0.4030042561524443
HDOK,PLOK,17472,14,14,-130,-13,11,2,33,-115.51312831062042,-117.24550083581454,-117.51278095138683,-116.65120559993161,-117.35891793616412,-116.30501097162518,-116.18081492775346,-118.30761190337559,-117.56290734656514,-117.49016103954503,-119.92568203421365,-117.62235143493822,-118.22646780327808,-120.44845571589163,-115.7256613731282,-116.98690157523934,-118.3536634559947,-116.77648230540485,-118.21197020590543,-117.57145172489138,-118.1952123193642,-117.39474600626342,-117.75408934239968,-118.54432984601162,-116.12741728707994,-117.58441932067208,-117.24771589635385,-116.56987709849446,-118.56930428704274,-117.68223363976882,-117.48513902872403,-116.8619049448208,-118.22905601331608,point1,-117.52189613581754,-117.51278095138683,-120.44845571589163,1.0740148354991341,-0.5803690194686117,1.267492576180222
HDOK,PLOK,17472,14,14,-130,-13,11,2,33,-116.24163732744113,-117.67450363384685,-117.4531376549728,-116.62605068880646,-116.64361116041947,-117.27816801205928,-117.90881720711816,-116.73201749994486,-118.20573299600832,-117.9974807552654,-116.05966832064237,-117.51590100674898,-116.97878136003335,-119.23152227088536,-115.49083250252464,-119.10866187972579,-116.93406515653226,-116.50852293033034,-118.00540433582012,-117.4913922286777,-117.66178309415073,-118.00774816940853,-118.59199312569875,-116.25125275612032,-115.66323696287206,-118.31555404237788,-117.98188295871634,-117.14623681834807,-117.80005625829472,-118.19731166196385,-117.29777271977382,-117.25355845232822,-117.16025877486908,point1,-117.37619862796136,-117.4531376549728,-119.23152227088536,0.7852285426591599,0.10148034516434142,-0.1756447919641575
HDOK,PLOK,17472,14,14,-130,-13,11,2,33,-118.30994198006921,-116.77375105048611,-117.3032962650626,-116.7755342090569,-117.32250605343381,-117.24595397383901,-119.06121943476103,-117.34032789689081,-116.98491545745605,-119.01139528795623,-118.47520208735568,-116.93787476114086,-117.15422838526942,-116.85342465412012,-117.01754580373236,-118.14804063243488,-117.24581523703937,-116.72116081818449,-116.86628554338688,-117.98456190262897,-118.02297548113029,-118.77647155468395,-117.90130552410902,-116.91682219706982,-117.29426944385406,-117.93199251987902,-117.56355855930714,-118.60883751489642,-118.27014451490179,-117.13394128542299,-116.40078295905155,-117.97984600809883,-117.90211115997302,point1,-117.58291030777828,-117.32250605343381,-119.06121943476103,0.5026521750379811,-0.4866056978832964,-0.7684095385598368
HDOK,PLOK,17472,14,14,-130,-13,11,2,33,-116.48266623864139,-116.1155411422088,-119.18870883083812,-117.7130573230761,-115.35447906703233,-117.27308510126177,-117.65162997468606,-118.66034522848129,-118.00841994247145,-116.95778638556726,-118.92328716571404,-115.57410466373487,-116.04136402067515,-117.91586557898498,-115.88758914951238,-117.30215668117258,-116.96103229952848,-118.54005305645664,-116.36025812174348,-115.00183292486396,-117.35367771053897,-118.3214573847626,-115.77852400254459,-117.39766915256516,-117.4713135538942,-118.33792380332173,-117.11186869224274,-117.06442804815653,-117.31620792482965,-117.21725698651777,-117.25949049909927,-117.86212886625779,-117.54644886802365,point1,-117.2106563148305,-117.30215668117258,-119.18870883083812,1.0384080856048334,0.25157206584799857,-0.3514599653726109
HDOK,PLOK,17472,14,14,-130,-13,11,2,33,-117.02845895387118,-116.11151683008059,-116.28493169119618,-117.61217059406849,-117.0472013477037,-118.69295981182194,-118.03448709258335,-117.00097182826532,-117.24947395073418,-117.29335382132557,-119.16606245377999,-116.68218345695719,-116.14502820926067,-118.08777969377371,-116.39250013207321,-116.14997196362532,-118.63971793975892,-114.55234360564174,-119.76916394056705,-116.44802951575463,-117.80607091310249,-117.06600508713161,-118.62820828461601,-116.09191236843841,-116.92319631100638,-117.21875787371879,-117.44773959779309,-116.80048530837789,-115.50331233133606,-117.9192355831584,-116.99642255250141,-119.17317503350642,-116.59032243733681,point1,-117.22888334893536,-117.0472013477037,-119.76916394056705,1.2389406654460642,-0.213321797448155,0.2037789144616382
HDOK,PLOK,17472,14,14,-130,-13,11,2,33,-116.44231078344356,-117.53368827053269,-116.25624466231876,-116.44029029496237,-116.61445073831318,-116.09439707963769,-118.73422290070268,-116.70216178412772,-118.92145032509566,-118.61085061786456,-118.09417625002861,-118.04383412768351,-117.5179902248931,-117.91423870163102,-117.8506062630856,-117.3688979795222,-116.35820662863817,-117.36790169481293,-118.50418241162038,-118.25157401570797,-117.16695828637991,-118.59925241358656,-117.94296253219576,-115.92000122267173,-118.19689268862486,-116.8282344616737,-117.44348152490686,-117.69440648854905,-116.53002390477224,-115.84208341465381,-120.25276308274417,-118.11115044841291,-117.07611026116895,point1,-117.49169686318072,-117.5179902248931,-120.25276308274417,0.9887033434182194,-0.39117468741260786,0.1657660462176973
HDOK,PLOK,17472,14,14,-130,-13,11,2,33,-116.614638292122,-116.93764473996622,-118.42379256675284,-118.47623004056233,-118.62127177150487,-117.09248522813591,-116.99320668416559,-117.30673554998022,-117.47910592997266,-118.13176963177393,-117.46154309106855,-118.28964154336744,-118.72852750437502,-118.10480260410773,-116.13094896587964,-116.07973890705289,-116.59311514577082,-118.3837629835417,-115.71798193723144,-117.27669266194569,-117.69334553994162,-116.95498486720042,-117.41612294819554,-118.01704279633826,-118.99008235966585,-117.45508887407011,-116.52760938848867,-116.97539729630816,-118.29680212470596,-118.89305188214287,-115.09982231519162,-117.41112344943264,-117.49772102781928,point1,-117.45672214087207,-117.45508887407011,-118.99008235966585,0.8660121452364197,0.43211616284658994,-0.12953711820018654
HDOK,PLOK,17472,14,14,-130,-13,11,2,33,-117.42599274068527,-116.28906457923225,-116.45195073785199,-117.63640001998269,-118.5876323914747,-117.08578405249926,-117.22145655831098,-118.3205185662004,-116.62568176850765,-117.30016976311211,-116.80884879874758,-117.82751936050275,-118.351204242958,-118.4811299129304,-117.48936327730858,-118.45465640189286,-117.73538188221747,-118.25427790156671,-117.03959316240275,-116.55012583252467,-117.5949327236679,-116.75599420062406,-116.95479168179835,-116.60641428403376,-116.52566740952129,-118.67637536540687,-117.28202920705397,-120.55315736843411,-118.60973925429003,-115.45510286422214,-116.95448748286435,-117.4861820047644,-115.2333828851327,point1,-117.41287905099162,-117.30016976311211,-120.55315736843411,1.041803192750825,-0.527310326401826,1.607852768082099
HDOK,PLOK,17472,14,14,-130,-13,11,2,33,-115.47558745476434,-116.98519462327856,-116.56488070405501,-118.2193932419288,-117.60690279400397,-118.01588340390498,-117.87785054347263,-117.49553528451685,-117.40243239095498,-117.54044604381791,-117.28909177877969,-117.54772236537887,-118.64642949708782,-117.01704099817555,-118.83578543405022,-116.73643649891619,-116.41538016746337,-117.72719152032666,-117.35560490998695,-116.11812295199687,-117.3135718873155,-117.35165432845227,-116.27456947779146,-116.33869080143663,-118.43332305067855,-117.23750906919223,-117.48138033467008,-119.375225665074,-117.6135815562147,-118.49510801051348,-116.92358633192104,-117.26628790485407,-119.01667235499724,point1,-117.45436585999914,-117.40243239095498,-119.375225665074,0.7361317578253956,-0.11585138888169638,0.10116623279382786
HDOK,PLOK,17472,14,14,-130,-13,11,2,33,-116.36357767474473,-116.52036382081317,-115.5544720272733,-116.12882703332166,-117.83979528231065,-119.16786010403658,-118.66577576366737,-119.45963356677908,-117.45427384513238,-119.51079434216062,-116.97502782992699,-117.91664288621254,-116.99517014511619,-117.15970734303664,-116.1862314054037,-117.64703303348422,-115.45124287389189,-118.83725902190311,-117.26178420177715,-117.19124075924516,-117.44519084519071,-118.2174563306144,-116.31788680334594,-117.12579520728464,-117.86268360222535,-114.69074232963668,-116.22748092911345,-115.49378539324938,-119.56071018497371,-116.79400253663462,-116.19727987148008,-116.40517801788262,-117.29773460192156,point1,-117.20977695799364,-117.15970734303664,-119.56071018497371,1.4966115805605071,-0.27577019876621844,-0.38535638015247553
HDOK,PLOK,17472,14,14,-130,-13,11,2,33,-116.4449139333031,-115.01604721099831,-118.83779950541657,-118.42375342557747,-117.25248287704535,-116.60262066845051,-118.77228795292808,-118.85715771330005,-115.71585583496378,-119.25397716590209,-116.882646525388,-117.05730559668204,-117.6869366206185,-117.14374728161837,-117.42399180699734,-117.59643861882422,-119.19301553907538,-117.69306349768931,-117.71183326121148,-118.0580794869395,-116.01750331858061,-117.91852933287333,-115.55975319886406,-117.75272658117963,-117.99448853585037,-115.8242671789621,-119.0072743288614,-117.34446263790176,-117.4844558924107,-116.32958254850027,-117.30326424568045,-116.53097436365375,-118.55218345918296,point1,-117.43161879228578,-117.4844558924107,-119.25397716590209,1.1932615011975714,0.2437325950443696,-0.556819730643451
HDOK,PLOK,17472,14,14,-130,-13,11,2,33,-115.84923536653983,-117.17769824429831,-118.22579672625993,-117.78866748597552,-117.30649680769989,-117.98317834356138,-116.83224734590547,-117.06313910717533,-115.15663108475111,-118.12649569638764,-116.78868389951862,-117.41052775956919,-117.69846657277917,-117.57637669809948,-117.83612088083537,-114.78679519869259,-117.62308453332946,-117.8472716991013,-116.41667072037988,-117.88400572405668,-117.73164870884102,-115.71778475914313,-118.31807261127753,-117.0942526967153,-116.55162836455395,-117.43089959061535,-117.06739134631158,-116.52273664314347,-116.90982525744455,-116.109427224406,-118.69567609497773,-116.8983610495836,-118.37765002569088,point1,-117.17584679598848,-117.30649680769989,-118.69567609497773,0.8244726192615736,0.7918611988946986,0.422264480805854
HDOK,PLOK,17472,14,14,-130,-13,11,2,33,-117.31099044606208,-115.36033765343286,-116.96769668798628,-115.94578951014353,-116.81636926397661,-117.22022900883205,-116.97088067616033,-117.22116277661773,-116.5064432821828,-119.47858768575264,-116.74509791764869,-119.6580529425206,-118.42094036126863,-117.40612544914495,-117.8814531224104,-118.64734972303522,-119.06916595164056,-117.73786794417487,-118.83160302205539,-116.43678991446666,-115.84468292661775,-117.29807349940978,-117.1740941358641,-115.75389692764406,-117.96234557941987,-116.22200535557377,-116.0037205239107,-117.36232505250798,-117.62585759740337,-115.36321893500946,-117.87065758135597,-115.07261994435109,-116.61040791128374,point1,-117.17566179726862,-117.22022900883205,-119.6580529425206,1.3351036946702863,-0.2798655388715715,-0.3463459006969005
HDOK,PLOK,17472,14,14,-130,-13,11,2,33,-115.37658281794424,-116.90609849257216,-117.21903080917318,-118.31436479945094,-116.55423008648089,-117.34722596111484,-117.87564017501005,-116.46357047887817,-117.67649226696126,-116.70876096367982,-118.24706557379913,-116.0843183844258,-117.07465154760474,-119.2356680298588,-116.26775696915361,-116.76398395714128,-118.0100543826853,-115.7315411883883,-116.6018922787355,-116.82186836548118,-117.78145151325353,-117.21812700763749,-118.39075036106576,-115.9876250725865,-116.24519175823521,-116.97384899602143,-116.0632132797257,-116.64629189628339,-117.14060322406245,-117.60293982402612,-118.72652913815081,-119.29360163971688,-117.7480946297872,point1,-117.18482017785132,-117.07465154760474,-119.29360163971688,0.920983888896581,-0.4045135058526603,-0.30990853653005823
HDOK,PLOK,17472,14,14,-130,-13,11,2,33,-116.88126305218736,-116.313986611596,-116.89332662501462,-115.69985247347228,-117.05304851177284,-116.44412849590418,-116.48739821617018,-118.10905958927208,-116.32514539706398,-116.00666060705447,-117.90272858302758,-118.25073635109018,-117.71255208599135,-117.509023634681,-118.148134067252,-117.0865004620583,-118.04589419031893,-117.391042021795,-117.21173108317409,-118.38155993044519,-118.78935693432923,-117.93754322083079,-118.24321321655361,-119.62889908483969,-117.46754430545161,-117.21369050097775,-118.2337298142808,-116.94018742904437,-116.15983536133088,-117.0932125214935,-116.72440832587125,-118.31225128665429,-117.13093972025511,point1,-117.3857146579168,-117.21369050097775,-119.62889908483969,0.7591761036192333,-0.24950367087468428,-0.11210769198477033
HDOK,PLOK,17472,14,14,-130,-13,11,2,33,-117.08994467369915,-116.99465100798008,-118.13401958973773,-118.96050872741198,-117.39794735434894,-116.18035587800006,-115.23816476615272,-116.68041907748285,-118.38874117826299,-117.27556953236626,-117.14419167802795,-118.09340373260613,-118.30144852186022,-118.8006567285249,-119.06796546414519,-115.80588755922102,-117.78610921713548,-116.3422340051877,-117.91053081857123,-116.5236453782668,-115.8185805289124,-118.51633574442153,-118.2940218492926,-118.30801001848725,-117.60882678373986,-117.62220772144013,-118.07200051577637,-116.3114425030649,-116.41007710197226,-116.27625919655483,-117.90664689500258,-118.62901244216833,-118.17498589249361,point1,-117.45650915400957,-117.62220772144013,-119.06796546414519,1.0137110037654937,0.37929746101558515,-0.8702130112412125
HDOK,PLOK,17472,14,14,-130,-13,11,2,33,-116.65302136507577,-117.49269595435611,-118.12491928934274,-115.46748672383374,-118.50120374062129,-116.49725564719449,-116.25960400459434,-116.0127214363341,-116.42131859227521,-117.03843857069432,-117.0496941425374,-119.37852871591441,-116.70685680080466,-117.22070810876203,-116.75341439938532,-117.9486018134535,-117.9807816659719,-117.57817233153756,-116.05348227723604,-115.89542037054406,-114.82341978861827,-117.05722575199835,-117.67592814967891,-118.6308296428241,-117.12850417549812,-116.96960169316881,-116.83615222108943,-116.10899050619771,-115.84144139225768,-118.32949143497804,-118.11660122895626,-118.22230498526307,-116.12283956022691,point1,-117.05750474185531,-117.03843857069432,-119.37852871591441,1.0217132015176595,-0.12175461225389622,-0.31688162064912984
HDOK,PLOK,17472,14,14,-130,-13,11,2,33,-116.09302957912527,-116.35923133167191,-118.0303031248328,-116.06561570861415,-117.70860314449479,-118.63473925441859,-117.3745174186797,-117.08783092925667,-118.0682674715186,-115.29053708837004,-116.99586958334157,-118.13791245336583,-117.26459951605794,-117.03100157465212,-118.20124265290711,-117.31574191419429,-118.44510444593872,-117.33138273118489,-117.18625969411833,-116.1498952981774,-117.83295688536843,-116.53609963276404,-118.8000855158493,-115.9984977456877,-118.3794073246761,-117.88680826413005,-117.78813145392434,-118.16398096570336,-117.86186676984266,-115.79765342642703,-117.40853576720758,-117.1573993662452,-116.31846897053416,point1,-117.29398718191761,-117.33138273118489,-118.8000855158493,0.7947798469811781,0.3875497599830219,-0.7015077203361928
HDOK,PLOK,17472,14,14,-130,-13,11,2,33,-115.57062495431913,-117.96818106071292,-115.14436627373061,-117.81501467976088,-117.3342336602951,-117.0790419931811,-118.30473081116385,-117.55387946804368,-119.00805850290772,-117.7971658100863,-117.26729330611323,-116.80830468086856,-117.88982820674984,-117.37494881882787,-118.11322259597459,-117.10064467159802,-120.00556440970469,-116.99656055191718,-117.34536773685797,-116.01792396138111,-117.7015689211316,-118.13926302525647,-115.24243399950582,-118.14607884088716,-117.65124747305835,-117.15850526400259,-118.9025049685521,-117.67545454884369,-118.05505425338006,-116.12556201022714,-116.63480174724542,-118.37399134264324,-117.12264906046143,point1,-117.43709307907241,-117.55387946804368,-120.00556440970469,1.0490045027508157,0.24111284803023855,0.7952371590610734
HDOK,PLOK,17472,14,14,-130,-13,11,2,33,-117.25589515662662,-118.19096114999076,-116.07406979136637,-117.1079870830717,-117.18021651137818,-116.94536382513549,-116.77591741295339,-118.44440096387952,-116.87937233103645,-116.31500468960148,-117.96229368949561,-117.07269008159739,-116.91038910718913,-118.48607961284074,-118.68022567051358,-118.58947774292801,-116.73780884142852,-117.77051338665144,-118.27981183721053,-119.12990152742336,-116.35747116501041,-117.38411280309457,-118.4375236013272,-117.5261515332579,-117.78783136663515,-116.48627419875098,-117.21173268223875,-117.4862757323225,-117.34896655375238,-116.85538040074914,-115.14585160633015,-117.17713834834368,-116.69047884738328,point1,-117.35404755307619,-117.21173268223875,-119.12990152742336,0.7267754492243848,0.06069931651181715,0.12321455678501891
HDOK,PLOK,17472,14,14,-130,-13,11,2,33,-116.55209929561545,-117.6368736355164,-115.64074992646562,-117.72059163711614,-117.21566214802297,-116.22791181799998,-118.01979302674977,-118.9824415622506,-116.44442163536937,-117.25020014410818,-119.61342983957796,-117.26200189942116,-118.30242636888988,-116.24838186350563,-116.96150033212034,-118.27836640781433,-118.86264781150562,-118.29503309908858,-120.02693492984774,-116.54239263419161,-117.34883244531997,-117.78551525045256,-117.5591472997984,-116.93679963948172,-119.07624345546866,-116.98278893103397,-117.44831408620114,-116.55119104547131,-116.16927027931357,-118.891300489157,-117.2826654758115,-117.06362823840087,-118.52477655843595,point1,-117.56679797604616,-117.34883244531997,-120.02693492984774,1.0943697142711009,-0.4518506863968005,-0.33911873898933376
HDOK,PLOK,17472,14,14,-130,-13,11,2,33,-116.04109409017713,-115.32299915198355,-115.87706709849627,-118.34053217978445,-118.28517247521818,-118.22838387307755,-117.12144529357744,-117.08036659563246,-118.16144284396759,-117.22523811792827,-118.09121575788757,-115.88659568053401,-119.4570099251324,-117.45981961251218,-117.35329756742321,-118.04815904905311,-118.66553041748966,-115.34455344341075,-117.55944083898191,-118.17267278622413,-116.20968870798995,-117.85578634104179,-117.69711694321538,-116.8424194775141,-116.79751092954973,-117.98743011695015,-116.95181430035362,-116.08501097658463,-118.47006716316982,-116.7141920512369,-118.78681407770937,-117.02981671376519,-117.71251833673028,point1,-117.35946130103949,-117.45981961251218,-119.4570099251324,1.0266522395252797,0.2847220729860414,-0.5184192497428968
HDOK,PLOK,17472,14,14,-130,-13,11,2,33,-116.25817712625746,-116.39557490207902,-117.23380974182086,-115.63617574710103,-116.22901756495816,-117.07960606044452,-118.45756991979589,-116.7570514956095,-118.55020828221689,-117.68303823073649,-119.0953357077954,-118.21260724275326,-118.58750883377644,-117.02086030325763,-118.20080994411464,-116.088455100223,-118.30428502455437,-117.92151940431089,-116.48607452485484,-116.6941556438759,-117.61344191901651,-116.80330530674998,-117.52005973279724,-116.64977370059275,-118.98489150202478,-118.03126577219587,-117.00084103159674,-117.73765238589807,-118.14026317542194,-117.76499307071049,-117.30891602832642,-116.73960424083057,-116.67948182163593,point1,-117.38988880267678,-117.30891602832642,-119.0953357077954,0.7738523940504305,-0.0948391218774794,-0.8743917897330928
HDOK,PLOK,17472,14,14,-130,-13,11,2,33,-117.4493506623847,-115.92770608569593,-117.53782015915965,-117.99863782531779,-116.79538379721417,-118.2304892528667,-118.17284324477698,-118.45873568751047,-118.1303473355174,-117.77127723681427,-117.79217514904325,-116.63625242680992,-116.3472678526289,-117.09644754342787,-117.01889701205167,-118.42896936615172,-118.76332788748444,-119.51561273356884,-119.75016426954235,-119.47614278860082,-116.48888651872541,-118.09209717456416,-116.7043152481809,-117.07710296150456,-116.43440650074017,-117.20020762528256,-119.54951073664688,-117.95965592391428,-116.91635044563489,-118.54734748135881,-117.10653773772486,-118.48684980037547,-115.0882339483004,point1,-117.6651318308946,-117.77127723681427,-119.75016426954235,1.18022129303493,0.0008767640911548011,-0.21475476261369364
HDOK,PLOK,17472,14,14,-130,-13,11,2,33,-116.0742516694371,-116.98483270985619,-118.81443273348155,-117.63186689471529,-118.41982505229255,-115.44053411723986,-118.54310021117617,-117.41621516014906,-117.4836348109617,-118.3299349668126,-116.60738136799158,-117.19086068077584,-115.07384368996156,-117.08237447617387,-117.47422769808762,-115.4548234932721,-116.79933844075167,-116.95669765567847,-117.07807811468287,-117.23782376842121,-116.9386647956785,-116.30357540393273,-117.61658738928959,-116.56654003637226,-116.39654727671413,-117.93860552037617,-117.94577353059029,-117.48373095191963,-118.74614269012783,-116.98753377083058,-116.76763269677313,-115.55042376333746,-115.74278653527958,point1,-117.06298854767094,-117.07807811468287,-118.81443273348155,0.9170536050301196,0.1493621573741516,-0.40088466315260485
HDOK,PLOK,17472,14,14,-130,-13,11,2,33,-116.56566772113504,-116.30583665928384,-117.77228465732672,-117.73932091063429,-116.68748754335414,-115.38952307276264,-116.81674054046022,-117.94214380267975,-116.3896544073102,-118.22446135040818,-118.66445556729663,-115.73891717131413,-116.15225911062178,-115.73180624706447,-115.26477086944462,-116.45192252799887,-117.46293309187863,-117.44250461978044,-115.90595144839665,-118.19858891206765,-118.18007701029386,-115.85208659729446,-117.92893819435125,-116.75052469518845,-118.0278500736962,-116.06958126598809,-116.62729566769549,-115.29412466582984,-116.87510725720878,-116.18634763601668,-116.38455244561476,-116.8797545330434,-118.30854730724467,point1,-116.85490962365711,-116.68748754335414,-118.66445556729663,0.940474932311444,-0.1776692007502329,-1.1309824971617641
HDOK,PLOK,17472,14,14,-130,-13,11,2,33,-117.75372733089301,-117.46786841560048,-117.95018645782969,-115.26676466630344,-117.2671879002335,-118.68652673263418,-117.98841749355046,-117.24935836759983,-116.40595647803629,-117.37668030294031,-118.14053992114704,-116.75479453524405,-118.32231984469423,-117.8274431485876,-116.75419008502475,-118.9962056789247,-116.44357104068978,-115.54059170737627,-116.60394499867255,-117.55151743047415,-117.57992336589639,-117.01591249519419,-118.29147293039948,-117.30975175352994,-117.03602041368632,-118.64732835455428,-116.25473843063456,-117.54102270309615,-119.18921489030434,-118.05373833473435,-115.96989937473761,-118.7689087627975,-115.77125676814926,point1,-117.38718124588394,-117.46786841560048,-119.18921489030434,0.975850668999213,0.2485565652531595,-0.5000097882723828
HDOK,PLOK,17472,14,14,-130,-13,11,2,33,-114.97969287997026,-116.32915252455147,-118.39441142161863,-118.08727455941687,-115.07347976581795,-118.20350395477334,-118.17405137620597,-118.24692226205866,-116.18522385247667,-118.45827774141733,-118.67138044747516,-118.56997169438014,-116.72111818259273,-117.12976286255505,-117.85659922421942,-118.36752359529534,-117.30730740453006,-117.21963056402218,-117.39196530554403,-117.30802510194381,-116.88926974775073,-116.78266175166961,-116.51527144522912,-117.64077678923398,-116.77655295712987,-115.87989097954868,-117.49085901209304,-118.2950405267515,-117.32124425737155,-117.7459410787314,-118.04203188679391,-117.38521346689964,-116.12741500823046,point1,-117.32022556449392,-117.38521346689964,-118.67138044747516,0.9117809108404216,0.7301649453232788,0.05314171973511561
HDOK,PLOK,17472,14,14,-130,-13,11,2,33,-116.91933500699368,-117.77045848616191,-118.40439831464255,-117.11489856022841,-115.81154660624708,-117.58748968993947,-116.7502344204915,-115.46785632136681,-116.36354412554326,-117.03477499878088,-118.96530532345881,-117.38801531315018,-116.16392179177492,-117.09448284281171,-117.93030274528685,-117.55683488929873,-116.19166385112621,-119.57056467942459,-117.26785535776905,-117.17866000388032,-116.06301900718573,-116.9940756378093,-117.31167642648462,-118.26955353235755,-115.69526265483766,-119.0891645652295,-117.15398404539513,-118.38729143943672,-117.338493782301,-117.02752431345083,-118.39998982639587,-116.85428797850562,-118.46884839008128,point1,-117.32076711902567,-117.17866000388032,-119.57056467942459,0.96610405486609,-0.2479870514049508,-0.24929228505637635
HDOK,PLOK,17472,14,14,-130,-13,11,2,33,-116.01091691069001,-115.66847857368042,-118.66626521922537,-118.96023602407962,-117.40000369365119,-116.88220601571813,-116.83796157405115,-115.86920552038363,-116.87160248754984,-117.26130010961585,-117.44131381093294,-117.73886743897148,-116.8032245026834,-117.81639372343517,-116.25178895022273,-118.38425438743447,-116.04001619437845,-116.78412943923863,-114.80956653289938,-116.84806173335728,-118.1979634681314,-117.65916569203966,-118.46863522341901,-117.64067555339655,-117.58577960297785,-114.79942487500784,-116.93088061710607,-117.01872125001798,-117.25594764970835,-116.47750816398886,-117.60834660678401,-117.51790519429701,-116.99689554973965,point1,-117.07586794814586,-117.01872125001798,-118.96023602407962,0.9411993469874398,0.4367793058127367,0.320158184555015
HDOK,PLOK,17472,14,14,-130,-13,11,2,33,-116.34151755809252,-118.1842423051009,-117.74930747533087,-115.82609247373027,-115.80895595699188,-117.96347008221453,-115.27191632716523,-116.81673512693449,-117.07017870379056,-118.59848460215228,-119.16444007848258,-119.07123286318617,-116.30775096080974,-116.58618064638945,-117.01963710256966,-118.01371383552335,-115.96406699218817,-118.25692363179435,-117.65124953835597,-117.07369303256056,-115.14256941258726,-117.85549476219086,-116.7853322933413,-117.87884297590337,-118.42504166682805,-119.01411296647515,-116.41000433561726,-116.72184029244596,-118.10618460793474,-118.02564141797474,-117.32625429583427,-118.73344184487347,-117.83722727742476,point1,-117.36369022553924,-117.65124953835597,-119.16444007848258,1.1719478203461393,0.26741059236605946,-0.7651099909083863
HDOK,PLOK,17472,14,14,-130,-13,11,2,33,-115.60426032651269,-116.94157684512052,-119.81329725470924,-118.68041893578985,-116.47969110891493,-117.74305531562132,-117.46755349471974,-117.41391863089873,-117.96369699651515,-117.62232322695967,-117.94404941429619,-118.51535945973988,-116.5422588677052,-118.74700029702217,-117.74886742166254,-117.39513794736965,-118.4650023767464,-116.36918846987554,-117.88733555176842,-117.52290569160105,-117.72980754818353,-117.26206087219506,-117.11819831467407,-117.78547815585468,-115.55095557018282,-116.29695140586743,-117.26153064213263,-115.58393838614893,-116.59341624685212,-119.76873251693212,-118.24705472835618,-116.84888161373196,-116.55814058233557,point1,-117.4385467944544,-117.46755349471974,-119.81329725470924,1.0650704625479914,-0.24010166032308433,0.1766057895630735
HDOK,PLOK,17472,14,14,-130,-13,11,2,33,-116.57527707425378,-116.51650363391957,-116.8815952565239,-116.67702136777444,-118.13593596959576,-117.57357738453177,-116.81366154490927,-117.57596616100676,-117.91085339755399,-118.65510367601203,-120.23737407960917,-116.70766310888692,-118.35563634702169,-116.5060153209291,-117.42916814841058,-118.28108236559214,-117.60956666106325,-116.82971554907185,-118.24845424320601,-120.0464499904009,-117.49169830559593,-117.94744873615149,-118.6361312729111,-117.28034954055526,-116.82796846034854,-117.87222406458324,-117.36963182355046,-116.04154769293211,-116.49118895566892,-118.30618106959786,-116.74454933527744,-117.1324819564702,-117.74904980447147,point1,-117.55930522116323,-117.49169830559593,-120.23737407960917,0.9038447995779936,-1.0233736617756304,1.3193331352437743
HDOK,PLOK,17472,14,14,-130,-13,11,2,33,-116.39373274387773,-118.14054489322955,-117.29867645980269,-118.10572225338856,-117.8835680776863,-115.7191039636617,-115.9589810407527,-119.29107956608479,-117.33777430687906,-118.36128489059784,-116.15608818944226,-118.60371729215007,-116.33841011519122,-115.6724695739931,-115.69443897262508,-117.33421130799115,-116.93638725372546,-116.31406817299285,-117.32120975324588,-117.12703515498643,-117.46110831589571,-114.55423848308011,-117.28821623735641,-117.61138511175514,-118.18261285149235,-116.95623769622209,-117.46840009987042,-116.6572568268933,-115.51733267174146,-117.77750857200785,-118.95772046177999,-116.2558191530579,-115.82668477534845,point1,-117.04554621935773,-117.28821623735641,-119.29107956608479,1.166116840472808,0.05127096559892368,-0.37431304107718555
HDOK,PLOK,17472,14,14,-130,-13,11,2,33,-116.44110092262844,-116.14548750311268,-118.43333941375452,-116.278161706384,-118.32961989539123,-116.24730954878511,-118.27613410860663,-116.92731276548614,-117.75012757391933,-115.97757258717179,-116.12481732777478,-117.98133552225654,-115.57391970279046,-116.45992956377486,-119.54121530178178,-117.81216454068878,-117.39092908597152,-118.32113942738931,-117.83653281140924,-117.52995466282391,-115.27247267478675,-116.6040254761758,-118.40916420081187,-116.48392812152832,-116.56653859364344,-117.27734691297958,-117.5371067019772,-117.93935499372762,-117.89610194293248,-116.67778499238479,-116.76503977005484,-118.17792071515629,-117.30695096031283,point1,-117.22096484934465,-117.30695096031283,-119.54121530178178,0.9365565438432291,-0.07879226175155614,-0.495727305485536
HDOK,PLOK,17472,14,14,-130,-13,11,2,33,-115.49598216153345,-118.12295578015166,-116.07078809829754,-115.59597472319236,-116.310241602234,-117.32028027329733,-118.47326998318073,-117.99479318257298,-117.56055305070821,-115.84617487297565,-116.46086343117071,-116.70580034391165,-117.90597062371204,-116.31196632946933,-117.39095478433049,-116.72909023489122,-117.51213966259515,-117.11462850040584,-116.52399782619156,-117.06627475686157,-117.220100395988,-118.53248647724223,-117.93145717049866,-117.42801208191983,-117.13680244156762,-118.01000073032196,-118.38835610001222,-116.83975652408549,-118.53978019280288,-117.58206121234228,-117.50239051266063,-118.24022507984081,-117.57321363142503,point1,-117.25567705370882,-117.39095478433049,-118.53978019280288,0.7047658004293309,0.367456439723586,-0.6375881713820264
HDOK,PLOK,17472,14,14,-130,-13,11,2,33,-115.7599500363458,-117.57173915736715,-117.84871965901473,-116.14687291143397,-118.5745285993175,-117.37896037413184,-116.60214613577725,-118.14855734275372,-116.2328683500809,-117.04239404439907,-117.62008900361226,-116.92325079885575,-118.01379843793698,-115.39604089533857,-116.57442117129698,-117.34974522195142,-117.79735830982287,-116.85794203494041,-116.30851878022189,-117.61065900591312,-116.89375350514845,-117.12984390460505,-118.43547620826047,-119.09715692287985,-117.4074996558726,-116.18822254048666,-117.8788649936565,-118.88317460817272,-119.21779173373447,-117.17284590659806,-118.062165979672,-117.31962221416258,-117.86091140201715,point1,-117.37290575290238,-117.37896037413184,-119.21779173373447,0.8414016034350489,0.0069701891796392626,-0.29170183812545236
HDOK,PLOK,17472,14,14,-130,-13,11,2,33,-116.310385317661,-117.07081205117375,-117.68495434628589,-117.1853844246344,-115.83395796934727,-117.16465094572749,-117.40316625307304,-117.31632931006429,-117.62533282396942,-116.83730388931299,-116.99141233443974,-118.53914941150684,-120.9694476900046,-118.49125920672148,-118.044785813573,-116.82284570482219,-118.9886837557785,-118.4768675527693,-115.68433449653202,-117.10586299909345,-118.46015785879725,-117.36456205170876,-119.07715351188519,-116.58517489382201,-116.52033426775465,-117.19995783722177,-117.18132619257054,-118.5236907875776,-117.92679989254064,-118.86040679063095,-116.77057568302814,-116.56145965705495,-117.9501407002859,point1,-117.56147474004148,-117.31632931006429,-120.9694476900046,1.1164292485854028,-0.910162766265203,1.7950503603493169
HDOK,PLOK,17472,14,14,-130,-13,11,2,33,-115.6499067159382,-118.64793260014278,-116.36430987430352,-118.82303359300056,-117.83664441309556,-117.61011854043304,-118.7934826788764,-115.83546397043494,-118.1711276689825,-117.09251129755933,-118.03556491135495,-115.86696240853267,-117.29864087621418,-117.43050623091163,-117.42065503542543,-117.82718345722813,-117.13859419108817,-117.38234340322482,-117.25073901085773,-116.32812307802415,-118.67147538797747,-118.44189988053407,-117.49362285771457,-116.57572178924846,-119.59698534330823,-115.89061729508576,-118.42429080237214,-117.15370183755908,-118.22010092381703,-116.8528166104457,-117.52517316748121,-116.34110740011293,-118.89530546799422,point1,-117.4814140217963,-117.43050623091163,-119.59698534330823,0.9985101236886061,0.045753248977108626,-0.6696253889555068
HDOK,PLOK,17472,14,14,-130,-13,11,2,33,-115.13278103293628,-116.10290499881715,-117.95719098163804,-117.24845126902913,-118.09369822408229,-118.27833495018001,-116.11104646652261,-118.3886581285301,-117.10772269766717,-117.47629647312296,-116.8971832159856,-116.87172849470593,-118.13569591972056,-118.21232782457298,-117.11552815771185,-118.6187266152228,-117.01786339689528,-116.34064140971797,-116.28431865599632,-117.9435235176673,-117.90409237043814,-117.55350500016822,-117.313039352619,-117.11032413093817,-117.45142485252218,-117.58223188022907,-117.80044096082887,-116.85908317339917,-116.78199753719133,-116.65417893652501,-118.19463561898799,-119.25401003495145,-118.06666205208931,point1,-117.38970449489727,-117.45142485252218,-119.25401003495145,0.7137114973846863,0.34848510712565733,0.3620140711782742
HDOK,PLOK,17472,14,14,-130,-13,11,2,33,-115.66449663714653,-116.9910776944399,-118.63239354053258,-118.4319012016433,-116.06082953483978,-117.35118961447927,-116.25133028078127,-115.8074137504306,-118.91208888681969,-117.25725845071405,-118.11814618816094,-118.1801008615433,-117.61115258850872,-115.24712139190828,-116.96845971026036,-117.30513568479971,-118.11494628344032,-116.62763490940688,-115.70215391736309,-115.24852462553471,-116.9000032574949,-118.41513353933648,-118.02375339450343,-116.22909701662151,-118.65256922009222,-116.95254239023043,-117.83212604644359,-117.77247721249104,-116.4469217389783,-118.21819955411331,-116.98929449033643,-115.77052317076712,-116.61276411940632,point1,-117.13026548192629,-116.9910776944399,-118.91208888681969,1.093787383675019,0.13219329271333186,-1.0794246900403333
HDOK,PLOK,17472,14,14,-130,-13,11,2,33,-116.5511434007744,-117.03540517857489,-118.727960255175,-117.65362867845431,-114.76243851705597,-115.64502667872816,-118.67801011436077,-116.65780767664785,-118.92609411311508,-115.90332462404956,-116.10701174255827,-117.53312304942853,-117.35121339721994,-116.98495788147599,-117.1671227278545,-116.63739350327573,-117.59948175768577,-117.33128127644137,-119.29133638252938,-117.45098979549293,-116.37243030196767,-118.64566640718957,-115.97658217032689,-117.77060976690836,-116.75462959349323,-117.59811576544804,-117.42481846760002,-116.10397784686744,-117.47197737891652,-119.22191326810116,-117.39904345668656,-115.84648819927423,-115.67663612491252,point1,-117.1593224090482,-117.33128127644137,-119.29133638252938,1.1908740533631028,-0.13450711386759545,-0.3348807686002715
HDOK,PLOK,17472,14,14,-130,-13,11,2,33,-116.98718908760087,-118.10397714571951,-116.0823689268417,-119.36334574547773,-119.02188482090754,-117.10972257803435,-117.4934519130613,-118.50539208886855,-116.73563535987057,-118.02653613724944,-120.12131673450733,-118.63033722386403,-116.447788139368,-117.69055453669122,-116.11804679803029,-116.59799965891474,-116.31456521728664,-117.99863467196523,-115.83814734047185,-117.26397168908049,-117.8909360411807,-117.43210059205583,-117.44930466261371,-117.31841417037664,-119.5872539575178,-117.78714563100304,-117.40019438948372,-115.55704712066579,-117.65960334783352,-117.53714246608988,-118.91101289387062,-119.22586190427901,-116.53242448187241,point1,-117.59816083250467,-117.4934519130613,-120.12131673450733,1.241491213973289,-0.3089610999457892,-0.39370988133385554
HDOK,PLOK,17472,14,14,-130,-13,11,2,33,-115.29719450419378,-116.25490022168042,-118.288557532172,-117.43144602905966,-117.36832079396503,-117.29153457325975,-120.00082627376221,-116.68218022399554,-118.57887956383689,-119.51251181198101,-116.9352005649975,-118.35453486714259,-117.23316549498325,-118.31242279754998,-118.83984554413712,-119.84578597802141,-119.0805566384812,-117.12854797301631,-117.1196756959459,-118.22880387735172,-118.78739183823265,-117.63194943200655,-116.66251917275338,-116.58713909149967,-119.66865339658234,-118.09859051380978,-118.18065573865742,-117.98469348201513,-116.67691982344336,-117.83570285413956,-115.90355727322662,-117.4757125321738,-117.04599412835921,point1,-117.7674051586798,-117.63194943200655,-120.00082627376221,1.2658263125826097,-0.12649678557899005,-0.33619907848589303
HDOK,PLOK,17472,14,14,-130,-13,11,2,33,-116.24573033906458,-115.67396316197454,-118.64101465645244,-115.32239416435384,-117.10491183943033,-115.40223650896047,-115.86041160412178,-116.7996417115973,-117.76044585041579,-119.0650729644191,-118.62360297038698,-118.59059057964615,-116.55837958735665,-117.56138603025424,-117.03474251930753,-117.53526305185805,-116.23160439920242,-116.89192499428377,-117.79888468100305,-116.40949100145971,-117.23394710195667,-118.9423920652673,-117.4994419404345,-116.13706919331803,-117.64635553787882,-119.06207855869535,-117.70907950085828,-116.85655049941444,-117.69990760757175,-117.78362621602658,-118.24061787344208,-118.62709236368003,-116.00483026212198,point1,-117.28953579806712,-117.4994419404345,-119.0650729644191,1.1412881953044536,0.05808071780217375,-0.9215749925436705
HDOK,PLOK,17472,14,14,-130,-13,11,2,33,-114.13469996962077,-114.95279604287128,-116.01103261761968,-117.27880613423791,-117.95658365808386,-115.08643990630821,-116.80838028043156,-118.02149984687418,-116.27018573549356,-117.61022205223976,-117.37293789112258,-116.31517215495548,-118.19313588928118,-118.49429925700242,-118.4526794829563,-117.90280504385159,-117.58207873859426,-116.26134242365863,-115.93684593827955,-116.15670078563923,-117.47239863979573,-117.71339609007947,-119.54915020118557,-119.16735512043533,-116.33239714403058,-119.02613128283738,-117.9035893527877,-117.86084421718243,-116.37813974319022,-118.2600370710736,-118.63859744447208,-117.1800207528764,-118.0975709135388,point1,-117.28419005523051,-117.58207873859426,-119.54915020118557,1.5515725233890698,0.5265524256294482,-0.0363211732652835
HDOK,PLOK,17472,14,14,-130,-13,11,2,33,-116.37694265340845,-118.75254791753873,-118.72681395528815,-119.30347399325343,-117.64963427053623,-116.86598716463435,-116.76468928524481,-116.794920705461,-116.50354863846304,-117.89777857869925,-119.5391964357581,-117.53888581597074,-117.47939255746721,-117.59441671735212,-116.8049903772853,-117.87574781165574,-118.07555685841231,-117.16657341719063,-116.25556083211129,-117.96850295303486,-118.39270513812542,-120.79450151122437,-116.43315380907543,-117.55336125990397,-118.1550422519413,-117.41967128454844,-117.6850900847033,-117.88952071493782,-119.08230841715718,-118.26967448672725,-117.2649551434436,-117.7863090960231,-118.52131934114162,point1,-117.79341737811268,-117.6850900847033,-120.79450151122437,0.9713186695278911,-0.8265033554200808,1.2188961478694558
HDOK,PLOK,17472,14,14,-130,-13,11,2,33,-117.89353780809044,-117.43229773625025,-119.07370467757696,-118.10512461914722,-117.38609230170093,-117.82413556427635,-118.18341427616858,-117.20598014705084,-118.31455799232103,-118.28297310761283,-118.12998948252225,-116.35785825921876,-119.0411167927131,-117.18492506869954,-117.73992592470826,-117.86544534329101,-117.16435772713534,-118.10133513630753,-116.86543245537102,-117.69477779490336,-117.85422349741087,-118.54717879695671,-116.59777794301901,-116.36020157339729,-116.92658760159378,-114.8425923352309,-118.75808972047076,-117.37563492414202,-117.47258716573032,-117.22521595423227,-117.6683480432627,-117.1992673643639,-117.673599145394,point1,-117.58631170546273,-117.673599145394,-119.07370467757696,0.6828896701832289,0.8990914114574274,2.4556851695493065
HDOK,PLOK,17472,14,14,-130,-13,11,2,33,-117.49896709365977,-117.41481317221707,-117.04728523146052,-118.39139157828308,-115.64046214249062,-119.2784019353435,-116.40902795263614,-119.47023367568768,-117.25474013187171,-118.87671140182938,-117.48845990240055,-118.34764069359663,-117.01097595128478,-119.54240259379847,-118.0304677089658,-115.74219704719498,-117.23289086957502,-116.29389862092303,-117.40645994712429,-116.48252493400246,-118.26742937092237,-117.34523700868596,-117.03239163858514,-114.1827399719328,-116.22293584761205,-116.26770944992873,-116.28991818620851,-116.34814315091543,-117.56095046636736,-117.30488646561953,-117.92790909647748,-117.58538556481527,-117.10399372573193,point1,-117.281805531156,-117.30488646561953,-119.54240259379847,1.282411438070446,0.12472948466480174,0.7232009078810822
HDOK,PLOK,17472,14,14,-130,-13,11,2,33,-114.66743979997575,-117.58201127108757,-116.51544334834337,-118.0926508453317,-117.2290533611589,-116.09658493020413,-118.25562624458162,-118.34564421445597,-118.12195889767283,-118.00039187524476,-115.8878048758918,-116.41019704263196,-116.6853577765134,-117.5283972488898,-118.20030267091894,-116.96229367480339,-117.61897764919921,-117.00633909811995,-115.37000778906119,-118.53588025873734,-117.49908154437688,-117.49120508885609,-115.88226308221087,-118.8825337323854,-117.07806007635388,-118.51097698743197,-116.58715056751468,-116.0026919860967,-116.74546798599889,-117.60487404413462,-117.23459562466658,-119.68574596885423,-115.96936556145656,point1,-117.22079924615642,-117.23459562466658,-119.68574596885423,1.1641859924758933,0.12154215035611173,-0.07278272686407705
HDOK,PLOK,17472,14,14,-130,-13,11,2,33,-115.97076896722072,-115.94103178984503,-118.34789501683663,-117.63546691573808,-115.54375275483405,-117.0538637347889,-117.41959432870638,-118.74936179936915,-115.97280182862379,-116.57040875322872,-118.1354560453041,-116.87669305397176,-117.83417113376301,-118.8511976295014,-117.9170830678281,-117.33111345311211,-116.57329291543473,-118.17029117107619,-117.7829543493101,-119.9569304895831,-117.96278829580986,-117.4961290416417,-116.87145649917574,-117.1431875072557,-118.83160118460226,-118.12823492568211,-116.70444429346364,-116.94753673679834,-115.6906494065665,-116.8884246178252,-118.36896267442343,-115.73303396067683,-115.8116107467273,point1,-117.30946027541589,-117.33111345311211,-119.9569304895831,1.1416059357383181,-0.20524983397848273,-0.3831809901311094
HDOK,PLOK,17472,14,14,-130,-13,11,2,33,-116.79170304914234,-116.38610532321933,-117.56599455022314,-117.2580866963576,-117.83467939570605,-116.7077972216615,-117.53239552681265,-116.94496818992462,-118.4043492053117,-117.21510213627779,-119.02151143132491,-117.65317398249483,-117.33408718709309,-118.44279526914013,-116.94963030183354,-116.58087016938111,-117.98432934885845,-118.50333891351964,-117.56743872151557,-115.71943437669235,-118.72878379129669,-117.21056205972157,-116.79057926891582,-117.4913335912427,-117.8838867494403,-117.45784287039395,-115.98959989808475,-117.7948458650757,-117.33868253364699,-118.49181978078849,-116.31700678145988,-115.95461515641526,-117.43245346725364,point1,-117.37211523667352,-117.43245346725364,-119.02151143132491,0.6499554758567769,0.044691781483240114,-0.36929929356304037
HDOK,PLOK,17472,14,14,-130,-13,11,2,33,-114.25158237950447,-117.65526394808296,-116.51748095612292,-116.20578716494002,-117.24471802712,-119.2306869291258,-115.15528921366435,-116.6479861876322,-118.82090573988837,-117.1472052572041,-115.81601193698914,-118.20482659028072,-116.8556821383102,-118.0078217511675,-117.72602106953094,-117.87897335938817,-117.28089345780771,-116.49471928864673,-117.7231506319891,-116.67112553934986,-117.48094382409424,-118.52033072959956,-116.61760261096465,-115.9233442017092,-118.0461794852567,-116.6004137363235,-117.57504505220018,-119.30629112740648,-117.05206074890418,-116.47866637568906,-116.34728899975921,-117.56877743918848,-117.19648820764526,point1,-117.15907770016625,-117.19648820764526,-119.30629112740648,1.1479194965161452,0.26940233464068297,0.7053174775954738
HDOK,PLOK,17472,14,14,-130,-13,11,2,33,-115.89137451849969,-116.32169708868467,-116.90552732223003,-118.21716584612396,-119.63482721343654,-117.98633160963337,-115.90714017267118,-115.98615443087893,-116.1774980329458,-119.40402677078421,-118.04381642194573,-115.911882344607,-116.58215683181778,-117.15156215469038,-118.47352528748335,-117.23832419212529,-118.80513240836652,-117.79758139133686,-118.55175190502123,-116.01058311593789,-117.76849326328198,-116.26997270650992,-115.80773502370376,-116.99922274904304,-118.3223055700421,-117.79106604349099,-118.74709284751117,-116.32363142793649,-118.62345350964404,-116.48167513543449,-118.61317799417031,-115.91828254049929,-118.20034737578385,point1,-117.35953076503856,-117.23832419212529,-119.63482721343654,1.3343792402710115,-0.17499472365653096,-1.3029302635284683
HDOK,PLOK,17472,14,14,-130,-13,11,2,33,-116.65462175832502,-116.67793774281338,-118.63945595820238,-118.33397440194241,-116.61329437074625,-120.36951300028514,-117.41892381323781,-116.61076119474241,-117.57522596596205,-116.45909671899422,-115.24158126038512,-117.06945335034865,-119.2187436997769,-116.88020659771081,-116.91173657225718,-117.01186382621069,-117.139021035712,-117.6095525018849,-119.53941488342194,-117.18589129065404,-117.25631767177752,-117.72139250035072,-119.08599906863955,-117.79040315701482,-118.00726017877956,-117.1396543160823,-117.17813025625426,-119.2472710729554,-116.64330899429908,-118.20150941529234,-116.38588099905958,-116.82226911745879,-116.41533658837645,point1,-117.48651525090769,-117.17813025625426,-120.36951300028514,1.159049957196964,-0.7895208194393392,0.5781860681680331
HDOK,PLOK,17472,15,15,-128,-12,11,2,33,-117.12299313405175,-116.03982058435196,-117.31070124569449,-117.33630218955362,-116.65638279828582,-117.26907679516745,-116.8329331035454,-118.131242432769,-117.58488823715307,-117.00222858500352,-118.19204125955255,-118.24422311184232,-118.43590250400302,-116.09532881680289,-117.5980854144166,-117.81926316013232,-116.72707499157495,-117.33122870720148,-117.77467614897138,-118.94511004213273,-117.58854829834756,-117.87021074435182,-117.8741676817749,-117.71182433005204,-116.6260908701161,-114.9565838817088,-118.92358116649388,-119.49666192053309,-117.27857079932835,-118.71669085545054,-117.60070004684579,-117.61906246259375,-116.90950737804594,point1,-117.5036879908439,-117.58854829834756,-119.49666192053309,0.8018479348352269,0.32868091581878145,1.1255449853085717
HDOK,PLOK,17472,15,15,-128,-12,11,2,33,-118.49083368102204,-118.42991234412594,-115.36789737609696,-117.26111016750934,-117.61104135594121,-119.03976785795281,-115.4040602276801,-118.16169141503444,-116.9752494724001,-116.36185467109608,-115.04686153068893,-118.13034417450787,-117.2190017229645,-117.84176935830662,-119.1478661832681,-117.92094095365901,-117.71310496591224,-118.49833415558228,-116.88265949648337,-117.10246581179743,-117.48113155647043,-119.60399158917224,-118.12124189441268,-117.75886773761799,-117.11105235866616,-117.11661909626378,-118.56499614835303,-117.92106944895781,-117.80483735981005,-118.52022359034376,-118.07550070015272,-116.6519244463184,-116.87536294030915,point1,-117.58222987239024,-117.75886773761799,-119.60399158917224,1.0654593231087206,0.6232658732515394,0.5336079834952003
HDOK,PLOK,17472,15,15,-128,-12,11,2,33,-119.31371328160506,-115.45029929489695,-117.4912075032621,-116.88732276934347,-117.23876715797937,-117.35458998760151,-117.13916494439654,-117.20440380376141,-116.76804175511914,-116.71690865764968,-115.59922479403525,-120.3917853204171,-118.9854358190031,-116.60882984886616,-118.48056709286838,-119.3012881124946,-117.20663226538588,-117.72563773086081,-117.0664436302816,-117.4497351241815,-117.28888734987999,-117.1265579700941,-119.81945928105056,-115.58893491068427,-114.46938793106897,-117.5852685804168,-118.16448444419879,-115.95736562545592,-116.85449350964653,-115.40624985648618,-117.65630703239644,-117.73321035920095,-118.73771243264835,point1,-117.35661570234053,-117.23876715797937,-120.3917853204171,1.6907253883022635,-0.19540299868072775,0.2239242643029722
HDOK,PLOK,17472,15,15,-128,-12,11,2,33,-118.76997219485031,-116.48202746687925,-114.28123099579773,-116.39462889159626,-117.07265142960226,-117.15920864067452,-117.30284930185402,-116.54979114511268,-116.14359556404601,-117.15855006029334,-117.14697213003137,-115.17898947782345,-118.49082434554118,-119.6665912105205,-117.96733970223336,-117.0624301678214,-117.08116653723687,-118.04198757967077,-118.45908599040288,-118.22354610320832,-116.43541390890587,-117.20331571859586,-118.07195281694506,-118.41301305593709,-117.86803502776617,-116.38720359810925,-118.32761161369375,-116.84872259366638,-118.18315141996837,-119.4610874197559,-114.73427813229115,-116.50708128650933,-115.59402458127495,point1,-117.23237363965504,-117.15855006029334,-119.6665912105205,1.5157613413801643,0.3232502482176231,0.09317589152273698
HDOK,PLOK,17472,15,15,-128,-12,11,2,33,-119.17801534205408,-117.44909999242289,-117.41941118597725,-116.47787976754884,-117.75947563527352,-117.10677214864154,-118.41661823459415,-118.49494998954981,-117.7538324528258,-117.96786216534119,-117.9456931199574,-119.02164474229178,-119.44931134137268,-116.92238905219679,-116.86089142094643,-116.52228600963593,-116.53664649682563,-118.43373081194812,-119.68293957105651,-117.87614736893033,-116.43658772579242,-118.76817375297959,-116.0025990139873,-116.97107951222168,-116.87610221134403,-118.96929936214312,-118.59801602098096,-116.87892117275088,-116.4787024752127,-116.10646222534061,-118.75435374935323,-118.74408473673024,-117.9999627831665,point1,-117.72302853307258,-117.75947563527352,-119.68293957105651,1.0617762670132578,-0.09524148838999279,-1.1686991204628994
HDOK,PLOK,17472,15,15,-128,-12,11,2,33,-118.65244195794064,-115.23062367707789,-115.70975803397127,-118.63188350715212,-117.06575867461883,-116.11560091709126,-117.70297855224283,-117.03262209961386,-117.69948912896824,-118.0688741819357,-116.74132416602527,-118.98306073431907,-116.73179252766757,-118.91592007604137,-118.53610181454998,-119.09312468252035,-118.36574593305673,-115.99322937270989,-119.04874895976829,-118.61905973560577,-118.3085242380666,-118.87428458732886,-117.95117980815998,-118.60757162902608,-117.76271310108122,-118.02461167416583,-119.04802199280431,-117.36552198261748,-116.87099673426398,-116.63289102637974,-117.3705606400836,-118.15061689762312,-117.45322951434568,point1,-117.73814735026735,-117.95117980815998,-119.09312468252035,1.084679267913508,0.6347324210627936,-0.41913224818241446
HDOK,PLOK,17472,15,15,-128,-12,11,2,33,-117.88396777819501,-115.8152659991643,-116.15868151174007,-118.11560504520907,-119.03493310603098,-117.31618463744816,-117.03388303782928,-117.83499058020627,-116.27625901250398,-118.22138390669855,-117.76232609507171,-118.29005936318333,-117.80017917825954,-118.18942954882559,-117.48288595559126,-118.72897635929887,-119.4086597006966,-116.78196438364967,-117.08226957851895,-118.02820053664581,-116.73749667826763,-117.31619407750225,-118.56958912471276,-114.69420373312376,-118.3674427639669,-116.75373911979707,-120.17074109343679,-115.27142153429305,-118.05785975705895,-118.92271071045701,-118.0881786011766,-119.16057265671782,-117.39138351969439,point1,-117.65901935409005,-117.83499058020627,-120.17074109343679,1.3617827792312291,0.44513003791504285,0.4327066136667814
HDOK,PLOK,17472,15,15,-128,-12,11,2,33,-117.76238284211537,-114.9000463481152,-116.61314883298066,-115.87024425549201,-119.36627674587572,-117.95776502693526,-116.1777656995769,-116.79443789076673,-117.8378829627484,-117.0784499100871,-115.71879968284728,-118.60500813149987,-118.65789050874086,-118.57045119870219,-119.15282241659224,-118.20823854491341,-118.22222183739721,-118.65518440854106,-118.02813593025775,-118.5064285775178,-119.28869011998381,-117.18048160682139,-116.0383712186598,-117.87021735152705,-118.70732843559837,-117.06169318993385,-116.97582343056231,-116.34474595741278,-117.61850857972838,-117.36328148126219,-116.42031749254897,-120.54318645291791,-118.06843844859868,point1,-117.64135350052298,-117.8378829627484,-120.54318645291791,1.47638125880146,0.05829953080680817,-0.10696842066982937
HDOK,PLOK,17472,15,15,-128,-12,11,2,33,-118.48926380758351,-117.49838060977073,-116.38899297331811,-117.33804071722486,-118.31880455496253,-118.43099323181697,-119.34007202591823,-117.70017567174594,-118.43505904109608,-117.85934145227893,-117.00526754124405,-117.48983728611671,-118.60630284757431,-118.31749784945923,-118.62394608915251,-116.42456446819472,-116.65826336952192,-119.50127877469272,-119.29699045036766,-118.32808754359414,-118.12755580888388,-116.35715062494926,-118.67260992880267,-116.68705753470327,-118.32937715737108,-117.23746315092052,-119.00412543020155,-116.20311104805974,-117.79337643503872,-117.13233442582501,-117.1732871352515,-117.12841655289317,-119.3078150498107,point1,-117.85469213904072,-117.85934145227893,-119.50127877469272,0.8912363396952114,0.05931443842566077,-1.0196130601768343
HDOK,PLOK,17472,15,15,-128,-12,11,2,33,-118.01587811934269,-115.84173705418007,-115.83990892969604,-117.3882573099794,-117.72854744596168,-118.46142149790712,-116.56899417721137,-116.82824610736074,-116.79224777500416,-117.04205726854234,-115.33365341050286,-117.19099374653602,-119.54254577377603,-118.11870645607098,-118.99632055229746,-116.93832560552629,-118.74763285817757,-119.57369944874583,-117.4873262353609,-118.97439816018557,-117.59642770755983,-117.81662870794894,-119.72390051664324,-118.76707437138141,-116.8506617953855,-118.40689292235687,-117.56545620122583,-117.50308101649452,-116.84149090825902,-117.6934352606759,-115.3348519667166,-117.0525413834527,-115.66948841133545,point1,-117.52220694247879,-117.50308101649452,-119.72390051664324,1.373362782618107,-0.00014626231140828967,-0.5050099528882419
HDOK,PLOK,17472,15,15,-128,-12,11,2,33,-117.26741603851069,-113.62069012695416,-117.5341995307505,-116.59280522226658,-119.24991180135774,-116.57335812491291,-118.74334134399786,-116.63535760615233,-118.05088248375273,-115.53726010409605,-118.51195848370257,-118.21628841378204,-119.82730688193617,-119.64865162997407,-118.9236966437355,-118.69038621130828,-119.6481672977919,-117.67069913811224,-117.12216073607644,-118.59645540429086,-118.15450663651082,-118.76797218477694,-115.96895596300864,-120.08793944643293,-117.06229254300149,-119.61054810678179,-117.47952184655122,-117.4718726210949,-117.1935356710567,-118.42069126172287,-118.14101627044083,-115.81869260434142,-116.41633979595197,point1,-117.79560236894343,-118.05088248375273,-120.08793944643293,1.9847050300128395,0.6768260876076341,0.7927001207004287
HDOK,PLOK,17472,15,15,-128,-12,11,2,33,-117.44304744662112,-115.64526446172596,-117.68944525155295,-116.12939779732417,-116.40591019594058,-117.24616593584183,-114.91098068827415,-115.85069483951844,-116.65095779306039,-116.26814991167524,-116.32687261909314,-118.44857255220396,-117.42819286775115,-117.25955820910391,-119.04781639862378,-117.68270037578414,-118.54986107183615,-118.225972788287,-118.50094724561244,-118.43274580756416,-117.79201794278208,-119.91581218685859,-116.48627488448103,-117.71253417355875,-118.23196978651266,-116.49843027594416,-117.24682982949597,-118.06105758676779,-116.23629492912517,-116.40763613599346,-117.4768659584853,-116.90513109490047,-117.1078260766872,point1,-117.27945257936324,-117.25955820910391,-119.91581218685859,1.1259179976332572,-0.15106005560782312,0.0075892682156664115
HDOK,PLOK,17472,15,15,-128,-12,11,2,33,-118.35553569568363,-114.13316169015367,-116.52734742472651,-117.99150354117593,-116.60454150974574,-117.06092218140502,-116.35518105867041,-118.38264416826424,-116.88936966818594,-114.44037882786313,-117.26472293268301,-119.01451123447765,-118.21267987448527,-118.62072818758494,-117.3805811889502,-116.26908599196494,-117.40765143829016,-116.77269194618277,-119.05274703600317,-118.06249235046303,-118.00754076619545,-119.27315218753306,-119.12880483127937,-117.76313800761089,-118.4590225288318,-117.62256024344701,-116.81247807954836,-118.03118310529835,-118.7978800629768,-117.20726073550111,-118.09272321035107,-118.583263630061,-118.11768026012837,point1,-117.59682319987033,-117.99150354117593,-119.27315218753306,1.3988376010618917,1.166102070792075,1.768003196626505
HDOK,PLOK,17472,15,15,-128,-12,11,2,33,-118.61630107138186,-117.716866439539,-115.62010250051014,-117.24346003192487,-118.15144486745248,-117.86226861525179,-118.73465346671209,-116.48640753011124,-118.37440457276686,-117.76600417062522,-119.35346688473716,-118.57221977422995,-118.35936025240373,-117.87893229191943,-119.6776272779893,-118.88848725827351,-119.05322469778598,-119.48047018591653,-117.38766782642139,-117.73432942163585,-117.03459650096546,-115.87681899017946,-118.1279496140343,-117.22619764861783,-117.82037778737288,-116.26613434722694,-118.05471560998541,-117.88724608829408,-118.59269044900668,-118.95534177478673,-116.67249673614923,-117.97924607661224,-116.24701037150042,point1,-117.86965215552483,-117.88724608829408,-119.6776272779893,1.03229001278509,0.41905262419690953,-0.31834281734278
HDOK,PLOK,17472,15,15,-128,-12,11,2,33,-118.71172803520227,-117.31447237361583,-115.87092119588415,-117.75909515170996,-117.60903620826427,-116.10296290383842,-117.81585182234467,-118.26984917318796,-117.46849817264766,-116.79245112753789,-116.72561531252374,-118.56175228679658,-119.75109016010465,-118.10235610760786,-119.26249313622455,-117.03033880850496,-118.06309591336506,-118.46898313694554,-117.95459237059487,-117.56819361698919,-117.2215573936349,-117.6420555752755,-117.02393985670282,-119.16244612763252,-118.31487351785368,-119.28022560852284,-118.4693244996962,-118.98558868281089,-116.95018189383292,-118.32612845841086,-117.31604224037875,-117.37160860836336,-117.80346921297047,point1,-117.8506308693932,-117.80346921297047,-119.75109016010465,0.8021473441940362,0.009825614906186194,-0.18599556598913392
HDOK,PLOK,17472,15,15,-128,-12,11,2,33,-117.30605892079245,-115.7768713458955,-118.09142777450181,-118.03316608404407,-117.55130914976989,-117.73993538439986,-117.66702236463023,-116.56132919391338,-119.25815028254304,-116.90840621859796,-118.35636591818313,-119.19161005093436,-119.43267585515572,-119.00488090497193,-117.02952807953572,-116.0716613020158,-119.73733738594233,-117.11901447903598,-119.53944867667707,-118.1956294918539,-115.61185231280922,-118.11889439821098,-119.28737474755958,-116.23443073117888,-117.0119804978145,-117.914868115788,-117.29601475259607,-116.98187183776702,-116.63241221984451,-118.49288214072754,-116.12146148844097,-117.45567231695713,-119.55845072839575,point1,-117.7360604591359,-117.66702236463023,-119.73733738594233,1.3698641684742539,-0.07274326797210667,-0.954629917543405
HDOK,PLOK,17472,15,15,-128,-12,11,2,33,-119.65092025993748,-115.72629837526492,-116.45775328039304,-118.35060781569406,-119.26714295313671,-117.81107027054561,-117.65412136111578,-117.79060400304716,-116.07361081196595,-117.3162042945191,-115.83436524399801,-120.28807359838217,-118.39985368244066,-120.65371160519243,-118.48189335750726,-118.20730010540152,-118.00899470725311,-116.92326682962445,-119.97461919519235,-118.23452151824418,-119.75333709555738,-116.60773188674177,-116.1583263279811,-116.90530232442094,-116.91800568114323,-118.19623226271342,-115.48547666409526,-116.6410225464203,-117.11527819620215,-116.70082387812504,-116.88946640049836,-116.90713510678248,-117.11715795104921,point1,-117.65152210880565,-117.3162042945191,-120.65371160519243,1.8044840773097295,-0.5720733661035577,-0.39691362208687364
HDOK,PLOK,17472,15,15,-128,-12,11,2,33,-118.79192066806733,-115.60513030496757,-117.72317584296269,-117.68156698162693,-116.87979697693183,-117.05917129627981,-117.53621531827113,-118.41655377607941,-117.68966671417813,-115.15444225107413,-117.0199224210469,-119.12769724401349,-117.28503331151322,-118.11375666592801,-117.69768477262858,-118.43142764522509,-117.19303691637815,-118.41194471745695,-118.47534150102865,-117.3959534175082,-119.04155656350858,-116.4093458451065,-118.11712309160099,-116.64126856711549,-117.57925002470844,-116.01506937620842,-116.69379589322772,-119.88642385686174,-119.9754045644394,-119.59903451630738,-115.40892517595944,-116.5618124741898,-119.22813913991894,point1,-117.66201781310059,-117.68156698162693,-119.9754045644394,1.5013575624503848,0.05248710415356001,-0.44386784017531067
HDOK,PLOK,17472,15,15,-128,-12,11,2,33,-116.87181804388592,-116.36386539787942,-115.20268822096786,-116.90980763410339,-117.8199091695134,-119.11466094416164,-119.02082364516161,-117.5924033886142,-116.45295205172103,-117.10582370456888,-116.24445371219942,-120.25096734618755,-118.32607999419953,-119.14657722256845,-117.54154046199844,-116.42362652873209,-120.45456533534526,-118.55406328688264,-118.45717435130585,-119.23854390310674,-120.11523186303086,-119.32037003091875,-117.83040670631567,-117.75226624008813,-118.31324773191787,-118.05044953386152,-117.69114941394083,-118.21971719295823,-117.81300168124338,-117.5530641978449,-117.83255899408921,-116.19587178304201,-117.46721238394395,point1,-117.9165724877666,-117.8199091695134,-120.45456533534526,1.4879658237691114,-0.12910899050573646,-0.15550886889037407
HDOK,PLOK,17472,15,15,-128,-12,11,2,33,-117.2824295500894,-114.47465332880604,-115.93688520204543,-117.8506881493098,-119.08712844701327,-116.45525041938576,-117.12360248684398,-117.69245749433155,-114.94183296972314,-115.79437514456987,-117.98260686987118,-118.81546707466498,-118.45170457055636,-118.74756355157727,-117.71918574468978,-116.70771312552375,-117.7032602028159,-117.66885694231728,-117.62613873649268,-119.17028744068344,-118.04009509732352,-117.36805009660395,-115.96857491724518,-117.3930046195785,-118.1414905155127,-116.67183853605925,-116.85465875570316,-118.7439813989158,-117.7779127158677,-117.96812333387827,-118.28567648726923,-118.110540156969,-118.1069747829923,point1,-117.47463663227964,-117.7032602028159,-119.17028744068344,1.2226232833414636,0.9150315610270583,0.6924557657152306
HDOK,PLOK,17472,15,15,-128,-12,11,2,33,-117.8648520091984,-116.32119854218766,-116.20702982712352,-116.50162730731958,-116.85009778801712,-116.95561760412055,-118.54195415547815,-116.70051915614003,-115.59089375402937,-117.8878031809599,-116.44838147569168,-119.68815529028464,-119.05898902221722,-118.5714324913874,-117.5046308288004,-117.71014227088149,-118.43200369563058,-117.87029611212205,-119.32391496189753,-118.42893311491804,-117.42449825307501,-118.06750461963702,-119.06916009040526,-117.30026041186085,-119.60971564485614,-118.3689949282213,-116.33492295731926,-117.42587076752068,-118.22765803361787,-117.90870544041773,-118.14573849228216,-118.21709132962857,-115.93938501468764,point1,-117.7120599567253,-117.87029611212205,-119.68815529028464,1.1248433348992177,0.09389141371561062,-0.7021108504417302
HDOK,PLOK,17472,15,15,-128,-12,11,2,33,-116.4816176331509,-115.90696374776937,-116.01653486820422,-116.98362487536701,-117.52001404656053,-115.86971731655798,-116.56585700808155,-116.67259423681557,-115.76051991687517,-115.6891834580471,-116.94082119026449,-119.17203057851005,-119.33788817835371,-118.35343981735592,-119.16004107669288,-117.24277740105477,-119.51185774269143,-118.591567209984,-118.17703812127634,-118.26467882307783,-117.40146848103628,-116.94867695051565,-118.22989243697003,-118.60817883508936,-116.66318989323321,-117.31942720926271,-118.5807923354475,-117.88774311058314,-119.09376415978987,-116.98056576496391,-116.97491991994974,-116.15759265194036,-117.25958018040532,point1,-117.4643805810872,-117.25958018040532,-119.51185774269143,1.2700156345455256,-0.19512808382832847,-1.0836096019576744
HDOK,PLOK,17472,15,15,-128,-12,11,2,33,-117.92640109690335,-115.6875133880379,-117.25494121415322,-117.93147263621968,-117.73594272107593,-116.51341038564796,-118.77043792296617,-117.8092010054087,-116.26726537402105,-116.51919144451318,-116.80712811672137,-117.88213731740306,-119.92016831690073,-118.6427959327428,-118.97474317700882,-119.51302929068405,-117.66293070871026,-120.24781900828648,-117.90581629923534,-117.07716919241403,-118.82658992712233,-118.8815654542087,-119.52815075587912,-115.76922875673738,-118.06210311122123,-117.54477212297043,-117.29327423847036,-118.33145443794548,-117.98374600009554,-118.05003108318219,-116.74433319537842,-116.87063297312396,-116.68864763935773,point1,-117.80678921953779,-117.88213731740306,-120.24781900828648,1.2653322416074573,-0.19099509430966152,-0.37934975508966406
HDOK,PLOK,17472,15,15,-128,-12,11,2,33,-117.27240880175702,-115.71160695459783,-118.3162020808221,-117.04131248022762,-118.86027472134226,-118.88033517119125,-116.79377368674486,-118.71558973783665,-116.07692099829345,-116.81354166752041,-117.85287165047882,-118.25831217221335,-118.33179353241651,-117.45615310981225,-117.52390343916879,-118.74864324684276,-118.34486452872451,-117.3385693611777,-116.33448713667664,-117.40452120959225,-118.3329414546469,-118.37328539807446,-116.33853706649207,-116.66940882563938,-115.98665789273889,-119.14322603928106,-118.70001783731095,-118.2399632593563,-118.0889881414858,-117.63043557412068,-116.26041762859141,-117.18968402018201,-116.64878076665414,point1,-117.56601301793975,-117.52390343916879,-119.14322603928106,0.9232259721491136,0.21705325024709782,-1.1309039409729102
HDOK,PLOK,17472,15,15,-128,-12,11,2,33,-118.31672947911069,-115.96222086408395,-116.16516451473422,-116.82176157832775,-115.68680922540757,-116.88475484341033,-117.17555751638356,-116.764568253437,-117.41776974464595,-117.45658171535045,-116.6844913215406,-119.43959226183799,-118.41610695775316,-119.8083057616062,-117.70506276302054,-116.60885663603331,-117.7733803297714,-117.88674850487232,-117.73756401169493,-117.79485180382437,-119.45234511025303,-117.61600628870812,-116.71096297225816,-116.86890413201013,-119.04841812913563,-117.16577316094059,-117.54546440119383,-118.34832786453161,-115.47433644300266,-117.32111842773219,-117.84389343544763,-116.36441825674191,-117.72466215935385,point1,-117.45428814751986,-117.45658171535045,-119.8083057616062,1.0604447164731108,-0.3749723211488733,0.06459402949568416
HDOK,PLOK,17472,15,15,-128,-12,11,2,33,-119.85898181640758,-116.04516392654112,-115.46218752933122,-119.11449437418705,-116.74051705167163,-116.49148342640015,-117.9511189946801,-117.01307822398378,-116.47245768136888,-117.61613199500002,-118.52993309978275,-119.6636927359603,-118.22210606311155,-119.79316309187601,-117.91510042514417,-118.86262276773135,-117.70668451316385,-116.37998925940543,-117.9823392437978,-117.29403568681558,-118.16197335811165,-117.52773027606533,-117.43964825252795,-116.53298491208646,-118.41997053912628,-116.88660807460543,-116.05244073502196,-117.38252303035335,-117.64514837043465,-116.58365168455659,-117.82867438581106,-119.10589519236505,-118.5709352579941,point1,-117.67434745380064,-117.64514837043465,-119.85898181640758,1.24451950778884,-0.18466218589048272,-0.5567531262001286
HDOK,PLOK,17472,15,15,-128,-12,11,2,33,-117.92250226522505,-117.66726572692752,-117.9339663567115,-119.61460447929339,-116.8308185988943,-119.1627628543596,-117.69377502469042,-116.90130853828343,-117.7127663054588,-116.39782278275698,-119.18642907920332,-118.288480133072,-117.69945765927625,-119.3961505351244,-117.70266351340773,-118.43791929741272,-118.44168710791003,-120.51830178786389,-118.77665332150751,-116.51753188859853,-117.71959365895522,-117.96153084495593,-117.87933565763028,-118.9398907505008,-118.1178929604568,-118.12664169044115,-116.82842359314888,-117.86571329237601,-119.50908680599674,-117.82614514808918,-116.25026297455166,-117.1873256229844,-116.5570391382601,point1,-117.98702270891893,-117.87933565763028,-120.51830178786389,1.0015334053686957,-0.3608842226341663,-0.0368507894970902
HDOK,PLOK,17472,15,15,-128,-12,11,2,33,-118.28519936485172,-116.78851244176289,-115.17728730616116,-116.34441520472183,-117.07592805811431,-118.57776744259269,-116.46068725818748,-117.08659090442843,-116.86857524545857,-117.7869613937242,-117.15219221610478,-119.38630728991791,-118.06874272574504,-118.69330070957416,-118.3508726224879,-119.95441068619519,-117.50755497494724,-118.29808866046656,-117.75999293398199,-117.26455455487128,-116.61599853437725,-117.96165948742114,-116.59766918898671,-119.57464493790933,-116.64138871565707,-116.63193457825992,-118.26722360215912,-118.55342962409131,-117.64043921123498,-116.64539714670407,-116.46215453044904,-119.46795958480914,-117.80888421361126,point1,-117.6289916772717,-117.64043921123498,-119.95441068619519,1.163933238710554,-0.23234722937934257,-0.24264819157763196
HDOK,PLOK,17472,15,15,-128,-12,11,2,33,-119.1453426601914,-116.70017170376691,-116.8500687036355,-116.02969502398167,-117.99910634508925,-117.68132942760265,-118.82765951068848,-117.29477003067129,-116.104305086516,-117.99462069875678,-117.98848330024671,-118.22415644892735,-118.71180069398133,-118.80939979851809,-118.091823605751,-116.73836380343585,-118.67468958681656,-117.38940711023864,-118.43388158308196,-116.48998000778894,-118.81985933379727,-116.9565809109559,-120.0289143471253,-117.32774672611839,-117.60635870616458,-116.53771834234362,-116.42962190098922,-116.19023686983205,-117.70971273195735,-119.09358647792214,-118.00098252431802,-117.80206912048118,-116.09285632445992,point1,-117.6598575589743,-117.70971273195735,-120.0289143471253,1.051352171676729,-0.1366511277351914,-0.7219385233658828
HDOK,PLOK,17472,15,15,-128,-12,11,2,33,-117.04618654866009,-115.87479998644478,-117.08859397763122,-116.69496772828991,-116.81698353596636,-119.32124488100419,-117.27957143122117,-116.80650663393293,-116.41689863796961,-116.98093299208738,-118.49001426822558,-120.19832865978756,-119.18090740502396,-119.06951074915379,-117.31459435310106,-116.78748359598455,-116.76253312185291,-118.10040491661037,-116.82321071699677,-118.53748062118234,-117.76192876839693,-117.62337998919298,-116.95875838746656,-116.74413834418563,-116.88629721437079,-116.38523278469317,-117.61785226100257,-117.68938163594186,-117.46423760177139,-117.330807013809,-116.87150481272934,-115.4866553090469,-117.61658100760384,point1,-117.39478514822235,-117.08859397763122,-120.19832865978756,0.9907491132616678,-0.9097676118545653,0.9892545333319851
HDOK,PLOK,17472,15,15,-128,-12,11,2,33,-116.79993193783103,-117.69067416805271,-115.52195646187079,-116.64832696298221,-116.42885438034087,-117.91655897323355,-117.09534293913248,-118.61460744354915,-116.67796596638208,-117.74792734647222,-116.3423522994307,-118.60434070830074,-117.48383144787196,-118.27204997296309,-118.66097451488295,-119.35715899054908,-117.45507680734516,-117.77522713088962,-116.34998294926204,-117.75740525407208,-118.05933500916842,-117.84031259443539,-118.78292891989628,-117.44749459336609,-117.97107878738444,-118.44496160979975,-118.7196778762398,-119.45929625263449,-116.65437176431621,-116.66103338408612,-117.66725681554783,-118.26494676578822,-117.27766572379453,point1,-117.65002747732949,-117.74792734647222,-119.45929625263449,0.8456220012997716,0.12844149285729725,-0.39629706005226595
HDOK,PLOK,17472,15,15,-128,-12,11,2,33,-117.06074270090723,-116.83188291126986,-113.35394292782723,-118.26007956929068,-118.95413816293039,-118.63736951050728,-115.88892860116901,-116.8824231524034,-117.07627798361682,-116.88145237593173,-116.82893883969051,-119.53179823235466,-118.54163481063851,-117.2275007200603,-117.55534715447459,-118.34597702093426,-117.616703760135,-119.78312105245752,-116.61919013071297,-115.70477644100662,-117.76436303255284,-118.37198371801492,-117.96470866115045,-118.33805477593039,-117.81008384224634,-116.41484457527412,-114.94191386263341,-116.7528343755753,-118.22130016950281,-118.02898146172093,-115.96027961521399,-117.36804896338195,-117.66383461126578,point1,-117.36919568856914,-117.55534715447459,-119.78312105245752,1.6306143548636867,0.8410767924388584,1.8114276790536539
HDOK,PLOK,17472,15,15,-128,-12,11,2,33,-117.96709010121396,-114.54976162472026,-116.32680265368306,-117.70548835159235,-117.26755129045341,-118.03456654894683,-118.56092126271591,-115.13926313377502,-118.43180310505352,-115.50361066989427,-115.82602445945244,-118.71560571588248,-117.25794341508197,-119.97299668045656,-118.9085786675232,-117.12068126293603,-115.41999939132192,-119.84874021635562,-118.22208119210866,-118.43346796613231,-117.71164040908386,-116.63078456004004,-117.46542158619727,-117.20472921983401,-118.44094888914047,-117.89761443832428,-117.04602836837216,-119.31664836678215,-116.87887220907388,-117.7886460587722,-116.27729278631243,-119.28512230999858,-117.3901822707657,point1,-117.53172452066657,-117.70548835159235,-119.97299668045656,1.7157272377045276,0.3063030770081379,-0.2249294916280875
HDOK,PLOK,17472,15,15,-128,-12,11,2,33,-119.255272073484,-116.07713193273591,-115.30183552137825,-117.55360110266217,-115.79161450797865,-118.7399539677393,-119.14223918325163,-117.25940245973298,-116.6544107017732,-116.7187297432271,-116.71394200349378,-117.68707893730057,-118.00498617951888,-118.00090310643616,-118.26655816472612,-118.9454002360706,-115.91444747599517,-116.39337445994559,-117.94200149364625,-118.6634789521767,-117.70804951621224,-118.68138505336258,-119.04195138238016,-117.06183171298548,-117.5671571648741,-118.90725558506226,-116.5696909604498,-115.98924005529885,-116.31582167786257,-118.9973831083475,-119.62969243381804,-117.75215352873376,-116.04406383464296,point1,-117.55430418840317,-117.68707893730057,-119.62969243381804,1.424461560355524,0.07245789135079152,-1.1981578979838647
HDOK,PLOK,17472,15,15,-128,-12,11,2,33,-117.14065065307489,-115.74849396989032,-115.21982959775063,-115.37153112083546,-117.10091788991906,-117.59748443122389,-117.38530602759475,-117.076461579711,-114.6621166031062,-116.93678041821036,-117.80607054198201,-117.67668195167002,-119.24336476282625,-118.4278116889857,-118.41977826016172,-117.92306997043083,-117.27434745678539,-118.09276062087953,-118.7932804513773,-116.67610815978405,-117.7888598262783,-118.73356543289097,-117.86856203333542,-116.98139447524426,-119.52355007116245,-116.1502382025378,-116.04316425117496,-117.11783248799561,-116.86258268619078,-116.51697321455505,-118.65721567284969,-119.03159362320744,-119.49252950195992,point1,-117.43457295865399,-117.38530602759475,-119.52355007116245,1.4710207673836682,0.2747710732316938,-0.32120584669406993
HDOK,PLOK,17472,15,15,-128,-12,11,2,33,-119.07219705455114,-117.45081546761638,-116.58979077971698,-117.34416794005624,-116.69688220384862,-117.67159273492099,-117.55845246601778,-119.98337249351968,-118.77040944627927,-116.21806180909712,-117.53114193200042,-119.17377304097117,-117.71953444905948,-117.16495566174812,-119.23215424872348,-115.87159840601828,-117.25185657252091,-119.1934125125564,-118.93732934523908,-117.19617414113712,-118.65759621715515,-119.15554148970146,-116.93143842190186,-117.72123918846513,-117.0873530691589,-116.9160422511981,-118.82734474025223,-118.67802543865423,-116.34204236569606,-117.05898599996203,-117.51522283544196,-118.984008155227,-117.50094606850833,point1,-117.81828663475514,-117.53114193200042,-119.98337249351968,1.0800125178836761,-0.20806280853617193,-0.9669961889281415
HDOK,PLOK,17472,15,15,-128,-12,11,2,33,-117.89782184272552,-116.36382563697585,-116.66666844831752,-118.42943579735629,-117.7462445941991,-115.5571153116285,-118.79786474682425,-118.722101882023,-114.92121913133583,-116.56834704275013,-116.38648836039349,-117.90423149573574,-117.79301503436814,-117.28404115599564,-117.79205064159908,-117.82753348840326,-117.49010491973456,-119.6079830837885,-117.07831356862646,-116.89567227995225,-118.19588241704436,-116.330842003588,-118.0400431409973,-117.6356993588187,-117.81871902806238,-117.06251048312065,-116.66420291746148,-117.54244910172727,-117.41943458473183,-119.57243627984458,-117.98493680478475,-118.98356974277615,-118.0901090943134,point1,-117.54760343696982,-117.7462445941991,-119.6079830837885,1.043021637360188,0.2619164593780851,0.48067123161555125
HDOK,PLOK,17472,15,15,-128,-12,11,2,33,-118.44617184143573,-114.67504634759347,-118.01863341544356,-117.13390645009106,-116.50386143689808,-116.50467240054124,-118.82873995207778,-118.91927848788313,-116.96229476374856,-115.86896437076085,-116.33100352867417,-118.7626046027668,-117.86551599547958,-118.08622858299611,-117.80771387656188,-118.05852205088404,-117.0846882786037,-118.24666796170698,-117.98527955166576,-117.48717072243078,-117.52581115555587,-117.31765685550134,-116.64013484086244,-117.27695130230539,-117.21371203115595,-116.57157419368151,-117.844747723647,-118.53008716241638,-116.78623026068848,-118.72366188116544,-117.74348382083183,-116.91235075488134,-117.19606702357818,point1,-117.4502858674095,-117.48717072243078,-118.91927848788313,0.8536458421884697,0.6616464117909742,0.9445741834774961
HDOK,PLOK,17472,15,15,-128,-12,11,2,33,-118.17216913826175,-117.0245826669215,-117.94862479222654,-117.04617661857354,-117.77236167809882,-117.13148047492936,-115.79698260972843,-118.0870713961289,-115.00895115035293,-117.07555095480119,-115.66287137836368,-117.45677752866013,-119.10816741400943,-115.87341989783268,-119.12726103709481,-119.48474179674594,-118.63712373031196,-117.94400822356111,-115.0254088704645,-118.15309327659153,-117.16555189764775,-118.4781027907788,-117.59087684174854,-117.54088609987201,-117.00453600632318,-117.61026640891345,-119.14791641489208,-117.98370862540025,-117.58014254245786,-119.33658505056624,-115.7747639588254,-118.23749932994514,-118.62382959039344,point1,-117.56398455125523,-117.61026640891345,-119.48474179674594,1.4083406383392352,0.5383361756459669,-0.24532358980433955
HDOK,PLOK,17472,15,15,-128,-12,11,2,33,-116.86323444175883,-116.10404260299356,-116.10768550718873,-116.58775716849603,-118.62752527120513,-118.10408845553665,-117.25673369630033,-117.54918280191058,-115.50078316192224,-115.63478970398009,-115.80678911518493,-118.85292009502321,-116.67155912279796,-119.04917350313454,-118.23218566136717,-118.93062633583288,-118.95373283179732,-117.34314022309327,-118.84989829152663,-116.63974881261753,-116.73214822742713,-118.4145536519188,-117.25011501289943,-119.13000867456233,-118.84501928050105,-116.7374145124305,-116.01455522264496,-118.65638247549147,-119.14484331926514,-117.96426553196183,-116.62477849645755,-116.91558463448149,-118.80751218162297,point1,-117.54250842501006,-117.34314022309327,-119.14484331926514,1.3673794786064726,0.10427733882079063,-1.4331461167549726
HDOK,PLOK,17472,15,15,-128,-12,11,2,33,-116.68284167551597,-115.71177571299484,-114.6631724082175,-118.57584232952468,-116.87047500717107,-118.10674735382452,-117.79853602849892,-119.31359708450823,-117.75556389584371,-117.83568576796561,-117.18893810410468,-117.43954451963053,-119.76259835414795,-116.85487832470422,-118.15570506153406,-117.60730725016899,-117.78434884857344,-118.31472993365823,-118.8946238123036,-117.86603501014045,-117.41665744245515,-119.0501950935384,-115.2445366630002,-119.30888027311721,-115.54282090513152,-115.86648016006421,-116.60781869027775,-117.01018651435649,-117.06535832049552,-116.94883138481117,-118.09543011380121,-117.79052300832525,-118.00435638099776,point1,-117.48894004343647,-117.75556389584371,-119.76259835414795,1.3872201293899216,0.3852618551798179,0.06792242120758374
HDOK,PLOK,17472,15,15,-128,-12,11,2,33,-119.46487908762438,-115.64731794185701,-115.83821373577392,-116.62122286820811,-120.07798215103271,-117.31936408223743,-117.3168549244197,-117.13713063116636,-118.92474295980264,-117.01077926742444,-115.70142833985388,-118.58020489790508,-117.89208550100342,-118.19407345698134,-118.28882881242606,-117.19760842924893,-116.80041677370905,-117.38768131426467,-118.86966515463871,-117.46480326763049,-117.40745198448525,-118.0764341364264,-116.2209448245936,-120.54420613559803,-118.19523931182665,-118.16646495046264,-117.90478675446884,-116.45843256002874,-119.07607342348791,-118.17891849859697,-117.42587805966005,-116.35748081582904,-115.40541676843804,point1,-117.61069732791243,-117.42587805966005,-120.54420613559803,1.506942193045242,-0.2953224426241919,-0.08928316694363403
HDOK,PLOK,17472,15,15,-128,-12,11,2,33,-117.63107821871624,-115.12747079677503,-115.80877079140447,-117.28106378878378,-118.07052268752446,-117.04193849386213,-117.32554274620257,-115.26530178832179,-119.10042051592734,-116.89795491798743,-118.8381391966124,-119.28149997663719,-117.26889263564335,-116.9982534553701,-118.22636146967169,-116.56649714173263,-120.18874367681745,-117.7031597141001,-118.01143199978101,-118.16438783639519,-119.68486022435873,-116.9720850604219,-117.4777613950545,-117.17756923541135,-116.83468199136344,-118.6507146706954,-116.55978701526381,-117.71964922982595,-118.60930636522686,-118.2422909599344,-116.98583401155122,-117.40984864263842,-117.05112237670835,point1,-117.58099827353699,-117.40984864263842,-120.18874367681745,1.259838674504162,-0.09085134987563992,0.34086580607433126
HDOK,PLOK,17472,15,15,-128,-12,11,2,33,-117.7610005844435,-115.57924581898665,-117.31199185473007,-116.89165462284312,-118.60514815749744,-118.02981484642591,-119.20311070860572,-117.80124847454198,-116.277889582206,-118.00686740340124,-117.56461913421927,-117.38288432955272,-117.52697121093419,-117.7773935245571,-118.16224495320948,-117.4957076817374,-117.53612319327706,-117.80918376407499,-118.06776441560855,-118.5022352083892,-117.5994979548359,-119.67953390727955,-118.56940458694915,-118.64725504088314,-117.22084305390736,-116.85881895721688,-116.96790360294163,-117.86427198062427,-117.86397792542722,-118.8704754764241,-118.56439257835301,-118.80259560282805,-117.50731923928355,point1,-117.82755725382408,-117.80124847454198,-119.67953390727955,0.6602810609768741,0.2861338716544749,0.9963550832879746
HDOK,PLOK,17472,15,15,-128,-12,11,2,33,-117.40672416110728,-116.03829499418468,-116.88742952555756,-118.74225083311347,-116.41130737121426,-117.04602926180772,-118.21339012023843,-117.29320780959966,-118.57417447275098,-116.47362771091153,-116.95895495188996,-119.73710412926322,-117.93651831407817,-118.89556374194557,-118.49940108967708,-117.59983606763237,-119.35374800633704,-117.49880395503435,-116.25534041062791,-118.4102296192556,-119.52720723184167,-116.77812255582407,-117.84543778609147,-116.77249627236313,-119.05271948735091,-115.8600230572725,-119.15699773602124,-118.23453797243089,-117.84734338124764,-116.58585192962533,-117.49784518532644,-117.90548521308523,-117.34644178780552,point1,-117.71643776189434,-117.59983606763237,-119.73710412926322,1.0829008588326647,-0.15272901588205062,-0.8740274762709372
HDOK,PLOK,17472,15,15,-128,-12,11,2,33,-117.76974629358696,-116.71550033414427,-115.01952101333322,-117.50587785827402,-116.34418037389288,-118.10035094834909,-117.42581034309573,-117.06364148144371,-118.40412961553665,-116.06302501065026,-115.39218111787712,-116.98488714598227,-116.86830510268098,-119.18639286305842,-118.90054649900603,-117.42214598236043,-118.57040474627571,-117.18941274014635,-116.62382753299991,-117.88948773983117,-118.564895189441,-118.20798552166096,-118.91192924869436,-117.31397828523082,-118.44314765048696,-117.03900994774418,-118.3411092918089,-118.29528182021816,-118.75296868237076,-117.50225680083973,-118.99716407895232,-119.33553579328178,-118.87828764575706,point1,-117.69766438481855,-117.76974629358696,-119.33553579328178,1.1391618707597124,0.6062291373729964,-0.07566196456076746
HDOK,PLOK,17472,15,15,-128,-12,11,2,33,-117.97797182315071,-116.19621880220394,-115.94181209115399,-116.50944096482088,-118.37748452996655,-116.25189337918648,-116.11450151829736,-119.8525205221346,-116.44420148106707,-115.91862043545372,-116.20912036778361,-119.63795748281613,-118.63801486326231,-119.07535157581934,-117.30053458339798,-117.43927305742848,-117.47013200462928,-119.2686694694303,-116.45134856679213,-117.67050333634496,-116.96621741029954,-119.51795187803091,-116.54805552480393,-118.45553768351274,-116.0772998375348,-118.04870323405613,-117.03287086651218,-118.07357174604036,-117.93104718477478,-119.83224782441141,-117.61867090078385,-118.19754333914861,-118.24478006975592,point1,-117.61485055620619,-117.61867090078385,-119.8525205221346,1.4649656833086206,-0.2998852398016982,-1.0164034352233622
HDOK,PLOK,17472,15,15,-128,-12,11,2,33,-116.74277134171241,-116.3142169135679,-115.77121071667952,-116.42632059392548,-117.17846842672915,-118.16532200655386,-117.07460937919643,-116.84227178456679,-115.95252067754731,-116.73668926004166,-116.41703722420962,-117.78205990886984,-118.32798451093471,-118.40793308440492,-117.44828178089446,-117.80749971181753,-115.76230079505282,-117.71223289346909,-119.76683951319315,-117.30439125083464,-116.1063009197319,-118.03111369187286,-118.58984004340785,-117.19966200088781,-116.50774796690331,-118.41922733978373,-119.07041798065436,-116.50988044919633,-118.33092021296098,-117.96104601288292,-118.62425018379898,-117.7042861942607,-119.3685513737907,point1,-117.46558200437376,-117.44828178089446,-119.76683951319315,1.0848017006730273,-0.21026448899328629,-0.7058521092994066
HDOK,PLOK,17472,15,15,-128,-12,11,2,33,-118.25279919375222,-116.34128551806192,-117.25125978592087,-115.88828203097407,-116.719573211405,-117.93372840645365,-116.31559825398274,-118.46957763772598,-117.02737534108395,-115.72439799853899,-117.8256461491805,-119.1362401244101,-117.94378054709868,-118.47077815176263,-117.60899586770643,-119.4903636568212,-116.91518437036058,-118.25444543141907,-118.96387241232925,-116.323559988005,-117.20942071542102,-117.57475194732129,-118.2430346470062,-116.1994843227209,-116.68463098292588,-118.7285429338286,-116.79997051458835,-117.75775147996761,-119.20733400828293,-118.19314971066119,-117.51048298853948,-117.33679724906014,-119.18050038434504,point1,-117.62068472611095,-117.60899586770643,-119.4903636568212,1.0378485332608849,0.011130455908338012,-0.9041549190873255
HDOK,PLOK,17472,15,15,-128,-12,11,2,33,-117.09664416905039,-114.67605664964472,-117.40298926458884,-115.16040545506642,-117.17450875385299,-116.94872598874399,-115.57365454488769,-116.59389046517991,-117.46584718329812,-118.05594035684554,-117.09164478702391,-118.20238346867275,-117.73780265177857,-116.38319168109619,-119.75194621061011,-117.04893290462736,-119.55801159408743,-117.46818385208958,-117.53245383228419,-118.0411465454889,-116.40491471581163,-117.18180333941186,-117.97514447712501,-117.62963131439881,-116.17427928035565,-118.91952630847574,-116.30401681287782,-116.5913145626118,-116.80220123070349,-117.26106841666876,-117.10706889706927,-117.91009419361627,-117.78653648416568,point1,-117.2427866785518,-117.18180333941186,-119.75194621061011,1.1205603284101122,-0.03734580989926894,0.9918390531068915
HDOK,PLOK,17472,15,15,-128,-12,11,2,33,-119.8468621349859,-115.73280404236647,-115.54206770801227,-116.13089248999636,-118.16824268355353,-118.25837791545516,-118.34065200821728,-117.65245726820953,-116.76676260615426,-116.28775719349713,-118.48412882919737,-118.94291867236907,-118.54352909031034,-118.70964856524151,-117.32793465457397,-117.85323172211747,-117.99977929401594,-117.52341215692627,-118.03495078919875,-117.43176437118345,-117.80780160361272,-118.27490868047595,-117.75967342611281,-117.20861203238438,-116.95738545413916,-118.94397414398904,-116.9086427263892,-117.40148753361798,-115.85533421126789,-119.16618669404524,-118.379015534118,-117.04940934828745,-117.5857497761334,point1,-117.66291985939866,-117.75967342611281,-119.8468621349859,1.0172865951325119,0.27810742388299575,-0.16458237500121964
HDOK,PLOK,17472,15,15,-128,-12,11,2,33,-117.38459484926481,-116.86772908327664,-116.47670229877485,-117.8319604965051,-117.17909461080318,-117.01088221102377,-119.93995239419208,-119.42486921988225,-117.26208448650353,-119.0288846994375,-119.09554220038486,-118.80461265153636,-116.91995059734053,-120.09625470012404,-117.43076393230243,-119.52297183299841,-117.02032007436082,-117.6554048917968,-118.45352078931258,-117.3173436409201,-117.16355712520479,-116.52263799633128,-116.6011374928794,-116.87958143491416,-117.00674745405716,-117.99290406121108,-118.01664846249618,-115.32967031546184,-117.9827057904715,-118.945026539225,-116.30198857324687,-118.11283958737731,-117.87242314077211,point1,-117.74094871619364,-117.43076393230243,-120.09625470012404,1.2322292515730093,-0.3765356456524854,-0.2828441066528127
HDOK,PLOK,17472,15,15,-128,-12,11,2,33,-116.8784528334531,-117.07718224499473,-117.9631289290055,-117.05757823209129,-116.54288852349453,-116.94818663584064,-116.53289209406189,-116.5642337368511,-119.8362347536945,-116.65126113459941,-116.93561379988161,-118.1840234663368,-119.13641150330552,-117.41836773075298,-119.46126010710265,-119.64254387259196,-118.1833630365033,-118.49068802485786,-119.44116463576127,-117.52980247212086,-120.5423230159858,-116.56483254503142,-118.62701788639541,-116.89298312427854,-116.66697133813784,-117.64207962319027,-118.65309755157554,-118.07710800256056,-117.12376755069204,-117.55538020524963,-116.64471873006678,-117.90947252130577,-118.81549508086415,point1,-117.82395530129202,-117.55538020524963,-120.5423230159858,1.2353754577843106,-0.6986214620792803,-0.496141539619102
HDOK,PLOK,17472,15,15,-128,-12,11,2,33,-119.1085812020934,-116.08608697977976,-115.87779556465618,-116.7797149109485,-118.57569655642101,-118.40869539810703,-117.98198856871032,-119.01003633441458,-116.45074650365798,-116.18287006189372,-114.6900976672033,-118.9849059745078,-117.3257336108732,-114.87545805630884,-119.21116999746337,-118.08340523273549,-117.42294229182814,-117.8011115673019,-118.0889201579992,-116.77034574707974,-117.25091736348523,-117.14007017986683,-116.18577698175532,-115.58134934486598,-117.15415573320452,-117.13758604430467,-116.1660634507175,-119.47038307546346,-116.52688379619336,-116.52881049293816,-117.36467793406769,-115.98720233239688,-117.37889462749789,point1,-117.19966890123457,-117.15415573320452,-119.47038307546346,1.4872557604439434,-0.04312017044657604,-0.5607626639439469
HDOK,PLOK,17472,15,15,-128,-12,11,2,33,-118.49413402237256,-116.42462704329249,-116.40915006726672,-119.15786037930043,-117.40188984044103,-118.11136917696044,-117.58317133359196,-118.53073589157708,-115.69766264777992,-118.66266513735641,-115.67747003167403,-119.86482504967032,-116.9547060074757,-118.63333114557577,-118.87537094829953,-118.68060817721992,-117.01911758280814,-119.71299562816077,-117.82292334246462,-120.09934030988528,-116.61638151188413,-119.23143808578833,-117.5754845756986,-118.08697059000849,-116.69995119291532,-117.9884156417121,-116.81650785517728,-118.9418530258792,-116.59149208466803,-116.73122867652214,-116.10856709440206,-118.1178787737288,-116.4330134472789,point1,-117.75009503996473,-117.82292334246462,-120.09934030988528,1.462700638177922,-0.11581817188443493,-0.9760338248211875
HDOK,PLOK,17472,15,15,-128,-12,11,2,33,-118.39253661317306,-115.95887787181235,-115.07376546219848,-115.92469896510924,-119.20333733390272,-117.7462889243255,-118.37154013891742,-116.35828241067746,-117.97132860725776,-115.84082933073223,-117.05733825125786,-118.49147618811327,-119.1728125031928,-118.98075895212601,-117.71587013390881,-115.66680143297975,-116.95307935752469,-117.51820522581632,-116.97744439729107,-116.77687764384964,-117.20244945090134,-117.22877483370111,-118.0665175007464,-118.30475176053272,-117.30706810534552,-117.94335950076231,-116.49335874841694,-115.16017636360517,-118.79085500725135,-118.71744355102078,-119.17881474905298,-118.40158929209136,-118.46661926972882,point1,-117.49739175385831,-117.71587013390881,-119.20333733390272,1.387242135117111,0.4258497882614989,-0.7871404911048114
HDOK,PLOK,17472,15,15,-128,-12,11,2,33,-117.75140949883641,-114.2637727369293,-116.33696093124261,-118.7553334973589,-119.09970290966959,-116.1665165307912,-116.6503730006191,-117.29832677847426,-117.32987390122327,-117.20815533375385,-115.62161462027642,-118.547303201877,-117.83126653251763,-116.42130612153515,-119.20056645698219,-117.85505798352843,-119.4142258686378,-119.17245905634684,-118.92580024025109,-117.83072396520683,-117.99324104657954,-117.60796799362004,-117.45451836034093,-116.15047093870922,-118.47715400761872,-115.50843764311476,-117.63801112004873,-117.51872242324463,-116.28067172818831,-118.0769847730401,-119.34359218253283,-119.45640255075783,-118.1561922713902,point1,-117.61645806682557,-117.75140949883641,-119.45640255075783,1.5832351488332563,0.5532978915424549,0.0016134925012338819
HDOK,PLOK,17472,15,15,-128,-12,11,2,33,-120.2016750063299,-114.87729079676504,-117.1059398855729,-116.22332146919294,-118.21761767037945,-116.0240319152344,-116.84151429169633,-118.8746865440612,-118.56430701678283,-117.03322376598314,-116.92126266332679,-119.04999245078471,-119.31393194136251,-119.06947619749094,-115.93761207284882,-117.50983649310182,-118.16534080942832,-118.5115320891975,-118.08694260762297,-117.56588485070931,-119.01333722085982,-116.14647394514031,-118.4173271375926,-117.1496992384583,-118.81924481497141,-117.18771827136328,-116.98618877423625,-118.14575057450332,-116.40633759303513,-118.30409305491858,-119.52319612639747,-117.7275536905864,-117.56289643077956,point1,-117.74197689123376,-117.7275536905864,-120.2016750063299,1.4164245037958907,0.21838610244522025,-0.3104424064191438
HDOK,PLOK,17472,15,15,-128,-12,11,2,33,-118.3419234237577,-116.34276898503066,-116.21729939796515,-117.49451547331329,-117.49946069279235,-117.90106036026833,-117.93387509116593,-117.10223386072549,-117.25416132751523,-116.84159110283656,-116.24873475002563,-119.5570649166838,-117.76448173581782,-118.58914746979384,-120.50986665387995,-115.8636912395254,-119.52783683755132,-118.01049352585908,-118.1420658268419,-119.31032240844424,-117.28588195508455,-116.79308251230538,-117.76967581452048,-118.48684366260228,-116.4040824540107,-116.63544519435548,-117.46659942171246,-116.5855094036106,-117.44451666869621,-117.24842892900068,-117.40322343256983,-116.78206134890172,-118.06188016341436,point1,-117.60060078910846,-117.46659942171246,-120.50986665387995,1.1060001832842994,-0.7909761616045158,0.5970804789062627
HDOK,PLOK,17472,15,15,-128,-12,11,2,33,-117.50043427763472,-116.23267980980046,-117.65319077052902,-117.65820104929794,-117.7218259355618,-117.55855483029825,-117.7078606835783,-117.79092923512559,-116.67066586642406,-114.65194709395884,-119.730928594944,-118.60246571788382,-118.07130247533006,-117.89441406154603,-118.60839257920607,-117.26772536385288,-115.57978519676885,-116.57509943194637,-119.49684717655143,-116.51305737409072,-118.8112894762934,-118.20470787602613,-116.00136570694069,-117.56917779657199,-117.59174331149323,-118.2671429932712,-117.90650620184532,-117.99212578437024,-118.1667746027711,-117.51760051019878,-115.72626586399893,-116.87170870973934,-119.18194655788398,point1,-117.55438372471922,-117.65820104929794,-119.730928594944,1.2207143609309006,0.47008466787437514,0.46728101248602716
HDOK,PLOK,17472,15,15,-128,-12,11,2,33,-117.35532752830782,-117.3078360021543,-116.5122914895683,-117.62639194943532,-119.172974800959,-116.97343492932616,-117.7868126229145,-118.49323781634867,-117.42342200314299,-118.26759751606258,-120.76365346938026,-117.05857672508625,-115.72059885633985,-119.55308307226517,-118.0427360436411,-118.33400658449094,-118.83139687306803,-117.87090360297384,-117.86751649675746,-117.3678752508712,-117.68586538770468,-118.56810627253057,-118.26110544336743,-116.96534535151116,-116.18353702795203,-117.44434689839605,-117.94383955329816,-117.77725981270166,-117.01641656850104,-118.64541214091729,-116.93713329183645,-114.95342073983184,-120.86443695254844,point1,-117.80533027497546,-117.77725981270166,-120.86443695254844,1.4457925997080878,-0.4274447211188067,1.3863387157907865
HDOK,PLOK,17472,15,15,-128,-12,11,2,33,-118.12903724597834,-115.65055081670637,-116.42337338597262,-118.9877479945634,-115.83288140339793,-118.01992398103907,-117.87211075346089,-118.70854410234114,-117.73703518999164,-117.41975769505048,-117.44831615781827,-118.79678971671126,-119.98395828539643,-116.5901669837974,-117.35756311344035,-119.55156684087987,-117.65623625772969,-117.87648495209153,-118.76345954238224,-117.54325058344358,-117.81536154496132,-116.71732741974417,-116.63048467968194,-118.6146853010585,-118.2095694166332,-116.66954077322227,-115.88036393418308,-119.32950913452757,-117.60459844948909,-117.27388642494634,-118.657428060718,-118.26614958635462,-116.24118584128954,point1,-117.704813502091,-117.73703518999164,-119.98395828539643,1.1708720835316238,0.03325356021631901,-0.5313987289191378
HDOK,PLOK,17472,15,15,-128,-12,11,2,33,-118.13990532393493,-114.32435171610301,-118.02593121570524,-119.22513133381305,-117.19210079165039,-117.22347924611631,-117.52004626521794,-115.57960033231893,-119.71082214100566,-115.65563152350416,-117.52022125714295,-118.87752124946226,-117.02900098913017,-118.10032859056511,-116.94282790871824,-118.35252452509356,-117.39124679506713,-117.48795163337999,-118.76255798414553,-117.2783301811701,-118.43815877236433,-119.45371611696558,-117.99502901352858,-117.37791314932409,-118.00136718830323,-115.5794557317408,-118.69785152237807,-117.80658471983196,-116.37052231025393,-117.62144782645228,-118.18125909574053,-117.36245938405474,-117.81020094024919,point1,-117.60713565983127,-117.62144782645228,-119.71082214100566,1.3025849470450621,0.7622019790183384,1.1292833629793777
HDOK,PLOK,17472,15,15,-128,-12,11,2,33,-119.23400820567986,-115.81210699742569,-116.67869807850332,-116.66060037745284,-116.17599950994662,-117.41807803671506,-117.97790579741209,-116.91679485614729,-118.17559177887301,-117.52163378771507,-117.01908921868178,-115.41684516086379,-118.43614310808373,-117.6404315913494,-119.07111160962339,-119.1909029041595,-118.12930594658066,-117.98642330376792,-117.03190079400112,-118.52970957440607,-119.59067496174039,-117.7326578574334,-118.72098935828124,-119.37427140704845,-117.16036474375056,-117.90486101277777,-116.40839339981821,-116.8276118007658,-117.73961191121295,-116.02499104217577,-117.78035247407527,-117.12527501889497,-119.05906956676742,point1,-117.65067894521607,-117.7326578574334,-119.59067496174039,1.1579323503809904,0.049693665305672215,-0.6903204299103902
HDOK,PLOK,17472,15,15,-128,-12,11,2,33,-118.81767695157362,-116.93239863449143,-117.42007874399003,-117.78063531322418,-118.11320086165537,-116.63863290223202,-118.14488752959507,-117.05202530865803,-117.26312478911004,-115.79389475255556,-116.66605399683569,-117.75751624411569,-118.61538045320428,-118.33804027475723,-117.8635690640682,-117.35414362472937,-118.53313373112876,-117.43089842209527,-117.97753567261081,-117.78585972854953,-116.46220352964923,-119.16583996998445,-117.37829391562538,-119.90210431585314,-116.25391938972186,-118.94957652025147,-116.75760109170439,-117.0519543180618,-119.00771333540379,-116.20374008933688,-118.88183655634529,-119.40771497902108,-114.77989247309642,point1,-117.65094174191624,-117.75751624411569,-119.90210431585314,1.2509352466353,0.23876464403814227,0.0019472976472556525
HDOK,PLOK,17472,15,15,-128,-12,11,2,33,-117.73390031029794,-115.52023670307922,-116.93905099116948,-117.08420762208817,-118.70004274500026,-118.89721636357555,-116.06571480974355,-117.70276501669952,-116.1616578778658,-114.96869170976193,-118.84770625680751,-119.17946860598124,-118.9328373202926,-118.05417542125436,-116.49138416728135,-117.07839391574485,-119.41214950080919,-118.04619769466008,-117.97264401717682,-117.57216682295586,-116.78305546080928,-117.2662624645814,-116.67950601407536,-118.92049706440267,-118.81921897916239,-117.2088646182773,-117.91978538682982,-118.29930825035868,-117.35058950591866,-119.19298724120051,-115.45656861672168,-118.3123377253813,-117.0067735690359,point1,-117.59322311421214,-117.70276501669952,-119.41214950080919,1.3365686336317668,0.4005205203871604,-0.5370140662591378
HDOK,PLOK,17472,15,15,-128,-12,11,2,33,-119.47964624267748,-115.63385214697298,-115.73022526541403,-117.9575380763635,-117.69806001501594,-116.05692385081193,-115.3769600805013,-116.9281168524882,-118.21111325101505,-115.90206065914819,-116.42418311108669,-119.16683728520498,-118.67820369155368,-118.01761478768739,-119.62052201752428,-119.12709664481305,-117.93378146650781,-117.75914452497902,-118.14894569096448,-119.15309047515831,-116.42365379912955,-116.37733925061534,-118.53555550062799,-116.70186011895981,-118.26274025499448,-117.59665646847446,-118.09498311212589,-117.39707554340633,-117.15642669571783,-116.95028767786178,-118.65949793550628,-119.31067560287232,-116.85413990107041,point1,-117.61590327264399,-117.75914452497902,-119.62052201752428,1.424368590354205,0.14110363828892897,-0.9907406283599101
HDOK,PLOK,17472,15,15,-128,-12,11,2,33,-120.14649198934296,-115.9121373560158,-118.6527335294215,-116.43658895745077,-117.23449302887175,-118.92958754822182,-118.50395509878612,-117.76527932803167,-117.72099652111464,-118.16775680459341,-117.23185745295136,-117.62262095917376,-118.88113807740433,-116.80072816130571,-117.71100712953282,-118.97786652075705,-118.2674078432761,-117.85771410991374,-118.66368091923451,-116.80323186953503,-117.05553843520636,-117.01032374019184,-118.39169561327458,-117.90002594823997,-117.58571383605869,-116.3209328105983,-119.155528392646,-118.87372694739268,-116.60147709629462,-117.59023745267292,-117.37326828984502,-116.40552881433702,-118.45696350607668,point1,-117.78812830568998,-117.72099652111464,-120.14649198934296,0.9261885767382192,-0.14398906059106784,-0.3472837804651818
HDOK,PLOK,17472,15,15,-128,-12,11,2,33,-117.7412381363633,-115.4272477894384,-117.57537025612481,-117.36917646299011,-117.73821686560088,-117.29891192934333,-117.91280808656612,-117.24868156965404,-117.58774438424739,-117.64728375278924,-116.34612772280967,-119.50363339033132,-117.81286190299609,-117.13920745167322,-116.83442168133314,-117.53583069307567,-117.62450207703608,-117.23692536465987,-117.97831923113539,-118.3248034299119,-116.66972185728919,-117.98596021757909,-116.79894868127259,-117.85670606989005,-117.83042747310408,-115.80379030843409,-116.09539355265642,-117.72174436845582,-116.58673387637691,-116.88286878143343,-117.69843535177088,-117.40876252033996,-115.98373174285494,point1,-117.30928899937992,-117.53583069307567,-119.50363339033132,0.6261701013082646,0.17721765791102162,1.1789180661389023
HDOK,PLOK,17472,15,15,-128,-12,11,2,33,-118.72109331033559,-115.01683040397639,-117.18900997409233,-118.60994790861969,-119.41698142074827,-118.58672446619049,-117.94677854823294,-115.40194880014039,-118.2389228587009,-116.97925435836427,-117.35837745956708,-119.04686779289752,-117.8615406477953,-119.36981163846399,-115.92516284099945,-117.49111164372738,-117.87860755124456,-117.16759825170561,-117.77540311627921,-117.43110766711324,-118.33994023473109,-117.03469299427258,-115.74032492314684,-117.71526828819448,-116.5162912417839,-118.33242659895485,-118.51207528149698,-117.57915450654146,-116.71374969731855,-118.40418917864314,-115.29160452030422,-115.89733914718963,-115.9829400582291,point1,-117.43857810090914,-117.57915450654146,-119.41698142074827,1.3917855178209118,0.3914384804051253,-0.6690277831853613
HDOK,PLOK,17472,15,15,-128,-12,11,2,33,-117.74309519374,-115.29664203507669,-115.34244263230623,-116.72151135323809,-117.70041163959144,-118.0243683108906,-116.04833968202186,-118.72766486879132,-118.00114818872531,-118.47596570142208,-116.58368042393107,-119.12162217258006,-118.3583594142666,-118.78899548973486,-118.56468953815954,-118.1254071228454,-118.65772592673437,-118.31863543087523,-117.85920590168021,-117.61998856283104,-115.61725796215845,-119.55822549807438,-117.48832631476743,-116.6588211971091,-116.61958434813472,-120.22765413582168,-119.4106874788853,-117.5044225151537,-119.54664734235631,-117.32510306062574,-116.39720391239666,-115.95546723386973,-117.89671390837297,point1,-117.7056368029445,-117.85920590168021,-120.22765413582168,1.5694599145259014,0.19268467813441462,-0.5738517564971417
HDOK,PLOK,17472,15,15,-128,-12,11,2,33,-119.81375595706417,-115.5062244903007,-117.34958667375341,-116.87529800185337,-118.32648527850073,-115.36476022796478,-118.24772669835984,-116.82917001903367,-117.00792525316811,-118.24138285096228,-116.93718726352631,-120.63571217886394,-119.45418798697612,-118.63871503955859,-121.32020139799712,-118.30814042686677,-118.91018700829383,-119.78883404784526,-117.01435345590325,-118.3880278983747,-118.51805570737189,-118.75818505818619,-117.18697216848449,-116.14289331389033,-117.9845128704215,-117.18806120979255,-117.75164457394868,-116.85254137909601,-117.10053777473516,-117.96902754265489,-117.9331435166894,-118.46609413079638,-117.14102252448575,point1,-117.93789557350668,-117.96902754265489,-121.32020139799712,1.7037532979648045,-0.4483860395195459,0.5147191873294528
HDOK,PLOK,17472,15,15,-128,-12,11,2,33,-118.57190125731508,-115.04037699142074,-118.91520359647198,-117.27320296568996,-117.51757100722625,-118.19228945514635,-118.37161897649928,-116.99081114931705,-116.39053770436627,-117.18993655928351,-117.05933025451269,-117.40944234479882,-118.10362207698385,-118.6039440914559,-117.95891168326838,-118.42678457026514,-117.61274681642752,-118.41435861862264,-116.92863549315331,-117.2513663212003,-118.52935017568248,-117.80568147667029,-116.9849420770026,-117.45710186124882,-117.76050116246793,-117.28956909498756,-117.50139769321069,-115.83938766524972,-116.08253577448417,-118.6078851460366,-117.81215182591997,-116.03034593227902,-117.05455486098799,point1,-117.48418171756522,-117.50139769321069,-118.91520359647198,0.7922601648847871,0.6978365640792844,0.40357682939660533
HDOK,PLOK,17472,15,15,-128,-12,11,2,33,-120.38000131667731,-116.28803228503003,-115.80723085678463,-118.31974400960178,-116.44070706719837,-116.52134016849584,-118.67220429015877,-117.99991856380845,-117.02200751170885,-116.12305738088158,-116.80886054054814,-118.01405616341835,-118.48303757934669,-118.81468656381068,-119.51681763283106,-117.53047890868993,-118.04241120191111,-118.17834406095773,-117.70567179718981,-115.36239796611049,-118.8387058166112,-116.7328337783503,-117.02649271969342,-118.17867751674976,-118.21121687580683,-115.69389356207667,-119.09275642780598,-117.95420713862855,-117.36953068749953,-118.1177465473264,-115.96066206055247,-117.74247867378246,-117.24490168964857,point1,-117.58166998059673,-117.74247867378246,-120.38000131667731,1.3408689906067697,-0.06389508317008133,-0.27642657048698993
HDOK,PLOK,17472,15,15,-128,-12,11,2,33,-118.77676079487772,-116.0345854095586,-115.84887957870603,-117.41152060032802,-115.67047594011832,-116.61764390094385,-116.60036465001464,-116.69688204506247,-116.78243275762408,-118.05797850023441,-116.91442578309886,-119.11805858894894,-118.99898309701491,-118.15715815761742,-115.94855654858848,-118.45683311479866,-117.67300727530193,-117.75417014862516,-117.27190495642435,-118.86854405863481,-117.92254230690298,-118.80524986160772,-117.15484207684334,-119.3979636210511,-117.29089021475178,-118.00976863785336,-118.12766249899474,-117.86304661616656,-118.09127919121865,-116.71775166861703,-117.74056673574889,-117.46308127258456,-117.59307580171003,point1,-117.57081473971428,-117.67300727530193,-119.3979636210511,0.9453511648098856,0.1313664629430694,-0.6413639484966693
HDOK,PLOK,17472,15,15,-128,-12,11,2,33,-118.98720984284955,-115.71826545361057,-116.16845560446723,-116.18785914701392,-115.93353041110458,-117.32214971937746,-117.64457335288098,-116.92888032282143,-118.96630899241765,-116.99030597792733,-115.89544962973349,-118.2380503722259,-120.41229601190662,-118.61301265756113,-118.84311030683989,-117.5863977691369,-118.55392863202206,-117.8653564986478,-118.54522292515344,-118.11030204754749,-116.80993367801798,-117.2301782855391,-117.33295674918435,-118.47194337456186,-115.76144184043463,-117.6025206947645,-116.27955917806307,-118.02845589566732,-116.94139438004318,-116.85842332226308,-119.12284824327945,-118.26939071547318,-117.43989960133894,point1,-117.56544277678412,-117.5863977691369,-120.41229601190662,1.2611702252545758,-0.20443436875077534,-0.2990327118356073
HDOK,PLOK,17472,15,15,-128,-12,11,2,33,-119.10772862399196,-116.00719194588245,-115.46130600549186,-117.21194691695557,-116.39947242242798,-116.33270636766215,-116.83279104122583,-118.65298340534733,-117.65498736988053,-118.40087255934925,-115.77471984057681,-119.3041877350442,-118.54242708753038,-118.20117878366769,-117.49177169143499,-119.70111361874513,-117.95959027529707,-118.49563177225471,-116.07203297380387,-118.7051604182004,-117.29718626510697,-118.89266860561715,-118.34888511246739,-118.8300810771115,-118.70559380558544,-118.00829547375051,-119.32839547125445,-119.26807760318148,-118.44587473522725,-118.25226470673061,-116.95101439234224,-119.46627922936287,-115.9515026288185,point1,-117.8804824230705,-118.25226470673061,-119.70111361874513,1.4389526093840024,0.5090798109955621,-0.9210285917332413
HDOK,PLOK,17472,15,15,-128,-12,11,2,33,-116.09574032477057,-114.14555942550689,-114.31752924377282,-117.74031558927508,-117.6376230750781,-117.30352667175825,-119.9585133290378,-116.28792432627823,-117.15868731054267,-116.24889414181065,-117.14937290011544,-119.00847491202657,-120.81143417427492,-117.14333149611454,-119.54012468874453,-118.02642349148344,-116.1717518933084,-118.61613939914874,-119.98516887396408,-117.81211262576481,-119.53001080264332,-118.09837162394265,-118.82302623959261,-119.29871317379408,-116.76959848314918,-117.48761835093654,-117.67262657144906,-118.811981440531,-117.56239584065864,-117.72507624665484,-118.7069879808241,-116.9881216700435,-116.26060029848577,point1,-117.72405383683278,-117.67262657144906,-120.81143417427492,2.220580732449786,0.29032418613022376,0.31529160918418997
HDOK,PLOK,17472,15,15,-128,-12,11,2,33,-117.79951219778728,-115.67108095911499,-117.6546532007725,-115.26756306226935,-118.3371829129149,-115.15255903079928,-117.53019367659469,-118.53908652862663,-116.20071833080887,-115.48015304773328,-118.18329081629113,-119.2559211200923,-118.2640749460933,-119.71733448345617,-119.75833945898894,-118.14936436155241,-116.7652744622401,-117.31884890283723,-117.32999586896173,-117.21993269845395,-119.28964645082355,-119.34751208170776,-116.01253523191158,-116.80998930479748,-117.98100818437965,-117.67758773006759,-117.12939052660752,-119.00921688053576,-117.98305758622956,-117.393517563809,-118.32206077676474,-116.76324734047977,-117.76908831007492,point1,-117.60857387983572,-117.67758773006759,-119.75833945898894,1.5116352451144999,0.24804830468041922,-0.446202341848001
HDOK,PLOK,17472,15,15,-128,-12,11,2,33,-118.8685261675303,-117.58203412525185,-116.34924606913822,-117.15278945869129,-118.66157193341219,-117.17318704620706,-117.38458146198617,-118.53355846294522,-116.83253873052621,-117.45770913125534,-117.28337678312795,-119.89103632946895,-117.40211602530937,-118.04522867948444,-118.77753992610582,-117.90978731745489,-118.69608852202786,-116.96809961938149,-118.79788090687317,-118.09892608229637,-116.31352396129579,-118.59470537964475,-116.43523864601737,-119.00317936475322,-118.07475742847014,-117.16295157243304,-117.26526276151017,-116.50284526869235,-116.91184379049714,-118.5084668175778,-118.55270716449668,-116.33828255387813,-117.46706985298876,point1,-117.72717143456757,-117.46706985298876,-119.89103632946895,0.834800840140136,-0.2294419641904843,-0.7337832437333747
HDOK,PLOK,17472,15,15,-128,-12,11,2,33,-117.23608059410596,-115.18253643826803,-117.53384984387006,-116.03680928470251,-116.76558907329887,-116.95979398619217,-115.38582333574881,-117.79658602527554,-117.1698104914361,-115.44226084163974,-117.31920617384452,-117.57238288341212,-118.79221555633517,-118.65271244308309,-117.80728564223496,-117.83671710592179,-118.98259151067074,-117.91138923391993,-119.35667331013326,-117.86608410260808,-117.21040091036696,-117.1275288666497,-118.57440455404395,-117.75027198878911,-117.75970421479398,-117.85834503882931,-116.50885196855664,-115.67774500246915,-117.62417253591587,-117.34163730992461,-117.44673181818982,-116.91216789389372,-115.78920273149674,point1,-117.30871402153397,-117.44673181818982,-119.35667331013326,1.0470936966250302,0.34770826729653215,-0.11728946055318845
HDOK,PLOK,17472,15,15,-128,-12,11,2,33,-118.47432715701574,-117.9451885476143,-114.6489461616277,-118.21784720769675,-115.72663460909921,-116.7087983794059,-117.14009423595732,-117.13635248807503,-116.38061628274524,-119.42760389716656,-116.99985488124504,-119.4209178408268,-118.10218629707626,-116.65149597664622,-117.24690413793121,-118.27144444682868,-118.08963423445759,-119.16134103435358,-117.82317746175008,-117.65612381965573,-115.06424302367033,-118.30161649077426,-117.48379421019207,-117.74172671100632,-117.40957076407642,-118.259861361743,-116.87182004356164,-116.04767307445805,-116.75224772519972,-116.0602178515529,-119.19378750369135,-119.22502022918437,-119.10992081291546,point1,-117.53790875452124,-117.65612381965573,-119.42760389716656,1.4683557341757554,0.39103056542685016,-0.22390244144147653
HDOK,PLOK,17472,15,15,-128,-12,11,2,33,-117.19620225289401,-117.3682533011639,-117.53873052899397,-117.074072102095,-114.56792898606705,-116.80432311733469,-117.37086200651116,-119.17495260987448,-116.92188704551221,-118.75178622955008,-117.48448935520578,-119.07964301207147,-119.07122747735129,-118.85552919602495,-118.94254186892299,-117.82938230229146,-116.76199056081592,-118.20706920656099,-119.20607486431608,-117.92419352262226,-119.32239429838842,-118.68146571969937,-116.36888313921307,-118.10176853984721,-117.1634484252249,-115.4648887070454,-118.04894270784239,-116.56141419503997,-116.65729377892136,-118.00522556245079,-119.07709356660445,-119.56628860092688,-116.1871746349643,point1,-117.73749761885907,-117.82938230229146,-119.56628860092688,1.4122230898495112,0.5135823445107488,-0.026318320655543292
HDOK,PLOK,17472,15,15,-128,-12,11,2,33,-118.97386308410124,-118.08276215318305,-117.21253610512143,-118.24630822453366,-118.26899055782627,-116.71327673560226,-116.58225716104222,-118.91702140984964,-117.68256707659758,-116.93946651476797,-116.17909409254388,-120.55527096323272,-117.80917518023094,-118.88612257984495,-118.64455034174775,-117.21606408252157,-118.27529664803642,-119.72947166388617,-117.5113217409937,-116.43578474488403,-117.9187437772048,-118.54308810996052,-118.61500723925556,-117.2639254930316,-116.56758361138981,-117.03792159847512,-117.27304024400763,-117.26838505152048,-118.35362071993818,-119.62997573379417,-118.3262278086381,-116.38939526834614,-117.60635751162688,point1,-117.86831737053745,-117.80917518023094,-120.55527096323272,1.067194636236206,-0.4885187714228364,-0.03174763633813882
HDOK,PLOK,17472,15,15,-128,-12,11,2,33,-118.38813173139948,-116.33006505326298,-117.10820925751413,-118.62632905718348,-118.02831225817502,-116.83814163488009,-119.396567774614,-118.27597195963335,-117.08839969108438,-116.95691948310845,-116.05898502308027,-118.75096717456154,-117.49054595508423,-117.97126837854552,-119.20587343363252,-118.05481290158127,-118.07402399320229,-115.43715631543544,-117.48230251584349,-115.92273887619297,-118.60769747195178,-119.38041161107601,-119.12670665282933,-117.21809614586407,-117.62074496628475,-117.96073055254189,-117.81973643994606,-117.485015441414,-116.27386786325582,-118.17287205781216,-118.84910608681231,-118.5832490822087,-116.56823332617766,point1,-117.73188455049058,-117.96073055254189,-119.396567774614,1.0598769217874475,0.3453935140202094,-0.5828635361100338
HDOK,PLOK,17472,15,15,-128,-12,11,2,33,-118.72956235022558,-116.72664732714586,-114.66576160830847,-117.59613025056989,-117.38695215557236,-115.71095726182901,-118.39220119547858,-117.0615466473308,-117.45771568677216,-116.82408392621888,-118.55950612218516,-118.64350911501128,-118.0719174163535,-116.40790139350995,-116.92862206094225,-119.19549464282119,-119.64626938495132,-116.04539392867042,-117.65557121307842,-117.48394399629677,-117.36156799246777,-116.46289452672178,-118.8963513085332,-117.49220301373613,-119.57882492635896,-116.84659809734002,-118.43035421153238,-117.40807298001758,-118.18564423852735,-117.50445996233805,-117.99958568554734,-116.76422977330617,-117.06822862544384,point1,-117.55117281894371,-117.48394399629677,-119.64626938495132,1.1738934588693721,0.21430697148567773,0.38040944308938585
HDOK,PLOK,17472,15,15,-128,-12,11,2,33,-116.61693815135547,-115.50438009474104,-116.5844083241824,-116.58813168335269,-117.62000048217067,-118.88528593590965,-116.93213755801187,-119.74810315438567,-116.70280828990744,-117.92141655642028,-116.16778282585979,-119.59586087015177,-118.72265745837126,-119.71333814742785,-117.79211838447381,-119.17746274799427,-117.60066396369957,-117.53454708400933,-115.88742017356974,-119.2533689352264,-117.48060502690083,-118.416753439235,-118.06325270734517,-116.67757202464875,-117.65332167140087,-119.39079430752453,-115.75428637910355,-116.36229271449109,-117.20243637283222,-115.68960573186644,-117.21887493792288,-117.57865353950989,-118.03311382923731,point1,-117.57789071221939,-117.57865353950989,-119.74810315438567,1.4852050585679581,-0.206491495010319,-0.8789852691188225
HDOK,PLOK,17472,15,15,-128,-12,11,2,33,-118.20330953585994,-117.15301400644957,-114.90742473319199,-118.58680582398154,-116.54902867076855,-117.49741640711035,-118.02643084056353,-117.93532325501934,-116.42787905546929,-117.67035448297526,-117.15463636678308,-119.29766932142768,-118.20610992925629,-117.36339043396411,-118.64640549879053,-118.89261088500024,-116.79500043547074,-118.6011700538638,-118.19789572999545,-116.95181587309402,-119.02510164517481,-117.66979779560883,-119.05523939623217,-117.19500278400223,-118.1095879916777,-119.13862503185662,-117.51003070603429,-116.94345518977963,-118.24418239444124,-116.96881166938738,-118.85432182237773,-118.1195102334244,-118.64701885248317,point1,-117.83467808640953,-118.02643084056353,-119.29766932142768,0.8967391186595409,0.7827874626530098,1.0779925926319796
HDOK,PLOK,17472,15,15,-128,-12,11,2,33,-117.9737502748877,-116.63069606488588,-116.91764403855102,-117.13067114452232,-116.22752532196456,-114.94432138921174,-117.67249474094808,-117.24893238017552,-114.76599124520602,-116.1145123510488,-116.91077698474288,-117.97710040443397,-117.09591823465986,-117.9325881891453,-118.46914188484891,-119.13647402830175,-119.6149008020793,-116.84754064036628,-115.49957728547916,-118.773057585765,-116.73915383165344,-118.27532077240689,-118.57961315543918,-117.52914687923025,-116.95831962300396,-119.01683489459293,-118.11450704293156,-118.05305482696495,-118.58323569462988,-116.7889229223111,-117.5216027464894,-117.91468034519993,-115.54065418472838,point1,-117.37874733063047,-117.5216027464894,-119.6149008020793,1.363222550827005,0.3852980906494641,-0.18522885265474187
HDOK,PLOK,17472,15,15,-128,-12,11,2,33,-118.69874473756107,-115.9268600105066,-115.60185471628694,-117.39535334642663,-118.04962297087611,-116.4791917979185,-117.55054520510419,-118.44098812208601,-117.9223212812174,-114.79968188778986,-116.63986692536048,-119.48511877688784,-117.32885262240524,-117.54829298058583,-119.57776784751366,-118.42015508400807,-118.79579174576587,-118.65144677769885,-119.46683137291288,-118.65323701397844,-118.20976942805348,-118.1374481626962,-116.25192446755335,-118.32575919584325,-118.49540964552484,-118.54143798143222,-117.76840915551372,-120.5296328574328,-117.67608099390536,-116.02182354289803,-117.38547913000164,-117.76492970764696,-117.70594607945104,point1,-117.8256538051771,-117.9223212812174,-120.5296328574328,1.4734856478477625,0.38323333483627253,0.36045331118763757
HDOK,PLOK,17472,15,15,-128,-12,11,2,33,-118.76644219641302,-115.37222143279182,-115.4396736120669,-117.76106156710715,-119.28909290602857,-117.34724979167082,-116.0380530910465,-117.15911048228932,-115.59607410491043,-116.01276832773124,-115.17291223511012,-119.40295862059554,-119.62908128991113,-117.49042053839975,-117.29872143068859,-118.35466818467839,-118.49012080000148,-118.09399625783651,-116.54207774603563,-118.39316073970356,-116.85341326858929,-119.4712257498853,-118.13450285862831,-117.37611984551111,-118.06948610907853,-116.41887769781334,-118.43787249127325,-117.9833068711295,-118.29297592183254,-117.44423654316701,-119.42036144312786,-115.31599307352516,-117.72034660468412,point1,-117.53298738888674,-117.72034660468412,-119.62908128991113,1.6841927834189183,0.2793116555223741,-0.8448402919442413
HDOK,PLOK,17472,15,15,-128,-12,11,2,33,-117.62563175415656,-116.73604985037046,-113.60449401219407,-116.72789729006186,-118.04838124362863,-115.65507466406886,-116.0494025203524,-115.99547000432695,-116.95723235099096,-117.0227439354667,-117.04198815657138,-117.05063011648454,-118.47080810083044,-117.31324132444534,-116.83310680044625,-117.46634039010014,-117.82666129704087,-118.22937858530173,-117.7328280147913,-118.60887631144915,-117.13818159732001,-117.4240847974265,-119.1031054687556,-116.83672904013015,-118.04247336917,-118.28813834404927,-118.4145757264155,-116.32853775821394,-117.10494338054723,-116.3511985403815,-117.0665563553715,-117.97740305664142,-118.72529855279905,point1,-117.2665897791,-117.13818159732001,-119.1031054687556,1.108743006787618,1.1079349503717102,3.018887485065267
HDOK,PLOK,17472,15,15,-128,-12,11,2,33,-117.64546525963218,-115.12267671353315,-114.17054331604713,-117.63223864729382,-114.55909785757929,-117.82096850584192,-117.48149951155406,-116.72158484008786,-118.31493888319451,-116.26513135342783,-117.54425810375535,-119.2477625669744,-119.0678864739554,-117.36239062389971,-118.76765651843586,-119.39352081963148,-118.56911104867169,-118.32471927457206,-116.48936197709396,-117.52759464704019,-117.94326647361044,-118.1875719228166,-116.14149221761487,-117.31742528130762,-117.44158655235857,-117.91124747864755,-117.7409048866927,-118.62861789297585,-116.71711425855166,-118.17205776369332,-115.81900238866001,-117.45548016295903,-119.48474208139592,point1,-117.48451261525777,-117.63223864729382,-119.48474208139592,1.6294061121510799,0.8243667180468073,0.6009006453175703
HDOK,PLOK,17472,15,15,-128,-12,11,2,33,-118.32221025171005,-115.5473298944265,-115.7529747104989,-117.810609457191,-115.44321929080299,-117.4163397940799,-118.31084727354686,-116.7609035476185,-115.98195302085638,-117.96533382503792,-116.19012523867522,-118.74534232917124,-118.81708366604958,-117.23875620021815,-118.53285377632626,-118.40497293829647,-117.82329640890718,-118.01547452487652,-119.95033111371097,-117.51407835612133,-118.24117566319349,-116.68582030665605,-116.71735125254163,-117.90800734737579,-118.07968726582166,-117.41598741166673,-117.58672301639135,-118.04805669845767,-118.6833789201087,-118.7025842620777,-117.48390151752473,-119.77689106941924,-117.57515375819816,point1,-117.6802652759865,-117.82329640890718,-119.95033111371097,1.1677617764321095,0.28953144050815305,0.014727286448530386
HDOK,PLOK,17472,15,15,-128,-12,11,2,33,-120.39990495183078,-117.7702772109047,-115.97974652425798,-119.70108627220162,-116.99839173642827,-117.88353889828379,-118.13483569918779,-117.88650730306615,-115.85002212100854,-117.6097000100968,-117.79681308440809,-118.24622458151644,-120.724637494004,-118.03429208934052,-118.96928185022685,-117.08345626415931,-117.90128840053401,-116.55023814046884,-118.84626916840821,-119.96904378311937,-117.20337922812672,-117.22307047185073,-117.90282660511886,-117.45253328916641,-117.43178642778294,-118.76210602492176,-118.68075783874096,-117.44611314552222,-117.26365275242478,-118.11485522886429,-116.10282295589055,-117.72965959480916,-118.02077200754515,point1,-117.92939064103685,-117.88353889828379,-120.724637494004,1.2698824497294117,-0.5762173775782777,0.6145188960251997
HDOK,PLOK,17472,15,15,-128,-12,11,2,33,-117.30588761437278,-115.47061355371963,-116.40973829849317,-118.50934672658656,-115.87975105127032,-118.71552070979158,-117.02424242692837,-117.09014784164947,-117.8496833502669,-117.92520671165562,-117.93893660300705,-120.15445132237197,-120.60015924260243,-119.65434087343839,-117.28567098784977,-117.26628233284411,-119.30377716394153,-117.32223925995861,-118.30971350313432,-119.47094020479311,-118.45240297702817,-117.92123755992014,-115.57233697373736,-117.88194874353313,-118.60946414896164,-118.62204135214373,-118.52828182979405,-117.10231663321444,-119.09537474627989,-116.81616577843181,-119.74274526410679,-117.40888271192598,-117.4800956782387,point1,-117.96121042957547,-117.92123755992014,-120.60015924260243,1.523155935858159,-0.022528856762991357,-0.22962078409877185
HDOK,PLOK,17472,15,15,-128,-12,11,2,33,-118.44206763079116,-115.35873668542813,-116.9920504214241,-116.33867071350858,-116.65643982257707,-117.26931991238241,-119.47720146431826,-117.15611244285776,-118.94742672518053,-119.40441100576466,-117.17131669376447,-117.05442757773464,-119.81130596687518,-120.37473138922573,-116.45283671143842,-117.78846773595362,-116.95633085443362,-117.07526250072665,-116.36867198174566,-118.43465557555434,-118.79242202514692,-117.3392343910406,-118.99683911636697,-117.5482170881446,-117.0390004649592,-116.94688281582413,-116.55589275212553,-116.1847677467127,-119.17567612626809,-117.08357775526713,-116.72238030333709,-118.82717847468197,-116.76436081245485,point1,-117.62142041466711,-117.15611244285776,-120.37473138922573,1.4483682806790261,-0.5664210366952463,-0.5698967602471319
HDOK,PLOK,17472,15,15,-128,-12,11,2,33,-118.33860807859203,-115.68202867214603,-115.17647851136238,-118.10409926574478,-117.13158147327937,-117.57818962388663,-119.31891746198205,-115.9862986086392,-117.37774362871444,-119.25951434464632,-116.55354793743486,-118.83819547353532,-116.81634280131972,-119.1937996556631,-118.96172091229535,-117.66185801251027,-118.48308196931961,-117.4457763758371,-117.4492194978787,-118.32540764051764,-116.46009068599086,-117.47675598896608,-117.73634340111983,-118.39020593547589,-118.45743002040903,-118.31172424093232,-117.46209184958873,-116.42216099807221,-118.33881470255156,-116.80038618048226,-117.75614861046837,-117.34691538340891,-116.78648622929461,point1,-117.61902921733531,-117.57818962388663,-119.31891746198205,1.0441235734821528,0.3506202843446351,-0.278571333940544
HDOK,PLOK,17472,15,15,-128,-12,11,2,33,-119.24549793080381,-116.36313051457644,-116.32818142667179,-118.27957882775736,-118.1226527823613,-117.76504934445771,-116.99342749226902,-117.21413234329329,-117.81776030854958,-116.71041266313321,-118.69808372148752,-118.57974862851536,-119.5931372131716,-117.33975095131999,-117.88538471027907,-118.0763680138911,-117.25708468679171,-117.05178627833202,-117.3540409191508,-116.39900774666252,-118.15223997018644,-117.69967366168783,-117.9437268716892,-117.93012391977524,-116.44438100835076,-116.65670585003569,-117.1255083073597,-116.95380868997029,-117.99163148972382,-115.94522554799586,-117.10343879267826,-117.63545770379542,-117.61009671726453,point1,-117.52321924345422,-117.61009671726453,-119.5931372131716,0.6897974251440525,-0.359749344153589,0.08371181511955106
HDOK,PLOK,17472,15,15,-128,-12,11,2,33,-115.6583248939238,-115.91158649708076,-118.08001973402386,-117.98569802868961,-116.32334342432344,-115.66526534242234,-116.06724261276251,-116.24890312431687,-116.94386984843008,-117.46460128586811,-117.55583982086792,-118.14989392701295,-116.75439699906747,-117.26237346634971,-120.48728691975548,-116.32389160975309,-116.80241481422053,-117.33521257399622,-118.45849517096873,-117.62257120717695,-116.64573635469011,-118.63030327490503,-119.07351641420131,-117.25060287367043,-116.29419022423224,-117.93553232065399,-116.56298454833839,-115.99636325784452,-117.10905414756175,-115.60872661156,-115.96354884196109,-117.97162689882339,-119.48071387892045,point1,-117.20073124085982,-117.10905414756175,-120.48728691975548,1.350534608950062,-0.8040124516320417,0.4805305658926535
HDOK,PLOK,17472,16,16,-129,-13,11,2,33,-114.98497350508377,-114.67422830092379,-114.82721846692095,-113.73066611370413,-116.87725851642027,-118.3874773898913,-116.14407105252084,-116.54158131960595,-116.3325248868887,-118.08125107676268,-116.40869812116051,-116.58603179459027,-118.52572832081572,-116.90551579557567,-116.17975104736945,-116.74769818851689,-115.49658787695957,-117.24877608732055,-116.21982025239684,-117.24334617331981,-115.73312726063175,-116.43241551625292,-117.30833074894296,-116.49758338064584,-116.95079485511415,-118.44535327759269,-116.71445304670812,-119.06530355518072,-117.96718186888042,-117.66952753307076,-116.49572171170215,-116.328747590135,-116.7940156127976,point1,-116.683204855891,-116.58603179459027,-119.06530355518072,1.31797431992111,0.24244042312743966,0.47551568312265147
HDOK,PLOK,17472,16,16,-129,-13,11,2,33,-115.11349088529334,-115.42423228640754,-117.93352392218537,-115.88498742187461,-116.96540636570684,-117.04614289203103,-117.41875636231545,-115.67745735743141,-117.86558384930417,-118.69192249899488,-116.75543146742332,-117.01690007628046,-117.13704330944691,-116.89376193693488,-116.65135499060237,-118.75835151693273,-118.11875192281329,-116.15492167975003,-115.1851149736746,-116.51713784202926,-115.72193930794892,-115.95897985446128,-116.50498570388321,-117.53277740151658,-117.52056833157593,-115.8421026456681,-115.90575534278092,-115.44278474330045,-116.35045939594326,-118.58081639798037,-117.14447691171155,-117.81058795594342,-116.50780084161771,point1,-116.78891843611405,-116.75543146742332,-118.75835151693273,1.0104051088214459,-0.2493911614001485,-0.7552594362062237
HDOK,PLOK,17472,16,16,-129,-13,11,2,33,-116.35258877880455,-116.81702489189084,-116.31265567864392,-115.78160996145962,-115.01921675669732,-115.44698151370625,-116.21647614976838,-117.93072606712647,-117.02211460224022,-117.29439933291101,-116.1853380764713,-116.45968544369346,-116.94997956791651,-116.50540633634326,-115.5320173291494,-116.45624837899878,-118.25637403842738,-116.73821527831569,-116.3459541586383,-115.64195053600518,-117.07976006127983,-117.8634406183025,-118.37366245412953,-115.57277933921948,-116.81333191618417,-118.3432183355296,-114.86682260274654,-117.39601615864593,-117.25085999506865,-116.35926728601918,-116.73998303308898,-116.27905667270099,-117.41679426124844,point1,-116.65515017004155,-116.50540633634326,-118.37366245412953,0.8005147932238483,-0.11871522260594991,-0.34607642512686576
HDOK,PLOK,17472,16,16,-129,-13,11,2,33,-114.9635847851883,-117.25245502465707,-115.9632380810236,-116.96665732803177,-116.11786543209783,-117.65922247053568,-115.72804164142994,-116.02796823817869,-116.12917966924684,-117.41869810832306,-117.17299815798107,-116.41016001631566,-117.22250698719955,-118.6318207514045,-116.51349338798072,-116.94458178183619,-117.16241696543885,-116.5043599645378,-117.07547364774273,-116.20810204367282,-115.65722300292823,-116.55755103342734,-117.67530058035996,-118.04796953398338,-118.64953874875292,-116.48923507233084,-117.01192249258948,-115.74854455415002,-116.48832697706202,-117.59672654068542,-117.51378132659947,-117.25103443621228,-114.91600155342354,point1,-116.77806001016143,-116.94458178183619,-118.64953874875292,0.7877045401824512,-0.005197289011653769,-0.041313093691762504
HDOK,PLOK,17472,16,16,-129,-13,11,2,33,-114.76028851445557,-116.99819586666118,-116.26985498928934,-114.40923415009884,-115.92458176496265,-115.65619826550572,-115.86240747184922,-117.22091831665989,-118.0597213422485,-115.4190117295214,-118.68439366857952,-118.15133222334795,-118.1960596257934,-116.00334809151627,-118.01159117672803,-117.22060666410816,-118.42853261656464,-117.49144806100668,-116.6657477870893,-117.13136083747632,-117.0937858556727,-116.51328211315999,-117.67509907483685,-116.51438316730837,-117.59067462980589,-118.44313662649733,-116.05878520291424,-115.69066451375659,-114.91843855750555,-117.7882044834606,-118.24031959941149,-116.20846054195039,-117.00559656436411,point1,-116.85774739679113,-117.00559656436411,-118.68439366857952,1.2933176885451638,0.31171256380466095,-0.7721348037446956
HDOK,PLOK,17472,16,16,-129,-13,11,2,33,-116.86539503930247,-117.07713077292712,-114.75553007697539,-116.9862511132549,-117.42438460038704,-115.90658919303705,-117.20328965619548,-116.06870079163532,-117.04400909219204,-115.06379832466594,-117.95087720071795,-114.86323207543131,-114.89259757068072,-117.91261579280896,-116.29400144219898,-114.85025630579673,-117.5986492852072,-118.63988449501663,-119.01018945913708,-116.75027211745206,-118.378044366514,-117.17006431868127,-118.46754993331272,-117.28305977097074,-115.77842943706075,-116.73419316965273,-117.59349964470131,-117.97493351694942,-117.03920803575143,-118.03551816272291,-117.43534701079749,-117.12966105566439,-116.81886331506986,point1,-116.93927351948089,-117.07713077292712,-119.01018945913708,1.2827362483951188,0.47316340895886605,-0.3831040884773702
HDOK,PLOK,17472,16,16,-129,-13,11,2,33,-114.79458005384333,-117.44221018749306,-115.87295647043706,-116.28369226089382,-116.72088907829618,-115.36167998645047,-116.616117767286,-115.84996813628634,-116.40010821874027,-118.45654122023588,-120.012425421366,-116.9587594022607,-118.59659697689112,-115.02318179328911,-116.97489337996569,-116.21801824022054,-114.58567314506445,-118.32152224122376,-116.83576542617776,-118.42479634064578,-118.35815293837776,-117.50914365670963,-117.35443411697717,-117.4248682297659,-116.92985105080159,-119.31495050095644,-117.7035290134473,-116.95188648467762,-117.63440611086142,-117.33234971786867,-116.91726166373793,-117.77828480404818,-116.24756878333326,point1,-117.06688069147364,-116.9587594022607,-120.012425421366,1.4893671851909707,-0.0828720728719583,0.14217104189844498
HDOK,PLOK,17472,16,16,-129,-13,11,2,33,-114.04108284652972,-116.28491911555379,-116.20871240153005,-114.86403313185976,-117.16757319725161,-116.79666173902932,-116.5085955608331,-117.76798875566122,-117.86150110903627,-116.89591520940706,-115.4805728290229,-117.82617859741093,-117.4239338260285,-117.40869260531628,-115.71353281935164,-115.97311337137985,-117.01338363459706,-117.4720681477378,-117.95108396994205,-117.73238380783685,-116.26400786774403,-117.33886108878609,-117.47675229155071,-118.85456209269412,-116.3274657040551,-116.76466640048467,-116.20339843394714,-115.19944738925702,-116.79160979159796,-117.08192459975447,-115.75074089218087,-117.8482754516537,-117.95555615647952,point1,-116.79543014653036,-116.89591520940706,-118.85456209269412,1.042123828286079,0.5916991553161286,0.3571793408240662
HDOK,PLOK,17472,16,16,-129,-13,11,2,33,-116.16399799505432,-117.37502387194633,-116.07265758474993,-116.77321651391816,-116.8635579845611,-116.34702981210118,-115.82607224613515,-117.2786256484655,-117.24740375628903,-116.19291297468868,-115.57934644270748,-116.41031781025205,-117.38667382009022,-116.73196541447032,-115.73436850384581,-118.12264507377054,-117.03270330656788,-117.63646572432188,-116.45907368043429,-116.59214932354226,-118.40168330915333,-117.6528209877608,-118.50532227578684,-116.69423806046325,-116.81336986690698,-116.2211045911173,-115.75094821317663,-119.58450391835355,-115.93309754995937,-117.11923742955929,-117.14464663403234,-118.01098194097321,-117.13758168628765,point1,-116.93320436216493,-116.81336986690698,-119.58450391835355,0.7993252650242134,-0.8458590475020002,0.8995489342947507
HDOK,PLOK,17472,16,16,-129,-13,11,2,33,-114.59696691962338,-115.91961294197291,-114.12541874919417,-115.33200029519023,-117.43608903063627,-118.04341253678726,-118.20503440776326,-116.0116405791461,-116.20382023358984,-116.55835901703361,-117.45429768389587,-117.83359908955855,-118.22485466581561,-115.1775638512961,-117.11867763274293,-116.19203417951998,-116.12397194132113,-114.90412243605239,-117.59803713800058,-116.66593239801279,-116.02657424307283,-116.56316348987919,-118.2021603271729,-117.13454913404861,-117.01525403269264,-117.10847028153078,-115.85507993933338,-117.34737692978267,-115.68629195574115,-117.43320992918142,-116.26198975274409,-116.84875298180353,-118.76547662798266,point1,-116.66587258642784,-116.66593239801279,-118.76547662798266,1.227336332918243,0.27735176328707384,-0.3829200183675714
HDOK,PLOK,17472,16,16,-129,-13,11,2,33,-113.48412426987564,-117.33971118266724,-115.76710546778892,-113.00438854803674,-117.58218523014745,-116.37535115432286,-117.20713668304907,-116.94837572127545,-117.91017489920044,-115.8847920890638,-117.05221688148488,-117.12961354993338,-115.20399397043153,-116.0549421254769,-116.37906920200405,-116.85321340720763,-115.81645685238807,-115.94483524422682,-117.14467979524883,-118.85594737324779,-116.47084278741764,-116.86623864926572,-117.03305844547805,-115.55988812646437,-117.99125719844595,-116.72840742957635,-115.95314390922954,-117.44506806570084,-118.11254573220394,-117.58893955463401,-117.03537274889283,-115.63179597966818,-117.26959159383648,point1,-116.59468072326945,-116.86623864926572,-118.85594737324779,1.3989687332837388,1.1314959431243494,2.2890502132504333
HDOK,PLOK,17472,16,16,-129,-13,11,2,33,-114.83603969183221,-114.97449340509749,-116.72698045152617,-116.16593822588989,-116.3179500298604,-116.14567204819065,-116.28280794729785,-116.7414250401063,-118.42581839335466,-117.20490792819935,-117.05098096022732,-116.19062394031909,-117.791370959516,-115.30387341411331,-117.42207561415275,-115.54418561773677,-117.03614157178941,-117.3563609756707,-117.09735969712749,-117.00857468136302,-118.46221078728183,-117.13457690802437,-117.36141789856946,-114.98975544142279,-114.85729209747535,-118.34189536191772,-117.03120254023987,-117.46048407118792,-115.46257561305393,-119.80406208067238,-115.76697114448174,-118.51050931754965,-116.4761513677467,point1,-116.76614197645438,-117.00857468136302,-119.80406208067238,1.3767851839778078,-0.28563446083094834,0.005412751723726572
HDOK,PLOK,17472,16,16,-129,-13,11,2,33,-113.66310169563891,-115.87252797770591,-114.5114400880433,-117.27428207093405,-115.95790437211103,-117.14205419591005,-116.35142029687543,-114.75352053518525,-116.75928946116802,-117.37684975191786,-116.70332052897216,-118.58825012349322,-115.8482053758306,-117.77211696239499,-118.22617094875851,-116.82495991145171,-117.92145635522955,-117.8281337005578,-116.58213556523773,-118.70287009410835,-117.42571178847942,-116.70126343036264,-116.49925577823399,-116.73456904799089,-118.23143114810112,-118.08034468319195,-117.70065924564034,-116.28787439261565,-116.1040475191436,-117.2418296719997,-116.30184350794974,-117.80150917485926,-116.90946682963235,point1,-116.86908534029472,-116.82495991145171,-118.70287009410835,1.2676175828769691,0.8173816896856605,0.9595115381713089
HDOK,PLOK,17472,16,16,-129,-13,11,2,33,-116.07810497812413,-115.01649720948004,-115.67828418878959,-117.20676818727236,-116.77091193069646,-116.01645435439929,-116.11867470983223,-115.46953550079388,-116.9188658041385,-114.49436679651333,-116.84939711082939,-116.03863469526644,-119.17903168004966,-116.24972800793806,-117.31714937034408,-116.9875812358091,-115.69576490568822,-116.8243633628897,-116.6694120978953,-118.26440792168991,-116.53451262865836,-116.98410354729168,-117.62899200491351,-116.67745887705004,-117.49565372501455,-116.09792737498344,-115.40851721427654,-118.73945982700509,-117.80202915614232,-116.92479244067593,-116.13861884655658,-116.78137983554168,-116.40074129373947,point1,-116.65024608546332,-116.67745887705004,-119.17903168004966,0.9664144015564304,-0.4090372983188556,0.7091060566120082
HDOK,PLOK,17472,16,16,-129,-13,11,2,33,-114.19881597749873,-115.27997398405988,-116.92275576224658,-115.10174901876238,-115.79904526374872,-116.56186737389834,-117.47259045939704,-116.2263181965548,-116.15291696984274,-116.88497603632574,-115.54442521037244,-116.53625210133887,-117.08197951978005,-116.42427546287942,-115.56122928563146,-116.0764730691495,-115.16836309448423,-117.28220472187748,-117.47468101261164,-116.52769931352918,-116.17618302511607,-116.74689591961614,-116.16763608355102,-117.63275149832081,-116.92034056395269,-117.77337967858485,-115.14068517403668,-119.84009079389882,-116.95777228122863,-115.76705219453893,-118.30907158264434,-115.4991689900382,-116.73044767320474,point1,-116.48303234220367,-116.52769931352918,-119.84009079389882,1.144973594619704,-0.6797904906672184,1.7655863977813184
HDOK,PLOK,17472,16,16,-129,-13,11,2,33,-115.15202476674193,-116.6613168400566,-115.72408024757647,-115.43772694256029,-115.30604105672371,-117.27805036658422,-116.57087884111249,-116.76519575804048,-117.4000740938408,-117.81130976571129,-118.14935799639271,-118.62969121298596,-117.09723405480715,-117.06555029785598,-116.80492741339883,-116.67045983205927,-115.8320625872846,-117.46821173703151,-115.43628212138677,-116.65017994385644,-117.76399662057293,-116.46352341161125,-117.11518966417262,-115.74482053477685,-117.48325343701143,-116.66510328515966,-118.04700122651892,-117.86233876168299,-117.36603829292285,-118.38520221219426,-117.64927875117583,-117.255857852317,-117.57151303656963,point1,-116.94799312008165,-117.09723405480715,-118.62969121298596,0.8276939843380428,0.3583714784753152,-0.5999783894149173
HDOK,PLOK,17472,16,16,-129,-13,11,2,33,-113.96142442856343,-115.23481599454118,-114.16844367087171,-115.03099920158087,-115.72107469149138,-117.1060217553512,-117.08874098317533,-117.67522600758183,-117.33103796774921,-116.50970414118552,-117.81660621280318,-115.83763048050355,-116.6547315792461,-116.74656165769942,-117.98632317855922,-116.44212077297196,-119.51932430995593,-117.85603181751092,-118.07840024478286,-117.80464343503252,-118.21073386577177,-118.59886375656679,-115.6684632794602,-116.632451470845,-116.32343709357691,-116.72577275053953,-116.1909706590162,-115.65925366975699,-116.61229697475537,-115.70853353321681,-115.90713853016119,-117.55558231550853,-116.58402592915166,point1,-116.6953753442268,-116.632451470845,-119.51932430995593,1.4674899387226406,0.10198238472135293,0.13770944133320917
HDOK,PLOK,17472,16,16,-129,-13,11,2,33,-115.00984550660864,-117.14314908340845,-115.55863586505323,-114.80594803310792,-116.14237588424189,-114.53299057503503,-116.30266862339192,-115.371309296124,-116.84717872295873,-116.91455685919315,-116.7718821941118,-116.3643955322111,-117.87055769855859,-118.14646119352531,-118.07826962118767,-118.38814667474992,-115.60243104655366,-118.54917239547495,-117.0203007113725,-115.78573724309011,-117.84233927530956,-119.31512419728321,-117.643655471906,-116.73634651228096,-117.60231682654056,-115.75593000117898,-117.54979590804675,-119.15597043475218,-117.26784215734101,-116.78290522854738,-115.77840912142042,-117.97669815324352,-116.97130899122628,point1,-116.89650469815258,-116.91455685919315,-119.31512419728321,1.4526136860094232,0.017188398312787557,-0.6047836583081043
HDOK,PLOK,17472,16,16,-129,-13,11,2,33,-112.96011040381832,-114.58616626646348,-115.94071582886484,-116.16953731076453,-116.9098087827684,-117.31125772640655,-117.89004265215425,-117.12076079662054,-116.14986085059559,-116.08696455654177,-113.6706762170635,-117.31417067384551,-116.05792010457375,-118.48978185018626,-117.34207703504829,-116.76556810140757,-116.8948364197852,-117.08772810467065,-115.76689256843731,-117.53983962394092,-116.09223836660189,-116.17006070398887,-117.90409082004356,-115.49343164091302,-117.37132260693949,-116.22937757656427,-115.99308831012023,-115.92876650230225,-117.11493964223193,-117.2830283545921,-117.58287277103042,-116.37952065160557,-117.99674525256773,point1,-116.53315754768057,-116.76556810140757,-118.48978185018626,1.3585622695096145,1.164069311670678,2.023011356332329
HDOK,PLOK,17472,16,16,-129,-13,11,2,33,-114.28140672730426,-116.22638973917239,-115.95249254074868,-117.34187270698087,-117.3092835069636,-115.98754605056489,-116.2017590569561,-115.31778390416024,-116.28814967299627,-116.10717332671362,-116.95585877530057,-116.27468344023424,-117.36683839171789,-116.54894432447779,-116.61735245998406,-117.59337524192706,-117.00497676372828,-116.32576376741784,-116.97479495172043,-117.50623824518193,-117.5873842955279,-116.97908854342678,-116.70021788158196,-116.35513711700358,-117.40384477165951,-118.86287503693593,-115.6199812219904,-115.42598406252695,-118.59973837637234,-119.00458561361998,-117.2037038800824,-116.18100493889929,-116.61412861709782,point1,-116.74910175609016,-116.61735245998406,-119.00458561361998,0.9514839447623092,-0.21061231819577392,0.8793170943852924
HDOK,PLOK,17472,16,16,-129,-13,11,2,33,-114.59576626557457,-116.06304807189204,-117.01433630144469,-117.73498826074284,-115.94513389826368,-117.9523839650878,-116.17211437678539,-117.71788849007093,-117.08929578117173,-117.87028113119273,-118.0601794111504,-116.7907804791519,-115.981712450128,-118.00558623466004,-117.87344937136997,-118.58055507988101,-116.35711569862627,-114.40722771101753,-117.5864637214905,-117.24999486906665,-116.6507457589179,-115.71532888542738,-117.82218822417795,-117.35219233700474,-116.57028334449038,-118.1909653557848,-116.84831172334995,-116.70250554779776,-116.36895014113368,-117.73567762156982,-115.84974972145021,-114.32889208314229,-116.76057939216196,point1,-116.84680823349024,-116.84831172334995,-118.58055507988101,1.156692606557343,0.7317976058425054,0.11321897619622767
HDOK,PLOK,17472,16,16,-129,-13,11,2,33,-115.0791034930331,-117.63858288950499,-114.94694679000716,-116.46007073528065,-116.87959740531899,-115.74299991418448,-115.52976407954817,-116.77236836200608,-115.41779547212572,-116.89174612387373,-117.84586914829345,-118.00386259510685,-116.49546399014763,-116.21332285559981,-115.82528097535895,-117.63857534290841,-116.17648728244116,-118.50530947873223,-115.42801817580425,-116.85622402832274,-117.98620497756738,-114.40851917302712,-117.13892034006112,-116.97552028057662,-115.9121916854198,-116.90922148696114,-118.52360597552853,-117.00168482078509,-116.51448397218675,-115.62488049363573,-117.51307445495347,-116.4825190272971,-115.98138633356984,point1,-116.58544248967178,-116.51448397218675,-118.52360597552853,1.0300831113010012,-0.014774570669564243,-0.520608281649444
HDOK,PLOK,17472,16,16,-129,-13,11,2,33,-114.7129554807673,-114.80849805978595,-117.63090798550502,-116.93183396388594,-115.48808092254826,-116.7370766666621,-116.10061044898004,-116.77814593277571,-117.18257308794527,-116.6399083980622,-118.22566976870137,-117.09846735272538,-118.53417333628752,-115.17197397921927,-116.29907369361871,-117.72761236524363,-117.69349057904853,-117.2109762267074,-117.21569929329432,-116.15226492008689,-118.16902329543389,-119.07490488167873,-116.14866660304725,-115.6248603611644,-116.44499909498072,-116.3200175962735,-116.3791105157193,-116.87289789968693,-116.45879897573492,-118.33350427583771,-115.82855805259064,-115.55388475758224,-117.63623713005434,point1,-116.76319563338289,-116.7370766666621,-119.07490488167873,1.1175570176184624,-0.09952981098146016,-0.398029641086199
HDOK,PLOK,17472,16,16,-129,-13,11,2,33,-115.87390488104764,-116.22982195911662,-117.15093757379123,-116.63816817644333,-115.75645356951419,-115.98911681786352,-117.15728350329854,-117.18630806937368,-117.39887109404539,-117.71036631985523,-118.55039840927674,-116.97931551770175,-116.13051855144964,-116.80559405102595,-117.75713106149307,-117.50953108300607,-116.60292893286987,-118.32419351935653,-117.46905035726519,-115.28058742583708,-116.60150999419831,-116.87490091204398,-115.0076538947871,-117.25365843301466,-116.3802306012349,-115.70297916282935,-115.30405561074562,-117.54003741350759,-117.9787685589782,-118.41065799171933,-117.82942384168187,-115.67851937211607,-115.2885927564209,point1,-116.79852937626995,-116.87490091204398,-118.55039840927674,0.9345120931033764,0.09628538640350053,-0.9220291052348784
HDOK,PLOK,17472,16,16,-129,-13,11,2,33,-116.74742286297632,-115.55074941547078,-115.99877036057616,-117.18953630779102,-116.40098195196148,-116.18990287379032,-116.01596649986529,-115.62905989840237,-116.27546053172833,-116.9247170236399,-117.64048717466214,-116.56295303265374,-116.27649222949461,-116.62483920488557,-118.2235202372435,-116.69940884020016,-117.69772895595243,-115.46155321390803,-116.99869292908717,-116.71864019274791,-116.18417110539455,-117.42733882601378,-117.18420943127916,-117.42957581373275,-116.83826419932123,-117.88358570263631,-116.84489020665501,-116.5819313505999,-116.66142466845551,-116.93943061170467,-116.76163925201952,-116.43647421348814,-116.4169393317839,point1,-116.70959874091277,-116.69940884020016,-118.2235202372435,0.40920180976372145,-0.22897319696158516,0.0481753982329991
HDOK,PLOK,17472,16,16,-129,-13,11,2,33,-114.66298986911195,-116.9363054480329,-114.123109471003,-115.82087395451933,-117.57327599763106,-118.11181122367978,-117.86676021809413,-117.16507524230703,-116.9255862388301,-118.30612475687703,-117.53637561071443,-116.49952065761195,-117.1317467164745,-117.07798810687655,-117.84585400210077,-116.8690512838828,-115.10694750733623,-118.77612205884273,-116.02947369689151,-117.71073332320599,-117.58844645359932,-116.78541825487204,-117.61344431216668,-115.20662751539656,-117.03928654452625,-118.4814633789493,-116.68498820516739,-117.03671888621435,-117.75694782434402,-117.7577722139258,-115.22550413852545,-117.25679108393096,-117.51538810080575,point1,-116.97044006958936,-117.1317467164745,-118.77612205884273,1.1984025585266838,0.9212947953367105,0.43266267611077724
HDOK,PLOK,17472,16,16,-129,-13,11,2,33,-114.92507007784033,-116.0537433916299,-116.8770110263553,-116.94026394734149,-117.32822585380114,-116.30945949877767,-116.73286576473268,-117.81603843821182,-117.70568373998144,-116.76587997288644,-117.35788151506873,-117.11810257255082,-115.84942072141406,-115.8841077133451,-118.8210635469452,-116.59600481161095,-116.49249954736538,-116.51804180518256,-113.83238266827091,-117.12116038415205,-116.98652263441592,-117.35979121213569,-117.53510372406869,-118.17475072441289,-116.69849669219104,-117.16629205199719,-117.9136391031737,-118.22635325810617,-116.34343328828365,-116.86648436164897,-117.39326537185278,-114.05043265642207,-116.17674803392028,point1,-116.78594606394222,-116.8770110263553,-118.8210635469452,1.1074375152660962,0.9915106940546661,1.7694152071053568
HDOK,PLOK,17472,16,16,-129,-13,11,2,33,-115.1415351786544,-113.89521731141045,-115.4059067281635,-115.34027276295572,-117.09742532203904,-118.04419278072629,-117.34100436949073,-117.23487100828555,-118.08680163488326,-117.19928768252316,-117.74316839620076,-115.04744456381998,-116.7050971349177,-114.82250617434826,-116.49705488610665,-115.46334752674547,-118.68741322900478,-116.17534903157429,-118.06922289920948,-117.63873797351408,-115.07525946063772,-115.24240592450833,-117.22506008439689,-114.88164108615557,-117.36084593802762,-115.89771071441844,-117.32149033583406,-117.72108840341635,-116.77764639023074,-116.58202978243874,-117.7630119420139,-118.28685679339483,-117.49241883289648,point1,-116.64434309948308,-117.09742532203904,-118.68741322900478,1.5029892829002218,0.41069568024700037,-0.9365702956735977
HDOK,PLOK,17472,16,16,-129,-13,11,2,33,-115.83306332685756,-116.21397686434841,-115.60793959248988,-114.78242979504321,-115.04960313473416,-116.25867635667248,-116.3820047503942,-115.90527538405004,-116.40497098059866,-116.36153837201132,-116.52053713684388,-115.4947935461119,-116.21449763258454,-115.23964702111283,-115.69577502146366,-116.1782363602466,-116.39441306017444,-117.57619221050635,-117.11754915653353,-117.68110028363675,-116.85890436042743,-117.36928547461316,-117.46276777053205,-116.7433155428811,-119.99031340353508,-116.26132996399829,-115.34997911505366,-116.93862790928621,-116.51037056699023,-116.3008114254163,-117.72866763620563,-117.49416019565825,-117.10145254574334,point1,-116.5158244211138,-116.3820047503942,-119.99031340353508,0.9613045595911078,-1.1586012802846213,3.384189606748022
HDOK,PLOK,17472,16,16,-129,-13,11,2,33,-114.19848539728234,-116.99204403392265,-117.31645433471748,-115.79404296928669,-115.95400869493253,-117.85656744391214,-116.05792620850193,-116.22607521100227,-117.47993666016384,-117.48227766167673,-117.71916116812461,-116.2907214973779,-116.76309719377502,-114.56907915783147,-118.05016279834197,-115.72307134053506,-116.5881889296742,-115.90762390726843,-116.48728314797476,-117.78563119146376,-117.78369448998187,-116.57303799328037,-116.74021835161935,-115.8121297262105,-116.78182965745198,-117.71118115020701,-116.91755832309214,-117.29396273308346,-115.83535851027568,-116.88625718945622,-117.69633210923487,-116.58331646920804,-115.51935718615434,point1,-116.64775978294004,-116.74021835161935,-118.05016279834197,0.8542318323106209,0.6381246911319175,0.2762324334497732
HDOK,PLOK,17472,16,16,-129,-13,11,2,33,-114.74186688413745,-116.92712493145451,-115.63026803027057,-116.16696355615753,-116.67298092710844,-117.59557276451132,-114.34508692141803,-116.27865174457145,-117.42385760055566,-116.98015121940837,-115.86981282770925,-116.03106804399552,-116.38265364087766,-118.12542599656956,-115.82757847819447,-117.61904103515677,-115.7092959092263,-117.57699781338903,-118.70459823914986,-116.74846614451222,-116.7362920348018,-117.58826148698992,-117.2858698349881,-114.96135319286427,-118.76682452138857,-115.7802024083462,-117.24675612888456,-117.07684319776097,-116.10075652251496,-117.29320793729345,-115.17744782999198,-119.48160395621936,-116.46550928361422,point1,-116.70661791042522,-116.7362920348018,-119.48160395621936,1.321948437633964,-0.20893572058637894,0.05992312816066958
HDOK,PLOK,17472,16,16,-129,-13,11,2,33,-114.13278641752935,-116.04232778225445,-117.52774200622154,-115.06037199987097,-116.43003275537741,-117.40340031651,-117.2290463477488,-116.9435021925492,-116.53099263295783,-117.08080963592357,-117.81956430425268,-117.4896658317172,-118.12853403139489,-117.98912407733287,-115.68156776200085,-114.94227198983164,-115.58472501425607,-116.56517939697972,-117.2632198032755,-116.9249471119491,-116.38702411408572,-116.52217583768633,-116.95106401616256,-115.93479237380727,-119.03587109196934,-116.35372400839232,-114.53898262778783,-118.47391973289629,-118.61308049839688,-118.01970636209417,-117.65992680097382,-116.43829083539123,-115.72340730303188,point1,-116.77035687917,-116.9249471119491,-119.03587109196934,1.3383707959350697,0.2792199763020811,-0.22772558546479305
HDOK,PLOK,17472,16,16,-129,-13,11,2,33,-116.27975959455843,-116.39712699252475,-116.02960680764856,-116.09311241451148,-116.82138657444852,-115.46349686635473,-116.6690740172525,-116.2173475535293,-115.86166024330876,-115.7104618966143,-117.09537871257409,-116.309689336434,-116.64221102475216,-116.66897733828857,-115.94876831962782,-118.1826886290259,-116.71128620246238,-116.06841693229048,-118.49243127924657,-118.1457062798649,-116.23086924600409,-117.08192812468667,-116.81254561853248,-117.96159457106194,-117.6186217039931,-117.15840922986978,-117.15723549042723,-116.49918550339686,-117.52762606028193,-116.45059858722357,-117.86885616220079,-114.76529009445346,-117.19461198063627,point1,-116.73139270872991,-116.66897733828857,-118.49243127924657,0.6868330315038471,-0.1670087573409223,-0.028491200293225827
HDOK,PLOK,17472,16,16,-129,-13,11,2,33,-116.3066905275106,-115.1323386200924,-116.3762101376642,-115.64891833547051,-118.48853748958189,-116.18042954713881,-115.41933546231319,-115.17042670240097,-116.68138535989442,-116.91616219323029,-115.9295662221906,-116.9553598730465,-115.5464822444621,-116.16732436756185,-117.06120430433646,-117.2753314524215,-115.5714060050405,-116.87125421897004,-116.81115190968957,-116.60123765843076,-115.02781058167837,-117.71032438315618,-116.78795837602333,-117.02207827530717,-117.00257891863488,-118.7027889428299,-117.77171959301194,-117.36068191231674,-116.81995791117177,-116.61941868835424,-118.67845000736177,-116.7963148939545,-117.26879710956668,point1,-116.68726158257014,-116.7963148939545,-118.7027889428299,0.8865472582082752,-0.24738509378988535,-0.0586807814734418
HDOK,PLOK,17472,16,16,-129,-13,11,2,33,-115.5132263709144,-117.68565438705436,-115.90985887268053,-115.0322608268948,-116.38097246212912,-117.02058741822553,-117.22556723676438,-118.03981834542826,-117.39848050091786,-119.02965906256526,-116.80655709700564,-116.7920487254152,-116.15954802595809,-118.4625801878714,-118.32026639337899,-116.50869412658152,-115.95100811467873,-119.60165666800341,-115.71074633528211,-117.42325961645327,-118.09491671977041,-118.49159067201512,-115.13802508377543,-117.18579280922094,-115.83947135895392,-117.18802680407711,-117.46779057312833,-117.20317973063476,-116.75256864669035,-117.24763141978768,-117.51502577723386,-116.52209750368283,-116.95671554288793,point1,-117.04773586109278,-117.18579280922094,-119.60165666800341,1.1292826990979612,-0.21063662231460173,-0.07315082187370514
HDOK,PLOK,17472,16,16,-129,-13,11,2,33,-115.61426848807915,-115.27362718652803,-115.74867350942245,-116.62109524405396,-116.55825727964053,-116.70268584360443,-115.84333145337665,-118.34575875491069,-118.19492296547809,-116.74466101917078,-115.58779963026514,-115.92202710830281,-116.10870810901137,-115.88501873058684,-117.56737886448023,-117.87133723438512,-116.47644169246368,-117.19463346992062,-115.65496281926042,-116.7590943564655,-117.841334141612,-117.44526766443927,-116.99366463843813,-118.71693160002943,-115.92383235844561,-117.67475114977785,-115.86274730331299,-117.2301549342832,-116.6956365732319,-117.33442956363257,-116.40023313119211,-116.80143049657258,-116.86536190895931,point1,-116.74122603707069,-116.70268584360443,-118.71693160002943,0.7641040470222533,-0.38151567344224163,-0.6091508203655582
HDOK,PLOK,17472,16,16,-129,-13,11,2,33,-116.96509123991355,-115.72852952465036,-115.68388639707369,-114.87999688182249,-118.26686810848574,-117.31340861645549,-115.67019658449345,-117.15362454622391,-116.21108623600944,-117.55768591528349,-116.72960905448359,-118.52846010655257,-117.98493864057014,-117.12475168370273,-115.04586287249701,-118.8170472017507,-118.01329725432876,-115.49042909167999,-118.1977344347933,-117.13447074874135,-118.32252533372068,-115.84141792422784,-116.76984707546293,-117.38224229597257,-116.89986120587758,-119.55428447779356,-116.11982705197734,-116.19425091152428,-116.89047474035893,-116.67525976631015,-116.84223991374495,-115.62207420849549,-116.74110467073815,point1,-116.91976923380957,-116.89047474035893,-119.55428447779356,1.2330579207396115,-0.26216579880701163,-0.35709521744263517
HDOK,PLOK,17472,16,16,-129,-13,11,2,33,-115.01492472014307,-116.17103343116446,-114.61355342632059,-115.82046315012965,-116.26516844352197,-116.16100802046948,-116.99549900037549,-117.26327202262146,-117.11940127072069,-116.18592472191256,-117.97710015563966,-116.38354870185945,-115.76274129682746,-117.81658222563821,-115.7011068473745,-116.79592410909196,-118.5373458137616,-116.90545669863624,-117.47180641600089,-118.89546820977085,-116.22006632350333,-116.93316567435738,-117.31254840761949,-118.12838139552272,-116.04144841522769,-116.65387329253616,-116.44077082947506,-116.6709567286905,-117.02461385414118,-115.62565860694627,-117.8554974685418,-116.7205577965422,-117.8232927855368,point1,-116.76691394729156,-116.7205577965422,-118.89546820977085,0.9145724685473834,-0.09131211979522777,-0.04889122329375972
HDOK,PLOK,17472,16,16,-129,-13,11,2,33,-115.1937555458351,-116.40383599831138,-116.13613161875408,-115.80857798008758,-115.80458642356405,-116.34049121356189,-113.58124778244931,-116.48692710984216,-114.20749609037523,-116.88503593730134,-119.14842728258522,-117.37784656588477,-119.38196898700517,-115.36166650641523,-118.90579787076767,-118.55279844348742,-117.04789097274248,-119.32618474337896,-115.69670557791765,-116.29669082590165,-117.16757499068245,-116.26763103865918,-115.04057695520648,-116.28477495354655,-115.70888267768343,-116.4417050436166,-117.64323846180645,-117.52225638270902,-117.4214560850216,-116.43038800964801,-117.32141162086259,-116.5775644053502,-116.36854208744472,point1,-116.67091109661838,-116.43038800964801,-119.38196898700517,1.798957160356422,-0.21933707036494698,0.27795660270373546
HDOK,PLOK,17472,16,16,-129,-13,11,2,33,-115.89512137207043,-114.80381464515281,-114.88446114429401,-114.53978238292939,-115.70025844920178,-116.3440442452092,-116.79877682567141,-117.04538571506123,-116.57599759525216,-117.99696041725038,-115.06095638953644,-116.71962841712322,-115.95610067372286,-117.57894403639908,-115.81377242731429,-115.69616502525739,-117.63217489001549,-116.79903978661991,-117.43096291290512,-116.79013534677087,-117.09091948853467,-116.31829983851576,-117.8299366130187,-116.89348082017949,-116.20267729948647,-115.13503318911678,-116.38979069173944,-116.97744573526556,-116.60126524885422,-116.869917482487,-118.4932963820438,-117.1900675663461,-116.47420119562706,point1,-116.50087315905976,-116.60126524885422,-118.4932963820438,0.8819814145246013,0.22447927344829277,-0.24266847089634247
HDOK,PLOK,17472,16,16,-129,-13,11,2,33,-116.03498069917364,-115.14558077942968,-116.28574964659703,-116.09093166541078,-115.55400613458936,-115.36792871841075,-116.123575661532,-117.25627611998686,-116.99948592157055,-115.60732232230247,-118.31881850003865,-115.7436513948824,-118.91956031963642,-118.17080584229251,-117.97058866850104,-116.83671429279516,-116.91863566662379,-117.7629820839146,-118.45977172223671,-116.66697576044203,-119.77565863635616,-118.60110035856883,-119.03669496790178,-117.40389786974121,-116.67381064384615,-117.91833977789611,-115.99325727132874,-117.99463709869272,-116.08687468698518,-116.57329330442485,-115.22925659870535,-116.90287605847487,-116.57700785231474,point1,-117.00003172865462,-116.83671429279516,-119.77565863635616,1.432681840744904,-0.41735550384521886,-0.6660058684596009
HDOK,PLOK,17472,16,16,-129,-13,11,2,33,-115.22855812779206,-115.66380058226352,-115.31933939205307,-115.69927070411177,-116.65642499370439,-116.44420781394919,-118.2882248434635,-116.63227121578983,-116.40265485552776,-117.23515269050287,-116.54898860674574,-117.01682569982177,-116.52511040453655,-117.41563049961319,-116.70988512072977,-120.05137954273967,-115.6242458490659,-117.67776352740785,-116.02796151316524,-117.70321121329113,-116.79890554383722,-116.61925941873034,-117.02038859770086,-117.85146394457541,-118.2832271857825,-116.59452237275597,-118.53702365211304,-115.76356004843814,-116.63846205318751,-116.48055764216816,-117.14238726952783,-114.40235270439707,-116.65231444221331,point1,-116.77743430520307,-116.63846205318751,-120.05137954273967,1.1554590724918614,-0.6288851335978503,1.6346894003866095
HDOK,PLOK,17472,16,16,-129,-13,11,2,33,-115.36369291870128,-115.75707376395934,-116.53329097708804,-114.87456378278725,-116.2687497476318,-115.24992913963452,-117.53008382622237,-116.17920457278738,-117.88506218770505,-116.73556814444954,-118.77615502773739,-118.90628662507113,-118.21320150739476,-119.12175722000565,-117.42506857468379,-117.25819619496711,-118.12336334738148,-117.33830533509267,-118.13114085456537,-117.29565600795853,-118.1521159639671,-115.86745303822556,-114.76596104342725,-117.14393821559652,-115.49784726459873,-116.00007783516396,-116.35748267935983,-116.12313602493082,-118.89682437781553,-118.50195793755015,-116.04880495817302,-117.97806829811567,-117.60830351721356,point1,-117.02752487605946,-117.25819619496711,-119.12175722000565,1.5223043765284583,0.07827629545501237,-1.0840887100818049
HDOK,PLOK,17472,16,16,-129,-13,11,2,33,-114.94079224637902,-114.79707832254182,-115.41916176059762,-117.872888991245,-115.84701465880947,-115.16659717835124,-115.12889918367787,-116.35328995736988,-118.46256002385043,-115.62249213172169,-116.78408212490437,-118.62403749719562,-116.93306278189623,-116.0365582990684,-115.99301707782634,-116.98454679874764,-117.4202086791802,-117.10764801429708,-118.46584408541766,-117.55459468191675,-116.16543433115203,-116.64619307502608,-117.79691056257083,-117.32485786688281,-117.7096874415657,-117.35070965591807,-117.11372422739004,-116.86053551983274,-117.26848040349282,-116.865402509367,-115.07621971545254,-117.47240581749575,-115.06898313760918,point1,-116.6737551139015,-116.865402509367,-118.62403749719562,1.1735865633230191,0.144651587225373,-0.9402904406197972
HDOK,PLOK,17472,16,16,-129,-13,11,2,33,-116.24782680143437,-115.32208580431684,-113.69760494083351,-116.87071634193293,-115.48405543081181,-115.84151473439552,-117.45202416954315,-116.66361287743305,-117.08594442697188,-116.90687351287362,-116.57762589333888,-117.94172383291117,-117.68099343207807,-116.26745964850672,-115.61802473368728,-116.22273690730536,-118.36724103519629,-116.46439594071607,-116.35815622880061,-118.14274648990582,-116.94017078195438,-116.99889237624808,-118.0863197188545,-115.8546048068121,-116.06280027978684,-116.03629822788727,-117.74041842244837,-117.4943428419914,-117.21906988917647,-115.75319368043272,-117.64480030933365,-116.4955014441839,-116.59627578352342,point1,-116.67078944683712,-116.59627578352342,-118.36724103519629,0.9298664643885977,0.59270019643012,1.2283391947202182
HDOK,PLOK,17472,16,16,-129,-13,11,2,33,-114.88642323317573,-116.19125459711682,-115.9559882298351,-116.51330340500948,-116.20001575849408,-115.77102886753038,-116.59970757229614,-115.62932455144484,-117.96977245922761,-117.09238211190275,-119.20032378872233,-114.19588852322924,-118.01451099863462,-118.17099839538379,-117.44901653119759,-115.90979204681871,-116.90465193902044,-115.89708061214229,-117.30934437884119,-119.60572174726255,-117.05931283987596,-116.7779777090225,-116.33596252842979,-117.28417745907355,-117.11075662895153,-117.7742177615734,-115.49808703017561,-114.75599448354455,-117.14741055469456,-117.40103377516644,-115.73794280785549,-117.16837231588416,-118.56745611860858,point1,-116.79046156848915,-116.90465193902044,-119.60572174726255,1.438840693319396,-0.1595923702281324,0.12693960092993217
HDOK,PLOK,17472,16,16,-129,-13,11,2,33,-113.08239550888257,-115.10207110574454,-115.24758198501095,-115.31243693158112,-116.98579781285052,-116.88307626959855,-116.43871630997776,-114.85826831745928,-116.25608119636587,-119.0749427602492,-118.00332252685942,-117.0037925074492,-117.22103611987055,-116.71562804851958,-117.44326111758099,-119.16953647150133,-116.75658149414174,-116.11925495254026,-116.98726335497854,-116.78608567345086,-117.29191292328544,-116.57548888862868,-116.43170992300972,-117.45509342824252,-118.24232502363947,-117.28549585483317,-115.84384451315543,-115.70038450089649,-117.17026091092524,-117.8584229645324,-117.43332538342585,-117.7000704855435,-114.84796375861703,point1,-116.70555845525297,-116.88307626959855,-119.16953647150133,1.5219419455541623,0.5698210241579044,1.185966401658764
HDOK,PLOK,17472,16,16,-129,-13,11,2,33,-115.18393778638809,-117.9652374590127,-116.45984164582029,-113.79517611716477,-116.3114067422002,-116.17555758799384,-115.65672166173692,-115.47466477394956,-115.75707199770532,-117.7946972585537,-117.86838333649091,-115.79484087354362,-116.83867066988296,-117.86199622553276,-118.19311092922857,-116.5827478673987,-118.24402325532397,-115.8009073021151,-117.32495034892719,-117.66417758115179,-116.36306828687106,-118.22553882506782,-115.889025752162,-117.87574283783437,-117.62069445256239,-117.498053289146,-117.35659061044369,-117.11139100832162,-116.9198213266424,-118.61342997863755,-115.58035584420647,-118.09932079333973,-118.0762723057997,point1,-116.9084068706411,-117.11139100832162,-118.61342997863755,1.2653263639792856,0.6258475823290957,-0.08282509166553131
HDOK,PLOK,17472,16,16,-129,-13,11,2,33,-115.71109130920402,-117.91770745790211,-114.5549291841867,-115.13496086382455,-115.9166303058091,-116.60809257228806,-118.09579440042569,-116.52973721927698,-117.89253321208827,-117.28103489986309,-118.52793316832413,-116.01142255841673,-116.109304731379,-115.14877093840396,-118.29438547340996,-117.03886034469387,-116.44750138314754,-118.11826399973432,-114.85006643651323,-116.40061170966813,-115.69711251505389,-116.58129563229576,-116.38517225541696,-117.91185184105898,-116.7816994829655,-115.15837906188402,-116.22315498459567,-117.63235721355689,-118.02815065713148,-117.28716141302817,-116.57229759952945,-117.5111847391694,-117.92971653113656,point1,-116.7360353362237,-116.58129563229576,-118.52793316832413,1.1819748018046137,0.1935909576747181,-0.9536458600919526
HDOK,PLOK,17472,16,16,-129,-13,11,2,33,-115.04380676968415,-116.4624785887253,-115.73405569191722,-116.67901805540656,-115.96228903613803,-116.89337630610135,-116.35479608549007,-116.15083604658336,-115.72080191321675,-117.02306912517338,-117.31643800304732,-116.76992945185799,-114.46100182880076,-115.82309694115672,-117.23935222466753,-116.17067848660064,-116.90374374753108,-116.12517609913891,-117.64686633250209,-117.56649291936088,-116.72661373993243,-115.80810732321963,-116.66230710887145,-115.84005413433421,-115.5194441566553,-117.77951991331956,-117.77684425381766,-117.27217800082765,-116.92029611516764,-115.46849036478373,-117.40438324005395,-117.01848596715716,-114.48356071238858,point1,-116.4462905661706,-116.66230710887145,-117.77951991331956,0.7603068425410576,0.494769906252896,-0.26397434000486797
HDOK,PLOK,17472,16,16,-129,-13,11,2,33,-116.02257924974195,-115.3224357284062,-117.3071468495309,-116.04905449846147,-118.62808975180934,-116.08902599944149,-115.77877080587697,-114.14452402874348,-116.48143831789402,-116.03576936412954,-116.74378512634965,-116.7454351774437,-115.78612738206779,-117.40848535259195,-113.66009959869031,-117.72951137309295,-116.9083370561815,-116.015459107871,-116.41650093653875,-117.51754658540938,-117.2554672438544,-115.60024301684716,-115.7002054938023,-118.59271362620414,-116.85777557234965,-116.46106306586344,-117.75933087381324,-117.86239770843018,-117.63124668787418,-117.48096750188658,-116.27815203660604,-117.03465019603675,-116.43361709355385,point1,-116.59811976992104,-116.48143831789402,-118.62808975180934,1.1564060099903164,0.5289999566692924,0.9019957473444928
HDOK,PLOK,17472,16,16,-129,-13,11,2,33,-115.52809702320883,-117.65851925397729,-115.79490728125144,-115.74285972878184,-116.45462056006413,-116.10231923711403,-114.71522166291024,-116.24066713721854,-116.51732336664323,-117.92878169862374,-116.37753809724046,-116.63539474836976,-116.16841000726856,-117.15779963457929,-116.40179949245199,-117.3039296415965,-114.87215603124356,-116.44787030145586,-116.84848982779783,-116.80364424411574,-115.94453635881933,-115.67741078084384,-117.57916645575767,-118.07357041645297,-117.45432645616476,-116.6452255945625,-116.3018814746523,-116.04950006710129,-116.95016335990267,-117.42402522123257,-116.57346595712292,-115.88058845916011,-116.5107810518773,point1,-116.50803001907767,-116.45462056006413,-118.07357041645297,0.610710068916765,0.07435039341786842,0.03640305846271463
HDOK,PLOK,17472,16,16,-129,-13,11,2,33,-115.94263254727194,-115.65548802843722,-115.63992311780832,-115.92975707859127,-116.84085832171732,-117.52775006361509,-116.15949206581296,-115.98612100941824,-117.67256613943451,-116.68277369180916,-117.90489780592955,-117.57467316057992,-117.41984518821378,-114.36761644737072,-115.94327596849543,-117.78835031108562,-114.7067274002856,-117.71312892187433,-114.75254205977258,-116.86360344088924,-116.49410024026211,-116.3209694610854,-118.0277994925588,-117.98384417084894,-116.73157127451377,-114.5227055315316,-117.83601357503342,-116.73392846306594,-117.19396166829075,-117.91707130471156,-116.51563110277975,-116.52767441204799,-117.95575028011574,point1,-116.66160738621997,-116.73157127451377,-118.0277994925588,1.137380747114441,0.5709136078255892,-0.5243504564498478
HDOK,PLOK,17472,16,16,-129,-13,11,2,33,-114.13227422368905,-117.19998298358898,-115.69494298802589,-117.35454515846278,-115.71912277321081,-116.27390483351653,-115.47925425183631,-116.56212902936625,-116.2070394600677,-116.53057683045492,-117.33339889017819,-116.00867564272474,-117.45012043354473,-117.18437316895259,-116.39582063444848,-117.79692026155192,-115.21232180552822,-116.05083828380381,-117.17686413393776,-117.7225638840543,-115.64888056188603,-116.02326074617467,-117.92476323977093,-116.04884612146428,-116.84871008530392,-117.35139610524352,-117.77724802740602,-115.19305852533596,-118.19391090909922,-117.5055228944199,-116.40171622307086,-117.01985263765954,-117.73538684922045,point1,-116.6411582605151,-116.56212902936625,-118.19391090909922,0.8933493408037141,0.4801491219764705,-0.19766532762275713
HDOK,PLOK,17472,16,16,-129,-13,11,2,33,-114.33666110481687,-115.4177381485983,-117.68964983907858,-117.14075529649286,-118.06147706210525,-118.73279938663217,-116.37064186024227,-116.14253644956793,-116.56770041628515,-117.18938895884008,-117.25149833120408,-117.77547913844064,-116.91724540171238,-117.34466408142703,-115.94560028973603,-118.48112331751916,-116.8782849411535,-117.37317498257244,-118.67590194105738,-118.57204001980381,-118.53773570517666,-118.1328078228076,-116.63415267516106,-117.36456232048153,-117.25643742595395,-116.90051597769853,-116.12294335796005,-116.04675199325031,-117.78472770023556,-118.33892981160446,-115.20880195621378,-115.7939251058038,-116.05572538077922,point1,-117.06189024849735,-117.18938895884008,-118.73279938663217,1.170016288709351,0.3741748771188796,-0.28444757467272996
HDOK,PLOK,17472,16,16,-129,-13,11,2,33,-113.75327337272083,-117.5842849301761,-115.02676787721747,-116.61313006515432,-117.45922231933595,-116.91805161330979,-118.44004145389037,-116.6470805770605,-115.76758981672805,-115.49988235307,-115.61439856298185,-117.02361531444761,-117.29109397772373,-117.28303755152145,-116.33560797022159,-116.90077805402248,-117.3468541053405,-118.2687803315466,-115.88789884820912,-116.97429329824476,-114.26989232707359,-117.15722789914568,-116.74250031417834,-116.39056892975,-116.88032337237783,-117.09223993878358,-118.70129257700803,-115.72390098336668,-119.60124502257132,-117.33211122917618,-118.01435747627785,-117.4351821605423,-115.49784046650879,point1,-116.77195045726313,-116.91805161330979,-119.60124502257132,1.445818616829936,0.2833723475344401,0.6951482771848898
HDOK,PLOK,17472,16,16,-129,-13,11,2,33,-114.45697154974117,-117.39403386298699,-117.27949914162423,-115.67829774990997,-114.608980544403,-117.07350979341085,-116.95394446653152,-116.72099379001865,-116.96338572758468,-117.81321370260792,-117.68300396473148,-117.41317055677582,-116.22807805101955,-117.17854764165543,-116.99413590011511,-116.43610691399593,-116.29080593465237,-116.75437920764277,-117.99993143448165,-116.3693602115069,-116.32924088670133,-115.18997323089765,-119.45718759190517,-115.06424739654591,-117.49090116348833,-116.8701268757353,-116.04783859163312,-115.73836388602585,-116.509439100836,-117.65902907702024,-117.27034001799674,-116.45371327893709,-117.95226540339532,point1,-116.73706111050042,-116.8701268757353,-119.45718759190517,1.042274923868312,0.13363835502122254,0.8420628333556892
HDOK,PLOK,17472,16,16,-129,-13,11,2,33,-114.9670760697234,-116.59810056790758,-116.68346243339604,-116.64895344519746,-116.94495262774073,-116.95025132019265,-116.64639452499416,-119.66065037091741,-117.7686838505831,-118.12151672081876,-117.9871999431079,-118.44033982890046,-117.4364966023138,-115.95137568942974,-117.59596576069296,-116.68186681980646,-117.26759947311274,-116.21168112498064,-115.15684313559579,-117.71377483626577,-118.02914734129382,-116.47431925230656,-116.0275732523174,-118.15587105212045,-116.20282693986705,-115.13038421341525,-117.0944946471397,-117.84534401569894,-115.87471659398939,-116.85051275102838,-117.4693707283343,-118.5098759112317,-116.10953206456993,point1,-117.00627739118153,-116.94495262774073,-119.66065037091741,1.091616127181252,-0.13007291485580408,0.040160503234733635
HDOK,PLOK,17472,16,16,-129,-13,11,2,33,-115.7224181981162,-116.25363717061525,-114.89661965899558,-115.64249366159852,-117.64216265506721,-116.45702376472546,-114.31280434214685,-118.99183579002117,-117.1047758401324,-118.66952476701783,-116.74980012693413,-114.19083629224157,-116.1971215332562,-116.4213104235178,-115.20801550589799,-115.87760683629045,-117.03737896293357,-115.21434774068524,-118.41033176978412,-117.92055978248973,-117.91761156261101,-117.13088326747534,-116.17660962750475,-116.29023844490779,-117.44173833765407,-117.85715396254703,-118.29000875136441,-117.61787137605434,-117.92341825342017,-116.5763680858268,-116.78289096861165,-117.32334809751487,-117.01371876262145,point1,-116.76552922183576,-116.78289096861165,-118.99183579002117,1.4232586734086292,0.30059039517770636,-0.39059358141572265
HDOK,PLOK,17472,16,16,-129,-13,11,2,33,-115.0868065408171,-116.93403780634358,-114.97473045399069,-116.20950150088933,-117.33118476973353,-116.05409566010594,-117.1202516990531,-117.56731721508073,-117.08722913855148,-115.3467430763091,-115.99624052693365,-116.12806518959545,-114.77380057882394,-116.50584352117473,-118.22490929242413,-118.14572535885253,-116.23959192254905,-116.12152287332283,-116.56430720389938,-116.92725576307284,-117.27320050914932,-118.7514627221798,-116.6394418821656,-119.52960593797373,-116.55152018919796,-115.44681196914966,-116.44262421027949,-118.38040267927039,-115.1756629130828,-116.88329838214665,-116.22867260816628,-116.05311338821782,-117.43858620179759,point1,-116.67071405103941,-116.55152018919796,-119.52960593797373,1.2044667570950958,-0.5206119625271286,0.23230543472849208
HDOK,PLOK,17472,16,16,-129,-13,11,2,33,-116.60765260976417,-116.85144647813479,-115.54923499723404,-118.57782966191331,-116.39209691215439,-117.71003989896471,-115.8330346769695,-116.38052922210639,-117.81056594461002,-119.2772538112199,-116.04833541852022,-117.31269683065064,-118.10036411149456,-116.54287854091953,-118.05025901020245,-117.77026234084059,-117.31697459258538,-115.83244631992648,-116.38411490379181,-119.58544638300988,-116.96241682323696,-118.22273830653465,-115.17047940236213,-116.54492269656154,-116.19335712462942,-117.31511238742551,-115.07488520022648,-115.76161381092926,-117.53694421898092,-117.61031633481932,-116.43105314652225,-116.0912904261059,-117.9220732876026,point1,-116.99305047972575,-116.85144647813479,-119.58544638300988,1.1993556240846253,-0.3895887457304244,-0.26833383611876194
HDOK,PLOK,17472,16,16,-129,-13,11,2,33,-116.35530580541365,-117.36825999179956,-116.035448274925,-114.42396500273175,-116.61539297677128,-115.98069477154887,-117.79549221107563,-116.38113223095255,-116.69383536141237,-118.05432372753876,-117.26760667865042,-118.8189785652586,-117.23312627835442,-115.92178122309068,-117.12777102571407,-116.51569520263142,-118.25020412569461,-115.87912183566051,-115.2904048039627,-117.19176773520707,-118.36138257533119,-118.33983158496457,-116.8861076020486,-117.77436259406821,-117.8487961014515,-117.37929157272863,-118.26376963428223,-118.38217036775993,-116.67524155961077,-118.45961173211569,-116.67340229063085,-117.46008944924891,-117.6816383395728,point1,-117.13290918885478,-117.23312627835442,-118.8189785652586,1.0067113040327362,0.5292016631365966,0.08660415419104028
HDOK,PLOK,17472,16,16,-129,-13,11,2,33,-114.94069042477047,-117.13940627003905,-116.43566316427028,-116.29963548597821,-117.8598337005049,-116.50582004583039,-116.54280833154466,-116.67079545375495,-118.90328831380616,-119.13004915816605,-117.73675392710973,-115.88189830901747,-118.07001329061762,-115.48650281215352,-117.85861013776288,-118.94915596623348,-117.60960752006412,-116.29681980765432,-116.21519337375261,-116.30800418608058,-117.54506101668629,-116.5320344700643,-116.58481106866293,-116.61891289111506,-116.78775101336659,-116.6268313760756,-115.5899080446788,-117.43941525416822,-116.5853870266839,-118.90906601637005,-115.47196808326278,-116.25297923339882,-117.14555138205617,point1,-116.93727959259702,-116.61891289111506,-119.13004915816605,1.092597951769575,-0.5118098980569434,-0.21117647581820043
HDOK,PLOK,17472,16,16,-129,-13,11,2,33,-115.53606127408196,-117.06312117557658,-117.08846288241197,-116.2524356331091,-117.12190001447136,-116.06700078111639,-117.685922467297,-117.83743842193253,-116.13360331728616,-116.81914861037764,-116.40973147778638,-115.49734068772581,-115.50470819816917,-116.74677920725588,-116.65121581166336,-116.53704250776072,-115.38125037369535,-118.30281263882753,-117.90375834849061,-117.83208736569442,-116.04334434941143,-118.44686538021561,-118.08425791929272,-116.81104173150538,-117.87847456521132,-117.97565131302564,-117.36923620948738,-117.39027985982979,-115.94447684679626,-117.51075806206549,-116.88208737617516,-116.9333903102757,-117.70510809700822,point1,-116.9499028246979,-116.9333903102757,-118.44686538021561,0.7473753237847128,0.18546346961037888,-0.9742935296538735
HDOK,PLOK,17472,16,16,-129,-13,11,2,33,-113.54904329262787,-116.1872593744164,-115.319481783134,-117.40060368680899,-115.11085053849561,-117.67851681951095,-116.63261098880587,-117.76445990983753,-117.80548059320854,-117.1193525078809,-116.77974741077152,-117.82780919461922,-116.46093499313531,-118.06369642303738,-117.8804832646152,-118.00122079173204,-117.09133758905939,-115.20670034870159,-116.31622876575817,-117.04204703836356,-116.69151708856621,-117.6320621083379,-116.63631058367916,-117.20737747204558,-115.78098849410324,-115.91623501344789,-117.50830750340054,-114.50655585516415,-117.27433786163611,-118.1562528972464,-116.8734599009938,-116.63209444713135,-116.48151794288286,point1,-116.74348128736834,-116.8734599009938,-118.1562528972464,1.1533357940910074,1.0686960413600541,1.0796444532463538
HDOK,PLOK,17472,16,16,-129,-13,11,2,33,-115.27310611694702,-117.32018734484905,-118.63597466775862,-114.7599683475062,-116.57704142994895,-116.23180875177304,-116.28831306361839,-115.69565340172453,-116.35083271466578,-116.05375885417946,-117.75941632965257,-116.23033382044852,-115.22572901140462,-118.91274339758138,-117.58033161269366,-115.79291060278713,-115.8016793989257,-117.70782831914008,-118.52297687182322,-115.65357324261844,-115.77386115766302,-118.89912135347673,-114.96972322463338,-115.22990312428709,-116.68866827086147,-115.6598276989382,-119.2886799995228,-117.30265693823127,-118.14196210100597,-116.62451994802427,-114.16310425526608,-117.22428827141889,-116.5572852091852,point1,-116.63326572280484,-116.35083271466578,-119.2886799995228,1.6909205695913883,-0.3693697363712531,-0.6483698171841223
HDOK,PLOK,17472,16,16,-129,-13,11,2,33,-115.8144030579364,-114.64035201923824,-116.57585053625775,-114.7134516649435,-116.91215405530345,-116.4539752104313,-116.77608960122454,-115.8766362386113,-116.36911391058321,-115.80625099529357,-116.10253016961819,-116.65434175027731,-116.74467868889931,-115.34728838776627,-116.06877291511067,-117.03104586524492,-116.47250278713908,-117.50903687078232,-116.22351715665569,-117.33843198466194,-116.86840506741217,-115.55183140344245,-118.08165460110547,-118.42295949899251,-116.60494910153054,-118.25554326005879,-115.73569356078045,-116.79307027749483,-115.39798497683604,-117.99388991591131,-115.28436689091454,-117.12341227775399,-116.35848259128043,point1,-116.48189900877252,-116.47250278713908,-118.42295949899251,0.8611115017247817,-0.17425968097838362,-0.1531316996560257
HDOK,PLOK,17472,16,16,-129,-13,11,2,33,-113.22009622717586,-114.83746621268718,-114.62376436541186,-115.97505500609381,-114.26026811413168,-116.50989374142314,-117.34458374010028,-118.99951432454341,-116.33994555152682,-115.36547986068875,-116.43938385582648,-117.88044928278224,-115.92850349567117,-117.3100957443574,-115.91920914655968,-116.2485136057537,-115.87607993959239,-117.75420232802543,-118.64822936859636,-116.8333332917518,-116.47556567654892,-118.16258644571198,-116.52980460560623,-115.70645281125408,-117.0780432377004,-117.24616939647832,-117.68249525582974,-119.05884256004165,-117.24994415202525,-116.83231728053461,-116.52786218568588,-117.53057962947267,-114.79284357133429,point1,-116.58144163669465,-116.52786218568588,-119.05884256004165,1.734917987297672,0.3194645439438297,0.21683279235862285
HDOK,PLOK,17472,16,16,-129,-13,11,2,33,-113.27674352145257,-116.6046447922666,-114.9152375639922,-116.77958882145347,-117.58416356686801,-116.40657184710055,-117.71735819413726,-117.22188207991496,-115.78013839136136,-116.34170129912037,-116.3241082117159,-117.96259124092352,-117.13442222752714,-118.17300523859888,-118.18394331624918,-116.25491939103335,-117.07067288373334,-117.6957125350133,-118.04706973346289,-117.23440769762966,-118.58181164282702,-118.09868714927892,-117.55032046219422,-117.12145620273051,-117.35746643632493,-117.63373908375688,-116.65958638021782,-115.00184269114142,-119.09130672450313,-118.05144064505639,-118.69697760648835,-116.1764561757271,-116.90340414877694,point1,-117.07979933038119,-117.22188207991496,-119.09130672450313,1.3778189298483405,1.101168329646506,2.110015758277487
HDOK,PLOK,17472,16,16,-129,-13,11,2,33,-114.23176699038305,-117.96756220849183,-114.4376698408352,-117.01008810179444,-117.29519848421732,-117.26780185168083,-117.48751362359394,-117.5796340240737,-117.81103941035249,-116.67885896306088,-116.56401238425467,-116.36395206178268,-117.17241379350035,-115.73087367439015,-116.71951518528162,-116.1386542987527,-117.8087122645916,-118.73727859870114,-119.46809396262906,-118.42410909454804,-116.66979287576106,-115.97396071805176,-117.88720865183464,-117.00269335519592,-115.956546797601,-118.74302587148196,-116.30938984203532,-116.11271337001946,-115.67420366974484,-116.76470935786465,-116.86266301738853,-116.97511960585082,-116.54501906642041,point1,-116.9203574247323,-116.86266301738853,-119.46809396262906,1.2326084101178132,0.1302520438257382,0.6691104947540691
HDOK,PLOK,17472,16,16,-129,-13,11,2,33,-115.75400000708524,-115.59024910517411,-115.44900150001845,-113.79195401815076,-115.13588690639679,-116.12838529237361,-117.31038737483173,-117.4177380953308,-115.5257476661407,-116.44624510772469,-115.32338334286987,-116.47094623617184,-116.31998709368426,-116.26937583419081,-116.5592347106408,-116.2545799548266,-117.9607953935431,-117.23475015636046,-116.39966327947398,-116.04083533786422,-118.38073252023395,-116.34409059277056,-117.56134356546028,-115.88938355616641,-117.73128609090918,-118.23089696494637,-116.78486022725903,-114.68514400116666,-117.70064616971972,-116.94846432838749,-115.77820908108194,-116.26296456948005,-116.6796926772707,point1,-116.43517759871833,-116.34409059277056,-118.38073252023395,1.023110132274109,0.18161855940632246,0.23223580337246696
HDOK,PLOK,17472,16,16,-129,-13,11,2,33,-115.12573511024324,-115.12546719927481,-116.13780358022255,-115.5957079100192,-116.96672120584383,-118.5605072242907,-116.79029814797654,-117.58918995196858,-116.39761670863115,-117.01649121030685,-117.14024696726383,-117.37190720494947,-116.81960967573,-117.93167488999167,-116.12212934972875,-117.84808605843452,-116.54437442577367,-115.73720567730976,-117.32540784150414,-115.00137863388791,-117.11997980527975,-117.23752232249656,-116.74264962243674,-117.65089630399716,-117.61946892591011,-115.47196935534045,-118.63380693673773,-115.99320524256187,-115.64990651392482,-117.38893632443236,-116.71517617085885,-117.062296934774,-116.08215023628073,point1,-116.74289465661764,-116.81960967573,-118.63380693673773,0.8807921504360581,0.07704281048847725,-0.5605962946508409
HDOK,PLOK,17472,16,16,-129,-13,11,2,33,-116.48239733239902,-115.0268284866561,-113.78244399711053,-116.78712668402649,-116.3337407895569,-117.3341900288513,-115.91086929060505,-118.64455502668226,-116.08007348008958,-115.04157549063939,-118.61234675659773,-115.72261144852486,-116.69516227164794,-116.21568472110732,-116.12076829422666,-117.28084456407025,-116.42219465026287,-117.08718785096264,-115.8883533281787,-116.17171246742255,-116.02827010894877,-116.78098884104435,-116.14523170476818,-117.36344790479808,-118.10856239397168,-117.59002938847132,-117.51263031456853,-115.89037127547161,-116.188739828727,-117.2142942412254,-115.90839788370116,-116.66764829877289,-116.06790376737972,point1,-116.51839948216569,-116.3337407895569,-118.64455502668226,0.9663331979109467,0.06049532049451062,1.1361507504744623
HDOK,PLOK,17472,16,16,-129,-13,11,2,33,-115.94423868804796,-116.6754917591362,-114.93685089148751,-115.4040751279189,-117.53640823931691,-116.5885056223863,-117.03814003117213,-116.07336320956082,-117.15600108419311,-115.61756283335968,-118.4607700570006,-114.75911330285307,-114.42991548242554,-115.45586518779369,-118.0996592600784,-115.6904947079464,-117.42303961077255,-117.03394439217556,-116.23777181917016,-116.36176448662042,-115.14966738579193,-114.26964106831001,-115.84899674654247,-116.70250445485418,-116.74311987705555,-117.11745873769298,-118.98100690093486,-116.14769704084232,-118.52334141791283,-116.77458849154132,-115.62603997070387,-116.54424195801826,-116.6081347737721,point1,-116.42301256416329,-116.54424195801826,-118.98100690093486,1.2778936261082003,-0.2477122019336987,-0.12279584923213926
HDOK,PLOK,17472,16,16,-129,-13,11,2,33,-116.3799147706327,-115.85311798102816,-115.60939045178719,-116.66092865511987,-115.50155658118618,-115.81205941596113,-116.48764655348387,-115.93371932858143,-117.38817420280274,-117.50760283641523,-117.90646991855671,-116.65894688076283,-116.89868143978042,-117.35345665410563,-117.26652641759787,-116.88890629261142,-117.78872575206363,-116.10441912102429,-116.38141717289652,-117.4347294197941,-116.00113700844648,-117.54712761777871,-117.07496552231716,-116.43989501815767,-116.4706635972386,-117.05891791271763,-114.97375737773761,-116.68887825307729,-118.07801949300016,-116.91708007062194,-117.60330328365397,-117.03491706595975,-116.75122298218244,point1,-116.74109924391155,-116.75122298218244,-118.07801949300016,0.5409684459000242,0.31140076263254535,-0.3614694153354825
HDOK,PLOK,17472,16,16,-129,-13,11,2,33,-115.84860771536998,-116.02495747531626,-113.50694215954628,-116.02456606243445,-114.02802200507469,-115.9698414033616,-116.45911779881368,-115.62924880822692,-118.09488734542444,-118.51923450363964,-116.00415706326073,-116.33795673225089,-116.1994222999612,-118.07355265999891,-118.71511597334663,-116.39674509767019,-116.70851590360306,-116.55771527535512,-117.18513952304484,-115.5089210218205,-116.94990376782575,-119.13149846149591,-118.99935755395386,-117.79893582053059,-115.56096997707488,-114.66093186544421,-116.4390310974723,-117.38558543924549,-116.25710606906794,-114.25071174707764,-117.7890728848804,-115.66940045337213,-117.21336053603328,point1,-116.5423797727574,-116.39674509767019,-119.13149846149591,1.8452746739981711,0.05579607766369609,-0.1280767481906402
HDOK,PLOK,17472,16,16,-129,-13,11,2,33,-115.01149566159384,-116.8340808369233,-114.65777882324618,-115.7928971468004,-116.54713113138018,-116.06039129526951,-116.95624019110939,-116.76361712646859,-118.50549037029757,-117.63454659227888,-118.71622874515606,-117.67851140582653,-116.6022879128441,-116.68670778293733,-116.13705492065256,-117.97871172188911,-115.54533650030223,-116.17498945346794,-117.72209917576922,-118.22814952652756,-117.76247416372846,-118.60865043358952,-117.36657331229773,-116.83705576073932,-116.24705664440319,-116.8718432251269,-117.07302734891222,-117.05543410236878,-117.69818286274925,-115.83765602915551,-116.80586714787925,-117.0224749503795,-116.35760051533924,point1,-116.90235281264874,-116.83705576073932,-118.71622874515606,0.9341623846699354,0.13384253554363762,-0.12564527786091384
HDOK,PLOK,17472,16,16,-129,-13,11,2,33,-115.83017199415093,-116.83365258598138,-116.13494974672008,-116.10800475807369,-118.0125735402451,-115.80332056204166,-116.19791278207627,-118.04768957543577,-115.74508114723002,-117.7397721105967,-116.94220120550794,-118.3236030280891,-116.04444263166049,-116.91328855250475,-116.00510866626799,-116.22796613799142,-116.14247656908509,-116.17301901677341,-115.69099061345115,-116.59680104162236,-119.17865812995754,-115.04519491738264,-117.3631009731304,-116.90624601750048,-116.5901347326072,-118.10903028868908,-117.92325358702524,-116.30584134726182,-117.08997330141956,-118.05574419873734,-116.81945565509734,-116.90660952567698,-116.53310481312538,point1,-116.79816284100352,-116.59680104162236,-119.17865812995754,0.8574508768146473,-0.6025234143282019,-0.12545028258255275
HDOK,PLOK,17472,16,16,-129,-13,11,2,33,-116.27485742967471,-115.21959495986016,-115.87032924089917,-116.54475993563915,-116.8317767169118,-116.48536357818922,-116.4882613899192,-116.81830460845184,-116.51968360720913,-117.21831635623285,-117.78829626745396,-115.96169478862463,-117.04935133445642,-117.05466480902668,-116.49947940902528,-118.03608171195839,-115.67285416163891,-118.09192801868177,-116.41547304524252,-117.24586145971277,-118.67807476660698,-117.00073139935519,-117.35500943390969,-116.96156132118315,-115.36419364405974,-118.275033359112,-116.5881393311516,-118.27797969674295,-117.27443792050208,-119.24214311811706,-116.23970958108023,-116.12384727952079,-116.85699000853396,point1,-116.91893283905101,-116.8317767169118,-119.24214311811706,0.840296515145421,-0.5202995666261281,0.17328772754636645
HDOK,PLOK,17472,16,16,-129,-13,11,2,33,-117.04505303897768,-114.64444000463955,-117.28317869149203,-114.7925995214248,-116.02187718403489,-116.32296880293525,-116.80956145914224,-117.06475566825264,-116.22146637234978,-116.72255701810995,-118.801300491179,-116.58262553024048,-119.09413719331341,-116.07380486561497,-117.0996469984609,-116.51948798488547,-118.7101027173068,-115.21487900541665,-116.6796519196958,-117.41879532622815,-117.45944615045877,-117.96939330119143,-118.03415986436949,-117.55574986826429,-116.1825144993519,-115.97762039242086,-115.70370565590083,-116.78770421456592,-118.94440941901992,-116.18014130264544,-118.87056193858803,-115.88521074624535,-115.39514742056207,point1,-116.85056528991772,-116.72255701810995,-119.09413719331341,1.3616866737223556,-0.2882602054247306,-0.4420873920223545
HDOK,PLOK,17472,16,16,-129,-13,11,2,33,-115.06505731752576,-116.31675207577445,-115.93093651736667,-115.54598071927917,-115.9034754113457,-117.52367949726363,-116.16124573284252,-115.39290213132932,-117.52518990970299,-115.96177545324556,-118.44020119620342,-115.53812493453877,-117.11226141226602,-115.14601471204155,-116.13355109205405,-116.01620495520939,-117.46128062905566,-117.57219559307856,-117.29066687008454,-116.26759100589302,-116.97412733849718,-115.56433679216579,-117.65217049304414,-117.25454643797572,-116.24122433038895,-116.1040482468363,-117.78098205299266,-116.16650338217143,-116.6946364337146,-118.0803716733332,-115.09747484609932,-118.71252068275393,-116.78159579126535,point1,-116.58817047476782,-116.26759100589302,-118.71252068275393,0.9583005907750541,-0.3341204075810897,-0.7927676465783384
HDOK,PLOK,17472,16,16,-129,-13,11,2,33,-116.19590397461039,-116.84793416823175,-117.30176818023585,-114.91651937892135,-116.58788786258607,-116.104407856047,-115.63024679634343,-116.13545153163756,-115.68683958445965,-116.40340742174361,-117.37294147143002,-118.23258433458336,-117.52010227969103,-115.71290813333711,-117.33246623046034,-117.03173080338044,-116.18115880801591,-116.84129080275744,-116.3930465421456,-117.16338197224074,-117.30003133260546,-117.41027859281378,-115.33654739305052,-115.19725729931451,-118.77766567323104,-116.98079812149356,-117.2891142078988,-116.46432593738136,-118.09272687223994,-116.27878830193856,-116.56524319517668,-117.1282254009941,-116.55027152269653,point1,-116.695856120718,-116.58788786258607,-118.77766567323104,0.7406340853166654,-0.11394609643697362,0.0511870612209715
HDOK,PLOK,17472,16,16,-129,-13,11,2,33,-114.25016137327825,-114.81175671207615,-117.29283804368428,-115.55440564162397,-117.21954264873865,-118.78731610334931,-115.65579030287252,-116.65019221884499,-115.79308841747547,-118.28132297814949,-117.18002281432888,-115.5488059448031,-116.2303891209489,-116.87390239837436,-116.59912546843738,-116.27488550871595,-116.9321910348408,-118.05741776394697,-117.58790079194873,-116.47873249494907,-116.80254618489454,-116.53324177691306,-116.74954011519469,-117.46312394341355,-116.1059766372257,-116.57181656839062,-117.29691668230546,-116.14668935522398,-116.35010195681222,-117.0585237685323,-116.54532549375826,-117.24259390247612,-117.70834422011424,point1,-116.6858947995952,-116.65019221884499,-118.78731610334931,0.8557365800651533,0.2874337562100493,0.8149978279811214
HDOK,PLOK,17472,16,16,-129,-13,11,2,33,-114.92187020932951,-116.29501036496183,-117.86283614681228,-117.95189961356218,-115.25326448901109,-117.37164957778091,-116.64475852599443,-116.45357659814916,-118.21583793704865,-117.61421844216522,-117.50229841467483,-116.60665827445017,-115.71812753758196,-116.38492216067644,-116.95461394275641,-116.56459487509206,-116.40031234857574,-116.82707079837394,-118.87248087415004,-116.27259585490856,-117.47756885712387,-118.08682692963009,-118.13438881337008,-117.2629873424675,-115.53476829697325,-116.5138157274064,-117.79710490141679,-117.86828297587059,-119.46680896047286,-116.71502244248566,-117.98100615939435,-116.7792138812023,-116.8307954625504,point1,-117.06476326474,-116.8307954625504,-119.46680896047286,0.9874631299998957,-0.0865541566786108,0.07438527900481873
HDOK,PLOK,17472,16,16,-129,-13,11,2,33,-114.55086370225959,-116.65368089150905,-115.64172406458415,-117.15560424446551,-116.04971066098584,-116.77364973428557,-115.43378985395908,-117.24327979175305,-118.27506847476454,-115.46353821161127,-117.88778061123192,-116.04216067682512,-117.47961393946089,-116.64361618626813,-117.55073422849371,-116.88328506324112,-117.35411371410325,-117.96725417378069,-115.17913398161294,-116.49901671251669,-117.5383054108378,-115.57936844272747,-118.34432153986278,-116.84160354658398,-117.42200831184576,-116.56285984781995,-117.70538905654477,-117.91669394785747,-116.35921915518587,-119.07365556602704,-115.92514240467676,-116.0452354381952,-115.96990082772244,point1,-116.78822189132119,-116.77364973428557,-119.07365556602704,1.0501018791337446,0.0012420775871519545,-0.4421741732372899
HDOK,PLOK,17472,16,16,-129,-13,11,2,33,-114.66656087147085,-116.25659381468773,-118.05107029989186,-115.2330068165236,-116.90197973128113,-117.04884166890459,-117.47975614713454,-116.98890063426808,-117.2714118757373,-118.24404315655244,-117.05963902292112,-118.39823094223561,-115.716624842892,-117.11779303682736,-118.65957607227553,-117.13501921704442,-117.90758556104005,-118.11746320562682,-115.45385372018285,-115.10281949290355,-116.68163079865744,-116.43271224383886,-117.11579128316328,-118.05520321782517,-115.94502522728709,-116.87327557729758,-116.05421503324014,-119.0036250092931,-118.0925108027459,-115.67210645300955,-117.26135048502007,-114.77044234593542,-116.44664918144754,point1,-116.88531235724736,-117.04884166890459,-119.0036250092931,1.2726906229968897,0.20781413476619984,-0.6849598984284819
HDOK,PLOK,17472,16,16,-129,-13,11,2,33,-114.81080302098192,-116.43985657013984,-116.22848757044211,-117.1561844877049,-118.49167079530824,-114.8466613418595,-115.614001567292,-117.87495414411393,-116.74859241873637,-116.62520108036523,-117.25242915558977,-117.98140747147178,-116.37886398429386,-116.68753088888089,-117.42846764233364,-117.35797450757974,-117.69607189611905,-116.5600535726009,-117.38988104716034,-117.52993760660108,-117.55448011937136,-115.26603334592706,-117.37735494909069,-116.11638432969946,-117.08224956093119,-116.1978277018412,-116.76410368411825,-116.98037675356376,-117.10977057019208,-118.5704689044322,-117.64451993648187,-115.42204941003955,-116.65289815176703,point1,-116.84356206627369,-116.98037675356376,-118.5704689044322,0.8500386371790782,0.45878593732758405,-0.010213317078662687
HDOK,PLOK,17472,16,16,-129,-13,11,2,33,-114.6609982715348,-115.60531364434593,-115.45697588619467,-115.9606283097461,-118.0258118826149,-117.34400022595455,-116.70453729855852,-117.12782641786067,-116.71056539446579,-117.51273843047271,-118.50403807601667,-115.05929378723451,-116.51316827534008,-117.39844565518925,-114.34089473392393,-117.14183201539817,-115.01853470576465,-115.34915867268181,-116.04028714234768,-116.78492375324562,-117.57446168317674,-118.20347727629118,-115.86990239514772,-116.79757582747384,-115.90560274510642,-116.42657937034019,-115.45296578145306,-115.95044559274379,-117.03009561941803,-116.77440124036526,-117.70897526342179,-116.19706259595577,-115.3097081188839,point1,-116.43821897238392,-116.51316827534008,-118.50403807601667,1.072472113967055,0.011760843162647533,-0.6907914796965646
HDOK,PLOK,17472,16,16,-129,-13,11,2,33,-116.28472668468443,-116.45961839838115,-116.43911068972359,-117.4446358716047,-116.89439304926216,-117.05712120567412,-115.6956578594826,-117.81611259410118,-117.27761256884378,-116.43329098583541,-117.63806245743203,-117.13838532766556,-114.92725363563316,-116.18433701322662,-116.33766299405673,-117.54932311925279,-119.22720216342458,-117.38915048175048,-115.55716237245103,-118.38544036313435,-115.99620111751067,-118.10557855153704,-116.30364217764108,-117.84040643343519,-117.08800690957634,-114.99735242063056,-118.48987129166952,-117.39186960469442,-117.8146580069323,-117.54090428256698,-116.38246138270046,-117.5617764861584,-117.0463476026792,point1,-116.99076776070766,-117.08800690957634,-119.22720216342458,0.9334113972888519,0.12579536933573496,-0.014190065270216046
HDOK,PLOK,17472,16,16,-129,-13,11,2,33,-115.60116590536366,-116.2858106183439,-117.11427272722615,-115.31472830354727,-117.76839375169574,-116.84251022469228,-116.4688918612518,-116.72116565981712,-117.86929039377713,-116.9230467140554,-116.4975798257697,-117.70543441726441,-117.12090200165859,-118.78978483877607,-117.31969359885755,-117.35472515051303,-117.19513539549122,-117.78026458463813,-118.25650857064863,-119.01292510142326,-117.46736122448306,-119.0047249158283,-115.14922093383755,-115.72885615423597,-117.51490577538554,-115.9171777231225,-117.2207980954138,-115.17676831769545,-117.53066483030884,-117.08869635010075,-115.62039696199051,-116.8257639103769,-116.35986551274479,point1,-116.98628576819199,-117.11427272722615,-119.01292510142326,1.037759373541352,-0.028707461647008745,-0.3416024504633275
HDOK,PLOK,17472,16,16,-129,-13,11,2,33,-115.71314411156513,-116.79779377309607,-116.43923101223496,-115.61488683540153,-116.16520672289442,-117.8596730361937,-116.77717047493007,-116.10884477343895,-117.86572713244531,-116.7926209033083,-117.81442915972906,-118.9825805195837,-117.94758204430299,-116.41121752097905,-116.88901928516408,-116.81608206364791,-116.615722128837,-118.86764372473401,-116.80211079588683,-117.5060107347118,-118.64940270439976,-115.54002500012479,-116.33971869925188,-117.6170754346059,-117.43072091233488,-116.06164056734875,-116.21282915997973,-117.11383373634821,-116.24627203839194,-117.57795490094256,-116.22858582116731,-116.22996508949836,-117.16074060787656,point1,-116.94531701288953,-116.79779377309607,-118.9825805195837,0.794014804607164,-0.6195919873444816,-0.2112079870044381
HDOK,PLOK,17472,16,16,-129,-13,11,2,33,-114.80101993780087,-116.20624175043041,-115.91759316218422,-114.4749114186375,-117.70333806325912,-116.38791498749042,-114.61038169487304,-116.2608711781248,-115.99854672148912,-115.92946018129982,-117.99617637503962,-115.1407752941859,-117.14032653367964,-116.70328416332283,-116.81670302291967,-117.36965471603568,-116.37693830817335,-117.5892954575326,-118.57487053913515,-117.11044392824014,-115.8031049180615,-116.84200069189457,-115.67136727316634,-118.91449581611813,-118.17195988742503,-116.169500015362,-116.77169438890635,-115.97036495161493,-117.32263126677366,-116.76983483780599,-117.83221782238228,-117.2320697322274,-114.73241128028252,point1,-116.58522425199618,-116.70328416332283,-118.91449581611813,1.232570637705241,0.032635542198174466,-0.3972275977562396
HDOK,PLOK,17472,16,16,-129,-13,11,2,33,-115.13326194025016,-116.67637418296424,-116.48814093615056,-114.76448961856545,-117.83207497372283,-117.384375233664,-117.11890038137686,-116.43431141591502,-117.3621563517212,-117.5136541061861,-117.92887280664735,-117.4661193610143,-116.96422060097336,-115.99686692237049,-117.23241248864497,-116.30443946678706,-115.96598401472863,-117.33420661588954,-116.3268400938503,-116.43881677884985,-115.96582401455123,-118.93206009953455,-118.39037287457123,-116.15538319792347,-117.93340039502183,-116.50622586839567,-118.79611172655909,-118.62036284699545,-113.93365616042902,-117.318991646762,-117.78750791100497,-115.44270712938892,-116.85059881806994,point1,-116.8878703327115,-116.96422060097336,-118.93206009953455,1.2595477954692502,0.41164004682540917,0.3204154018570451
HDOK,PLOK,17472,16,16,-129,-13,11,2,33,-115.01853601547873,-114.21805987725723,-115.24580161503403,-115.80668570147262,-114.92558974883282,-116.42434313314232,-116.74810938377705,-118.20269741970519,-117.23650410048293,-117.18323014858571,-118.02241389622493,-115.97192891641433,-117.69626486678717,-118.15001032613766,-118.33389701141564,-118.5172395097098,-118.52092101175859,-116.86182919342892,-116.92561147240592,-115.9882965872004,-117.4012482495044,-118.05216597179465,-117.90904978149776,-117.90140533236688,-114.52418327963355,-116.36087145046675,-117.29444802136975,-117.09227395144094,-118.83137267327011,-118.68594735880454,-117.6496869201565,-116.71852703267518,-116.86041625277583,point1,-117.00847170336388,-117.18323014858571,-118.83137267327011,1.515392021438904,0.619482514793321,-0.4062073883378474
HDOK,PLOK,17472,16,16,-129,-13,11,2,33,-117.03130088499069,-115.67785783832421,-116.77042623587376,-115.93512699081207,-117.94429522800526,-116.98540568524093,-115.30649929746576,-117.74498068976852,-117.00492763499139,-117.55099254169485,-115.92936085318165,-115.81313388202956,-117.55977595408476,-116.87525193594345,-119.91250011238877,-116.34795896073543,-117.68938904407403,-117.75320485557864,-117.48452930232894,-117.41868538000203,-116.88303856517959,-116.28273235619702,-117.2007875862293,-118.49549577960497,-115.39484303917358,-116.85960450319207,-118.02298811675468,-117.84451736311112,-117.05810767613805,-116.05908807162703,-117.39436119820859,-116.83229305659651,-117.9151843597735,point1,-117.0599589387667,-117.03130088499069,-119.91250011238877,0.9015346002586768,-0.40183388881050647,1.1333279380685481
HDOK,PLOK,17472,16,16,-129,-13,11,2,33,-115.59357519843513,-115.63298612854547,-116.5890500134509,-114.865565609255,-115.41984001173965,-116.92964298338475,-117.2485800408814,-116.08182982249716,-117.02994332357127,-118.14070547191913,-115.71335396963882,-117.28849853486393,-116.86318449857326,-117.68580968508635,-116.34357510708948,-117.66278952663116,-116.68788073822677,-117.28520877884205,-116.64518106872764,-114.8751106706681,-116.7761232452428,-115.20840790822169,-117.34684081473807,-117.60711294893215,-117.42009960236614,-116.82552038589155,-117.69164951069394,-115.42118140563731,-119.33799820244406,-114.69169008875663,-116.96894251552717,-116.7473259487742,-117.2252242800698,point1,-116.66213418300978,-116.82552038589155,-119.33799820244406,1.0687201504573893,0.03766730057375288,0.09390445598253638
HDOK,PLOK,17472,16,16,-129,-13,11,2,33,-114.41609265193844,-116.31298554001988,-118.86806273730795,-115.07284572102972,-115.54308963926546,-116.4021625826659,-115.07315605212712,-114.38177073691587,-118.28486492486631,-116.39253553240012,-117.09037479242448,-119.4728725466246,-117.1949191280585,-115.79066401594493,-116.40273536964384,-116.29952390106673,-117.88825737155518,-118.02414363981595,-117.98505805682682,-117.32004661565941,-115.65753992013083,-118.42119156049483,-116.6143103857921,-117.46840648117949,-117.09766822679012,-118.42626906796326,-117.8878803199081,-116.13143941889405,-117.83759592406753,-117.09783194858369,-116.47284104000153,-114.45358096547287,-116.08096041797042,point1,-116.78374779495172,-116.6143103857921,-119.4728725466246,1.677363753758313,0.0923429233913269,-0.573917888332041
HDOK,PLOK,17472,16,16,-129,-13,11,2,33,-115.60353113948202,-117.0930994701915,-116.7562095538839,-114.72934154714795,-117.53887590954858,-115.72909952590618,-117.1506680408976,-116.12424815173003,-116.17226927545771,-117.71013058149207,-117.31600538783482,-116.48689119816413,-117.18918593186174,-118.45700797288134,-117.35748365574005,-116.55897670952368,-116.25437754243542,-116.89521169721338,-116.70481462177189,-116.14246004755756,-117.64570570991168,-117.62498160760946,-117.37938577662612,-118.56087139735837,-117.81291335334356,-116.84708567771204,-117.44625633949839,-115.02898146162545,-117.56683223919192,-117.22247361766351,-116.2034766408069,-116.18447271119227,-117.67940974647658,point1,-116.88402224968901,-117.0930994701915,-118.56087139735837,0.7617093282903632,0.4654681130347652,0.14024852157032397
HDOK,PLOK,17472,16,16,-129,-13,11,2,33,-113.54124831555103,-115.02771663841042,-117.80682191389323,-118.49863039075667,-118.85828544595529,-116.33833732418556,-116.16775384737795,-117.22336065694607,-118.34541098698503,-117.02219661319361,-117.05520383790089,-117.58025700740775,-116.78214792750863,-118.20919452412717,-118.24605065338062,-116.44857534684456,-116.9703254475354,-116.62324659170382,-115.62249873729736,-116.99067916048264,-115.76213486125386,-118.30594255434158,-116.68650497021224,-118.4194843580554,-117.41257510178868,-115.55724906073667,-116.05442312903958,-117.9070861973054,-117.281574584137,-116.41495602855436,-117.2563530114301,-118.65591131119224,-116.59004952857812,point1,-117.02006624436575,-117.02219661319361,-118.85828544595529,1.3225499785267016,0.7162926800346974,1.0229655003629046
HDOK,PLOK,17472,16,16,-129,-13,11,2,33,-114.59114857688222,-116.43679653512795,-113.35045108094694,-115.85372499790708,-117.22987134850571,-117.76703455649337,-118.86157019677965,-117.78388931776023,-117.81353204980081,-115.67731039642074,-116.79983715415213,-116.66495769634417,-116.61380509049896,-115.70385752181363,-116.1130128059447,-117.03719624972237,-118.14382938548636,-117.15303088104795,-116.17988965125721,-116.83481190948592,-117.26049328922356,-119.07386581367382,-117.40316406671202,-118.34138099457907,-117.95884838942017,-116.44844704732702,-116.87759053901377,-116.60410033481668,-116.94097226603563,-116.94382528020925,-118.94007220079739,-116.94685709456456,-116.0951902767601,point1,-116.92255651501553,-116.94097226603563,-119.07386581367382,1.3577766652184469,0.6351157802665676,1.7144016068208372
HDOK,PLOK,17472,17,17,-128,-12,11,2,33,-114.31112749042762,-114.81482005885043,-117.26181126163408,-115.02217668883056,-116.39536408779968,-116.83471402387946,-117.43159879756739,-117.41458003010376,-119.35045698508686,-118.92763335349602,-116.49282368160759,-116.24335685080494,-117.9389254982632,-117.0317006216414,-118.0917272779713,-116.53675149142546,-116.4199216621911,-116.20290867699376,-116.75190540884665,-117.77963216356834,-119.26205629084332,-116.49776994563365,-116.64238577362396,-117.11538295538395,-117.67200669471569,-117.82219797912519,-118.62165088588202,-116.90842986749502,-116.93075261991699,-117.5934718861958,-117.87249268061545,-115.69559500318361,-116.51724562933548,point1,-117.04258710069514,-116.93075261991699,-119.35045698508686,1.3032079232495808,0.1436101523163393,0.38323905893854926
HDOK,PLOK,17472,17,17,-128,-12,11,2,33,-115.25758969815801,-116.67288682400964,-115.24249780058642,-117.69186107401974,-115.63652163066124,-116.97971261640711,-117.86208704386752,-116.64304147844645,-116.25861748220433,-116.28229690297987,-118.0851014336341,-116.96262814374826,-116.60875019358521,-117.68776603855565,-118.57467464056205,-115.31461678138326,-117.1757052190145,-118.46987088414879,-116.17427048635894,-116.83361825607876,-115.12678830584939,-117.55032758891983,-116.8502464745038,-116.30149211390439,-117.07267043720579,-118.79207848858677,-118.0081486383597,-116.67091565723152,-116.80063991398652,-116.53985058289422,-115.40796836824786,-118.08327914254158,-117.76340002399692,point1,-116.89036122317086,-116.83361825607876,-118.79207848858677,1.0103192413653455,0.04021842378875945,-0.740398707910674
HDOK,PLOK,17472,17,17,-128,-12,11,2,33,-116.04454213159809,-116.44884796007335,-117.15258658634843,-116.23709593149236,-118.5656752349332,-115.0999408949479,-115.9846435604362,-116.0092980695136,-117.14932644794088,-119.05917323559125,-118.0488530506323,-117.63381839506228,-115.7615639843585,-116.39573058436571,-116.98592330463353,-117.05153443667493,-117.57473313850905,-117.46846345617632,-117.1143131039464,-116.20348155097246,-117.05607183591661,-116.8069718240339,-116.61844337017521,-118.80293299005761,-117.10847135507326,-116.83078289598271,-116.76955123846166,-117.81166744335529,-117.31597655616413,-119.40416074184795,-117.60808209944568,-117.5171265496526,-117.86243727039,point1,-117.13643094632616,-117.10847135507326,-119.40416074184795,0.8968099814895781,-0.386874323010752,0.2661066085752051
HDOK,PLOK,17472,17,17,-128,-12,11,2,33,-116.67981120943351,-113.71752367127571,-116.08711611822633,-117.89605986472706,-117.169243367875,-118.00818351076524,-116.01799244363798,-116.88209110524544,-117.73787818781568,-116.8649627407223,-117.93022414593122,-117.02038110900651,-117.33140007158865,-114.47224166218773,-116.22397550202726,-116.16857143433548,-118.29354663484581,-117.25062129564682,-116.96184373538246,-116.91946233808247,-115.4301814048004,-115.9183506830401,-115.44466980164295,-117.36092988956706,-117.36008511322925,-117.5209281749536,-118.11330137010081,-116.3932441447421,-115.9024164351144,-116.09426743889274,-117.02033572594542,-116.58143005182148,-116.6452830727911,point1,-116.70965313501215,-116.88209110524544,-118.29354663484581,1.0072384509110748,0.9132301219054008,1.2876557575455414
HDOK,PLOK,17472,17,17,-128,-12,11,2,33,-116.50330695976292,-116.2918828740962,-117.19606868402127,-117.15611860292155,-115.69404739920165,-116.18090331425982,-117.54049877393585,-117.23241966295267,-117.68946022565571,-117.17862826706781,-117.17552677899118,-116.43700892323828,-118.51346986623271,-118.24979489478118,-117.34989048216316,-118.15704927680112,-115.74093645597812,-118.46460727938492,-117.1266648669233,-118.37804231796954,-118.62960102028707,-118.32680147041788,-115.83889514803067,-117.90540560615604,-117.49376491656766,-117.70868811227983,-117.28223114992225,-116.1430678796204,-116.99782359157359,-117.54091570720423,-117.25080073239312,-117.59814259382817,-116.51094429957936,point1,-117.25707297376361,-117.25080073239312,-118.62960102028707,0.6746436913491447,0.22279766728390588,-0.7249005571020053
HDOK,PLOK,17472,17,17,-128,-12,11,2,33,-115.38405593144444,-118.67949504503108,-115.2977778370062,-116.10736458563065,-116.62515348134336,-116.42605207429573,-117.93574502354339,-117.11791254377341,-118.22878559181282,-115.79718213342039,-119.40427391199978,-117.79606237428666,-117.85514651151735,-117.14765015116413,-115.50517671806665,-116.82491147984561,-117.16286394506186,-118.39299797149117,-117.85218033924382,-117.56679199353863,-116.62291037179911,-117.41547415412575,-116.77367793319216,-118.31595386670811,-115.6062168878088,-119.84186832512474,-116.4488339113147,-116.91097310161408,-118.47614120446917,-117.85620264698952,-117.01177234063837,-116.26181409407249,-117.76678567231741,point1,-117.22473345920277,-117.14765015116413,-119.84186832512474,1.233216125309339,-0.21349709582985885,-0.26826665388658943
HDOK,PLOK,17472,17,17,-128,-12,11,2,33,-117.1242464475919,-116.79964623109838,-116.75901739588672,-116.52185356342537,-116.98765718224902,-116.2118801554069,-118.4791520759543,-116.8681207358838,-115.91177861756721,-116.25785719815799,-116.43846271942452,-116.75126511381114,-117.05475388148145,-116.9831181520731,-117.74572810833628,-118.1458088254126,-117.76294427811568,-116.3702926948989,-116.52316697880285,-116.65392688982647,-116.6885405077679,-116.59584048596747,-116.95837527037897,-117.92279356481963,-116.1974372647598,-117.3124635998881,-118.44312135950642,-116.79626357404155,-115.36892971727329,-117.90326242084257,-117.18527847120377,-116.62620753977714,-117.09416307827132,point1,-116.95282891211822,-116.79964623109838,-118.4791520759543,0.4861909799979258,-0.42309990147188004,0.2303002694953582
HDOK,PLOK,17472,17,17,-128,-12,11,2,33,-114.93886187791227,-116.26742870194768,-117.35714219423807,-116.74834996286003,-116.84937166638801,-117.7784110009299,-117.17731233244034,-117.64294036515447,-116.31278707533863,-117.05007975745879,-117.18264129279684,-115.62776748659905,-118.1417389255052,-116.06099536231908,-118.55728274484085,-119.05660027888861,-116.82445716490021,-117.62830008995391,-117.46947596053272,-116.20804940213897,-117.3565761367082,-117.28087938159582,-115.44209884687739,-115.84360454182878,-119.43075779848218,-114.90367747278155,-117.99572429867588,-117.04134799302489,-117.15691417355568,-116.91133960708771,-116.25722061470755,-115.7107657103141,-116.81341977195078,point1,-116.94013090881015,-117.04134799302489,-119.43075779848218,1.090398128688639,-0.18116035966045552,0.16356559146033067
HDOK,PLOK,17472,17,17,-128,-12,11,2,33,-118.26384546857159,-115.16491749403404,-117.3763165430685,-116.82897790139266,-115.85712848688003,-116.43541909939829,-117.11413879688611,-116.37223774596758,-117.76268652379667,-115.59921669441896,-116.81420321331765,-115.08267453347081,-117.87195340983703,-116.8561729325515,-116.7395087353497,-116.61733615970398,-116.01062767664838,-117.76086721926355,-117.45338310484979,-115.65894975286753,-115.03656545957921,-117.52838177143036,-115.70415761048096,-116.92058025861994,-116.88560144744703,-117.56498508597927,-117.04638908674755,-117.87629083603011,-116.10360324601615,-116.5422972364857,-116.10129570780417,-119.13197612889476,-116.42543616943584,point1,-116.7426703496129,-116.81420321331765,-119.13197612889476,0.8912822719529857,-0.18232094351228265,-0.06969447150813224
HDOK,PLOK,17472,17,17,-128,-12,11,2,33,-116.00117537919664,-116.60626656814102,-117.49257267923392,-116.30301905322182,-117.73399236519724,-117.25947827397526,-117.22454575004744,-117.16113052902655,-116.26575547440937,-117.47984027050083,-115.7793160760742,-117.28424122473774,-116.23373819740509,-116.48074440395405,-117.1987916345799,-118.63253640044516,-115.86893786666879,-117.08924580675776,-118.67282941777972,-114.78635195187394,-117.2203677312559,-116.45258744552456,-116.33868301185994,-117.76581596012933,-116.04255444315103,-117.02632181802437,-115.80988262808815,-116.88126374208221,-114.94318979125687,-117.2004130939436,-115.16499412631791,-117.52677977730032,-117.24882674160779,point1,-116.7629148373869,-117.02632181802437,-118.67282941777972,0.8270727060983815,0.17693743253837577,0.04958257789443232
HDOK,PLOK,17472,17,17,-128,-12,11,2,33,-115.63322562467195,-115.69923118796171,-116.73411573798049,-118.09272148407142,-117.12046571962335,-116.72263576262569,-117.44403621841835,-116.03690234862127,-119.20710067820679,-117.93818019443471,-116.07839448095086,-115.34833950233964,-116.17296201672006,-117.1716342850419,-116.45495947917742,-116.9544926997576,-117.09284770784258,-116.71769598748884,-117.14210331539118,-116.33659355680808,-116.8072608775334,-116.33153387027548,-117.46265575029078,-116.04385224029333,-117.58683964783353,-116.54956875163153,-115.82341522848118,-115.09770985187912,-117.21922484087523,-117.37442781864898,-116.66100038324339,-116.3620999860432,-117.35000856669312,point1,-116.75055260005624,-116.72263576262569,-119.20710067820679,0.6931150498015284,-0.4907676938228541,1.036717154512019
HDOK,PLOK,17472,17,17,-128,-12,11,2,33,-118.06777554440067,-116.52057536663142,-116.86920473267834,-115.23477853937119,-117.13579529077698,-116.93912554399977,-118.73995737486656,-117.33236989420267,-117.3535428527884,-115.90708645741812,-116.76825504750275,-118.6235537525961,-118.51189383838353,-117.13122608136187,-117.37141867941148,-116.67552776583162,-117.03653166661645,-116.88783583531037,-115.79153223329628,-117.08984886159345,-117.62111040294562,-115.49327867473642,-116.94445834129752,-116.89865572031,-116.6521253201919,-116.17741648369046,-117.34276428430853,-117.80210115552173,-116.75786479872498,-116.89257811509535,-116.38697385577818,-117.89271853348123,-116.51169748300555,point1,-117.01095692509469,-116.93912554399977,-118.73995737486656,0.6486718176381332,-0.12451071638675892,0.31599393888989535
HDOK,PLOK,17472,17,17,-128,-12,11,2,33,-115.82028830462814,-116.71690140860845,-117.22889625965774,-116.02327865467595,-118.40894813157584,-115.70006598103488,-117.32515826082984,-117.48396792686323,-117.10494910726746,-116.49849741769498,-117.1469862927373,-115.9795324973422,-115.96139418954368,-118.55945598999445,-117.21682073728714,-115.96329103646612,-116.90854876828841,-116.87016827822202,-117.67937895276116,-118.64483316245048,-115.57449947287571,-117.9037228413705,-117.77398052105264,-118.217723033844,-118.56110748832276,-116.56736826298717,-116.77132205429452,-117.3743960151358,-119.39840211034061,-116.49791130193037,-116.7674024715211,-116.03725793800103,-116.49483951293233,point1,-117.06609982977388,-116.90854876828841,-119.39840211034061,0.9238493424582116,-0.4923681971236675,-0.41118760116633846
HDOK,PLOK,17472,17,17,-128,-12,11,2,33,-118.19625565913273,-115.0309923982727,-116.19477591894322,-117.83804582794453,-115.98696127561209,-117.02361332213391,-116.35897141867903,-116.88779008667022,-117.71947377767742,-114.96468474197788,-117.52627004896746,-118.31878580968801,-117.6292282795355,-118.08089675431864,-118.07720267570353,-114.8089697397659,-116.70889249922071,-116.67756449344122,-114.86555647288466,-117.25744236456126,-116.28735272905837,-116.9448641818837,-118.29826575206445,-118.6455952829062,-116.04077802212393,-117.77005907145957,-116.79021608066793,-117.3140908470815,-115.36230820781755,-116.44340552117507,-117.68275247696144,-116.9967388874314,-116.2432354880472,point1,-116.87794048829723,-116.9448641818837,-118.6455952829062,1.1278970804503676,0.4087440217466822,-0.6543561723465001
HDOK,PLOK,17472,17,17,-128,-12,11,2,33,-115.62324126630664,-116.8226159910127,-114.30752509572652,-117.39681262213885,-117.17693354937532,-117.56161715289457,-117.16428666699582,-116.87481040174664,-116.69395312692964,-116.0980890891719,-116.78824445502636,-116.79067051753654,-115.60750623749936,-117.6130285170603,-117.51189781742936,-116.85162403625755,-117.84300256613756,-116.43546972641612,-119.15452602175773,-115.15395740422808,-115.6134394834146,-118.0052112572887,-119.22333679077914,-116.0358185822971,-115.94864830709513,-118.75273153296266,-117.5355385435532,-116.21741581476847,-116.50287719490883,-117.13274199159315,-117.03749625824094,-117.42885754612705,-116.2127418142563,point1,-116.88232325390705,-116.85162403625755,-119.22333679077914,1.1179531741701787,-0.10782439006155026,0.5293843595925813
HDOK,PLOK,17472,17,17,-128,-12,11,2,33,-114.45012423978359,-115.63148897029552,-114.59782040755059,-116.51097091657716,-116.66046066889382,-117.73529037398491,-117.68658072267405,-117.51698161084386,-116.49381693773394,-116.44278550105716,-116.61885614502836,-116.32201331012202,-116.75535558167573,-117.67380602695526,-117.62048642179751,-116.17604706862788,-118.84781578356495,-118.40669072357746,-117.24496471810981,-116.46179983780861,-116.36461495133366,-116.24162594313326,-118.19953394892397,-118.11061210088462,-116.40786652185446,-117.29011704202156,-115.89829421446551,-117.0843787796161,-118.10117480466559,-116.62357507556,-115.18137648016626,-117.28052399983613,-116.25527576679119,point1,-116.8149431998762,-116.62357507556,-118.84781578356495,1.0225122245036151,0.2871324427328554,0.12660421120097798
HDOK,PLOK,17472,17,17,-128,-12,11,2,33,-115.73812417031124,-115.99770119743462,-115.54811052405012,-118.0123327477156,-116.46954412820143,-116.41916094151665,-116.28001652443874,-116.10938712038505,-116.99665220050771,-115.71099926817998,-117.23258850182866,-117.747461028272,-117.35429939507414,-118.17710829502538,-116.4280982712267,-116.56980442800248,-118.51801813828682,-117.88774703343134,-117.00859200867124,-117.11200805286367,-118.20946921436588,-117.85201786113083,-116.84648827687279,-118.09940668483156,-117.03801396707178,-117.36469765951092,-115.91797730743788,-117.22505809687931,-116.94859845897207,-116.31953103831763,-116.3594991267276,-117.74177176487565,-116.24944683944904,point1,-116.95423425066261,-116.99665220050771,-118.51801813828682,0.6593932419136438,-0.13860851516476286,-1.0292524918537347
HDOK,PLOK,17472,17,17,-128,-12,11,2,33,-116.11282793915142,-117.84365346351623,-117.33353118293435,-115.82363526892944,-117.70000357701264,-117.59955054560211,-117.12595161445444,-116.99326424729094,-116.36203709082952,-117.83915053446323,-117.692490565341,-117.07335590822916,-116.5519986199765,-116.5063213020415,-116.64750487860844,-116.1499806675152,-116.55691286579437,-116.40265510160656,-117.24668821836829,-114.56995511317037,-117.50716633662832,-118.41364705565717,-117.1453093268087,-118.30014692644167,-118.79914302487403,-115.60755904456829,-116.2570611275563,-117.50485967239817,-119.22184778876054,-116.3343529127894,-116.78370153043896,-117.17631076187904,-115.05108722060164,point1,-116.97677761921933,-117.07335590822916,-119.22184778876054,0.983439163435276,0.07950293327041744,0.3689197256689929
HDOK,PLOK,17472,17,17,-128,-12,11,2,33,-113.45928734658145,-116.49098663156364,-117.11011130822557,-115.40592840438892,-116.27216352677901,-116.87177436490005,-115.90632960024664,-117.36137302957755,-118.91719640783656,-116.7030419432604,-115.84486511432031,-118.09219905307637,-117.4110198248525,-116.40297569593723,-117.36346522703548,-118.34320218858792,-119.39471976327108,-117.37015594988564,-116.17639369079953,-118.81314436762527,-117.74406683522363,-115.58809272401564,-119.38796122670462,-117.17503895807872,-116.1981211210176,-117.44595191660466,-117.40423608668937,-119.0982209136618,-116.30480729375483,-117.15965443108357,-114.73963083437926,-116.15340611472772,-118.54729443090383,point1,-117.05020655532111,-117.15965443108357,-119.39471976327108,1.7619915674252238,0.263093290291466,0.37364433152564214
HDOK,PLOK,17472,17,17,-128,-12,11,2,33,-116.93211784804298,-115.63355953680943,-116.9657926665331,-116.53520233830324,-115.7250869789095,-117.41318283517032,-116.61018065773567,-118.60577096899327,-118.55810691516888,-116.89277818718415,-115.99628793676375,-117.31160825031327,-118.6786489428094,-117.31369485269096,-117.43979551174917,-116.24608886336323,-118.19916127074971,-116.60438125121267,-116.81555261015987,-118.38506116824958,-115.37535948746715,-117.28644393267855,-117.85041993622092,-117.74480166928785,-116.17496008804655,-118.07732872260107,-116.71141123038537,-116.12800841989744,-115.5303660960175,-117.91528177636833,-118.40434985106629,-117.64429708175037,-117.42331347129087,point1,-117.12510307133306,-117.28644393267855,-118.6786489428094,0.8823123147865994,0.09822149733465581,-0.9315910994764072
HDOK,PLOK,17472,17,17,-128,-12,11,2,33,-116.48337877216883,-114.92654380566995,-116.9541153845996,-116.2052049931797,-117.83497047953605,-117.57107645191806,-119.37019140694784,-118.17896019050026,-117.04680722622565,-116.68614709004937,-116.25709851243025,-118.07868667464189,-116.74226399959015,-118.00381354266578,-117.01760954763053,-118.14157583150258,-118.12177485198211,-114.79114916830696,-114.84508546433483,-117.850100994766,-116.47733144208107,-117.72131640907038,-115.6555170097585,-116.23086133715714,-117.42632418409767,-117.92663668318113,-114.75368468427529,-117.17463333178017,-115.91864555046804,-115.52725534669176,-116.10368239455936,-117.50242202551726,-116.3533416390575,point1,-116.84479413413156,-116.9541153845996,-119.37019140694784,1.2804643952665131,0.17377982391737073,-0.4706949175276751
HDOK,PLOK,17472,17,17,-128,-12,11,2,33,-116.37647406085412,-116.80633390617581,-116.79395327135661,-115.60022309651684,-117.05618832069266,-117.44967216698693,-116.43142518894322,-118.68821473835393,-117.60700264311068,-115.96430387200655,-116.11591124778514,-115.42758119578565,-117.5464771334663,-117.50005268544069,-119.57419157984707,-118.22381988534902,-116.88559904366055,-117.07311852227188,-115.85382119526697,-116.31340605959367,-115.65659156047883,-116.3369062211049,-115.92117537077259,-117.09275443057935,-116.38680917238305,-116.39885348555906,-118.05390959404204,-117.3335530948094,-115.42764926484466,-117.29586932247217,-116.9362711381602,-114.76780299208075,-114.68861387785805,point1,-116.71468270723057,-116.79395327135661,-119.57419157984707,1.1078027106355914,-0.4117677212794742,0.5536118560741041
HDOK,PLOK,17472,17,17,-128,-12,11,2,33,-114.59481647606152,-115.75129215645882,-116.97802318205746,-117.6043450592526,-117.84109529722079,-116.91814750939054,-115.96874827090205,-117.92321031740718,-116.05304931006025,-117.31642532960018,-117.36499410046935,-115.81063580945171,-117.09951126854904,-117.7538022571377,-116.61804621842622,-117.82774837939851,-117.71099423341077,-116.14237441360689,-118.09621423924571,-115.36978177326885,-117.56702766941515,-118.28688818620287,-115.66130417462993,-117.2359828559072,-116.2282482406313,-115.17710926812138,-119.0042980323209,-116.94982213435728,-116.75333967288555,-116.40391441291591,-115.28206144542267,-116.73088113740573,-116.3045360561122,point1,-116.79783845114257,-116.91814750939054,-119.0042980323209,1.0221977715471906,0.11103356215252946,-0.4951631105209313
HDOK,PLOK,17472,17,17,-128,-12,11,2,33,-115.75668050732926,-116.17173773701752,-116.15698844586942,-116.76079161639865,-117.72657032389894,-114.28919262305334,-114.84733823941227,-118.14057973145977,-117.92423773376488,-115.46082143629344,-114.86358218205851,-117.99241766716005,-118.22677343387278,-118.01834912597897,-116.090452602424,-117.26510652246864,-118.2554512510638,-118.7987355288661,-115.9190244768646,-115.62554233388674,-117.51209875133162,-116.509600836811,-116.12162003036441,-116.57914347891784,-118.69470872636228,-116.87602834135949,-117.89721502960883,-114.54432531334521,-117.35877525290161,-117.02127734725717,-117.37581314010652,-116.05056677415104,-116.3390632763639,point1,-116.76274575206129,-116.76079161639865,-118.7987355288661,1.4490164313146303,0.24005100665999388,-0.7846501164412567
HDOK,PLOK,17472,17,17,-128,-12,11,2,33,-115.84928813614584,-117.95612008933612,-116.0874682197807,-118.3106225349413,-116.41912394798884,-114.27202728284324,-117.3801353341674,-115.91248592180882,-116.50174261339077,-117.18829399780518,-117.23705692827073,-117.89524909228481,-115.703833624002,-117.07254320975744,-114.82050419240481,-117.64201978900158,-117.35328419933579,-117.12745589087795,-118.74591173042388,-115.4004982357211,-117.80042923029178,-118.56499758702775,-115.19978654493936,-117.92504704152448,-117.18650391808053,-116.32182563538402,-118.10947963130572,-116.93400079714348,-118.91038689333357,-117.09153972366283,-116.03048773939072,-115.75628976981133,-118.28435420028667,point1,-116.93911496007486,-117.12745589087795,-118.91038689333357,1.3400089221227545,0.33908617753122183,-0.5601576004713911
HDOK,PLOK,17472,17,17,-128,-12,11,2,33,-115.45243256544343,-116.15702735061488,-115.98797825779627,-115.85367638565769,-117.64045635742966,-117.57979548206222,-116.5004109872085,-117.72218678716244,-117.67700722429599,-115.31659858526584,-117.36328493628591,-116.64727155683491,-117.62439155344626,-116.8800101018099,-115.4530145742143,-115.80332581250101,-118.77230929291952,-117.74635542152902,-116.265100997847,-117.35243969676574,-115.68021930665928,-119.09258591067722,-117.63354169131621,-119.09339474898009,-117.37988280293051,-117.62990388148265,-118.25804376150198,-116.02693407291243,-119.2692639059862,-116.67168291141078,-118.38031289319493,-117.14172488182494,-115.85680340864803,point1,-117.08816266983683,-117.35243969676574,-119.2692639059862,1.2518146811614659,-0.2124709609602485,-0.857452248187224
HDOK,PLOK,17472,17,17,-128,-12,11,2,33,-115.88545430514466,-117.20251697956023,-115.02640789001327,-116.03966215958455,-117.04769062924916,-115.3524786132221,-117.0083870250946,-117.44928338092991,-117.4270906531924,-118.6755931401288,-117.75363565034527,-116.27748490914453,-114.17524716140707,-116.20609074560292,-118.1724322147,-117.93943584929085,-116.21178497751313,-115.7429965520998,-116.80226255853651,-116.71815622923206,-117.25752287278036,-116.98327067575703,-115.59826116832274,-117.98272198909638,-117.1331360437237,-117.00589849987244,-115.59769246219425,-117.06581412015136,-118.31930139469843,-116.38612992537776,-116.61707221930276,-117.63213747784431,-117.95114432034158,point1,-116.8073998422259,-117.00589849987244,-118.6755931401288,1.018653185670579,0.4438155516448043,0.022829161840382195
HDOK,PLOK,17472,17,17,-128,-12,11,2,33,-116.18936276733321,-114.62475322930747,-118.33265215316987,-117.18719993168366,-117.06094373889961,-117.75450166507142,-118.06773408937765,-115.85375401956034,-117.80127852961553,-116.00854156157503,-119.0547623695549,-116.6297991735,-116.16038889611474,-116.8260418432711,-117.16073473178609,-116.36384755867493,-117.49554536615898,-115.53253318124548,-117.6907315695742,-114.48349278005648,-115.93414171391584,-117.48316479270787,-116.28121415804856,-114.65221207818757,-117.40172909130968,-119.31208072602381,-118.6630513599025,-118.75613367509986,-116.31011802870822,-117.0913612359892,-117.1040826919719,-116.85832534621404,-116.60319798190653,point1,-116.93119430410655,-117.06094373889961,-119.31208072602381,1.4171876565132517,0.10258946025542824,-0.14604323551322418
HDOK,PLOK,17472,17,17,-128,-12,11,2,33,-116.51836746924874,-115.19418044202206,-116.03054457022698,-116.96660129262413,-116.1129425774114,-116.67545039633208,-117.1682911420491,-116.38485655686429,-117.30185536647355,-116.28264880311798,-119.5629780568456,-115.45905222894724,-116.05576137219593,-118.29453971072336,-116.66307880693519,-116.96758152967085,-117.79414718166312,-117.97982143468005,-117.4073040810048,-117.11405326314474,-115.61073749677784,-119.35829499748863,-117.72425339604395,-117.28758962023683,-116.49717472643935,-116.88111200261099,-115.41124859922554,-117.14518196661761,-117.7436158209785,-115.36963660276506,-118.46092985759478,-115.84457912153646,-117.15118841270497,point1,-116.92180602736974,-116.96660129262413,-119.5629780568456,1.1256369342527566,-0.5546216958796542,0.23924859774037355
HDOK,PLOK,17472,17,17,-128,-12,11,2,33,-115.01526528891131,-115.7695441089872,-116.28450470251109,-116.71901170970891,-115.92377053773276,-116.35121224443182,-118.34896259972675,-118.61786606701526,-118.71750584890692,-118.18325881541877,-116.84976577656018,-116.21579439425209,-118.56773819635895,-115.8562921323558,-116.26403496768155,-118.37757994409799,-118.65618294358622,-116.311239403905,-117.18974420066034,-117.37561973585389,-116.63576143372472,-116.53156439134305,-117.27326065816192,-116.63401547767126,-117.34661280439414,-118.00072538704414,-116.37240308704864,-118.57171572974582,-117.7990634631668,-117.2142389574144,-117.0984614551126,-114.62951498495373,-115.11073405123184,point1,-116.99433228786894,-116.84976577656018,-118.71750584890692,1.2447166701016483,0.09512345154338485,-0.7358082703424262
HDOK,PLOK,17472,17,17,-128,-12,11,2,33,-116.41774726228456,-115.39164438856021,-116.3332353560041,-116.26334548834116,-117.3393488323543,-116.55909324547298,-118.47040045881559,-117.85032597384713,-116.2448001624298,-116.8971708211871,-115.64583397310147,-117.73320829050179,-116.09795318585078,-116.65618243853555,-117.87806820577288,-116.84026987833045,-118.03097115741163,-117.93033757647513,-116.29918348206847,-118.16352341687818,-117.29700339750502,-115.0203714755991,-117.01613131816036,-115.97451997876637,-117.88160351586703,-118.0802571861504,-116.60506916241937,-116.5989628600903,-115.51108737088326,-118.46957665858986,-117.46891995439162,-116.58386510612259,-117.87590894300135,point1,-116.95230062187179,-116.84026987833045,-118.47040045881559,0.8588933894645829,0.1257946561948349,-0.9247620372548364
HDOK,PLOK,17472,17,17,-128,-12,11,2,33,-115.54486955551735,-115.75331449325395,-114.973402524813,-117.33622364129019,-116.43718841267659,-116.2736230144035,-117.46466502775402,-117.9964300163688,-117.55031773787987,-115.15355673947107,-116.33718466844621,-118.6108666833214,-117.04029278038915,-116.9817219962998,-116.40071236182958,-116.33124645108879,-118.47562298744113,-116.37611812369278,-116.38821168711503,-115.73632626367831,-117.15200094929381,-117.47666108865326,-116.92048422780631,-117.98250258804701,-117.4618197287394,-118.23780450804452,-118.00826388185422,-116.1871897858131,-116.33542978283792,-117.13660577718821,-115.41353600145024,-117.78509422352919,-114.993640380788,point1,-116.79554327547804,-116.92048422780631,-118.6108666833214,0.9976281482808481,0.08496114047277414,-0.8378963806508009
HDOK,PLOK,17472,17,17,-128,-12,11,2,33,-115.90768347965482,-116.12442891775551,-117.25455815101004,-115.93407077331825,-118.20927306315552,-116.97776589160681,-116.87009135743736,-115.78094893349078,-117.42680081381367,-115.90626316455253,-116.37259985801639,-117.8120655371052,-116.52693512060226,-116.99787548252942,-116.57867806225083,-118.46572061304448,-118.20019394314163,-118.59800443593278,-116.30147112267602,-118.0883415266573,-117.51842510803047,-118.46895879656006,-116.81304680351042,-117.99253818370885,-115.55211666808206,-117.27460741324278,-115.99090249967553,-116.44680675290377,-118.7134337808421,-116.50388852074525,-117.37691101320894,-116.21977710752634,-116.87522293437662,point1,-117.03273957061104,-116.87522293437662,-118.7134337808421,0.8372725306483816,-0.30716510025721966,-1.088446383477594
HDOK,PLOK,17472,17,17,-128,-12,11,2,33,-115.63954916955228,-117.09008435507367,-116.06076813128234,-115.13282124005468,-116.88915850015528,-115.54853524970387,-115.66088896978302,-118.76348739388169,-116.63698889280677,-116.51001820187182,-115.52394829672532,-117.1012055177349,-118.5690222644219,-117.41434222146965,-117.41751224861855,-114.57240434057748,-118.42650965408394,-117.22039303046368,-116.84262022116735,-116.69655163594399,-118.33003568979042,-116.01446793096139,-116.72875693290658,-117.02442183879924,-117.20515400122359,-117.63086980259168,-116.71014164321868,-115.48160778475892,-118.34221520280921,-117.39958252603677,-116.83071003529746,-118.56994450435965,-117.68376984681711,point1,-116.89904506893768,-116.88915850015528,-118.76348739388169,1.1194449458921516,0.12421034902817586,-0.5166347783022069
HDOK,PLOK,17472,17,17,-128,-12,11,2,33,-117.11304117631298,-115.6743691101787,-116.52820506584172,-116.81090534547778,-114.9987754033098,-116.45300339731097,-116.67919789541504,-117.31176295359761,-115.69540193484931,-116.07550218579547,-116.33768828040148,-117.95144833203791,-116.7788814124923,-117.27947459395516,-117.89987736272272,-115.55049636066212,-116.15419087079935,-117.51991228902098,-116.89023004799013,-119.51936297968635,-116.36768693613588,-115.68497086793624,-116.60708118919288,-117.49303919641781,-116.1991818389537,-116.31839116252478,-117.16718448851336,-116.97850453893246,-116.99830086306395,-116.6147561499298,-117.28622726979182,-115.70834611599422,-117.07536274995203,point1,-116.71881092015742,-116.67919789541504,-119.51936297968635,0.7203660417166885,-0.8034303410886127,2.3301701166500597
HDOK,PLOK,17472,17,17,-128,-12,11,2,33,-116.84670237564082,-114.87308882592492,-117.25696828768298,-117.77568772117849,-117.55409439210257,-117.72053410510335,-117.71971273719595,-117.73185735219738,-118.70848971477223,-117.39285324763634,-117.4433582084386,-116.5666247680583,-119.25364312829883,-118.22312941400963,-117.8450941831473,-116.59216379764725,-116.54470802225205,-115.67239102863154,-116.71270835485346,-118.10970419554177,-115.16147502735208,-117.43453111555162,-118.12685321129162,-115.87508652721438,-115.36227829373684,-115.41762371641775,-117.01998283971395,-117.70792601563693,-118.9793216779483,-115.72291830421135,-117.78611937750118,-114.5173396124025,-117.4763395862078,point1,-117.06458512622729,-117.43453111555162,-119.25364312829883,1.378879224139247,0.43251314407127905,-0.45062354031440544
HDOK,PLOK,17472,17,17,-128,-12,11,2,33,-117.12507483778184,-117.2179000727253,-117.13298583994533,-117.41442865298305,-115.754629598608,-116.6326984611426,-118.33942593854765,-117.33865960907534,-118.34833169159344,-115.89335036308577,-116.08168380745961,-115.50746972375138,-117.85818300909224,-118.40169198725788,-119.28123302204042,-116.53877946342446,-118.2508053492406,-115.11475077530544,-117.27742154396802,-115.9219359222289,-115.69395228582349,-117.73604739264469,-117.73124468902705,-117.61857191862299,-116.90693382669943,-117.47166234060951,-117.7057026717361,-115.92233097117705,-115.31673578930062,-116.38400016903098,-117.40544042411625,-117.07463771627184,-117.60128171223032,point1,-117.03030247201657,-117.2179000727253,-119.28123302204042,1.006243595796504,0.0946598512903592,-0.5748358031164496
HDOK,PLOK,17472,17,17,-128,-12,11,2,33,-116.41585322249176,-116.22692195866303,-119.7069184783484,-117.15729071029871,-116.99669274711397,-116.40275421394963,-114.47436894137812,-116.40896733602682,-118.3544654886016,-117.97307657682714,-117.33316337323913,-117.17776257324927,-116.9520367911345,-116.1637059705272,-116.45005518216087,-117.85706009068514,-117.04505339665788,-116.69009763842452,-118.65372951121518,-118.1477698001657,-116.23954462540189,-117.17695351405537,-117.24659330775417,-117.55862841041493,-117.24665034428929,-117.24608040709373,-116.72702781412887,-115.00819981914978,-114.69088638510081,-116.05198562132132,-116.59851281001639,-114.85468824371317,-118.42996669608293,point1,-116.89889278786914,-116.99669274711397,-119.7069184783484,1.2738263311441214,0.07847742176131549,0.5533966864299598
HDOK,PLOK,17472,17,17,-128,-12,11,2,33,-115.82582251207992,-115.7613418242994,-114.6860952840514,-116.9997389602905,-116.28186611192451,-117.95868659274481,-117.66860531904229,-118.75387170081572,-116.76012318109696,-116.37985318485968,-117.57437648577186,-116.82247450273695,-116.64113720539027,-119.72874859257752,-116.52053023167969,-115.69160391305701,-118.0461648763961,-118.00555841872497,-118.14746717412172,-116.48127001647521,-117.42782059825359,-116.02550527707044,-117.37075029153138,-117.13814613839722,-117.52363365792773,-116.81759072042357,-116.9593846432983,-118.2589851242717,-116.92711725714004,-118.71686404489714,-116.29166317478695,-117.17058389928445,-117.91900167094227,point1,-117.12976916928366,-116.9997389602905,-119.72874859257752,1.0361382750396024,-0.15435930382390628,0.44467645783198684
HDOK,PLOK,17472,17,17,-128,-12,11,2,33,-115.22130253971882,-116.41924046213174,-117.57010292082046,-117.29274012990278,-117.00548014585195,-116.77170894387184,-117.93182931851938,-117.4412705143263,-117.14294196311415,-117.6304451935934,-118.63542569811034,-116.73559367793001,-116.68539876150943,-117.52842687151458,-117.59715999534447,-117.76358608912427,-115.48081178517201,-118.93973792659945,-117.95800207183444,-117.1609640949974,-116.2412555396166,-117.27886530665056,-117.23052181893202,-116.718621942013,-116.30105569740856,-116.81070270917498,-116.77034154521347,-118.08721457092176,-116.77342033574014,-115.8072999864631,-116.47441563081645,-117.38701764342123,-114.44881034277843,point1,-117.00732461130721,-117.14294196311415,-118.93973792659945,0.8325157559331876,0.5509382520039307,1.0997362337038683
HDOK,PLOK,17472,17,17,-128,-12,11,2,33,-117.14990508419065,-114.71763482486736,-117.78964443787035,-115.53944313215061,-115.80843338228917,-115.24288264124375,-119.36428041134737,-116.53231850736873,-114.48872895648324,-115.81487059158597,-117.50703364049912,-116.62882936076544,-115.52365372108171,-115.59468991541938,-116.89993277124205,-116.21489655544983,-117.75457479888875,-118.07593967543775,-117.21462699907421,-118.12988431944596,-116.05895340323171,-117.32857408252868,-116.84964285275564,-116.92067496111676,-117.27985613306436,-116.23529263475453,-115.3065525237632,-115.81572288239492,-118.71819518113962,-118.03094335850435,-117.77028338342762,-117.58932622469963,-115.50383381382166,point1,-116.70909258066372,-116.84964285275564,-119.36428041134737,1.3514564229864074,-0.12504753381932396,-0.5847605087168795
HDOK,PLOK,17472,17,17,-128,-12,11,2,33,-117.14354968243455,-115.63896519923298,-117.26713323144232,-116.26354465307688,-115.33176879612924,-116.74587526615922,-117.01360885563292,-118.52992885655985,-117.20561091676034,-116.91581932852618,-117.53951974497033,-116.24251784707941,-119.2912477665231,-116.11972712138578,-116.28649527828037,-115.76221204111314,-118.01753114876253,-117.07938963487057,-116.79367204522453,-118.28125850871413,-117.51152537050592,-116.34089415604227,-117.68613904215597,-117.45827482285262,-116.50698566289704,-116.23665678337416,-116.23849996994606,-117.42367999729545,-117.55902446305002,-116.19945432298043,-116.87629573637251,-116.42140715431339,-117.79594213019311,point1,-116.9613380465108,-116.91581932852618,-119.2912477665231,0.7342685302927456,-0.5103466115542699,0.3506734613058238
HDOK,PLOK,17472,17,17,-128,-12,11,2,33,-115.6581578487206,-114.53969229980385,-116.07732059598756,-117.19632098671534,-115.05609855294944,-116.95160832366076,-116.10035722226004,-117.07507882323793,-118.5397588747882,-116.66043899014463,-117.69484413434368,-117.20143692367469,-115.50006392272267,-116.36774029299268,-116.79860203225797,-117.52002101597341,-116.47094739942281,-117.82727599079139,-117.431909506235,-116.32922714881342,-118.090775960684,-116.99754991967141,-117.39662213834029,-119.1263171465667,-117.30295275779746,-117.40028581609431,-115.69610634975913,-117.83603459440145,-114.23655955867495,-116.55045363400684,-117.45096672669774,-117.24417281542247,-116.69776585296586,point1,-116.81889285322966,-116.99754991967141,-119.1263171465667,1.1072892794341582,0.467162571577606,0.500659938912623
HDOK,PLOK,17472,17,17,-128,-12,11,2,33,-116.79269454800772,-115.12238561507016,-116.14028214147835,-116.00259015339283,-116.04895349255533,-115.26812322124435,-116.75079638169716,-116.65665357838277,-117.46234231229751,-117.16541770632837,-116.37086986049584,-116.52349862476585,-117.17741632660942,-118.37565476201381,-116.3324553400814,-116.83583835680194,-116.5404010022061,-116.12718868396118,-116.29682328108561,-116.72454412698157,-117.30502239054583,-117.88648651677333,-117.36221965633437,-116.85290348664225,-117.03192873985323,-115.26868193281533,-117.0302877167581,-118.3560594790389,-117.52501595053681,-115.09815275195787,-116.79539287464335,-117.76610216087114,-117.47206262350697,point1,-116.74137108471923,-116.79269454800772,-118.37565476201381,0.6847583598678595,0.19368952622516483,-0.0911558186033199
HDOK,PLOK,17472,17,17,-128,-12,11,2,33,-116.56803584244766,-115.29157339107829,-115.41501872047688,-116.85297615234371,-115.82992884517648,-118.79992116926317,-116.4513033836328,-118.94425669865785,-117.49535628743696,-117.09134546245987,-118.16437565318665,-116.16730779936341,-115.82209444216727,-116.80891025706234,-116.33130405975923,-117.28330469966535,-118.65146331840252,-116.01642605989034,-117.43715253696229,-114.5949777259872,-116.96306393123372,-116.92874554025937,-115.4602848312737,-117.75862782646001,-116.8144995340718,-116.98339257932638,-116.76092595538263,-116.95999071390962,-116.1893690989346,-117.35704018968084,-116.80647601260975,-116.8090371765668,-115.31718128563011,point1,-116.76138385396244,-116.8090371765668,-118.94425669865785,1.0033607229295423,-0.2194269847725124,0.13468295741350156
HDOK,PLOK,17472,17,17,-128,-12,11,2,33,-115.44834096190864,-115.69066837650861,-117.36821003208058,-115.88485681843764,-118.27733328020841,-119.14339960520608,-115.60409299737422,-117.72068773276135,-117.10403722229799,-117.99607644776486,-116.28279018408702,-116.75867469413768,-117.5865274475735,-116.14596400856449,-116.90238039842004,-119.73201402846165,-117.58013060121252,-115.80222589913578,-115.92775644191596,-118.3433983433554,-117.8332492645592,-118.82251599227219,-117.55038229530423,-119.0182567080403,-117.23386871591724,-118.18964493844058,-118.54713124075899,-116.9176609437997,-116.74192208812909,-116.46849573349346,-115.24904923473858,-117.15045902806365,-118.1358558045377,point1,-117.24721386392325,-117.23386871591724,-119.73201402846165,1.3338283081660611,-0.11799477400744554,-0.7594095270223833
HDOK,PLOK,17472,17,17,-128,-12,11,2,33,-117.04720496626257,-115.43187987444188,-117.74942397058146,-117.0778514653957,-115.58323926598688,-116.85914705222112,-116.15720374424363,-117.7556693221139,-118.18431704054609,-115.59322755678828,-116.48324625039102,-117.34542182735295,-117.17063912183642,-115.97641305241982,-115.9605857602207,-116.08553331652489,-118.37911786190138,-118.85157169056303,-116.16508398848991,-117.93008507919049,-115.60090773548848,-116.10767317549572,-116.53763968576295,-116.3382247525869,-115.19330507793838,-117.5980684842443,-117.90309517854546,-116.14415395269076,-118.25967059313633,-117.25524478696171,-116.54725075316365,-119.3201303060068,-115.39565106302179,point1,-116.84811750765198,-116.54725075316365,-119.3201303060068,1.139972564084241,-0.4357886995510817,-0.6697559765527648
HDOK,PLOK,17472,17,17,-128,-12,11,2,33,-116.13383998187798,-117.02585143272883,-115.26350628410837,-116.77090931932703,-116.60589085077628,-117.1077348534474,-114.83409582696815,-117.6341935313683,-118.4157051509333,-115.810515563054,-118.43408673277298,-116.62863036636314,-117.87061251020226,-115.89380988475737,-118.74709127627419,-118.31632620144052,-116.65906267655005,-115.64218259240569,-117.5311799594802,-115.20541255343781,-116.57011197129447,-117.3179826992447,-114.88922689119684,-117.00434987556085,-117.02920544591407,-115.0974907986768,-116.68586044846184,-115.06035624474335,-115.75709727783213,-115.2776139136465,-116.62880804696756,-118.36217302762803,-116.63095104244016,point1,-116.63157167369336,-116.63095104244016,-118.74709127627419,1.2516987340472197,-0.13546020260036765,-0.887707044449217
HDOK,PLOK,17472,17,17,-128,-12,11,2,33,-115.85393609182127,-115.58860383403031,-116.32953381444247,-115.66982813421343,-113.29840015296655,-118.39758947304445,-118.31721299421578,-116.4554998810147,-117.0312471190232,-117.39398424152094,-116.10272236344247,-117.69754522504644,-115.41145192779496,-116.93390411985177,-115.43952505551722,-115.63249734080955,-118.84135624071831,-118.86502924276947,-116.51623369001769,-116.2140816826711,-117.28614675665655,-118.22086641839489,-117.45975141823328,-115.72543673373104,-116.40705768913219,-116.96334148066141,-117.46670287401079,-117.49549963183982,-117.99791266402961,-116.25893788902961,-116.91083178940045,-116.80807144413038,-116.44111700234764,point1,-116.77066231565243,-116.80807144413038,-118.86502924276947,1.321318953048695,0.43305273342754086,1.1255278258728656
HDOK,PLOK,17472,17,17,-128,-12,11,2,33,-117.81874424978301,-114.87879153192381,-115.87601293911854,-116.23022635822467,-116.14681348654435,-117.20303519938955,-117.52591614487108,-115.49065144183038,-116.70966541736489,-118.3197567241966,-116.1218541577299,-118.08273306398269,-116.70679007775367,-116.62579369892377,-116.09570877173253,-118.85781623400185,-118.12354190497554,-116.35462539482343,-116.57707553273089,-116.48600279199293,-119.01347449759517,-118.74495697789631,-117.48628747312927,-115.96057907870114,-117.59454383171524,-115.1271956359072,-116.41049064161247,-115.81614856501264,-117.12009922422794,-116.39433467877937,-115.83109715519853,-114.91777830122066,-116.6054894335776,point1,-116.7652736550445,-116.57707553273089,-119.01347449759517,1.1873545508452716,-0.392320367117003,-0.48327564447163507
HDOK,PLOK,17472,17,17,-128,-12,11,2,33,-116.86150124724023,-116.57722942314015,-116.87228845278973,-117.57245703535133,-115.2929319680469,-117.11323172602756,-116.03279060030152,-117.80777573816722,-116.15964263743318,-114.99983387568949,-115.3728682705381,-117.73797423617175,-117.65602546074996,-115.13055832715548,-116.6305034184209,-117.08385415438212,-115.9287709225871,-117.09073196407589,-116.11749396829376,-117.76549888262703,-114.90999039714475,-116.86877218099315,-117.70536818148317,-116.16780152622361,-116.62176410054387,-116.84872618332633,-116.19206263778578,-116.78099282754683,-117.97512567018278,-116.23969504975103,-116.85907387516491,-116.49082472830524,-118.92956998835092,point1,-116.6785978683634,-116.78099282754683,-118.92956998835092,0.85180968954382,-0.010935369154997331,-0.05765060047191328
HDOK,PLOK,17472,17,17,-128,-12,11,2,33,-116.53550860820948,-117.3272314581674,-117.88697732205978,-117.83391207667138,-117.06204502850565,-117.99714698274494,-115.51935384936178,-115.81284687754562,-118.28415600092193,-116.78576156969754,-117.29488157522722,-117.33854144567559,-116.93969514264865,-119.13046776738214,-116.76051904529956,-118.3696884376289,-117.15793893564029,-116.95965588238089,-117.26417163958473,-115.83676237112108,-117.39782936329873,-116.55089762934247,-116.88559110197556,-115.89699689310692,-116.963610828678,-117.29629409564413,-118.66440716569707,-117.5308097814981,-116.64000871317619,-116.98308477159604,-116.80311534477629,-117.23356802836969,-118.19750456773494,point1,-117.18609031216268,-117.15793893564029,-119.13046776738214,0.6506643893260475,-0.18292951011492128,0.23709778143278282
HDOK,PLOK,17472,17,17,-128,-12,11,2,33,-115.50328561849393,-114.83171963188961,-117.72055565012288,-118.84862516236466,-115.91277812149303,-117.0168846975197,-118.74430310568346,-118.4238898871259,-116.44031763338394,-116.38125076603107,-115.8889323583326,-117.20119082387745,-116.52471542510453,-117.18202986542445,-116.88717607108984,-118.66482566651491,-117.45003918627826,-116.59919880415801,-114.92708975294232,-116.8530024671705,-116.80522780386246,-117.6926427129884,-117.2842801594743,-117.67111319554343,-118.77552571757512,-115.30017088460681,-117.0913582631607,-117.70300315143062,-118.79336968648632,-118.4133797302897,-114.7169749919269,-117.49552646584266,-116.54675167101684,point1,-117.03912530694558,-117.0913582631607,-118.84862516236466,1.3711104496083906,0.2572625632884483,-0.5864737937051436
HDOK,PLOK,17472,17,17,-128,-12,11,2,33,-114.95455406147005,-115.88617850700433,-116.880078035081,-117.47642594890911,-118.0357231664003,-117.37961009004566,-116.29193983102506,-116.75942973968692,-117.18674965004746,-115.8239043304762,-117.067071788841,-116.9197412527763,-116.99514243738393,-116.65062392083583,-117.08288823136277,-116.0574015734353,-118.95406210055971,-117.14187597945636,-117.23521137363349,-116.94549953233307,-118.4243129987816,-116.78748523741204,-116.12394895088754,-117.20697671132623,-116.28948329947372,-115.8652305175015,-117.60845749407865,-115.00694877873997,-115.38243013048536,-115.57146326003489,-116.10521046635803,-117.40969826441427,-117.21109739639371,point1,-116.7489956077773,-116.9197412527763,-118.95406210055971,0.7998624017721191,-0.05583883750335821,0.1986057283324536
HDOK,PLOK,17472,17,17,-128,-12,11,2,33,-115.69838686846968,-116.80059906718995,-117.27972200134094,-116.69666992536905,-118.00177095201414,-116.8592820558227,-116.34491353438494,-118.04995354605364,-116.7380219032563,-115.61106166711399,-116.49709506307217,-115.5772582123049,-116.74211741755664,-116.74336986876621,-117.25042896120688,-117.15129022322355,-115.9948348137533,-117.9852329996393,-115.11550806672888,-117.15974407052897,-117.41351308834781,-116.43525671432246,-116.19154630010159,-116.96281186825011,-116.11919586064916,-118.00194798362283,-116.24653762191276,-117.04586672392588,-117.57891291157901,-117.81647403194893,-115.86263588647653,-114.15406532307249,-117.97617295694685,point1,-116.7303696511804,-116.74336986876621,-118.04995354605364,0.816750427588393,0.6005328482436132,0.5239805810410272
HDOK,PLOK,17472,17,17,-128,-12,11,2,33,-115.32572868731255,-116.05901923547339,-116.23079613432523,-116.1677658039526,-116.83902386512199,-117.27620584659554,-117.6692257130755,-117.46652754583076,-115.87841215893778,-117.28659034048793,-116.59409025270142,-117.54050416095717,-116.85956251329897,-118.24816983928834,-116.5074186050725,-115.58348371218808,-116.90401719405386,-117.20367015230528,-117.42659663673922,-117.81931076210978,-119.42849812055616,-117.45847426892863,-116.72459348794723,-117.8255940810218,-116.95136136860285,-116.65090817399145,-118.14200846374372,-115.71685299003144,-115.26520087138286,-118.12216203252396,-117.14259607334027,-117.49469172053054,-116.6909571584236,point1,-116.98484902941978,-116.95136136860285,-119.42849812055616,0.8130389334987483,-0.1724455068531018,0.40075973648840213
HDOK,PLOK,17472,17,17,-128,-12,11,2,33,-113.79046441036202,-116.36266781485031,-117.1783803516162,-116.66820347144507,-116.10505649565489,-116.68102369444894,-116.32810198887604,-116.7072356073123,-118.69688313628323,-119.36612032319293,-116.81294319837446,-118.45870929717596,-117.84382894853844,-118.20458914821653,-117.09061295939428,-117.1091556289354,-115.70654261587008,-116.45235119429138,-116.820128988227,-115.95274842991581,-115.50935070166821,-116.11799655347679,-116.91802321545266,-117.5305657289661,-115.82222726046768,-115.02550331518722,-117.43115254325569,-117.16096180581573,-114.86544458441759,-116.6527595565079,-118.07023880185011,-118.32854346247186,-117.59793122832708,point1,-116.82928625638927,-116.81294319837446,-119.36612032319293,1.332847501290725,0.22131224567026364,0.5102235787455065
HDOK,PLOK,17472,17,17,-128,-12,11,2,33,-115.88597777811657,-116.41234153245068,-115.86936130485282,-116.83968974863497,-117.2290039331234,-116.54796767547415,-116.80651433126478,-117.66704026823405,-118.29925811928348,-118.73269307856934,-116.85324954933976,-116.34794997617155,-117.57597733588229,-119.26091981089817,-118.16013773525802,-116.36859523759315,-118.1257073412411,-115.6253295254424,-117.1740984283083,-116.49227398092198,-117.60191420977516,-117.8550024482559,-117.23143144555895,-116.36187985963227,-118.43368421682057,-116.50905397998699,-118.19266513619904,-116.30323023646635,-116.02952977492029,-116.53942914639025,-117.26211414061841,-116.14725204798367,-115.66536164945501,point1,-117.04262530251893,-116.83968974863497,-119.26091981089817,0.8736165703963771,-0.5116597141198557,-0.5861029231514872
HDOK,PLOK,17472,17,17,-128,-12,11,2,33,-115.50480723398849,-115.67266350173749,-117.0189538972853,-116.79181260167213,-118.0983929692657,-117.1380335219063,-116.7935666175765,-117.90838913126925,-118.05645668887246,-117.54340925749503,-119.57032912224633,-116.68891129273318,-115.89104793699467,-117.38406261326027,-117.66365993390754,-116.46049718921762,-117.60894938270604,-116.2266836964166,-116.4339485988375,-117.84418666046567,-117.21292269891904,-115.91057223979725,-117.98159881502811,-115.72151405249053,-116.5761762881393,-116.96233069910615,-114.81956353515722,-117.93404054434848,-117.45489826303093,-117.57094947597805,-118.05567998397936,-115.67207842116075,-118.97300786772357,point1,-117.06497256765795,-117.1380335219063,-119.57032912224633,1.0655187485892241,-0.04501247984066411,-0.02717641404151827
HDOK,PLOK,17472,17,17,-128,-12,11,2,33,-116.52939146236291,-117.65151511596848,-118.03270672083836,-117.31249732775947,-115.2240046261092,-117.5014469940852,-116.34071065772935,-117.02004291316217,-118.30580756172053,-116.17104242303401,-115.7408284218885,-116.35637473076856,-118.32169700234687,-117.0367092901735,-117.68532533143804,-116.69057624869293,-116.78380543125456,-117.36544329812276,-117.1997968449885,-117.49106826601064,-116.53065226352399,-117.72175406359398,-117.27824623858726,-117.38595853541355,-117.39854797133283,-117.52826767075459,-117.69710551870571,-117.98766170019246,-116.54205947453167,-116.44428091589212,-114.01626692016596,-117.53068583938807,-116.03028465545175,point1,-116.99553219502995,-117.27824623858726,-118.32169700234687,0.7977963235232526,1.2336322064725092,2.406196287991414
HDOK,PLOK,17472,17,17,-128,-12,11,2,33,-115.24547878337782,-116.9941603769048,-117.0546187956218,-115.2775024762515,-115.65836165408889,-117.70107589543808,-116.6824055052071,-119.02038717177432,-119.82442456806683,-117.89453293196179,-116.47339943441956,-118.94162859197017,-117.9618487542369,-116.47532738854247,-117.58319668112205,-116.36702194090483,-117.68545616268042,-118.80264384944084,-115.29288081377577,-114.84442692272741,-118.22234502806619,-117.04653737134936,-117.90309274547685,-116.61096676783029,-116.33606941691717,-117.17519239192414,-116.54834844808995,-115.61489487159058,-120.3423078562905,-115.84428551427762,-117.75236228534568,-117.21317467157922,-118.06199274073315,point1,-117.16522269115103,-117.0546187956218,-120.3423078562905,1.7264002868349764,-0.37025542755305013,-0.124389773922704
HDOK,PLOK,17472,17,17,-128,-12,11,2,33,-115.92961251104586,-114.25109405415118,-118.30816270177839,-117.29650058349416,-117.1762022421693,-118.61627847561704,-116.640109863086,-116.452771645507,-118.41342014766244,-117.07535289056132,-117.71793798256554,-115.81873274356433,-116.14431384647688,-117.46764222064999,-116.22032035438816,-118.58686268296461,-115.54126184558278,-118.25249123319988,-115.83864240822173,-117.38724089057904,-116.59461859323721,-116.69768446156115,-116.85663509864837,-118.02802444199943,-117.96192490427342,-115.4242529477986,-117.93511593997157,-117.87098919656881,-116.30542850209106,-117.06719171801086,-117.61119588869421,-117.10722597194552,-116.64174512590277,point1,-117.00718133678694,-117.07535289056132,-118.61627847561704,1.03434684670257,0.46085485162644063,0.041553714166842504
HDOK,PLOK,17472,17,17,-128,-12,11,2,33,-115.65918984168157,-116.22552031751546,-115.3433701033172,-117.23582024483504,-117.93166207648926,-117.75080272961027,-118.31763238092414,-116.31175451613073,-116.52209703270607,-115.80630090683538,-117.32676822532954,-117.03958438484518,-116.02976284798642,-116.56277428596668,-114.56333863768162,-114.61713007425826,-117.91523577877574,-116.14200846607969,-118.54303086662863,-116.93290809150643,-117.21200860060515,-116.27816434985527,-117.56362928105345,-117.25367300268401,-116.80777045917397,-116.47187648036096,-117.8493067273466,-116.35848286490904,-116.85128692442656,-115.4106983213542,-115.96605071387647,-116.8073613163865,-117.51940022925959,point1,-116.70080003273925,-116.8073613163865,-118.54303086662863,0.929529899274758,0.27383029747166254,-0.20064684605509076
HDOK,PLOK,17472,17,17,-128,-12,11,2,33,-116.47172034226045,-114.3986931349107,-116.45800318479294,-117.36316193409073,-116.35138901038364,-116.94460222497229,-117.81315689617072,-118.58436881552359,-118.56285111162168,-117.07079239757716,-116.32181537689482,-118.68328906476107,-115.39981038144377,-118.00005662522354,-115.97043665863261,-117.2771941895267,-117.49769986497621,-115.72342209218658,-116.69328297693787,-116.4433503208678,-117.67135122971895,-116.15807470526185,-117.13534027527243,-119.0759706758392,-117.97744883761223,-118.00597956856582,-115.00116201851134,-116.1804614108609,-116.90615345820457,-116.36393498171535,-117.20607218577712,-116.94486447986327,-117.9384521552269,point1,-116.98770795715713,-116.94486447986327,-119.0759706758392,1.1285762102555392,0.20266587172545453,-0.05330869825172613
HDOK,PLOK,17472,17,17,-128,-12,11,2,33,-116.45931185753369,-115.31445632155706,-117.13824469032143,-118.22102675746714,-116.96002531299811,-116.88935439429878,-117.01461134041642,-119.12163688677143,-117.72796220210391,-118.17534280175704,-118.36391332259787,-116.78842458360282,-117.2708016286928,-116.4699450528895,-118.08345553552086,-118.58984319357829,-116.7570108954826,-117.68742858346731,-114.672889357832,-115.89664757073076,-116.62148079468801,-118.77902223749194,-116.47773631824236,-117.46374543476398,-117.07765655414372,-117.13459750398304,-114.53002054397142,-118.02852369556247,-118.58476881684814,-117.57434819273294,-116.96182954577398,-115.87332440328846,-115.50945998196637,point1,-117.09754079736595,-117.07765655414372,-119.12163688677143,1.2483086991381043,0.4239271975491962,-0.0829240045706543
HDOK,PLOK,17472,17,17,-128,-12,11,2,33,-114.98117617136562,-116.08535523009694,-116.01475128244918,-117.94340274359824,-116.94045399561993,-116.15010869060505,-118.55520278157613,-114.50418372533294,-117.72013042385714,-117.70480048639637,-116.29559732951793,-116.71211812496811,-115.47632896823436,-117.62757852418956,-117.43772788377727,-116.0801493639427,-118.91830120603987,-114.83902755193458,-116.51138746124174,-116.43415276338631,-119.70934289309395,-116.64264406141027,-118.14682235981999,-117.30258261211837,-119.21268157792001,-116.6499988772727,-117.44849419078385,-115.25127842577928,-117.04242240240532,-115.19252602463884,-115.3804078328402,-116.8725979377267,-116.96342006161842,point1,-116.81051981713813,-116.71211812496811,-119.70934289309395,1.5842416600007243,-0.2903283181816375,-0.2540493566530131
HDOK,PLOK,17472,17,17,-128,-12,11,2,33,-116.15030159572507,-116.98507486321601,-118.44437350289931,-117.1015430116651,-115.56007662786223,-117.49005906329025,-118.77116013533744,-117.82130792098903,-116.80630317432939,-116.72221161063469,-117.13409543299437,-117.44632063559231,-117.6578306307197,-116.51558168697457,-116.78379134239088,-117.11010500705741,-117.06169685685848,-115.99815241511463,-118.9346730018912,-118.32535322681619,-115.67149320486519,-116.2431382727075,-116.44139853215859,-117.20436424791015,-118.35396635256014,-116.90341901539519,-117.99210553763018,-116.14180620031519,-117.13408595988243,-118.65409885301881,-115.86573355788381,-116.02319867732966,-115.56114337717547,point1,-117.06090798579366,-117.06169685685848,-118.9346730018912,0.9001968460796413,-0.2988812107983239,-0.7635060172603758
HDOK,PLOK,17472,17,17,-128,-12,11,2,33,-115.01111641118982,-115.58639992488054,-115.8116189307221,-116.27268861689939,-116.6537180945896,-116.48267139451175,-117.49002751263698,-117.14886603355805,-115.47971611033303,-119.29705955572672,-118.3301881265258,-117.62462458061836,-117.41527487860968,-117.3750176105973,-116.89540246248741,-116.95048202174867,-115.10523633909705,-116.53511645234107,-116.33856985576142,-116.72822079640625,-117.01385627055092,-118.5847212607858,-115.75397206995298,-117.06884651305681,-118.21998377439336,-118.97548805849978,-117.18132275793351,-116.1000105596912,-115.85422158332658,-116.11486491059547,-116.5773785815915,-115.45685488218709,-117.63940191542223,point1,-116.82039208627965,-116.72822079640625,-119.29705955572672,1.1284686558785177,-0.44301871263026055,-0.19910621933428718
HDOK,PLOK,17472,17,17,-128,-12,11,2,33,-116.44335079744558,-116.12419009839915,-115.29777824136032,-117.4781144641285,-117.09841816285933,-117.19279432253673,-117.62455914572834,-117.54075116788178,-117.81847846998943,-116.14904983118628,-116.08117406952888,-115.44344759053028,-117.90661469276246,-117.46367695574655,-117.30603344179994,-115.85519453128067,-115.68302211036278,-117.22005132209361,-116.80209419985164,-116.17001094340814,-115.55359695744143,-117.3648996329433,-116.14887685084425,-116.08607596210047,-117.51169287236753,-116.27395716080318,-118.52051103668651,-115.64627430688162,-115.62547133399926,-117.58541759397896,-115.88741858986936,-116.902183963169,-118.19715335427138,point1,-116.72734345982535,-116.80209419985164,-118.52051103668651,0.7794953809673085,-0.12588866000959947,-1.195733522236508
HDOK,PLOK,17472,17,17,-128,-12,11,2,33,-115.69765889830329,-116.82681660424339,-117.2267744731066,-115.15311276284987,-115.48232894260946,-116.67063653906186,-117.92632872453672,-117.47201125601771,-117.12044589285533,-117.24461328707459,-117.7437978581489,-115.9470340358781,-116.17297085938576,-117.23323607558075,-117.48194196626442,-116.86120930576092,-116.11807313248738,-117.41343624923199,-115.65048895266048,-116.02883183529494,-117.34649487415186,-117.3435640293317,-116.12917506209786,-116.86557871855445,-117.79231016251637,-117.04824292353503,-116.42612149734764,-116.84404737699688,-116.05614301551407,-116.37698647670739,-116.37586947503925,-116.8577330221103,-117.62378254046865,point1,-116.74417566138557,-116.8577330221103,-117.92632872453672,0.5162696653114717,0.34594379862884606,-0.787730782905927
HDOK,PLOK,17472,17,17,-128,-12,11,2,33,-115.79855953671559,-115.63653735125673,-117.19787570451355,-116.47900173694575,-117.3775838774709,-116.76608987273207,-116.22859259347175,-116.07344054423437,-117.0829721469831,-116.77172250257216,-116.08081371539902,-117.18092531994813,-117.82570873902668,-118.28317662576879,-118.30968592736434,-117.03177355525825,-116.00037033553423,-119.0411388052848,-117.62252855671802,-117.43063108195646,-117.39554219077445,-116.96599442354119,-118.53262731524795,-117.92605969507538,-115.2022719756789,-117.21505797464063,-117.8110620435937,-117.0928429380556,-117.85238754591069,-115.83871556338714,-115.57994091509617,-116.82767913273827,-117.7416293021534,point1,-117.03639210742571,-117.0928429380556,-119.0411388052848,0.8460628916016509,0.037419537073100195,-0.5352121748277683
HDOK,PLOK,17472,17,17,-128,-12,11,2,33,-115.45052511644845,-116.23368711531457,-115.81873305413914,-116.54840924393034,-117.68725676162605,-117.48839302058832,-117.2392569901157,-117.3362653725563,-117.60601622078617,-116.9181342753973,-118.72152013230838,-118.38791871057535,-117.26873454310574,-117.93733401057094,-116.71870121628731,-116.47367571028235,-117.04790235885622,-116.47209498020929,-116.94409228998131,-117.63846757748445,-117.73245581933756,-116.89709177050793,-115.86695984508138,-117.51505740205458,-117.47122611819677,-118.05628191626005,-116.74689982803277,-116.82202478097288,-116.88880456799343,-117.89736920268318,-117.69885520003177,-117.31921442514113,-117.14276638777304,point1,-117.15127654438271,-117.2392569901157,-118.72152013230838,0.5131515988613031,0.25910078491936595,0.17048834533846957
HDOK,PLOK,17472,17,17,-128,-12,11,2,33,-116.05441085626806,-117.01487929912604,-116.16477751639806,-116.6033810055278,-115.39892640595426,-116.55669722826356,-117.18579784909242,-119.07913353212467,-116.56780786325753,-116.91601263629101,-116.74606133590302,-119.3890815951447,-114.62811436482689,-115.32804477938741,-116.12816937910357,-118.30727239721489,-116.95602223075288,-116.07303914782209,-116.72470734835821,-118.20346168413309,-117.28880235956035,-116.66468204537365,-116.84531457695994,-118.21504325841921,-116.67866114998526,-116.5679814852818,-119.42301832742433,-118.50976995934916,-116.58525980861376,-118.09237600836347,-115.46341272423761,-114.25092568820797,-115.03804123815598,point1,-116.83785112378435,-116.67866114998526,-119.42301832742433,1.5912140326165445,-0.24719370560055062,-0.11474693168364114
HDOK,PLOK,17472,17,17,-128,-12,11,2,33,-115.51743524600177,-113.79651271368958,-116.22478360821465,-116.89028048783999,-114.2945396062822,-117.46654724032543,-116.86470766080916,-116.56003651442872,-116.74748732188479,-117.2396502020788,-118.8299679813568,-116.79840721483295,-116.2422734312834,-118.20360529278328,-115.25310141094864,-117.89719874427001,-117.02522633691314,-117.37573111647045,-117.52624455550793,-113.5869149624989,-115.9779102769156,-117.51737337681348,-116.07794400743292,-118.75740595804133,-116.59123919484006,-116.2232454575556,-118.37171522117258,-117.65510579211451,-116.21068695348076,-117.55174505600002,-117.29795867171728,-116.38699758810284,-115.89532488797204,point1,-116.69258497244185,-116.79840721483295,-118.8299679813568,1.518369603199007,0.7096893974287931,0.7122795086004126
HDOK,PLOK,17472,17,17,-128,-12,11,2,33,-114.41845888996576,-115.81617010877716,-117.97203140188498,-116.16228734423427,-118.36309233370375,-116.14496974090602,-117.86693484602057,-117.0226840293267,-114.43409743782658,-115.73937702031472,-114.05071016707414,-116.0317128029108,-116.93420118310073,-117.64747744968035,-117.79067569081289,-116.79004464070692,-116.90672301526995,-116.10599081378177,-117.85640029678378,-116.29020662878682,-115.83831885920189,-116.38640657459297,-117.80030261156642,-119.12106475721707,-117.47099253650401,-114.99014178841641,-115.95778218499593,-118.54587784568899,-116.68530488056011,-117.31952956412117,-117.77003381836369,-115.63760805841325,-118.00451402146435,point1,-116.72339767705985,-116.79004464070692,-119.12106475721707,1.507202422019822,0.29875761629526487,-0.41376036517878845
HDOK,PLOK,17472,17,17,-128,-12,11,2,33,-117.49389529121405,-115.04209211552123,-117.80804548903714,-114.82388762164246,-116.41219864546447,-116.96351508932797,-117.58226948635348,-115.57276154097602,-117.87083750588965,-116.03415334805018,-118.85569135522422,-118.47372437074435,-117.64353463803214,-117.32733887050189,-116.18355163273921,-117.01674127894363,-116.49500602487043,-115.53041404731961,-119.43384310840855,-117.52652582506005,-116.85656895270888,-119.50603391880595,-116.44147836931678,-117.83066297720362,-119.60679309712826,-116.62376760689774,-116.98441603274777,-116.26215985572394,-117.13035353169879,-117.1967821388096,-115.75992700470259,-117.50522754815043,-117.93677135017333,point1,-117.1433627172542,-117.13035353169879,-119.60679309712826,1.3979188860754592,-0.24605381479304467,-0.08862744313815041
HDOK,PLOK,17472,17,17,-128,-12,11,2,33,-116.19460180161444,-117.81030190498424,-116.01449541735252,-115.07436666552438,-117.52096646245246,-116.83142192455269,-116.8002019130744,-118.17389521856049,-116.4524551153919,-117.12117386041098,-117.77619106963785,-118.36205466013254,-116.1073787269606,-118.38067916926593,-118.01706097193433,-117.45732461701998,-116.72556063177295,-118.39503745705325,-116.03415986693513,-116.65799846722636,-116.5667447738997,-116.7765152462546,-116.52074871486676,-117.0385719806745,-117.56586211619334,-117.20952557750608,-116.68614912656368,-116.61387074239143,-117.36187864836309,-117.83922539502804,-118.99170061779495,-116.65245584632524,-116.60784442762265,point1,-117.10116421622246,-116.83142192455269,-118.99170061779495,0.706418996221063,-0.1358647908345945,-0.06902582668787183
HDOK,PLOK,17472,17,17,-128,-12,11,2,33,-116.28855071954686,-116.40747678324259,-116.13688621921742,-115.97440515159408,-117.01014503512592,-116.68797168685207,-116.67469290294143,-115.87331187254716,-116.33091482247855,-119.02232296034985,-118.31992972974199,-117.43808222059427,-116.69445907228207,-117.71601928477376,-117.12990975875469,-116.65830849121703,-117.10731677455298,-117.78925118624092,-116.30012194058602,-117.84229950923493,-118.2787447623457,-119.09551590142651,-117.18465275298266,-117.63468936313537,-116.46032879988974,-116.60137893648974,-117.48066715199595,-116.52068409495801,-115.97444495620981,-117.57159402740491,-117.53017413021814,-116.72667575477966,-118.22791964259908,point1,-117.1118135271609,-117.01014503512592,-119.09551590142651,0.7083479377520399,-0.647635380438971,-0.20850286419946196
HDOK,PLOK,17472,17,17,-128,-12,11,2,33,-116.25042440290859,-116.13528852742908,-116.18092065096506,-116.09311608841088,-116.40587638604345,-117.58216139360566,-117.23614039823872,-117.27088657250783,-116.22020660934984,-116.77434287600462,-116.97115713416902,-118.36384565721639,-118.64600740409918,-117.69951179723921,-116.87728998871751,-116.7480209048496,-116.08688676221087,-118.21473286495078,-116.10360996092669,-115.50363506706903,-117.69643344172094,-117.41069974555647,-117.55008848482414,-116.30603756150097,-116.81126054101064,-114.6856932984099,-116.01484987121574,-116.35450185431142,-115.8421253044765,-116.53675250685077,-116.95666765748621,-116.18190261652558,-116.37301576238617,point1,-116.7298209119148,-116.53675250685077,-118.64600740409918,0.703042305293153,-0.273470369900999,0.29603679715157893
HDOK,PLOK,17472,17,17,-128,-12,11,2,33,-115.99915501915069,-115.36654625294037,-116.78284073373234,-114.33193652991731,-116.62036560652852,-116.79598513858404,-116.30911529595636,-117.06920275186647,-116.48917751235771,-117.25307023894776,-118.59158129711432,-116.85893997987681,-118.53807258459402,-117.2059826461649,-117.08888704736911,-116.10911763607594,-119.42680689415087,-116.27247954420555,-117.7047180295826,-116.24966855487165,-117.64583861347687,-117.19098449394161,-118.74661383101002,-117.98398509296621,-117.1614845310877,-117.1333037903235,-116.00116660299186,-118.14622228502012,-117.35345319376277,-116.70376758888804,-116.30289097249793,-117.76133800164229,-116.84395990586574,point1,-117.03147449083217,-117.06920275186647,-119.42680689415087,1.0050657059105934,0.0003592211332803104,0.9375380504759199
HDOK,PLOK,17472,17,17,-128,-12,11,2,33,-117.38059751803368,-115.58174443718369,-116.29046882985345,-116.412068145323,-116.51978095732207,-117.35122831241539,-117.97482443378212,-116.8692554310959,-117.4274643330433,-115.87790731709484,-116.88224377817838,-116.19434583927386,-116.20249045298472,-116.43940332147795,-117.92107736629927,-118.50110343969655,-117.41847660415037,-117.8146489478032,-116.46906946559196,-117.99591956145933,-117.3523783376308,-117.1784121675297,-115.51938110834004,-115.13088855833402,-117.28491768036389,-118.54716077990244,-116.63732056511884,-117.47326814834551,-118.18859891714567,-116.61809359515192,-118.16499221067481,-119.90883531451816,-115.65675955216045,point1,-117.06621592203877,-117.1784121675297,-119.90883531451816,1.0395450353536102,-0.395606574256015,0.384994509604331
HDOK,PLOK,17472,17,17,-128,-12,11,2,33,-115.40680202916067,-116.05330995029311,-115.5793637458496,-118.93109542661138,-116.83088138915804,-118.33893181848724,-117.13351708669865,-117.68683658378146,-116.92217250679944,-117.35501565381702,-114.60154652960294,-116.92413503283244,-117.44248854109661,-116.51780667773586,-118.14804696136243,-116.66383533593327,-117.19412162072389,-117.32723290363963,-117.95369014321741,-118.29668383525832,-117.24440110886341,-118.17606339608125,-118.55410868097277,-116.48998647299078,-118.95424714215376,-117.26615311430702,-116.32096844361956,-116.0850809283536,-116.32267207508588,-114.53278768454223,-117.16278279378639,-117.9641544988916,-117.29050041124961,point1,-117.08095213705933,-117.19412162072389,-118.95424714215376,1.171352141796265,0.48092934638213314,0.14436807214788505
HDOK,PLOK,17472,17,17,-128,-12,11,2,33,-118.37912140923974,-115.25778817191224,-117.32873153193698,-116.07905774421212,-117.23718568401272,-117.54654472895591,-117.42039101894781,-116.43975346173382,-117.80035343889861,-117.26587339539913,-118.10116467165575,-116.70294052238268,-115.38883148670914,-118.04548084713963,-117.65970166762068,-117.63963432508021,-118.84795971146909,-117.03127019889975,-117.8705515220353,-115.12394239404048,-116.3413767765432,-117.25448269965247,-115.46960509753441,-116.61730974130073,-117.7008596499578,-116.00712084540712,-116.28679692284221,-116.6933915675282,-115.56298247596042,-116.65602355131968,-118.15050351263073,-115.76158824861459,-116.57236204721387,point1,-116.91638427481173,-117.03127019889975,-118.84795971146909,0.9405251425239527,0.14668726335640728,-0.8395359261474757
HDOK,PLOK,17472,17,17,-128,-12,11,2,33,-115.45476672348487,-115.05502830634266,-116.71662880585124,-115.87386741908935,-117.54337591157459,-117.31865633744545,-117.35984281559973,-119.0402559011178,-116.33809441487057,-116.90890597060083,-115.19454563278366,-116.71945290178894,-116.74042515166683,-117.70107145492798,-116.56522553433933,-118.71929019364171,-117.19706719166228,-118.14116269479038,-117.73892556854094,-116.41498621779077,-116.3619651892321,-118.269990151886,-116.58468337332144,-117.74029034737197,-115.9059398026803,-116.1865947196664,-116.89159608235313,-118.44032722304523,-118.36938605054273,-117.84744926561434,-115.68849964829575,-116.86069431513903,-116.12408777036012,point1,-116.97009330567934,-116.86069431513903,-119.0402559011178,1.0206656705618231,-0.11061024054639543,-0.6446423132725214
HDOK,PLOK,17472,17,17,-128,-12,11,2,33,-115.84725671614054,-114.06479485832284,-115.67216859196039,-115.36283212830506,-116.59057860441602,-116.48938386628778,-117.89660200306793,-119.10807310785323,-117.23832315694388,-118.50579779384485,-117.82285543873772,-116.42277675768321,-116.51176787802443,-116.38135351063623,-116.50716292953167,-118.01750384556594,-117.01335103042652,-116.17977503168846,-117.57941144729561,-117.47331194502897,-115.39954601398948,-115.64498346026578,-117.0537056549566,-116.23054728186762,-119.89731108555006,-116.01309223617768,-117.18781226043832,-117.05050108215396,-116.75595169898888,-116.97006478677496,-116.41423444604364,-118.88134808018778,-116.74487320548667,point1,-116.87663793741342,-116.74487320548667,-119.89731108555006,1.3465162151145058,-0.4008598786690965,0.8899829568395119
HDOK,PLOK,17472,17,17,-128,-12,11,2,33,-116.29755466824635,-116.38572538315155,-119.29202245755882,-116.31104611746505,-116.98932241756106,-119.11415831754488,-117.78280149753724,-115.51010708220058,-117.21032852192415,-118.70860377998603,-117.67445793387553,-117.64901497369603,-116.31556456689927,-115.82712905716885,-116.79999950721853,-118.30203247511108,-118.10333589192068,-116.79782685617695,-116.08159060592108,-116.10550851388311,-115.72127886108045,-116.42804306941667,-117.08894719019368,-117.78171894088511,-117.20783792347204,-119.26901707404788,-115.70913740606507,-119.00249240954206,-117.09191582515446,-116.49887251494741,-118.0354568096912,-115.96111087418345,-116.59370091337145,point1,-117.14083819506357,-116.98932241756106,-119.29202245755882,1.1997797460062471,-0.5363911387425576,-0.7439178233580357
HDOK,PLOK,17472,17,17,-128,-12,11,2,33,-114.67978927030148,-116.00552164650233,-116.67783214633046,-116.14529700305492,-116.04671442915853,-116.22569338264115,-118.6770212272156,-117.5755791524466,-115.69929045642692,-117.02582912017435,-116.68774265604516,-117.68199561088575,-117.7248345689093,-118.22970401611084,-117.48385335129356,-117.25767677154856,-116.49997490539943,-116.6599662226564,-115.95473022094306,-116.95563417398948,-116.52199219771937,-118.27903003282407,-115.98633010880732,-118.43523301989215,-115.34827904639653,-117.16790940001438,-117.12459593835833,-116.0227221033839,-115.95876415038175,-116.85833916599469,-117.37879663035008,-117.38913850014069,-117.19771654822999,point1,-116.83525839922807,-116.85833916599469,-118.6770212272156,0.8222277204568855,0.01673823302141091,-0.1784051706531904
HDOK,PLOK,17472,17,17,-128,-12,11,2,33,-116.15231362490404,-116.13248878411004,-116.39059595552145,-116.13921809118732,-116.56819490269734,-117.13284765279252,-117.18618688106397,-117.09513148288606,-118.67668677742354,-115.86320374086633,-115.9377169204586,-117.63460955348975,-115.58410157751574,-118.28914219732363,-115.76372908644083,-117.33720963095854,-117.05760365708386,-116.50397043848193,-117.59673784985644,-116.6266812493182,-116.20538606825677,-118.00484128863938,-119.3646353264827,-119.33653546686335,-117.7011715329767,-117.30392087404897,-117.42335287605253,-116.42332692013882,-117.65668256209331,-117.98620088008796,-116.05775485388003,-116.53720008599589,-116.42300399142376,point1,-117.03310250852483,-117.05760365708386,-119.3646353264827,0.9427274506434448,-0.7415306165131107,0.050514125802096466
HDOK,PLOK,17472,17,17,-128,-12,11,2,33,-115.68730471430709,-115.71854127298805,-115.8040965096016,-117.69841469031924,-117.1203504877989,-116.8711619895944,-117.08257813554069,-115.771007372462,-116.0255076423105,-118.18087656625401,-117.98193390709052,-116.29299042905096,-116.85862806273622,-117.68442941399977,-116.44253596026026,-117.24255374006164,-117.77760741928911,-116.45416944253492,-118.77536561259363,-117.13230065032839,-118.07785664295322,-117.76432548951055,-118.1091094739227,-117.10281188768434,-115.17759689640152,-116.59949623292607,-115.86422371881251,-115.00947192462968,-116.24693886291236,-116.72719111772166,-117.45221226055938,-115.52858517786389,-117.00841837412266,point1,-116.82638157815583,-116.8711619895944,-118.77536561259363,0.8880803518264015,0.02736207279765814,-0.7943581682635794
HDOK,PLOK,17472,17,17,-128,-12,11,2,33,-116.24404292953905,-114.97163781492307,-116.355098545167,-118.64931806763354,-115.67307287352303,-116.47924516961008,-116.31985059676632,-117.09856136377441,-118.03889755448137,-116.61655686472373,-117.37392498900441,-116.08767223121416,-116.27117046041408,-118.9785045275041,-119.19339901431674,-116.16348310465028,-117.14575768895605,-117.89518506654281,-116.46144063065312,-117.57790872966544,-117.38884776948728,-116.54415682986985,-118.35079518957387,-116.76547713460887,-116.71971052497963,-116.86016297579096,-115.9590119497512,-117.8989518329697,-115.34655623210583,-118.00485719881017,-117.51872014991403,-117.76714911955597,-117.03257254772105,point1,-117.02277871752122,-116.86016297579096,-119.19339901431674,0.9921618339372721,-0.2547903562175477,-0.2956333182851232
HDOK,PLOK,17472,17,17,-128,-12,11,2,33,-116.12692835046107,-116.65855569512739,-115.84974550006397,-115.71079313103496,-117.9242569200784,-117.40716953660674,-116.3118990020528,-118.76334864390897,-118.32928837262604,-116.92257298412376,-119.23169355139785,-115.19336925768232,-117.89117543435917,-117.93378231833047,-117.5153037881648,-116.75754732588389,-117.21430563718965,-115.63641660813613,-117.26550609291155,-117.76951288324474,-117.27711023093568,-114.4426962705633,-117.87295139833452,-117.43899392726267,-116.3786531955682,-118.14731138939165,-118.11176769411962,-118.7334365854063,-115.5068359712769,-116.12022065480967,-116.88419154069821,-119.19688308161525,-117.51073169177344,point1,-117.15257438379214,-117.27711023093568,-119.23169355139785,1.330095201134722,0.26463291874938394,-0.3769781475914975
HDOK,PLOK,17472,17,17,-128,-12,11,2,33,-115.02070707847557,-116.46845902281582,-115.67738732535304,-117.7495076912316,-114.95688862660501,-117.43438866535189,-117.07407584364559,-118.12991016388254,-117.68132356528459,-116.64260732322427,-116.87070238763214,-117.07500303250359,-115.84675576661277,-117.27142225014842,-116.57495784189943,-117.11865623362594,-117.06209053568334,-115.40834913293607,-116.89054284088802,-117.47598683067842,-116.68942796539753,-114.64132558198304,-117.83424085900681,-115.25857552648799,-117.31062307379429,-117.92757440721584,-117.18945522577447,-117.17472171962935,-119.72855840549076,-115.94547974798607,-116.87039298909818,-117.4372936647791,-116.68543403925163,point1,-116.8219037989204,-117.06209053568334,-119.72855840549076,1.071931186811706,0.02233027442066367,0.9293657033510772
HDOK,PLOK,17472,17,17,-128,-12,11,2,33,-115.2016006474946,-115.24987860942602,-117.71959240529503,-114.64544846139455,-114.87371487116327,-114.63602968106491,-118.35625581374828,-118.95013606095321,-115.3615421505295,-118.24180707796171,-116.13705412132668,-116.85938790373079,-115.62059036237557,-116.92095117247116,-116.54894599214991,-116.91503168781637,-115.52462892161711,-116.70316926708139,-117.29548520880535,-114.97326497372337,-117.65466927577354,-117.64197531907794,-116.59606039657015,-118.45986421371919,-117.33586315265497,-116.90255639475525,-118.0174370409639,-116.71458027119787,-117.2166171682765,-116.98424058979408,-116.91537086470069,-116.71061124053774,-116.43128357742846,point1,-116.6762316635024,-116.85938790373079,-118.95013606095321,1.3047774067675038,0.14392773432406597,-0.6851148474219624
HDOK,PLOK,17472,17,17,-128,-12,11,2,33,-117.12782544264913,-117.35630159749837,-116.21509725311401,-116.42523258571393,-116.58045089113712,-116.88182737067737,-115.8924723082111,-117.79179672091735,-121.02299349275691,-116.8208272792375,-117.15628014748975,-115.96426919893486,-115.1573496788214,-117.82410244430179,-116.08113746012597,-117.49876454309639,-117.93656078944448,-118.50632616125668,-118.89156976278497,-116.4575018558692,-117.953071395977,-116.81196583999898,-115.61738804649188,-116.05733840264722,-118.78473355518187,-116.9406444074047,-115.98794495087171,-116.74280614505535,-116.27952394965122,-118.44968612923009,-117.08131554372616,-116.59744744711546,-117.08611871288174,point1,-117.09026277303855,-116.88182737067737,-121.02299349275691,1.3086094264714192,-1.2696368866085315,2.7947735027861023
HDOK,PLOK,17472,17,17,-128,-12,11,2,33,-116.82015609978089,-114.02065830819416,-116.49649951665575,-116.37897695345815,-117.44209122057288,-118.31141468067389,-117.02357822928887,-118.10502773245443,-116.90777610914233,-116.99646976867884,-115.7942155616522,-117.86109527425431,-116.95696905798061,-116.31981235735535,-118.20235768597148,-117.19421074580758,-115.84206211962848,-116.12752165951667,-117.35470536021703,-117.00928490045781,-116.71417266982164,-117.39284061513192,-117.73801042823295,-115.07285245716456,-117.6742820801185,-115.58918507714166,-118.41406155115934,-117.13980996013531,-117.77392627827373,-117.059694126538,-116.59254556541575,-117.48933664044361,-116.68699292163815,point1,-116.92432102160474,-117.00928490045781,-118.41406155115934,0.8769807201865663,0.9401403979348562,1.5478880691733568
HDOK,PLOK,17472,17,17,-128,-12,11,2,33,-115.52179385828491,-116.0774411308691,-115.42971302903516,-115.56973262469164,-117.55958518593881,-118.09114861838579,-116.34484883535919,-116.92253103915418,-116.78988396001583,-116.97227559979932,-117.1540639957063,-118.36837510606959,-117.55574314392749,-116.50200503888084,-117.87995238282662,-116.60603348554221,-115.65828996997189,-116.54886508500887,-116.8032408286211,-117.19690742986865,-114.93901179724487,-116.73250040039379,-119.2468026854709,-117.30441718204548,-116.28503531080284,-117.05216902128022,-117.16581799453073,-116.68093619629244,-116.88528374474251,-114.62518702220203,-116.36859100196725,-117.69738674963293,-117.27714548506279,point1,-116.78220348301899,-116.8032408286211,-119.2468026854709,0.9135725335556498,-0.0019680520250869803,0.6237455326032766
HDOK,PLOK,17472,17,17,-128,-12,11,2,33,-116.39459092662032,-117.52906807100926,-114.88365928436812,-115.82970104194894,-118.13247220843706,-116.12681202547782,-116.02502360613822,-117.616124407875,-117.34148788640319,-117.34713286756546,-114.39791280693223,-117.57285048664151,-115.33792514560798,-117.68616712139354,-116.35475047234614,-116.91892405246766,-116.22574126081614,-116.53030768174159,-118.05079214727155,-115.99801947095028,-117.4484349021409,-116.69574812684671,-117.64585591192565,-117.15904020409198,-117.40770530549091,-116.2177870857569,-116.80384998583474,-115.1474994964033,-117.85587680355,-117.67938049190039,-117.41830568284243,-116.95518711457414,-117.47298550402292,point1,-116.79415513901189,-116.95518711457414,-118.13247220843706,0.8779261256149187,0.7917725838537444,-0.0379026894066361
HDOK,PLOK,17472,17,17,-128,-12,11,2,33,-115.6198468469123,-114.80267841605348,-115.87753682555682,-116.47251749721754,-116.53307204900244,-118.18908438552664,-116.51111936953629,-117.16236975661832,-114.81829226370061,-115.7597931950701,-118.37712129113956,-118.67141645559362,-117.19054109633409,-116.1626626094515,-116.98349746474102,-115.43019229693924,-119.28645161736443,-116.64696881056285,-116.59117782574816,-116.84762943741465,-118.14471748240052,-117.44171986555578,-118.39867021557548,-117.71964635436677,-117.87930722688081,-117.51860591727194,-116.02368449742752,-118.02599215776652,-117.01315447789311,-117.57008108880672,-115.38064331874882,-116.79615575595307,-117.28996064278441,point1,-116.94352450036106,-116.98349746474102,-119.28645161736443,1.2089980432459824,0.06142445728016317,-0.5078190390238717
HDOK,PLOK,17472,17,17,-128,-12,11,2,33,-116.14683796487829,-115.07901491882103,-117.31628289608457,-115.20432236159476,-116.65684857726941,-115.70390367940365,-117.341561173198,-116.76897069537478,-117.34893303291977,-115.48782294220503,-116.64800613242772,-118.16505978300853,-116.72706589837156,-117.14616600839368,-115.95243443370332,-117.6362346736239,-117.0299133084258,-115.52402836883319,-116.29756731902641,-118.70570200866777,-117.47245131789403,-118.19413616425774,-118.02195322756985,-116.3611427388713,-117.20543889413054,-116.85305448225637,-116.62201657496473,-117.34540384849113,-117.17023038004544,-117.75185230294782,-116.35716389723814,-116.56892029076793,-116.73665182831867,point1,-116.83476036739349,-116.76897069537478,-118.70570200866777,0.7445302016226507,0.10100311242054986,-0.24338666728219494
HDOK,PLOK,17472,17,17,-128,-12,11,2,33,-116.52264110092526,-118.80525352000886,-116.96396694489233,-114.82698524579939,-115.38410220873021,-117.41030872943738,-116.72820335223057,-117.18095576252969,-117.34001596688134,-116.93776584962198,-116.48897691428637,-117.58815384641102,-117.68126889958747,-116.44507150556551,-117.79237643599869,-116.7595139487802,-118.12043097701064,-117.5170976131122,-117.4572025821414,-116.74412631276412,-117.18557583669764,-117.92579112435598,-116.95469359838897,-117.05759866544523,-117.91287392742176,-116.2430977907117,-115.50878257731617,-116.93401568702161,-115.26350379467556,-113.96514790762558,-115.8365347218247,-117.74437981086672,-117.42414607448693,point1,-116.86819876465312,-116.96396694489233,-118.80525352000886,1.0105800097178,0.9221279445525238,1.0772436369801235
HDOK,PLOK,17472,18,18,-128,-12,11,2,33,-117.63639500376885,-115.89597341463848,-117.22782281644648,-117.42015423768619,-118.20102124327667,-118.35567376098346,-116.30749392286785,-117.2489704086173,-117.5643243402872,-118.01271800814199,-117.79900754530851,-116.79722546300349,-117.66046604363682,-116.37758435633454,-118.14812143096175,-115.71550950437866,-116.79398367617866,-116.78795053388951,-118.02762195488019,-117.82796561130836,-115.54688171248583,-118.64770379212914,-116.95809766526602,-116.35819932126138,-116.81310576144968,-116.37390740348391,-116.2098653659782,-117.08875636725287,-117.46776922770196,-117.96845133557372,-115.14044419681811,-119.37522190139357,-117.89785260872267,point1,-117.201583028367,-117.2489704086173,-119.37522190139357,0.8890653778929157,0.12169480398092766,-0.22576680373733415
HDOK,PLOK,17472,18,18,-128,-12,11,2,33,-113.07935774682605,-116.5497112489011,-116.381535618474,-117.37194472527997,-116.53232650236274,-119.0000206405779,-116.69025785755872,-115.2011882894386,-118.80568940864015,-119.00038384181619,-117.32820675970461,-117.29835510829854,-117.28063426358501,-115.28125602291856,-116.52382478687208,-116.54519070225118,-117.40545528971619,-116.98779478349876,-116.63317589380856,-116.81335193809939,-116.55815383297926,-116.35768360620779,-118.08595658591886,-116.92228643736803,-118.24444678928836,-119.20253662532808,-117.73433338218294,-116.52411471503981,-116.1495291403541,-117.8242770808776,-117.9282652245493,-115.67418681258295,-120.15531520012664,point1,-117.09305293519489,-116.92228643736803,-120.15531520012664,1.7441147707607896,0.30647478080866347,1.7738366179592036
HDOK,PLOK,17472,18,18,-128,-12,11,2,33,-118.36807361192703,-116.81952791980035,-116.78114083839648,-118.01249243206252,-116.3857999046395,-118.50357033863583,-118.41458299514073,-116.94993782918868,-117.88974641632565,-117.87354782757463,-116.41501255738707,-117.92752631314632,-116.86043873468016,-118.27500597324926,-117.44256036723041,-116.13940165088503,-117.64667298739181,-116.30090466395497,-118.2436668367684,-116.37919233384234,-117.47044152470066,-116.89754358886638,-117.67032069771048,-118.73670694827776,-117.71318753923467,-118.16468685770926,-118.83672840541568,-117.32299956549103,-117.9594837721034,-117.0572075228597,-117.03941873784945,-118.72310012844127,-117.2195057747807,point1,-117.52848889683841,-117.64667298739181,-118.83672840541568,0.5928102936384669,0.09609154304579434,-1.0707082215541814
HDOK,PLOK,17472,18,18,-128,-12,11,2,33,-116.19230959233356,-115.85691370786407,-116.74722402128424,-117.25699233743546,-117.43498380685321,-116.89978868317596,-118.33724956957363,-118.73511420944318,-118.34343127964189,-117.09783148055782,-118.07189797386494,-119.72327058196745,-114.9516847577516,-117.23443883832508,-116.90049996792621,-118.56933133850906,-116.61331420873732,-117.40735636042366,-117.0490523755089,-116.38815613103581,-118.10910410102885,-118.65341797482607,-117.74752895662678,-118.52837486462913,-119.30974008162673,-119.85181370856672,-117.4258800261482,-116.31368117397426,-117.0117504423897,-116.9937294777447,-118.07814126407324,-116.61088987820345,-117.23533043073054,point1,-117.50546132129641,-117.25699233743546,-119.85181370856672,1.1757277533996928,-0.19553150657450882,0.06595357351877862
HDOK,PLOK,17472,18,18,-128,-12,11,2,33,-116.23857713086657,-117.16287944607946,-116.89491707575276,-115.75094989386486,-115.89464648729809,-117.91358103250761,-116.19342264957417,-118.00011706653841,-116.26368784539513,-115.73990608335949,-116.78849222921146,-117.83985338718078,-116.70049991989711,-119.61627705778493,-115.39397733231567,-116.8817946457471,-117.44396435386888,-116.65028709918936,-119.63628875103721,-117.94925593657274,-117.43212685131724,-118.57058254872696,-116.9030986391794,-118.8787944312188,-119.15179137114946,-117.59013789399536,-115.93367967183892,-117.10630776175181,-117.87984342096433,-117.13912324876951,-116.705977202948,-118.52829476156423,-115.50354121528842,point1,-117.22050528614406,-117.10630776175181,-119.63628875103721,1.291914147958915,-0.44361762460500587,-0.4508821147024169
HDOK,PLOK,17472,18,18,-128,-12,11,2,33,-117.14261424251653,-116.3634366770218,-118.32373864005977,-117.67935816925552,-117.63245242204243,-116.63374965262683,-117.59630339374097,-116.8311827915864,-117.40300712468249,-117.5827422446232,-117.88356730333646,-118.482511864915,-116.48680832629084,-118.08120664250814,-118.19935129258235,-116.75160122570617,-118.15042916037144,-117.07609184520504,-115.52007038015769,-118.95058274601445,-119.8046158377087,-117.66653198050864,-116.66868705520582,-116.78229540237476,-118.01828740898401,-118.6011246979379,-117.55276377589384,-117.62849458669025,-118.25414035164137,-115.07699374646626,-117.98638916297772,-117.87104033897621,-117.84907149011063,point1,-117.5312497569915,-117.63245242204243,-119.8046158377087,0.8628237534349543,0.3885156011141549,1.0790471857176978
HDOK,PLOK,17472,18,18,-128,-12,11,2,33,-115.81933597124421,-115.08295859607674,-118.45662590708841,-115.87520522232697,-117.15510054850897,-119.0993283082153,-118.02086628201072,-117.58508664048844,-116.33421820928932,-116.42655235056954,-117.24218497957216,-116.87464464097272,-117.73875671262878,-118.33084335553893,-117.11302668072368,-117.61996870309187,-116.87916980247287,-119.1430510450735,-116.77936327588883,-116.09512271394217,-116.62414553513656,-116.6182269307916,-114.62789507033439,-117.94102065000845,-116.01281864405858,-115.64059703681366,-118.22345100448564,-115.23765326816734,-116.83169595409653,-116.41995206421025,-118.44961188913355,-117.15253272495076,-118.58364255801281,point1,-117.03135312957345,-116.87916980247287,-119.1430510450735,1.2877716097741494,0.03917386678765568,-0.5804011851982747
HDOK,PLOK,17472,18,18,-128,-12,11,2,33,-116.27889069598297,-115.27657555588861,-116.06790098399188,-116.55171305257018,-118.3345467676425,-117.47492660488189,-117.30568134356122,-117.28380949326937,-117.73573512839216,-117.17563567632786,-118.05574026325634,-116.48607131448449,-116.96214089959415,-117.62280281623985,-119.08808037332771,-117.40520142388114,-117.65581462883453,-118.06857377703078,-117.62162652270943,-115.8194912171379,-115.50725847064788,-118.26426873742189,-116.62142130004824,-118.95412706018902,-117.31378533639429,-117.26105705438273,-115.83195208252668,-118.43728041096873,-116.20316565123821,-117.73374509136147,-116.69036908575299,-117.47357052369469,-117.26821941862484,point1,-117.20700541703809,-117.30568134356122,-119.08808037332771,0.8634411935624284,0.13384079986467454,-0.3580803107124879
HDOK,PLOK,17472,18,18,-128,-12,11,2,33,-114.02697385599237,-116.80596922354013,-115.16248376231292,-117.3434710814796,-117.4423675656329,-117.49913368107684,-115.59032592897134,-117.43448120993483,-116.68010977067796,-118.35171273622267,-116.99098063121961,-118.17729697821845,-117.46804151489266,-116.70197607349174,-118.26188756427995,-116.69443897388548,-116.1039436877861,-117.06008297970666,-116.62348378162227,-116.9144019604783,-117.62412956425463,-116.20451994378935,-117.92143681238943,-116.80596897911613,-118.76235247804104,-118.0050218472556,-118.3570308398589,-117.61192470070796,-118.20631804657886,-116.86038383942225,-115.56851951606302,-117.90216990572519,-117.67004120693431,point1,-117.11616304974423,-117.3434710814796,-118.76235247804104,1.0254213209202248,0.9747467406562991,1.3115534662973025
HDOK,PLOK,17472,18,18,-128,-12,11,2,33,-118.00562126771261,-116.42850895274202,-116.70753103499955,-116.35123873430184,-116.39601969313563,-115.55600107946353,-119.0713422305312,-117.52878628740177,-115.49814387973198,-116.84516526292327,-117.59178108042933,-119.16092796140917,-116.67197472942476,-116.8902544499003,-116.66955077537199,-117.32453467233022,-115.67972547088236,-118.23502134625632,-118.55646638983201,-118.70378175686785,-118.48343412994717,-117.77566740390344,-116.72695106650505,-116.30976539313353,-117.01151101805237,-115.40757041186812,-115.7863826276612,-118.04752621413738,-116.51225496811162,-116.40680355242951,-117.9532182238724,-118.65427333689128,-116.94129950889551,point1,-117.14815257306233,-116.8902544499003,-119.16092796140917,1.1231877262900736,-0.23204927052163854,-0.9236596841105791
HDOK,PLOK,17472,18,18,-128,-12,11,2,33,-115.34463222642113,-114.51781803067914,-117.04978720391298,-117.1387084528033,-117.2648408778474,-117.09537286164671,-118.7373964304315,-116.12285932191254,-117.68839079053907,-116.26301692180407,-117.80212733445575,-118.02595730104261,-117.7593686724431,-117.23995838234892,-117.8325914386772,-116.29173072913783,-117.31412554993364,-118.24106632825371,-116.8067898264585,-116.16738765891597,-114.59956412969,-116.9259739896522,-117.97735004196552,-118.11459701170017,-119.28403143431153,-117.45405538178585,-116.31001816221149,-119.39543227226635,-117.01236380835033,-116.80939945976942,-115.51452112644854,-114.73621144704072,-116.0572601209123,point1,-116.99680923411422,-117.09537286164671,-119.39543227226635,1.4412265776960886,0.23941992821916636,-0.07793505005332335
HDOK,PLOK,17472,18,18,-128,-12,11,2,33,-117.3253481064573,-116.28654005734064,-117.97834832760553,-118.12227447361221,-116.99987723234861,-116.73637035275375,-118.06289309721954,-115.15777474849897,-118.47989239573086,-118.07387601853685,-114.76217910990297,-116.38065512774601,-116.45994452417646,-117.69391475426036,-117.09344548365259,-118.25593263143509,-116.32119358360713,-117.54213708371809,-117.5951061494016,-115.41420454537136,-118.17809509627844,-116.26879826992194,-117.39015718359549,-116.35671732303747,-118.10784586464338,-115.27229158643536,-119.13169407736791,-118.58903713407388,-117.46819871143428,-117.46765000752386,-117.25056628046718,-117.47099950726496,-119.12404322893158,point1,-117.23690915376824,-117.46765000752386,-119.13169407736791,1.1907320057094697,0.47195217498569886,-0.25814510012119074
HDOK,PLOK,17472,18,18,-128,-12,11,2,33,-117.37196814714193,-115.50094933272398,-118.34309306772995,-117.18019242089598,-118.89964659105497,-116.70673556843226,-118.92747491329074,-116.702454975603,-116.21905170763391,-117.534028352464,-116.90487755103628,-118.27928737039446,-118.42740723042444,-117.12161602369416,-117.14840875947215,-117.54068270886279,-117.36414190605221,-117.61053329665003,-116.47005880741307,-117.97452973911729,-116.39614181614864,-116.55335533561004,-118.31285336458137,-118.96659750001879,-116.5362105623502,-117.4417597598663,-119.30942570961905,-117.0189520225559,-117.89500370406628,-115.98196729218373,-116.4760717747494,-115.06432205730712,-117.53168683415024,point1,-117.3245904910089,-117.36414190605221,-119.30942570961905,0.9977990325232368,-0.001758654574782312,-0.2780351501716871
HDOK,PLOK,17472,18,18,-128,-12,11,2,33,-116.10421911897468,-117.76768540195243,-117.96173469494293,-117.4118751056656,-117.13583197139003,-118.03020977039967,-117.07723373949689,-117.80465099359759,-117.65441856395947,-116.45785737008318,-117.99206438505088,-116.61394511504191,-116.47807386741479,-117.13401289280992,-116.13123037543203,-117.32989066630311,-116.22125308555825,-117.53967997925565,-116.80483479488667,-117.27730355679736,-117.23707000425128,-116.15705562562236,-118.25542788422614,-117.59772190957295,-115.81573709294534,-116.68357883528901,-115.99434005039775,-116.59537478972317,-116.57056881843673,-116.53622977853323,-116.59975814687432,-119.75360655722184,-115.95605113975735,point1,-117.05092503278378,-117.07723373949689,-119.75360655722184,0.6898694685989407,-0.9499651768183068,1.6790552847920082
HDOK,PLOK,17472,18,18,-128,-12,11,2,33,-116.1433893607521,-115.66654421541745,-116.73631607686355,-119.3526722373198,-117.29980370831083,-117.8422608886724,-117.45828372414731,-116.23916285339901,-118.04613247386797,-116.43119252764002,-116.56393234155934,-115.92446852591888,-118.56545244541232,-116.86195608301507,-117.95941968497924,-116.53873903989961,-117.35675750823223,-118.26034815919198,-117.06497946367796,-116.40594076691387,-118.49833470959634,-116.5750618383143,-119.40617329386335,-117.63048065712293,-117.14585005163043,-116.66914658777182,-118.17222392621733,-115.75810789090758,-118.0060889803804,-116.08807788147678,-117.75851187033676,-118.24153396865422,-116.87841405340453,point1,-117.25896235742022,-117.14585005163043,-119.40617329386335,0.9565928457448671,-0.3740437349298996,-0.5656187434618993
HDOK,PLOK,17472,18,18,-128,-12,11,2,33,-115.33702148597524,-117.32666032754801,-115.17381061438164,-117.27169478574314,-117.09122234949551,-119.4847415959353,-117.10425081690757,-117.66330817791741,-118.9812244113205,-118.16736404397031,-116.39486851182096,-118.13611797030947,-116.80594504938921,-115.68162299957453,-119.17329576636747,-118.55829402351098,-118.3547832776276,-117.56998630691793,-115.8390582967529,-116.89913746209744,-116.29240375498894,-117.44401052722883,-117.55619121691608,-117.19389579532596,-118.7470036420236,-118.63388686538438,-116.23637132425551,-116.25872661743583,-118.32917897961278,-118.09994690711899,-115.37814391436228,-117.1560094940363,-117.20421088823552,point1,-117.31952691516629,-117.27169478574314,-119.4847415959353,1.2881040617957344,0.112460737048982,-0.6988792042065333
HDOK,PLOK,17472,18,18,-128,-12,11,2,33,-117.51847587705274,-115.45112188174284,-117.83179328189718,-116.68940087118703,-116.18715176708167,-117.1312019385234,-115.62725668648824,-118.27896531654599,-116.57574598594422,-117.76445539898594,-116.9090916749608,-118.6714021157407,-117.9737936433011,-119.40240982231661,-118.90369843379199,-118.86171061193768,-117.49688737007114,-118.19560653794292,-116.68297694395343,-115.59667605502744,-117.57611884018255,-118.87616657773005,-118.73647953500111,-116.86362615243455,-117.36357812133595,-116.50977501888947,-118.76831525020893,-117.4963663059958,-117.47150296031471,-116.78680126828046,-119.02740999429568,-117.48881531153236,-116.09421270612862,point1,-117.47906031081284,-117.4963663059958,-119.40240982231661,1.1294668227430642,0.09597446739226344,-0.8138533356997892
HDOK,PLOK,17472,18,18,-128,-12,11,2,33,-115.85143906834341,-116.01031758200017,-115.37725063669653,-117.5457551939334,-117.51103928795186,-117.77828079362209,-118.29354008489271,-117.17920067673865,-117.76354880944746,-119.43398996681674,-116.27596151825378,-116.71623691279093,-117.56614389779217,-115.88952075621394,-117.95634232254434,-116.43655874809791,-116.5259490848323,-116.74436881349833,-116.87763712653759,-117.51591593690276,-119.46135961590596,-116.838075924472,-117.75755115235876,-115.94288733113427,-117.46665545729437,-116.67217631875644,-116.34921236402622,-116.46454170477189,-118.27713709085197,-117.20033623318058,-116.63580019723193,-117.62101549920621,-116.56812920129666,point1,-117.10617803964833,-116.87763712653759,-119.46135961590596,0.8814072640524717,-0.6471285945165114,0.5161516476875234
HDOK,PLOK,17472,18,18,-128,-12,11,2,33,-114.15781155558571,-117.74759843542456,-116.2494657252441,-116.0660185249082,-118.0451053086841,-116.46699839621915,-117.91277818793509,-118.24775141475993,-116.79846926950997,-117.28443641260179,-117.57367584003958,-116.4402489048503,-117.07982637574096,-117.78861107675455,-118.09634443745291,-119.14990922954954,-117.04748292744738,-116.58810443178517,-115.85122147069265,-115.52449537854635,-117.35526893916814,-116.68398910741125,-116.54961263701918,-119.15245171032814,-117.49692493544303,-115.94683211869717,-116.47497857794941,-118.34422922595903,-117.24220244407279,-116.52067410997856,-116.75246831713682,-117.66268522940007,-116.8727928487883,point1,-117.06580192439651,-117.04748292744738,-119.15245171032814,1.0268719709061622,0.25940713103018875,1.0247136100112626
HDOK,PLOK,17472,18,18,-128,-12,11,2,33,-115.17134960009437,-118.28740666760098,-117.63767342654592,-115.75719448735289,-115.87515172395617,-117.41804073205003,-118.0179311970241,-116.95156305611127,-116.86385379729295,-117.13187840076421,-117.36478040158948,-117.52094854433655,-118.27527485160599,-116.67074824726201,-117.49503603555183,-118.37559665127931,-118.89047431312017,-117.23919295397552,-118.09510696724209,-117.87699027209025,-116.62419738857565,-117.64249366818315,-117.75269042616416,-117.94450096080948,-119.33876569080786,-117.95701219681499,-116.90479629779901,-118.95592825268544,-117.07946436104547,-116.28469360278194,-118.58241285825628,-117.27180466780638,-117.3370944580663,point1,-117.47248627747399,-117.49503603555183,-119.33876569080786,0.8308671902749205,0.3474966305727627,0.3386969600821299
HDOK,PLOK,17472,18,18,-128,-12,11,2,33,-116.3299487375882,-116.9266095838032,-116.78310313126319,-118.91153134845169,-118.04801208626668,-117.35902813633801,-117.51891837292072,-116.74470113194538,-117.5848068211364,-116.66136072595728,-116.26830018853514,-118.8715955029071,-118.79193579926995,-117.27243949965349,-117.30584029324166,-117.38005826193468,-116.72130200304325,-118.35530249130446,-116.46074111406587,-116.96425273822233,-117.17162941246325,-117.17597739398813,-117.41008418126074,-117.02761554462256,-119.1714371201147,-118.60409221829104,-117.48660344206587,-116.75418956461054,-118.00815325466344,-117.20349415006473,-115.11362880707308,-118.33247278368015,-116.31460896419725,point1,-117.36465984257406,-117.27243949965349,-119.1714371201147,0.7948425140651574,-0.13909892020239653,0.13811617953676958
HDOK,PLOK,17472,18,18,-128,-12,11,2,33,-116.09770263554392,-114.56035738183778,-116.963190978976,-118.55787504269757,-117.81691102035438,-117.07131537941264,-117.3092638440618,-115.26782673653854,-117.59240561130638,-117.52543250076914,-118.35717458492674,-117.81690122760054,-115.59965769155032,-117.15064341166716,-116.62330979860661,-117.15111922171775,-118.18422241112755,-120.52937108571729,-116.9662205389114,-116.22839926682137,-116.58514596563799,-116.99883604786301,-117.40461122791693,-118.88694242882144,-117.27648098905163,-117.67041850026247,-117.22882028651556,-118.08219435112,-117.44752392866027,-117.57944873828691,-116.52279571886297,-117.72449812150815,-118.77833882637609,point1,-117.31985925760692,-117.3092638440618,-120.52937108571729,1.1946523786872134,-0.12793695786992448,1.9217454567908585
HDOK,PLOK,17472,18,18,-128,-12,11,2,33,-115.77640173559983,-114.51885031096299,-117.50766201894666,-116.5532752272142,-115.2574826874385,-117.71770747960608,-116.67551328190093,-118.04345483537482,-116.1220333429002,-115.63916060635897,-118.21211964148176,-118.12026399521118,-117.9561476683958,-117.49845367415566,-116.5998505171556,-118.46474973331348,-117.0212323589914,-118.01228445819905,-117.42050898453016,-117.93068626395137,-119.07060008843175,-116.6345731973119,-117.45155555262063,-116.42136999402639,-116.00058358913736,-116.58960440991899,-118.64854109366715,-117.29075738175477,-115.95300941892756,-116.2620000226325,-116.3862997853545,-117.76330321863573,-116.65302958117984,point1,-117.03554745925115,-117.0212323589914,-119.07060008843175,1.0711345524427116,0.22590885168558192,-0.3412117851590808
HDOK,PLOK,17472,18,18,-128,-12,11,2,33,-116.72072314371015,-113.71356654040835,-116.37791854549178,-117.58580300502867,-119.04638263929822,-117.76830823919856,-117.64227141840631,-117.2196966735303,-117.5081048699317,-117.7668378171299,-118.07020922979102,-117.14738997789946,-117.35163534744093,-116.20178571858183,-118.09057148975603,-116.08653098184243,-116.66057026536522,-116.41766567970978,-116.68866346789716,-116.5467691722438,-116.35149632098364,-115.94729828222384,-117.22870446341048,-117.55336616445136,-117.18925767907535,-116.12336202493017,-119.61517121972324,-115.42798055981837,-117.23486875462171,-116.42004950311221,-117.91210244764684,-117.47300909553603,-116.31464034862388,point1,-117.01220336626722,-117.18925767907535,-119.61517121972324,1.1004844098270619,0.37505649248724005,2.4373926935768693
HDOK,PLOK,17472,18,18,-128,-12,11,2,33,-115.30856192767465,-115.15206620074999,-117.047206299749,-116.4336976999887,-118.72092361670751,-117.67961954832806,-117.46248970404321,-117.10180097509202,-117.47523562654386,-116.5321403085799,-118.326791038169,-117.09112621077846,-118.92274837113439,-117.88027163559879,-117.71493074368802,-116.67713814548125,-117.20860272009905,-116.2967397161814,-117.63651261293683,-116.18791913290592,-117.17881348399966,-116.87705561930902,-117.81767415826134,-117.1898777275694,-116.63242591551344,-120.0244087433126,-117.8625413379257,-119.03690560387182,-116.07828032986316,-117.63855430607741,-117.92026908662422,-116.20728683163975,-115.96546613144774,point1,-117.25109337908619,-117.1898777275694,-120.0244087433126,1.0848167315640702,-0.35012481574156457,0.505429654321472
HDOK,PLOK,17472,18,18,-128,-12,11,2,33,-115.3299300688044,-114.54610958681512,-117.2520215502634,-118.39770917156856,-118.53166352804975,-116.66089470089437,-116.44793892128052,-118.19428394798057,-117.59593671427702,-117.51853345498134,-119.01186042336023,-116.45920318585786,-118.07139977404323,-117.61122388975195,-118.23534661765882,-115.63695300486222,-117.25144206227682,-117.0042085284889,-117.74820851138753,-116.02528515271493,-116.51793518428333,-119.40576966153023,-117.80194358654138,-116.7901382682472,-118.27643129007048,-117.46021376285663,-117.59107924153541,-116.5750228139651,-117.37429019745227,-117.22500098161305,-117.36402031928957,-116.89071668908146,-116.74151775635569,point1,-117.25891613782237,-117.36402031928957,-119.40576966153023,1.0221398520155538,0.39950675645207506,0.6749322461304894
HDOK,PLOK,17472,18,18,-128,-12,11,2,33,-115.81760716712886,-116.3041318589066,-116.2384571140463,-116.75880911518627,-117.23615537530786,-116.64627402773766,-116.59636929637992,-116.30515758216518,-116.19022283645945,-117.9123494427073,-118.09365234186173,-117.85979958259965,-117.62070819157545,-119.58425345443753,-115.90528813551585,-117.77053175005446,-115.96392824253556,-116.09789380853907,-116.43100223980059,-116.42856924495736,-118.86147790311747,-115.17120153582555,-116.02967755853126,-117.23505365695638,-116.76340443738015,-117.3104141682513,-116.5266423608554,-118.49914908175649,-116.33081668638839,-116.70556949705829,-118.30069760119429,-118.30951769050294,-116.45849336175121,point1,-116.9776750408325,-116.64627402773766,-119.58425345443753,0.9943006091446552,-0.723873993290508,-0.015578764882731466
HDOK,PLOK,17472,18,18,-128,-12,11,2,33,-115.58203310262267,-115.74264911033602,-117.74883388171001,-115.99841518043029,-117.15635186994805,-119.07821036860153,-117.22014706800607,-116.7428121306596,-116.46018397940844,-116.45212256014759,-118.50103731793035,-117.55111898062539,-120.77631423891135,-115.15050979153364,-115.94393098657899,-116.63273600421832,-115.76329802198313,-117.53937233177788,-117.62864675875701,-116.53235634351056,-117.21742364117789,-117.71740673257615,-117.1654775107608,-118.64822631502334,-117.70808486935898,-116.16021107581331,-117.37766627148278,-115.36389082047052,-117.06074250046483,-116.53287888485833,-116.14877764870172,-115.83979629242961,-117.25269455782761,point1,-116.98164718632249,-117.06074250046483,-120.77631423891135,1.3274200641078657,-1.0786883290452363,2.179642443737515
HDOK,PLOK,17472,18,18,-128,-12,11,2,33,-115.18936799977672,-115.62996792149725,-117.9351363696639,-118.17949223522531,-117.56420957845016,-118.15412519773832,-117.52923664375272,-116.38869708245743,-117.29977560278905,-118.31036570466556,-118.60677855135675,-117.66290037158907,-116.23434913806429,-117.00141872707606,-116.88209276932166,-116.95355225824544,-119.29104624212546,-117.8621220117077,-117.55286539670642,-119.02212465653494,-116.74074597164113,-117.27682994749792,-117.92635661804432,-118.64605042378204,-116.23306193027452,-117.64418946299143,-118.6596422035307,-118.27735723138231,-117.9809171219015,-119.53027968569184,-116.14311026478755,-116.78385293096441,-116.14143496029381,point1,-117.49192282459174,-117.56420957845016,-119.53027968569184,1.0769717965040781,0.1653573867651932,-0.4328914873040093
HDOK,PLOK,17472,18,18,-128,-12,11,2,33,-115.8492287379086,-114.56149352026766,-116.0307556482468,-117.77741762475205,-118.05308427422177,-117.72481239006888,-117.46974008843603,-116.54410489907897,-118.26886643315379,-117.49015756600991,-116.32138886487657,-117.60672948920103,-117.15142130825765,-115.52876903566971,-117.9162735975432,-118.35288018510042,-115.99232276075811,-117.81167006747577,-118.46479009938858,-117.58462160710862,-117.63158653072931,-115.77896103754986,-117.21333319673361,-117.33351602861651,-115.0613756922272,-118.070881377409,-117.24604334541563,-114.72348364965886,-117.75340765257225,-118.44243049593614,-114.81037464374465,-115.7577209484795,-119.01842367758348,point1,-117.01036565073272,-117.46974008843603,-119.01842367758348,1.4492782626994025,0.5740623146665118,-0.7634882606202296
HDOK,PLOK,17472,18,18,-128,-12,11,2,33,-114.27159221597103,-116.15064975195781,-116.55018662231457,-117.22457041838973,-116.75853582253076,-118.29786235602184,-116.79266828375133,-118.75790383048901,-118.759681821247,-118.29133855786007,-118.3492304031065,-116.89245688512861,-118.99559055289012,-117.60450094717218,-117.35110822579749,-117.79015850125593,-116.33142496597655,-116.60813109506415,-116.27822225041618,-117.35285136921381,-116.1141251346646,-116.66444377068399,-115.9734049266978,-117.36956174979115,-117.45775278393621,-119.04267773256916,-118.22421345014676,-116.83876794494005,-116.2630159486032,-117.37457990595803,-117.91248920287765,-115.66614754576398,-116.93434157953612,point1,-117.18921777432494,-117.22457041838973,-119.04267773256916,1.101347643009912,0.2602086372505284,0.37678297832561114
HDOK,PLOK,17472,18,18,-128,-12,11,2,33,-117.03106440125535,-116.06121235256772,-117.60080604526749,-117.54467273822348,-118.13795101520816,-117.15724795507478,-117.27673600506837,-117.78732152428985,-117.14118161131759,-117.27886119579014,-116.2666200345451,-116.853185488272,-117.3352266142116,-117.57843126237124,-117.80050594048134,-116.90181588246233,-116.28464052037332,-119.01815344342323,-116.88772431697284,-116.90875048227117,-117.79442479278528,-118.1068784504169,-117.30489135796334,-116.29519589289102,-118.9716060565691,-119.14103348453213,-117.42984186994669,-117.44622358897766,-118.31467570879248,-116.20400035531954,-117.64481528187085,-118.55485032798126,-117.52399249498471,point1,-117.44195571189329,-117.42984186994669,-119.14103348453213,0.6133780702892822,-0.3434989761353213,-0.0604262798097448
HDOK,PLOK,17472,18,18,-128,-12,11,2,33,-115.70858743408982,-116.5083801297207,-117.10175370618173,-119.02389789712427,-115.55171556086064,-118.44720695324807,-117.24982155412957,-119.13676150330105,-117.44026752426747,-116.38886004241984,-116.85996955255938,-118.95886278182515,-116.72399110329397,-117.6611995386376,-119.23765505369443,-117.82687533867458,-117.29858521795605,-117.06935937978153,-118.04173693488487,-117.27571684975464,-116.31062503262474,-117.46321745418786,-117.91574455697376,-116.38001061151252,-116.92139101059958,-116.59016390282068,-116.2419288880785,-116.16799389801545,-117.71306540369714,-115.97978979354076,-118.45895647461585,-117.47860372512606,-119.0908320255914,point1,-117.34010687375118,-117.27571684975464,-119.23765505369443,1.0465041738180387,-0.31784653349686365,-0.7428402004043044
HDOK,PLOK,17472,18,18,-128,-12,11,2,33,-115.58361755928661,-114.33914974614002,-116.52465042470526,-117.04293488901418,-117.2954971289773,-116.73308784018566,-116.33968152514227,-117.42361522459083,-117.12251263363979,-116.66011672850465,-117.68640747941633,-118.57668078053509,-117.45758920470428,-117.51601923448409,-117.10145098213874,-117.63210006506297,-117.67606483043924,-118.1381671003264,-116.7382187470713,-116.56320408390631,-115.73478869808054,-117.31203279311664,-117.43715269601391,-116.79233723833232,-117.7413943351106,-117.4148480228797,-119.16613273319189,-118.873787790029,-118.1785438456316,-117.42436079981584,-116.914676588217,-117.24803855657053,-115.90369565525904,point1,-117.16038048365212,-117.2954971289773,-119.16613273319189,0.8764016669404904,0.540419051519005,1.6918325630462472
HDOK,PLOK,17472,18,18,-128,-12,11,2,33,-115.65429659684872,-115.7192182412119,-116.23036166164269,-117.37099433609748,-115.80682140857485,-119.09725560365524,-117.02411262522703,-117.7445512684825,-117.47531868408333,-117.23104336974363,-117.05047257622837,-119.01639211983884,-117.67937780600528,-115.91135919919464,-116.65848906098634,-115.48652681574231,-117.13090640734991,-116.70460715704567,-117.0206007901378,-117.34860300762452,-116.87500785030845,-117.71754835046227,-118.03502537958184,-116.87232624991891,-115.32632699579923,-117.04031022538403,-117.37409636716096,-115.22174271312268,-119.78971265288656,-116.88833623364363,-118.4937367098213,-116.77522140244633,-116.74885018201113,point1,-117.04604697115965,-117.02411262522703,-119.78971265288656,1.1205826938166454,-0.4811783296032092,0.4391668412714651
HDOK,PLOK,17472,18,18,-128,-12,11,2,33,-116.44011023851094,-116.42503192910273,-115.5675211727329,-117.97463508930383,-117.43343347471142,-115.69402525635972,-118.11315099729856,-118.26944177350144,-117.04385776479779,-116.34227561837986,-116.97535075048272,-118.73101765703586,-116.53390452407884,-117.58162931965704,-118.09485587829111,-117.0579226483184,-115.79370481906163,-117.4043209078909,-116.87366075363234,-118.57864584050382,-118.84887397323658,-117.88403491946768,-117.70805662276794,-117.5012640675738,-115.31398229793204,-116.5060069807572,-118.3954138124378,-116.89991033170999,-117.78794115321311,-117.23651324750952,-115.8481801564168,-118.50356924895915,-116.46766432392386,point1,-117.20696689544113,-117.23651324750952,-118.84887397323658,0.9344309481205262,0.15713599035466772,-0.9032253600144609
HDOK,PLOK,17472,18,18,-128,-12,11,2,33,-116.30455266428997,-116.00358209120144,-117.28768198359175,-117.11075706862387,-116.73329450544678,-118.55898876178047,-117.66744189561977,-118.56738100796245,-117.47062165316889,-119.499524714532,-117.6160382671276,-116.44870918123846,-118.37257689032465,-116.25661256343045,-117.360097022555,-116.43262598252308,-117.20089757564949,-118.5766502038293,-116.92433039465331,-116.44858138130628,-117.34561111272133,-116.82881623477712,-116.6823268794526,-117.94255969766238,-117.58641670075546,-117.73949888830798,-118.58602425164207,-119.97587528224994,-117.55374294262921,-117.15431181850762,-116.46790232352325,-117.74679899899716,-117.16600021596385,point1,-117.44293427745588,-117.34561111272133,-119.97587528224994,0.847776434778529,-0.8299354646752123,0.5971728277219706
HDOK,PLOK,17472,18,18,-128,-12,11,2,33,-116.37953955134769,-116.12129847258852,-117.18098515104674,-116.36923204218704,-118.73073121157246,-115.9747289682689,-118.68873297759168,-116.91059890329097,-117.1016200913952,-117.16151634115617,-119.08224480217113,-119.27964288732142,-118.12504371467132,-117.7466820581686,-117.66847210946904,-117.08972505134925,-116.30724261625149,-118.59769103319708,-117.11913133625931,-119.17653683400576,-117.07020514589227,-117.6591693527692,-117.61185858230908,-118.47564252040212,-117.49302962757653,-116.0285453098236,-117.3117587706961,-117.17786392533475,-115.55775313103612,-116.60471408612567,-118.13656518896335,-117.88389038861703,-117.75350776878813,point1,-117.4416939379286,-117.3117587706961,-119.27964288732142,0.9354931530912166,-0.12568289598253168,-0.6504250652231192
HDOK,PLOK,17472,18,18,-128,-12,11,2,33,-115.95016024534793,-115.37340296304966,-117.59738215044206,-116.81339218057018,-117.48369601121736,-117.52050902039258,-117.09757284733027,-116.9818713849644,-116.26152045191809,-116.77494711338532,-116.88022326198178,-118.60582933785759,-116.890124835589,-117.86609019547167,-118.09618965913104,-117.98504750528782,-116.20679655375723,-117.86076847309491,-117.08823947694191,-119.26170746778556,-117.09501135522714,-116.68313437792658,-116.81331519207974,-117.62267469003432,-118.7680636250026,-117.72404150337458,-117.70980594819983,-115.84959349101557,-119.01913385482376,-116.7379526786051,-120.45815226509542,-117.64545817184796,-118.52782653761558,point1,-117.43180711595046,-117.48369601121736,-120.45815226509542,1.090378658150682,-0.625971159022113,0.9547907655372332
HDOK,PLOK,17472,18,18,-128,-12,11,2,33,-115.4413173073931,-115.80075514406015,-115.99443201740742,-116.9323761858743,-116.80133493257144,-116.87145501213767,-117.21128023769018,-117.46927568974246,-116.3692621250894,-116.92225190477537,-116.16540646557922,-118.36099669634493,-118.34376648523062,-117.17214108504439,-117.26812763750861,-117.07609841785728,-117.20088088120247,-117.36043166571015,-117.20783822314601,-117.87451336925227,-118.37022948017844,-118.87830373983876,-119.41733332884262,-117.48189501100865,-117.38472727872885,-117.86486520823814,-118.07749662669704,-116.7978984689626,-115.59042831495628,-116.28290743285146,-117.81190238209453,-118.0807271717943,-116.01487644087211,point1,-117.2090161323843,-117.20783822314601,-119.41733332884262,0.8631646765037139,-0.13227978116804903,-0.1758040111597139
HDOK,PLOK,17472,18,18,-128,-12,11,2,33,-116.47016854089935,-115.70047666942222,-116.60699468267175,-118.452747593458,-117.30291714896858,-118.1201162882172,-116.18867233912373,-118.33208782200451,-116.87786567024607,-118.79413736630822,-117.57568240630678,-117.83948427403118,-118.03011136023699,-116.40520378469606,-117.64773180891774,-115.7242307149349,-118.60395218730449,-116.85031499446205,-115.08950618073861,-118.61135196311785,-117.8153494864699,-117.22940950839521,-117.3684042363441,-118.28574650205218,-118.44125717832165,-117.14821404833121,-117.06079206543218,-117.8653789279106,-119.07842054030561,-117.73185006712137,-115.29873076553324,-116.94803982668033,-117.90580019309873,point1,-117.37579233763829,-117.57568240630678,-119.07842054030561,1.0259946320274729,0.533841735520018,-0.3639170109486347
HDOK,PLOK,17472,18,18,-128,-12,11,2,33,-116.19225286810385,-115.98270206762786,-117.67296471305964,-116.41277550396988,-116.93182640380724,-116.77089782761202,-118.58021312421599,-117.28971637003137,-115.93306367507422,-117.39136573986052,-117.42417918984495,-116.34991193335802,-116.67510513284944,-116.7813372946255,-116.65043495700134,-118.02403099267224,-116.28625863235918,-117.06338465925501,-118.11480662908379,-116.91411354016886,-116.85683061231391,-115.491281709197,-116.6617129264645,-117.61202635214563,-117.64336333933853,-116.49964929697515,-116.84569579753656,-116.96011563193872,-116.92816438743806,-117.33379675663264,-117.98421901157204,-115.64514955138685,-118.14366343750768,point1,-116.9711215171221,-116.91411354016886,-118.58021312421599,0.538843482269459,-0.1257909471136595,-0.34590791121151554
HDOK,PLOK,17472,18,18,-128,-12,11,2,33,-115.67032990807598,-117.34677892145449,-117.77740511616658,-117.94290946342126,-115.55359306113506,-117.2198113659116,-118.02735177077152,-118.3113769880138,-116.04889548354195,-117.5699972187403,-116.48503530289977,-119.45528558346415,-118.49277110042655,-117.3642561403862,-118.32371611254808,-118.75566967238433,-117.17225395353209,-116.93732505399055,-116.89880113822268,-116.85433447001597,-118.12185079330334,-118.34652890485978,-116.8720159394162,-117.86126682921248,-117.22278919814369,-117.35349705064873,-115.16309903205514,-116.45315829789219,-115.92364285788564,-115.85865345949735,-117.33388406239314,-116.60731435109373,-118.2706002441723,point1,-117.26049087411144,-117.33388406239314,-119.45528558346415,0.9957843491634077,0.1395650628606003,-0.39824117260910397
HDOK,PLOK,17472,18,18,-128,-12,11,2,33,-117.05274573232009,-115.18457657634818,-118.00755716348755,-116.3111040316662,-116.70630799973233,-116.78463619452627,-117.41317194661931,-115.36497631879456,-116.2799514600993,-117.13997632292744,-115.73336680155505,-117.70671759047518,-115.34919558216797,-118.71160694151077,-118.55801385760343,-116.88314706736321,-119.49332064119355,-119.29379318901611,-117.3158574000303,-117.62392167934074,-117.10845769189034,-117.0797679096047,-117.27937008770198,-116.7624399019415,-116.02568646626285,-117.5648515779168,-116.98964413630713,-118.78742496698715,-118.18652087959472,-115.89734888910942,-115.40214313279145,-115.90547726381062,-118.7060630650218,point1,-117.10936789290054,-117.0797679096047,-119.49332064119355,1.3326207112736363,-0.22456625910755468,-0.6287107527618239
HDOK,PLOK,17472,18,18,-128,-12,11,2,33,-116.30540536668771,-117.0791790985594,-117.49646737794093,-117.1414830720662,-115.7692063449262,-116.33566478907275,-118.21985388230802,-117.47872417434112,-118.10648308318345,-116.15682053552733,-117.06977941146587,-117.54115018308589,-116.4798321197967,-116.07960369714299,-116.17914728904925,-116.82711559072791,-117.67537236256962,-118.16156076262035,-117.28017090961069,-115.82600135108524,-116.63793890679574,-117.20249829997867,-118.31248437636275,-114.80581737599671,-116.15002665179428,-116.83482721386805,-118.32446091160907,-117.8150604066937,-116.38586223488659,-118.71623098949607,-116.81973946170963,-117.06132556498946,-117.17115884820507,point1,-117.01352886800464,-117.06977941146587,-118.71623098949607,0.7577167101132957,0.14523205157196126,-0.1243283016542085
HDOK,PLOK,17472,18,18,-128,-12,11,2,33,-114.76117850924598,-115.78993571401607,-116.99456084646786,-117.60849006811348,-117.65831146115265,-118.96052635127693,-117.30740078047431,-118.25737907911851,-115.93441717244797,-115.67454664536642,-115.6936923682375,-117.49118179193586,-117.09287136681651,-118.49599947401718,-115.64738058631085,-117.8797959148121,-116.64063237526574,-118.33090556633309,-116.68465503737018,-116.88960206552703,-118.56325933834594,-117.80933639956685,-118.01116841560025,-116.80186624047266,-117.08228146855615,-118.62517982318744,-117.56492537555302,-117.14250974324742,-115.30746611329192,-117.91397380510547,-118.49491351661618,-116.78490163352865,-118.75812671186775,point1,-117.2319203563408,-117.30740078047431,-118.96052635127693,1.1802055072952273,0.43908195112325804,-0.6028630587200801
HDOK,PLOK,17472,18,18,-128,-12,11,2,33,-116.40094024975102,-117.51621200946893,-116.94865008337159,-115.56913444104624,-116.92493997001563,-116.59521758944454,-116.17800223979383,-118.70981688944048,-118.44195525162428,-117.71589922321735,-115.97066822240546,-120.14117158025805,-116.74850292010674,-115.5311050844193,-118.09284367001568,-117.70066634776384,-114.94651394178308,-114.76574510527497,-116.38213801087365,-115.236781068524,-119.69048552679494,-116.8185782208188,-117.24935240688835,-117.86756285606002,-116.18202481323067,-115.68309037038162,-117.4776027757069,-117.38955186389063,-117.63278133255494,-114.90254452291647,-116.08628927651456,-116.51846991919402,-116.53140877470204,point1,-116.86504989570464,-116.74850292010674,-120.14117158025805,1.6037118158874724,-0.5724966520572685,0.36478313133794416
HDOK,PLOK,17472,18,18,-128,-12,11,2,33,-114.04999457218167,-117.4393528972179,-117.98441536866054,-115.73057098319698,-118.83751995401984,-116.0470186982849,-117.76568066484955,-118.01775510017389,-118.3302298973717,-118.05343958649757,-116.20583718934094,-117.76213851611222,-116.1143584620465,-114.38075089911437,-116.36208984671521,-115.46421323234388,-117.59598366472294,-119.09287976309163,-116.924587120054,-117.51123055463947,-117.35250161891233,-115.98683252471652,-118.24272193961066,-117.63826928547802,-117.07908748352102,-118.35642167958049,-117.05321939395132,-117.94063262604253,-118.03637185644726,-116.21144161540262,-117.78747768310868,-117.48432763561772,-117.01491047539797,point1,-117.14709887237646,-117.48432763561772,-119.09287976309163,1.350285764080978,0.8794268879157261,0.5926118886935017
HDOK,PLOK,17472,18,18,-128,-12,11,2,33,-115.98220764686586,-115.88065560909396,-118.34713575216256,-117.61848639152319,-117.29383040666187,-117.13613920215882,-116.29132105064852,-117.63708947210789,-117.28983584912692,-117.00829791649628,-117.93467340936839,-116.62536116490763,-116.81836643564539,-117.40440450946359,-115.80617036819302,-117.21391179653901,-118.08613025336064,-116.93472423345814,-116.05428667699303,-117.18625821513264,-117.7774697431293,-119.23129688520608,-117.53456995691299,-117.82497466318281,-116.16361120957549,-117.12189785380934,-118.07542308952203,-117.7851583558671,-117.77656939257506,-117.01609131805472,-116.6247094021523,-116.00667747596741,-116.91469526964447,point1,-117.16371002956082,-117.18625821513264,-119.23129688520608,0.6141904510249909,-0.1667466180929959,0.06829610255029417
HDOK,PLOK,17472,18,18,-128,-12,11,2,33,-115.73760465261333,-118.19715739072183,-117.42532930548688,-117.40512206424552,-117.58261193228104,-117.99438690841272,-119.04778915205183,-117.886643154687,-117.62169330488919,-116.73763755318159,-116.99460336139263,-115.17939461291691,-117.88027622747337,-117.75951372333716,-117.17707857834161,-117.77904207470274,-118.23534192379664,-117.498949669724,-117.12670323101186,-117.59080628773008,-117.8657344375409,-116.90009332172285,-116.6655072417219,-117.27456648586524,-117.60185738858817,-116.72877780049468,-116.53806079717825,-119.98346730870207,-118.49375088083765,-117.44987085969498,-118.11585820279369,-116.45297853248672,-115.75907190211417,point1,-117.4147660687497,-117.498949669724,-119.98346730870207,0.8459915426850042,-0.051011594163657345,1.45505725723485
HDOK,PLOK,17472,18,18,-128,-12,11,2,33,-116.52748798369598,-117.54814489689436,-117.21583730814255,-115.93556962811766,-117.35871269528559,-116.11018446821174,-117.74174936106522,-117.00528396790132,-117.21511633556297,-118.66841613836156,-117.04057406954928,-117.92572013004532,-119.25290881733018,-117.23700050613478,-117.12994707405244,-117.89409389913084,-116.50715457569257,-117.21519996455888,-115.98899790465636,-118.18222648700718,-116.48154998389467,-117.96369691357441,-117.04393349356536,-117.33366676367808,-116.3916597001739,-118.43908291797705,-116.24135459159616,-116.98816749557363,-114.98092831214602,-115.63097353741743,-116.34087643593028,-117.32497752885341,-118.7542336044285,point1,-117.13986143909712,-117.21511633556297,-119.25290881733018,0.8718113846496518,-0.07937450552605249,0.022399480508582315
HDOK,PLOK,17472,18,18,-128,-12,11,2,33,-116.02203376529853,-116.9371117629842,-117.20107899723108,-116.61230060396164,-117.04449727544919,-117.51006838931846,-119.04180885849455,-117.69815516914043,-116.87822342685324,-117.93454777756253,-118.72654940682348,-118.99839775699984,-117.22015329428133,-117.76365101385868,-116.84954259883655,-117.21442469028064,-117.56723946746412,-116.7551571086261,-117.30952895078545,-119.02095449412157,-117.0388417096894,-117.17153254635978,-116.13433821483653,-117.91338732468252,-118.65335169834566,-117.10569488235915,-117.68785642565808,-118.17095188691009,-117.92893466569387,-115.7334161433125,-117.63557481282781,-115.82758996377414,-116.52154141152964,point1,-117.38874049982881,-117.22015329428133,-119.04180885849455,0.7541123338627911,-0.18288552188042442,-0.2833599558585487
HDOK,PLOK,17472,18,18,-128,-12,11,2,33,-115.90548089244552,-116.95124326164276,-117.33310500207837,-117.56633010714751,-116.19273320578314,-117.26777562155137,-115.72744320698963,-114.87004996036637,-117.22390200505376,-117.75084532882492,-116.65911041569169,-116.79725516912086,-116.74387916736835,-118.00573816006785,-118.06496295718334,-117.37455853882979,-117.67944933973094,-119.36346418870734,-118.55592599218714,-115.83598927104308,-117.71314793531616,-115.54142152323384,-117.79543505874338,-118.28220972969046,-117.39134225694536,-118.5296281834769,-116.85317305060106,-115.79910430538193,-116.84527223532052,-116.19726048689645,-118.09224314406673,-115.68644103568056,-117.34728713681852,point1,-117.0891881173935,-117.26777562155137,-119.36346418870734,1.023394311715016,0.11345280335077955,-0.35944751826229737
HDOK,PLOK,17472,18,18,-128,-12,11,2,33,-116.51427835558543,-115.88293406108906,-116.34345224707658,-117.5798785481974,-117.06265471612393,-118.01039855306628,-117.75336384898426,-118.49406341032216,-115.03369930261296,-117.26629407435013,-118.18455283774999,-117.229815089397,-118.66355478445564,-117.76924381355067,-117.35888959032356,-116.24017411564076,-116.27156636628726,-116.82185711867882,-117.63898115499767,-117.48937345616999,-116.00725932681858,-118.65174065093385,-117.74949029623104,-117.2148908611393,-117.57993834596486,-117.1836307919358,-118.07326346762362,-116.11006108019022,-116.7441272492914,-117.64033442717071,-115.816476587098,-117.1745352513925,-116.2471162463155,point1,-117.14551181899289,-117.229815089397,-118.66355478445564,0.7622655479592395,0.2999087274724294,-0.3896668186854071
HDOK,PLOK,17472,18,18,-128,-12,11,2,33,-116.30722778208212,-117.16961815340854,-117.45314437487748,-116.48997636350585,-116.67097093359116,-114.50131472959447,-117.05450088702125,-117.43862372054183,-115.33895221967167,-117.97507112888191,-116.75134814409662,-117.59736021164976,-117.33257572939705,-117.08870657027292,-118.23377233932342,-118.064652867258,-116.9482050188022,-117.80109634126137,-117.9131314468076,-116.60465941950336,-116.35667801792673,-116.33338522460701,-118.28496792709497,-115.76907684449499,-118.00079597639466,-116.36708303882176,-118.48965135346728,-117.65121227128438,-117.66225482756938,-116.87755869033833,-119.75327850308408,-116.19384763287051,-118.46475930973362,point1,-117.17998357573444,-117.16961815340854,-119.75327850308408,1.0269334631704337,0.17484526438598144,0.8855827925361566
HDOK,PLOK,17472,18,18,-128,-12,11,2,33,-117.4610459461445,-115.25776074276384,-115.59671767779926,-117.4800455337147,-117.78215760971564,-117.52304704489468,-117.47666279567939,-117.4964907414019,-115.91067402166433,-116.51497503094326,-118.04676050354401,-117.82638034495677,-116.91794660820418,-118.00434076991799,-116.66964239188893,-118.0311027498601,-118.3825549243583,-117.00749082399736,-117.54969096721196,-118.1207360480025,-115.16912991450825,-116.03430920302964,-116.27192710692016,-116.3085945811682,-119.11248772660083,-116.91754388357256,-118.27315820314939,-117.25427045880345,-117.07000731537686,-119.26229358262728,-117.45726762350627,-118.01516296777851,-117.00936401696565,point1,-117.24884060183848,-117.4610459461445,-119.26229358262728,0.9524722378024828,0.26985769173068475,-0.06441964810829104
HDOK,PLOK,17472,18,18,-128,-12,11,2,33,-115.25630469177571,-116.43823024120266,-116.76196803639401,-117.43807797873266,-119.62810480808956,-117.00090852553718,-115.89657495388153,-117.79435779854498,-117.44396814482526,-117.35110874587527,-118.50316751506374,-117.29621244036693,-116.79103977800472,-119.03185677753937,-117.50920323013005,-118.53193866237686,-117.3793723648975,-116.16294610188818,-116.7705427817705,-115.90041343251596,-118.6105088892951,-118.12890284223823,-118.18536546014052,-118.79801726166701,-115.79706231470391,-115.99038195485579,-117.86501698382426,-116.16683974020034,-117.68007887520672,-116.74914170771636,-115.17127254835019,-116.84499759180669,-118.0833490626199,point1,-117.24112824975873,-117.35110874587527,-119.62810480808956,1.196238340910311,-0.0610129591555703,-0.5741230053397661
HDOK,PLOK,17472,18,18,-128,-12,11,2,33,-115.4097064633968,-116.50241507747774,-118.21179158390524,-115.55849658434259,-117.27800420663468,-118.12536227483433,-117.52791054520407,-117.68756766204706,-117.97706990453776,-115.95397099863344,-118.48942607696547,-117.11446361942761,-118.10148750436883,-117.9748796052065,-118.03280284385956,-117.59783262023102,-117.64194468123857,-117.18778705652973,-117.91684328534394,-117.65111464061731,-118.40185173678353,-115.63963936951028,-115.369126452735,-117.21428026740502,-117.41198830073849,-117.6888476712056,-117.83355980526852,-117.7032244920071,-116.4630511287169,-114.49040184266337,-117.9432521789001,-117.295246457839,-118.02572605372421,point1,-117.25518403006967,-117.64194468123857,-118.48942607696547,0.9945352419667721,1.2141281917385718,0.6143655035903466
HDOK,PLOK,17472,18,18,-128,-12,11,2,33,-116.23542009567588,-116.13199815526107,-117.47314973083692,-118.59252460562864,-117.24998682699457,-117.71008735687053,-119.290185008807,-118.78749505035469,-116.2744834317976,-118.10342554860344,-117.4306911528097,-117.48401706925098,-119.26012217393476,-117.62212928566215,-116.34890138968021,-119.00032027466065,-118.6461476942184,-117.41527207740154,-115.62287812443283,-117.55945214308612,-117.69968708414656,-116.45725556761751,-117.33917145023653,-116.42717453161914,-117.47277010163371,-115.7397743038581,-117.58454267922416,-117.33388656036718,-116.80579964420035,-118.64919012094131,-117.59885108877701,-117.44205682949028,-117.71455373925598,point1,-117.46980002719201,-117.47314973083692,-119.290185008807,0.918528432846468,-0.046236793430785024,-0.4654167783991294
HDOK,PLOK,17472,18,18,-128,-12,11,2,33,-116.48515253370222,-115.46964335145837,-118.09479640275441,-117.4641071179733,-117.20447533208738,-117.36915962506859,-116.72069777968908,-116.87491440279202,-117.83587262404136,-117.61259673566596,-116.63129758095803,-115.97353290528643,-116.89271362702412,-118.25570906075306,-117.00855813139256,-117.66454038340426,-116.64639284890728,-116.57902083883577,-116.2065056124547,-118.41927724219074,-115.57177481896747,-116.55311764633966,-117.74083684428562,-116.09954163559594,-115.84864885064587,-118.49173757910087,-118.78381478382911,-119.82399002520967,-116.28862504773261,-116.81642226885872,-116.44568571000723,-116.76631494944672,-116.23572302424778,point1,-117.05682416123355,-116.81642226885872,-119.82399002520967,0.9460227360258936,-0.7685573702139077,0.524438648656401
HDOK,PLOK,17472,18,18,-128,-12,11,2,33,-115.38104983423413,-116.51458087221128,-116.68985599152234,-118.89582588822873,-116.55939322098696,-117.43207417720647,-115.86449878434077,-118.9385144662141,-118.7131437573135,-116.05028363311315,-116.72361740722562,-119.45449745302287,-118.90763191567704,-118.15536889999457,-117.92567425985963,-116.62619936098841,-118.63676301704174,-116.69835161280758,-117.80888262079496,-116.52207945499174,-117.15029587834903,-117.88829582975376,-117.0400390037572,-118.42299942566581,-119.05463712282254,-116.86102968894316,-115.62937160184069,-118.40605784106965,-116.57869353354998,-116.80639140774282,-116.96380340238366,-116.84729042173558,-117.72691716132097,point1,-117.39012451353668,-117.0400390037572,-119.45449745302287,1.1580655066018666,-0.18494602587001194,-0.9719730199341505
HDOK,PLOK,17472,18,18,-128,-12,11,2,33,-113.66821715976795,-114.08305512498593,-117.95752258521073,-117.61070068759373,-116.91352323000974,-116.25365632287526,-116.7011008787179,-119.53027240345003,-118.26985936472505,-117.06497971038667,-118.40553086719612,-116.78200184152516,-117.66629322327707,-117.95029491493074,-116.78505445044915,-118.26319118480603,-117.27734142870737,-119.42547323793386,-117.63421045172497,-117.76476458954322,-117.18529472863365,-118.36476376554069,-116.2840253183788,-116.44765051066705,-117.25150839371011,-117.91375272809006,-118.48169924592314,-117.12604259965276,-117.38873409757878,-119.1708548274415,-116.38244001198811,-114.82868396206459,-116.56138681345176,point1,-117.25436002002844,-117.27734142870737,-119.53027240345003,1.6779407328000326,0.8621716742288629,1.4245536098663316
HDOK,PLOK,17472,18,18,-128,-12,11,2,33,-116.0142963756071,-115.86892016554663,-117.87038472135391,-118.22241092654095,-116.5381184252669,-116.56521347297824,-117.2966376140426,-118.2704831007472,-117.28587801193069,-117.0496700365809,-118.58149842481157,-116.28613716297383,-119.38581469031311,-118.68928026680422,-117.67294253491988,-117.40986537012287,-117.37724377754334,-117.29789990195577,-116.96359688340753,-118.13491456568441,-116.39771606224879,-117.47270982801047,-114.82230678430254,-116.67624226720153,-116.93101686581944,-117.98440615278112,-116.75839634365646,-118.07707774481926,-118.38908959493908,-116.96643799034771,-117.4900227439105,-118.75154571492168,-115.73581822657374,point1,-117.31012099238374,-117.29789990195577,-119.38581469031311,0.959940372004693,0.2256551630140702,0.06262896220325276
HDOK,PLOK,17472,18,18,-128,-12,11,2,33,-116.3074995036074,-116.86345715191267,-117.10702108111386,-117.26346738719423,-116.77811699790499,-118.52857364384793,-117.48816712385943,-117.30309422271066,-117.6247332831514,-117.240247271548,-117.3305321459623,-117.38124155784271,-118.5166563365885,-116.33980848566327,-116.85246577231705,-116.87724996232141,-116.85869736792269,-117.41505897904094,-116.13099303067618,-118.15800685102124,-116.99254336585676,-117.71737877469236,-117.25955364087879,-118.07531290145361,-119.34252327729136,-116.69414751846874,-117.14030980863609,-117.06653020521044,-116.30350316041465,-116.20524768760636,-117.00107593210885,-117.66416117375913,-117.50761051680153,point1,-117.2525753369511,-117.240247271548,-119.34252327729136,0.48826304824418404,-0.8567721607087627,1.2851068741591045
HDOK,PLOK,17472,18,18,-128,-12,11,2,33,-114.69168075806279,-117.21635557471262,-116.43509742086194,-115.75200957985726,-115.16890816402922,-115.70874554716558,-116.47020150883493,-116.60171311783645,-117.16241203071694,-118.07368647519124,-116.85672029279735,-116.96607023546326,-117.82717549996471,-117.04803387875002,-116.57973529628836,-116.86201887009925,-118.2790014354121,-118.80988989295918,-119.36991060854261,-117.11588332246095,-118.56123273046744,-116.14164119777804,-117.38891759081483,-116.5308878795545,-116.28990779998705,-117.29175641282919,-117.10777566980146,-117.62250756868544,-117.86525726108745,-116.10355422375552,-117.2819580014428,-117.72831249267078,-117.99009115481377,point1,-117.0575469543544,-117.10777566980146,-119.36991060854261,0.9970621679456626,0.038240200210694415,0.2939070351267974
HDOK,PLOK,17472,18,18,-128,-12,11,2,33,-115.86104222610774,-114.92722627142611,-117.1115668103082,-117.4051062981035,-118.19189245110388,-116.58341178568342,-117.86853597643321,-117.67082399809267,-117.25384032295916,-116.5380929122524,-118.86563549121996,-117.55888438689355,-116.39361410419383,-118.58619855283375,-117.28117589530162,-116.97511808825118,-114.97550020186513,-118.46974817983293,-116.86399775576409,-117.3801731856167,-117.07723752409568,-117.35040506099516,-116.96192752732121,-118.57252729397291,-116.93334486973437,-116.8683367285304,-115.12856396486562,-116.22565647163167,-116.60531611116838,-117.62754701095064,-119.13937243532652,-117.24450888730374,-117.34488390051432,point1,-117.14670341456527,-117.24450888730374,-119.13937243532652,1.0104950172046916,0.3210903466105538,0.3357553323577269
HDOK,PLOK,17472,18,18,-128,-12,11,2,33,-115.65890504721925,-114.15498831635607,-116.47412865720787,-116.13758981817917,-118.79836283122953,-115.7805136103825,-117.3293988824181,-118.5627014893791,-116.32420868947612,-118.63004457300482,-117.80796787241958,-117.64550699761654,-119.5026517284966,-117.78679991665575,-118.38185168303829,-117.91126802605466,-115.74638772527871,-115.55590621317789,-116.47742605087358,-117.1056952557887,-116.23093258863294,-116.02642315538583,-117.33039105157353,-117.4529249731483,-119.83197687767715,-116.7602720626068,-117.769731044356,-119.30108334504854,-117.04571653546374,-116.25904250094217,-117.64502903825672,-116.9417525768641,-116.77765681215243,point1,-117.18621927110186,-117.1056952557887,-119.83197687767715,1.5644145840157258,-0.09363148497499427,-0.027380540690999933
HDOK,PLOK,17472,18,18,-128,-12,11,2,33,-115.47986839596959,-115.14384308858061,-115.0516600632696,-117.71869328864707,-117.94689982520434,-117.75567017913342,-118.57730775166809,-115.73227789485661,-115.10668373723875,-117.67588082069223,-117.29452873680326,-118.98490882672154,-117.29926347035646,-117.86636315515365,-116.05347879885612,-117.71549672736536,-115.93011834989765,-117.52331120797416,-115.13759018373179,-116.4711997103865,-118.09160722570634,-115.65523061088983,-116.43720069781315,-117.8678083141627,-118.68588937541146,-117.12024204751965,-116.22083245394761,-117.44672957754378,-116.32910876719123,-118.81365097343809,-116.10004487475413,-117.10020592797295,-119.11872983520385,point1,-117.01370681497157,-117.29452873680326,-119.11872983520385,1.4511968192625113,0.06650348100492225,-1.0924754400386223
HDOK,PLOK,17472,18,18,-128,-12,11,2,33,-114.70915336472223,-115.21083029299415,-116.35635673775806,-116.9839776914365,-115.60139496941564,-117.0085066230117,-117.01566891147729,-117.41120099308992,-116.45025098953921,-117.39276468997828,-118.15603230419754,-116.82546776519025,-119.03036304939808,-117.91201003088372,-118.57669252813126,-117.31332996225235,-115.29661787079596,-117.91509453271088,-117.65424280713283,-115.39751194074285,-116.67273547817537,-116.89775089302263,-118.43500218177182,-118.31554227983538,-117.7357233137823,-117.31883057970262,-116.3879781754104,-117.34578641758284,-116.82697687736906,-117.4901447356794,-116.88974158941801,-114.8885886280276,-117.69229041190512,point1,-117.00347150353154,-117.01566891147729,-119.03036304939808,1.131801955472787,0.47753937154747333,-0.21448633910261927
HDOK,PLOK,17472,18,18,-128,-12,11,2,33,-116.80062466393062,-116.16376161599543,-118.98952974106386,-118.79025335233628,-118.29280655762388,-117.29627110642716,-116.44924018476277,-115.91222575201935,-116.08648615216666,-117.64753951010306,-117.96489013105054,-116.54179266156184,-116.92392202294606,-116.06890088821227,-117.1864613625691,-116.73325719708981,-116.01309444145971,-115.80253530165733,-117.39094049557441,-118.1130844425786,-118.0558631507844,-116.50332455009497,-118.82333894571191,-120.218621845064,-115.51262168599033,-118.426963810069,-116.52106594587724,-117.5220732876507,-115.73774575377259,-115.43647095700673,-116.88578268913867,-117.64993754836408,-118.26551749080956,point1,-117.17354379519583,-116.92392202294606,-120.218621845064,1.3090376134075168,-0.5496472561313394,-0.15643814893318542
HDOK,PLOK,17472,18,18,-128,-12,11,2,33,-117.53727812703785,-115.34254343701082,-115.81827433507662,-118.79432498285604,-118.94374836949395,-114.838283063531,-116.98073132535929,-117.41529880520473,-117.8144787433095,-117.37446076649616,-117.37444082869091,-116.70940912366893,-118.67441537878526,-118.11797250939252,-116.73095813706,-117.24864510565865,-119.17380775082752,-117.34461624908528,-116.70429501722539,-116.602045789138,-116.2600964552359,-116.36850486688299,-118.64717529454636,-116.45095453245851,-116.39426071739223,-118.44357702531686,-115.84470243039318,-118.4183010840348,-115.94380623036116,-117.36909363074727,-116.95343927669832,-116.45892664636216,-117.8064727275981,point1,-117.1787678413011,-117.24864510565865,-119.17380775082752,1.1358308476617909,-0.017484314051361995,-0.5368058625187055
HDOK,PLOK,17472,18,18,-128,-12,11,2,33,-115.51844395761884,-117.51879640231763,-117.88581752001028,-118.04200299703854,-116.57864578501625,-116.87366797355503,-116.85240474813187,-116.5866532473101,-117.66882716759578,-117.43282821081185,-117.10790866810095,-117.44566936031934,-115.84699721418255,-116.32763086057463,-117.32438746969365,-115.95568367693767,-118.34044863304021,-116.74103355520315,-118.27750052134466,-116.52930031807024,-117.37591612319846,-117.86219650131724,-115.52537519535997,-117.93776563697836,-116.09505234524778,-118.51807152739102,-116.46869078531678,-117.40343968216622,-117.21872730234612,-117.10537195049811,-117.24852252621685,-117.39508331773098,-117.96942670606627,point1,-117.12055417838506,-117.24852252621685,-118.51807152739102,0.6213502395112792,0.32590392510595523,-0.5628810732916762
HDOK,PLOK,17472,18,18,-128,-12,11,2,33,-114.77432397845568,-115.02353978371644,-116.78174476886684,-115.3403472975144,-118.60828589545645,-117.80965472241355,-117.53717020504226,-117.0790815416555,-117.96404848947886,-118.50385050017883,-115.5707067707351,-115.96243016634254,-117.04324214976144,-117.65506646679377,-118.19168582595753,-117.45224406574997,-115.94943080225443,-117.69826901598276,-116.50344641655893,-116.95884806683445,-118.50635458461272,-117.21398936778881,-115.83196675210223,-118.98172050322248,-116.91026581050092,-115.37629994878542,-119.2265430594885,-118.41433049818039,-118.3784684384074,-116.3180263645738,-115.90187007971434,-115.7720009423459,-116.21977038828079,point1,-117.01390980811371,-117.04324214976144,-119.2265430594885,1.46347827582046,0.022580644443200373,-1.0593081871459762
HDOK,PLOK,17472,18,18,-128,-12,11,2,33,-114.9832364674824,-115.00342909273137,-115.96418563297432,-118.39909380148814,-115.79932938207413,-116.41742827875652,-117.18496359925729,-116.66026236368994,-117.55342191892662,-118.44540757299035,-116.47071103313873,-117.95353826689639,-117.99902454304797,-117.0927996095587,-115.73483531289129,-119.00421629080513,-118.49182616157246,-116.86228960098468,-117.47855850894362,-116.9319877366028,-118.46338142040999,-119.29113255798208,-117.9678190125206,-117.42364396203443,-117.56850809097928,-117.88703548154912,-118.84312905509371,-117.46029347925025,-116.63256166939567,-117.62380831456251,-117.27212141362293,-117.35267167014119,-115.26759284475324,point1,-117.25709830748812,-117.42364396203443,-119.29113255798208,1.2263731369681599,0.36187170356072146,-0.3812733460932014
HDOK,PLOK,17472,18,18,-128,-12,11,2,33,-116.22986992504534,-114.10233584515241,-116.0059225991459,-117.32629430161386,-116.7337933399521,-117.02447712772704,-117.96185884403056,-118.58685321287516,-117.14353963065166,-117.72141114085814,-116.19860799099229,-116.6698566252055,-117.54287970054307,-116.13831408659415,-117.23750822577452,-117.93812154392761,-118.90991829296046,-119.67510526615952,-116.6633052467808,-118.46778134593058,-115.99117361608074,-116.29288018743712,-117.37015121470257,-119.12016400408754,-118.00735942896202,-115.81418318418885,-117.24271065018421,-116.84285782496099,-116.56122353568256,-117.00667175864017,-117.00304929371573,-118.18358028446401,-117.13612148599358,point1,-117.17726911397033,-117.13612148599358,-119.67510526615952,1.1868485576332275,0.08148214333187274,1.0200857447731964
HDOK,PLOK,17472,18,18,-128,-12,11,2,33,-115.58849590448526,-115.79504334388932,-118.07634402512247,-116.47757770850897,-116.72988083644604,-119.16544127034886,-117.83857494337342,-117.3199666320659,-117.27903032610335,-116.26577885477077,-116.7842267687339,-116.28609884842295,-117.57874366181626,-116.69352362692358,-117.93386015828824,-118.69414255615878,-115.46769840884576,-117.18543530271926,-115.75159754549418,-117.35365278625311,-116.8744751131016,-116.50158171061695,-117.1910072365066,-116.94741106403671,-119.26930825770953,-117.21578699897066,-116.79222569874833,-118.20375287636332,-115.5793570915417,-116.47427941147608,-116.26734268168462,-116.63110645081157,-117.45895659976834,point1,-117.020354687882,-116.8744751131016,-119.26930825770953,0.9093918687980213,-0.5502186180429411,0.10556315967282304
HDOK,PLOK,17472,18,18,-128,-12,11,2,33,-115.29815784665979,-117.02811227541858,-117.9544389649508,-117.99200819534529,-117.10985125846094,-117.81858698672792,-118.99550700612173,-117.81534383992178,-117.63140023637676,-117.4886359925378,-117.55585475430942,-116.11511206756774,-117.83952811785083,-115.40839619637295,-119.8713424872784,-116.6147004605316,-116.3297004625416,-119.44376623920704,-116.91093159462118,-119.14496913586868,-116.76798971287607,-115.40414271522197,-116.28335428164486,-117.91710025337382,-118.121863845973,-116.95302190040768,-116.55837470544694,-117.5554917911478,-116.44105852391999,-119.3415826638185,-116.03518782919465,-119.08949966323942,-118.9546838440087,point1,-117.44817260148317,-117.5554917911478,-119.8713424872784,1.470184393164883,-0.14466873483060716,-0.6902084601459566
HDOK,PLOK,17472,18,18,-128,-12,11,2,33,-115.91280855430342,-113.2043502919543,-118.52524420180588,-115.09856662683885,-117.33295921430705,-116.72246298750147,-117.10259972817204,-118.35682632012542,-119.03106750110179,-118.5298958203861,-119.2937898952762,-116.53361701918087,-117.12197962082715,-116.04112747017459,-117.02713711448224,-117.30535996531817,-116.73429680213874,-119.0327293260551,-116.24374245889736,-118.54511005988839,-117.00109781082513,-117.19717084516596,-118.34187876554965,-115.91690616475664,-116.83867440951681,-116.79487419966793,-116.88599535675947,-117.38661312990695,-116.55195786139559,-117.57005913600531,-118.17600936288673,-117.15282402433758,-116.3059243610058,point1,-117.14592898201562,-117.10259972817204,-119.2937898952762,1.4745262576868863,0.725352214856663,2.071035451623096
HDOK,PLOK,17472,18,18,-128,-12,11,2,33,-115.55384696081455,-115.86702289992314,-116.36409232985056,-118.98462659248639,-116.73786531027511,-116.8640341678918,-117.45960014696479,-117.77255192130016,-117.02637756936278,-115.95023345066731,-116.27417614174769,-117.69928726463273,-115.48999953665114,-117.00057968545978,-119.42456162780337,-117.23332667444595,-118.21761331907454,-118.29596545090872,-116.8706491606044,-119.28341967140763,-116.96194271718907,-117.154050678775,-117.24479386307186,-118.65434641290561,-118.45649088569756,-116.79673555060782,-118.67429861389166,-117.60018403657578,-117.58551699248432,-115.79688259318706,-118.34955736202853,-118.32531746900119,-116.92832508091595,point1,-117.36055370116979,-117.23332667444595,-119.42456162780337,1.108157960933889,-0.10371668438945736,-0.7101054739652484
HDOK,PLOK,17472,18,18,-128,-12,11,2,33,-116.51939968594145,-116.5077335462108,-117.81857278255613,-116.7580317745727,-116.94617026642244,-117.63560621363587,-117.9373301963015,-116.99139255862855,-118.07299621583334,-117.87536893958665,-116.99158027205264,-119.06849362664374,-117.89481509547512,-118.36649522469345,-116.70372700354717,-117.62379919072175,-116.15238751395715,-117.11738365165817,-118.2376375057523,-117.37821645640373,-117.27984191152477,-117.25549818059827,-118.24881530109447,-117.66555400243715,-117.43637483025324,-117.54470808091293,-116.82336834033083,-116.43174046534229,-116.05048528897078,-117.78744455003367,-117.37443217059902,-117.39985332988978,-116.76305286482673,point1,-117.35328203143665,-117.37821645640373,-119.06849362664374,0.45400805128994504,-0.1771653787525319,-0.05966025578304324
HDOK,PLOK,17472,18,18,-128,-12,11,2,33,-114.26312721736645,-115.73104743444209,-116.12553295539,-116.49009138369749,-119.4537010851703,-117.29777877695253,-117.29627701943372,-116.98676523754746,-117.89323812170409,-117.31512657090614,-117.77278978260476,-116.1354014937306,-118.62741368832329,-118.45788108223887,-118.50662139455112,-117.86088765952456,-117.64210687221723,-116.61395421011292,-117.11264931968209,-116.49048200258908,-117.40953704764958,-115.69632511384862,-116.72679065488829,-117.69621173085429,-116.58443629223765,-116.22852717993509,-117.93200019410895,-117.42353199142286,-117.61433935660605,-115.58575206978641,-117.46662378730163,-118.11892501824362,-116.06803826701052,point1,-117.10981551551754,-117.29777877695253,-119.4537010851703,1.0831364870409683,0.3273285988492889,0.5653667550889092
HDOK,PLOK,17472,18,18,-128,-12,11,2,33,-116.6477726688352,-115.93651672366823,-117.00645574564054,-117.45040637647152,-118.54228121114649,-116.45186760882034,-117.1228144373414,-117.5494340532294,-115.7521356797642,-116.88588498995519,-116.65047193103177,-117.99495693248211,-117.12338265174611,-117.73554312630657,-115.54359625772288,-117.20185612658513,-115.86068954664992,-114.70234799480862,-117.77326504421485,-116.15221798563384,-116.85525109402109,-118.01871775081842,-118.62575548234251,-116.13120649022171,-117.35300339082436,-116.49586962354515,-116.15286160227043,-117.48371183646903,-115.85417230601962,-117.95690811029822,-117.36372231371095,-119.07650040024951,-117.12366401288186,point1,-116.98712853047658,-117.1228144373414,-119.07650040024951,0.915693510915599,0.045817077417075684,-0.0824607544717777
HDOK,PLOK,17472,18,18,-128,-12,11,2,33,-115.76915370222565,-115.52025979475947,-118.12802190050807,-115.62537118763115,-117.34098361447454,-117.50748590019339,-117.98209136264134,-116.95487644276655,-117.58213388974026,-116.44692932731262,-115.97563421871591,-116.43702991052183,-118.6561793093132,-116.57528181437915,-116.14766629901453,-117.84553191748502,-118.50791252267668,-118.34180047981332,-115.94538318150929,-115.59474777778028,-116.39530052134661,-118.52976916035516,-116.2244920324914,-117.1597732236171,-116.76988379291025,-116.4611367794776,-117.5182408587146,-117.37929450496966,-116.45065975737849,-116.85699332490978,-116.45606629207441,-116.47808342216503,-117.54472864419162,point1,-116.94269384448681,-116.76988379291025,-118.6561793093132,0.8154947272354577,-0.31132402107241425,-0.9331457051172358
HDOK,PLOK,17472,18,18,-128,-12,11,2,33,-116.05633420704338,-115.92791175121971,-116.34391689192175,-117.26184961573409,-117.54623854149061,-117.21937298380715,-118.85722113079387,-117.6467935951773,-116.8860053233153,-117.33932596298031,-116.33161182154542,-115.29353766186036,-117.31863448330859,-116.63994957626853,-117.41628127860523,-118.04548344145779,-117.20616809149772,-115.41212805531774,-117.26558424949071,-119.04022747916228,-117.72289842211408,-118.54821317924086,-115.47297192613075,-117.67213752850799,-116.49542481780827,-116.44156155715548,-117.56092089636452,-117.66102093228922,-117.0594486313526,-116.80112021399981,-117.6197880112508,-117.08375100620621,-116.93186190856461,point1,-117.09471803554494,-117.21937298380715,-119.04022747916228,0.7787355499995254,0.05109236485620791,0.16907488450431574
HDOK,PLOK,17472,18,18,-128,-12,11,2,33,-116.01319765251517,-115.3203016189234,-116.58092085900365,-116.5603951982971,-117.36520149942851,-116.80787694698822,-116.17697992942527,-118.82186744924925,-115.68829041439243,-118.23885986662887,-115.83321306706516,-118.41881515451276,-118.72284575980746,-117.5275646833873,-116.3145344000617,-117.94531396163954,-117.00996080584312,-117.57170526450562,-116.95645727327273,-117.39934251610416,-119.43945091570146,-117.93737650617796,-117.12893443134146,-117.14913724622429,-117.32923926232664,-116.53565000129379,-116.96546931971069,-117.32610905245578,-117.09943221872098,-117.21350292692051,-118.98714182254592,-118.30630771360637,-116.82951869857287,point1,-117.25820952838333,-117.14913724622429,-119.43945091570146,0.9363194389782572,-0.26342673446473924,-0.2207342773204255
HDOK,PLOK,17472,18,18,-128,-12,11,2,33,-115.49064352531401,-117.79995525157013,-116.3151152968244,-118.38414343233349,-117.83023314668742,-118.43689853494267,-117.29896532770542,-116.50597602180477,-115.18178148372147,-117.49104830140988,-117.79510242426927,-116.76696314960321,-118.4366592329199,-118.45363321160248,-117.96382247416419,-117.155659939278,-117.10372737808409,-116.35767369247233,-116.60424665763259,-117.70895069885779,-117.23518322354374,-118.34599228860364,-116.27110192824975,-117.06613276027522,-116.22834554399465,-118.2986286986647,-115.76323698207081,-119.6999254711979,-117.02303314983567,-117.4888415474873,-118.20676369621536,-118.60875530553135,-116.16772249706915,point1,-117.31772309921018,-117.29896532770542,-119.6999254711979,1.0298715070463962,0.06058976165575492,-0.33064593224119454
HDOK,PLOK,17472,18,18,-128,-12,11,2,33,-115.40361117325084,-117.06716852437395,-116.95352539363441,-118.29373988621583,-117.81542644072702,-117.20572461887396,-119.97419265678187,-117.19286276593532,-118.10842955046662,-116.43834755568531,-118.37209779386295,-117.3394368285839,-118.21494115207848,-115.95133343773243,-118.74969883296474,-116.2275447682046,-116.13124714895312,-118.5884961002482,-117.41662895045094,-118.15359158435302,-116.78314077975824,-116.55746831917601,-115.39048997880022,-116.4726254773893,-118.98614209909537,-118.5438873647505,-117.19598737442018,-117.34263040449406,-117.15080076073856,-117.37936786494896,-116.28108795068752,-116.3636634449131,-118.00163196999445,point1,-117.33475663492557,-117.20572461887396,-119.97419265678187,1.1020217278531415,-0.24961546541178864,-0.16466342968829517
HDOK,PLOK,17472,18,18,-128,-12,11,2,33,-116.20880536656357,-116.17624659000596,-118.16143069498872,-117.61234599545078,-115.97858706521227,-117.15129272191281,-117.43069979020314,-117.09200157144207,-116.73192645350765,-116.38038855270521,-118.54327753267077,-119.65049076846267,-117.42287382074618,-115.932138119216,-117.02400966118628,-116.83833607814972,-118.97824392834481,-116.33330867348185,-117.18346986174711,-117.10699841812735,-117.76819299580552,-116.11628175259862,-116.53609774111813,-117.95824481188868,-116.27550729252158,-117.60029339478169,-118.44490282143946,-115.56244889393793,-116.50563193628665,-116.97163664599574,-117.97542051840686,-115.69713529805286,-117.11783517510895,point1,-117.10504548309297,-117.09200157144207,-119.65049076846267,0.9087267439506594,-0.6468281134245386,0.18648874578360486
HDOK,PLOK,17472,18,18,-128,-12,11,2,33,-116.52068344636498,-117.59813372277704,-114.62107950025576,-117.38172101561793,-117.28675543746918,-118.38946935650685,-118.57667408718667,-117.65701376783943,-116.71859151289165,-117.14222830806101,-118.83070870914462,-118.45250079125827,-117.38639105873162,-117.74529442064525,-117.26232991370817,-116.54283440663893,-118.34824557076593,-116.01391496544034,-116.4974949303387,-117.39977324600102,-116.46023059530081,-116.25019698641725,-115.13299993985186,-117.9321491194625,-116.74613260379722,-116.97544982420811,-116.92175772062589,-118.05578327798233,-119.7154218726912,-118.32798765205042,-117.45747478599316,-118.09451525798406,-117.46013382366463,point1,-117.33036580689918,-117.38639105873162,-119.7154218726912,1.04899937361718,0.3588508849287727,0.8614376226361649
HDOK,PLOK,17472,18,18,-128,-12,11,2,33,-114.90160178062567,-115.40729087307675,-116.03706253868394,-117.70427366046857,-116.09504033102652,-118.61550878940493,-116.45996620005765,-116.56547916667269,-119.93693767951858,-117.40466388212117,-116.59526093766684,-119.43542265341958,-116.20809049871232,-116.5051675347433,-116.23293849755363,-117.10765806330092,-117.69313119649799,-119.3716828607451,-117.23665857962759,-117.19096344815736,-118.09571367363122,-118.04994264350987,-119.13937421706292,-117.76663994963563,-117.76840243476376,-118.86003350020282,-117.63703707738482,-118.20789271795692,-118.39742446851172,-115.9791035760974,-117.4992016953117,-117.47803182747921,-118.38803743446455,point1,-117.45368589054829,-117.4992016953117,-119.93693767951858,1.4186754243336042,-0.022788824950904146,-0.43713217812101623
HDOK,PLOK,17472,18,18,-128,-12,11,2,33,-115.55544005610318,-116.9324412336441,-115.78127253462301,-117.09555189170449,-117.25178129316778,-116.85390077478728,-116.64101000395159,-115.879912945523,-116.01263550093029,-118.43494438962755,-117.87670376257583,-117.26852204372992,-118.47196042549598,-116.58017136173089,-117.55654326162302,-117.44966976014726,-116.5427563050043,-116.05299172412903,-117.953084492985,-118.2223778332377,-117.45278450208559,-118.62454741342964,-114.7610378691992,-113.93185876210161,-116.96982428180776,-116.39559707177791,-116.13228155428789,-117.16837770781395,-116.17306126581639,-117.07912991233813,-118.52078953938828,-117.82992071238345,-116.06660576615769,point1,-116.89452993797909,-116.96982428180776,-118.62454741342964,1.148662547009935,0.5238791522535331,0.46141861964449005
HDOK,PLOK,17472,18,18,-128,-12,11,2,33,-115.61102685284362,-116.56300533744083,-117.39677652548825,-116.58094233166531,-116.54215818777848,-118.79502096007732,-115.878456455061,-116.86497417846117,-116.46411154828671,-118.35274568993157,-117.25796894877101,-116.75910947904501,-117.7692566729238,-116.57076408347658,-115.32707419540847,-117.04948880403445,-116.29739074940156,-115.6766894900608,-116.69641691341933,-116.4700733404945,-117.82349739051182,-115.56710988703395,-117.26051871250495,-117.34877273086343,-118.05084255987722,-118.41729020309008,-116.06602837919178,-118.08879885780473,-116.33135766973946,-116.71971777392315,-117.5063789356085,-115.32160320406193,-116.14355572216584,point1,-116.83542190213473,-116.69641691341933,-118.79502096007732,0.8220605960373086,-0.29117338040071217,-0.585758772049914
HDOK,PLOK,17472,18,18,-128,-12,11,2,33,-115.46665566327503,-114.41542408781191,-116.73678880118064,-117.39291159146231,-117.49478651999603,-117.65531532544465,-117.06651839332731,-117.20397199256387,-117.45168922509889,-118.16096171027688,-117.04494000744671,-117.07959086206071,-118.56137590795129,-117.32231272392046,-116.92257183457924,-117.05952995461202,-117.02098221127271,-116.57126186178616,-118.55927510762348,-116.72508632354916,-118.31183390161641,-116.35630868853967,-116.92814027498738,-116.6167532270478,-117.57841764401073,-118.55596801622511,-117.54825387676338,-117.91578006414726,-117.5041391995568,-118.66515174261991,-119.47729947461875,-116.3515495555884,-117.99943111574188,point1,-117.32487808747585,-117.32231272392046,-119.47729947461875,0.9109147557023917,0.5172007948601214,1.8105419697754246
HDOK,PLOK,17472,18,18,-128,-12,11,2,33,-118.07467066228453,-116.68734137765944,-115.86093721751168,-115.64005655515506,-118.30554387783964,-118.37644823042763,-116.02830932090274,-116.90066683897774,-117.2941080611463,-118.66184445303391,-118.35094409262405,-117.12200345495549,-117.2496653360067,-117.3734431851998,-116.5977020549581,-117.13207381779513,-118.80266143609897,-118.23496621405745,-117.74173923931481,-117.30325667552803,-116.0234662790987,-116.22563470514567,-119.72848906795888,-117.18396857514264,-117.90669642497804,-117.09188077993473,-117.8671090515614,-118.54971791067899,-116.41803425512275,-115.08975998555886,-117.79049762368261,-116.6956536994579,-117.53061353758639,point1,-117.32848193931471,-117.2941080611463,-119.72848906795888,1.026686448126337,0.02044552269957377,-0.13447475867768643
HDOK,PLOK,17472,18,18,-128,-12,11,2,33,-116.12302936024983,-116.63150945988399,-116.33743973921013,-116.86311036429538,-117.39843730874958,-118.33667798985775,-116.74054352839458,-116.1071457443142,-115.11352433647485,-118.43320881118134,-116.4673980578796,-117.32706646519246,-115.9974916194754,-115.73064619476523,-117.82343153332744,-118.4402398253112,-117.49190096505193,-116.99060922826438,-116.1469818628511,-116.23324560436247,-116.28138683364303,-117.64408187096889,-118.25129648713863,-117.2240478439107,-115.51741791125362,-115.8087232759134,-117.94254851428488,-115.49979231995452,-115.86089561821463,-117.25612729788463,-116.03588059292257,-116.90831649798312,-116.83060688892931,point1,-116.78165939248771,-116.74054352839458,-118.4402398253112,0.8230992706697488,-0.2769065525525354,-0.8477433478283638
HDOK,PLOK,17472,18,18,-128,-12,11,2,33,-114.34843109743903,-116.99256761683972,-115.83046999963929,-116.7710222129102,-117.2788838585495,-117.38016088203176,-116.37906863696207,-114.81501976961246,-117.54622346260642,-118.7221358303796,-115.9794764678174,-115.25176671165092,-118.59482475982817,-116.29210490985972,-116.0543794426065,-118.69904923633231,-116.68054544373979,-115.73149925899126,-116.31733864328598,-116.69825261867372,-118.57383047673429,-116.49875478632632,-116.65262636364028,-117.92596796048603,-117.86247690994337,-115.97741346098015,-118.05597152036545,-115.65900537343167,-116.38254332015447,-118.60301523508724,-118.34520910515432,-118.21967441960733,-119.6683783946454,point1,-116.99357842988825,-116.69825261867372,-119.6683783946454,1.5777248720432224,-0.06980638679371423,-0.6205003203968467
HDOK,PLOK,17472,18,18,-128,-12,11,2,33,-115.78718727533666,-116.70579040515791,-116.61120485039807,-116.93627022802971,-118.96297902350392,-117.40098897430761,-117.83091081844654,-116.94904761672363,-118.61185943808958,-116.38777864968503,-119.17334093892367,-117.92862736181243,-115.41259424746302,-117.13091071183469,-115.89525201905823,-115.50092817126284,-118.93210644454713,-116.90186300238473,-116.78050111907307,-117.02198782463041,-117.57899759353575,-116.76356904564504,-117.2262611952871,-117.911760045789,-118.18587311066752,-117.76866018556167,-119.11137211139832,-117.83139786700663,-117.16201724760211,-117.4053610255002,-115.64583838652517,-116.8962059768572,-117.82205983077121,point1,-117.27792432553987,-117.16201724760211,-119.17334093892367,1.0107950889120245,-0.07895068029110754,-0.4168124922480927
HDOK,PLOK,17472,18,18,-128,-12,11,2,33,-115.23591659107194,-117.58522229767858,-117.28588127266485,-116.5880966048428,-116.67281101962679,-115.59853771489212,-118.13621733149054,-117.67171427030748,-116.26821242878059,-117.79922306374071,-117.48118510104914,-120.088403844526,-116.88189286715065,-115.9645366493686,-118.50626365378947,-118.49575206938673,-117.86640843329053,-116.90812870772213,-117.37566920612278,-116.61641221031695,-117.06051299655734,-117.97590735304759,-117.57785750110243,-115.36206826081538,-116.27352065953538,-118.42677390793713,-116.57113375820815,-115.75500906770873,-118.32778864607343,-117.84009737260358,-117.91801407799058,-117.12008119333943,-117.6643481483618,point1,-117.23938176609394,-117.37566920612278,-120.088403844526,1.06816180389207,-0.14700486817513633,0.4774442664968772
HDOK,PLOK,17472,18,18,-128,-12,11,2,33,-115.1626745090824,-117.1459942142322,-118.0340626468414,-116.18769454332254,-117.85841656175427,-115.96835382353309,-118.02119301256239,-118.88030011235182,-116.13453815314925,-117.91347366272454,-116.72237954706576,-120.46961781073732,-116.97479316167221,-115.81749825387415,-117.84786339577158,-118.51526818542983,-117.84805693847943,-119.91609636659928,-116.6845761187251,-118.99558457834087,-116.32786745951401,-117.45798755485067,-116.9473223777944,-117.05799054464987,-116.81378258655411,-117.10005093501549,-117.13315683022336,-118.2857895437262,-117.52018483091905,-117.52859516825848,-116.66398191081964,-116.88810303914859,-117.7546055939261,point1,-117.41145012035304,-117.1459942142322,-120.46961781073732,1.241352255849224,-0.6653057991243055,0.9322819616086568
HDOK,PLOK,17472,18,18,-128,-12,11,2,33,-114.6155457036476,-116.7069372467389,-117.46128031420376,-117.51330980054585,-116.65814819885583,-117.02008836441404,-115.10584522516751,-118.42961782399257,-118.0325799743506,-117.30351828039281,-116.9672316272391,-118.43147422947351,-117.82425099597492,-117.20142230301275,-117.1883917669256,-118.75318607427272,-116.22746611739089,-116.44980333230869,-115.23103411676999,-116.32009414511629,-117.32825663174579,-117.79573741601966,-118.82658609380857,-116.75931180382663,-116.83455113112697,-116.35589369908047,-119.90679738896681,-117.09057447913698,-117.71323631035061,-116.96533542931664,-115.36507932159462,-117.59021739829817,-118.32178910896613,point1,-117.16044217736462,-117.1883917669256,-119.90679738896681,1.2421047716237077,0.09552954171134442,0.4935008652447528
HDOK,PLOK,17472,19,19,-130,-14,11,2,33,-115.80020110401594,-118.27022945530904,-116.78115716673409,-118.12936404260954,-116.5827369436183,-117.01660853500188,-117.32597885726116,-117.50937156450058,-118.31049460730227,-117.45432538182345,-118.58378950375837,-117.48277753343723,-116.95336239355086,-115.89697465195817,-118.75669629577992,-117.97036476057721,-118.1600755731229,-118.1121185292133,-116.55415495368703,-117.23280229541328,-117.97894900600211,-117.80884783451715,-118.21044822494508,-116.86346745638333,-117.6157172368077,-117.64712183130463,-117.54819375508222,-116.02910371734366,-119.60269005411568,-116.7065947931102,-120.94317555505904,-118.7758717658306,-116.81399882076401,point1,-117.61902315757392,-117.54819375508222,-120.94317555505904,1.0834219892647858,-0.8284003409445961,1.938422726863155
HDOK,PLOK,17472,19,19,-130,-14,11,2,33,-117.71048768568147,-118.13974436408766,-120.68010470582564,-117.84382012936774,-117.28855385273776,-117.31516432799904,-117.68207815613934,-116.55779951921379,-117.9990694971269,-119.20544413915142,-118.55665353411237,-116.45510630369424,-118.23788674304849,-117.15918872606177,-115.36943126390719,-117.004135776489,-116.26296221248428,-117.01822299628455,-118.16895056924365,-116.1158840997292,-118.15127423918098,-117.7324986446602,-116.81203233735725,-117.74425399640685,-118.46006216024611,-117.17709032649562,-117.89696568611643,-117.53161134323922,-117.84043096465243,-117.08128069737037,-116.9076442421981,-117.29848539932601,-117.8412826917025,point1,-117.55289701004054,-117.68207815613934,-120.68010470582564,0.8946855821559746,-0.7114173977411177,2.8273732245341203
HDOK,PLOK,17472,19,19,-130,-14,11,2,33,-116.25290366096216,-117.97768632442873,-117.92644788481307,-116.12013206428372,-118.28009837284503,-116.56108121092522,-116.11900004006252,-116.98885073587357,-118.11145910802283,-115.6458743547606,-117.55979267075153,-116.48339355602201,-119.210250218504,-117.53908624004183,-117.6091303348432,-119.25180243045777,-117.0937629666883,-117.88281511138976,-116.9366509718873,-116.85791473631598,-117.71435917321699,-117.92424225594323,-116.91687488409028,-115.66421272811466,-116.30762315963624,-118.66531406900522,-118.2313232177773,-118.60743642174434,-117.1360244689613,-118.15980653204295,-116.79004641579016,-116.70796578987854,-117.05806040099463,point1,-117.3421643185174,-117.1360244689613,-119.25180243045777,0.8780140454766486,-0.14338764268532275,-0.6198970078537411
HDOK,PLOK,17472,19,19,-130,-14,11,2,33,-114.9136391760295,-117.49767986064754,-116.31609779355357,-116.62381581039116,-116.40970496756994,-116.61052382099753,-118.8069397024731,-116.33864964879696,-117.57383550830482,-117.6718796700641,-119.19903262806301,-118.03916338136955,-116.78818071808665,-117.61221092471371,-117.65383673627593,-117.19879386062644,-118.12493842056195,-117.46068546231419,-116.01313981835543,-115.78787726056571,-116.99250147498036,-117.55548704788657,-117.73124167999518,-117.63531051660708,-117.65820384510813,-117.08031285349824,-117.00423973949403,-118.47799050698106,-118.23843118388037,-116.66325209495918,-118.04626766698553,-117.75758088294484,-118.02127563338526,point1,-117.31826425140805,-117.55548704788657,-119.19903262806301,0.7819220636019036,0.427810854573604,0.5530019008331797
HDOK,PLOK,17472,19,19,-130,-14,11,2,33,-114.97400586534141,-117.31257813010258,-117.00855446042557,-116.42796070079893,-117.28487474612338,-117.31818704366616,-118.59598136900661,-116.19137075332638,-117.73248768771221,-118.76954160229424,-118.5477179549513,-117.71518224909829,-119.03845624115303,-118.21722533961595,-116.91691781310281,-118.40092756697128,-116.68251337663504,-118.11866419602039,-117.59872322916004,-117.48747231428669,-117.11611341279821,-117.96879172796598,-117.63288458293802,-116.93038010243234,-115.74938218808892,-117.35141980305414,-117.57573069732373,-116.67182536103459,-117.2416411738056,-118.68358465619191,-117.73615885191774,-116.87419108184547,-118.2613759124996,point1,-117.45857036944513,-117.48747231428669,-119.03845624115303,0.7766339349052828,0.5567522861512689,0.6794209811885747
HDOK,PLOK,17472,19,19,-130,-14,11,2,33,-115.93200445454227,-115.92441111892897,-115.64183711587077,-115.76450247573045,-116.4348736670725,-116.02771624189103,-118.18162861093644,-118.13802828077269,-115.92044409965692,-118.13580117965287,-117.72160900370675,-114.94166140268935,-119.8476743838715,-118.0079716922799,-115.77684627097608,-116.03630280711657,-117.5342291723028,-118.6166675182515,-117.85351062436737,-117.3670913083303,-117.25050444546422,-117.19012578586441,-118.15001718718094,-118.48960834970599,-119.8463216009482,-118.09511943740915,-116.35847083481482,-116.40894714428067,-116.70375136690443,-118.73620227535238,-119.89117614679975,-116.2347881698669,-116.27439106413196,point1,-117.25558288599002,-117.25050444546422,-119.89117614679975,1.7051361659496003,-0.38624579351882804,-0.6774692188820213
HDOK,PLOK,17472,19,19,-130,-14,11,2,33,-116.79181525221318,-116.04017712707136,-117.02169229146158,-117.44715967956101,-117.49571709327891,-118.3493645199802,-116.6153208514445,-119.17826921647548,-119.69789429221822,-117.06722352829931,-117.66202161438981,-117.28809991990158,-117.04871949593043,-118.02566216238289,-117.9317534982702,-116.91284026686786,-119.44543343232625,-116.53044779296361,-116.76170741323128,-118.1007223950747,-118.81199110362549,-116.41164400397766,-117.7777698181505,-119.14771299650396,-117.97570523624579,-119.1126057050447,-116.10030782443239,-118.5401690328697,-117.70380530552615,-116.43918633024886,-117.36113471479973,-117.85659119753612,-117.92922584585993,point1,-117.65393608964129,-117.66202161438981,-119.69789429221822,0.9453719205585149,-0.35793490533190875,-0.6358586149741785
HDOK,PLOK,17472,19,19,-130,-14,11,2,33,-116.78261890689942,-116.46411985833952,-116.40136223893974,-118.03094904764241,-117.11002664812374,-118.14699579741104,-117.78632931547132,-116.95020548385183,-117.92597176698646,-116.58295872088489,-119.322351964406,-116.35515916674649,-115.81154967748954,-115.11017013807582,-116.88270210115972,-117.46513070876654,-117.4347160266666,-117.97908679377088,-117.15818019246811,-117.51940830916101,-118.88539663275871,-117.08948899906325,-119.06718522991595,-115.3653615575511,-117.22026092195797,-118.20097166823933,-117.97051921631586,-117.44988514682137,-116.52304413669279,-118.7906145793009,-117.17679608257252,-118.54000941116175,-118.87255573901795,point1,-117.40521461165548,-117.4347160266666,-119.322351964406,1.0384470953302256,0.16669761927552398,-0.24724852411558418
HDOK,PLOK,17472,19,19,-130,-14,11,2,33,-116.00014020549423,-117.90566614009693,-116.42014116650489,-115.99237884441774,-117.46462302559208,-116.67188313184897,-119.5656435345827,-116.10162299290903,-118.07270931112234,-118.77952639024105,-116.81889845081767,-119.46336325668193,-119.07775991830056,-117.12248209079117,-117.60367710834386,-116.4738632465402,-118.32596386860415,-118.34485712891694,-117.7064422763996,-116.67975923936002,-117.75393695563739,-117.06271336456548,-117.43941184694606,-118.34659617987116,-117.5937579832026,-116.49303563558465,-115.62185113373494,-117.59958599042568,-118.34287409585534,-116.6835685505144,-116.93642240541394,-117.32598346586688,-116.07573155025457,point1,-117.3899051662254,-117.43941184694606,-119.5656435345827,1.0225167611612447,-0.3544154805545248,-0.5043675793475098
HDOK,PLOK,17472,19,19,-130,-14,11,2,33,-115.334805154094,-115.8388293873113,-118.11553362590939,-116.69034773659,-116.55076025413115,-117.57082675008941,-119.3959925795598,-117.41481589062334,-117.24547771488488,-119.82678546540338,-116.93151465782334,-117.40996124341167,-117.48595934742634,-118.41391742754769,-118.34430213006847,-118.55552533572939,-117.82517062934427,-119.0273501354756,-117.90213518736518,-117.32059783799687,-117.16114670881511,-117.49052035885015,-116.6441086402863,-117.33731614302111,-116.50225674554088,-117.73903732840053,-116.31140838083641,-118.90314714948083,-118.59974314805226,-118.23076942847077,-116.00663628561743,-116.44090391484806,-117.86997540613119,point1,-117.5284114584587,-117.48595934742634,-119.82678546540338,1.048745243846499,-0.09634710293483278,-0.20490209157728723
HDOK,PLOK,17472,19,19,-130,-14,11,2,33,-115.83004746592339,-116.93915822809889,-117.17776504821647,-114.84233117922223,-115.77104307738888,-117.73755726507535,-117.59804693155809,-120.09015509233781,-115.40059759165108,-117.6669636785313,-115.97186615047475,-118.49769176099842,-117.95305417467176,-117.00550379342005,-115.97840591750001,-117.67923574975724,-117.78973541167291,-116.78931872642686,-117.9049732491815,-116.70601250185868,-118.53889032093285,-117.72501192115605,-117.6383248237362,-117.95072857269875,-116.7116700572027,-116.46769133959661,-116.5393958889824,-117.29829101011457,-116.26903221185626,-116.47353923258812,-116.48739726877078,-116.86186600771623,-118.06859127079287,point1,-117.10181493697303,-117.00550379342005,-120.09015509233781,1.0629235651614373,-0.3221098717508639,0.9503202970650606
HDOK,PLOK,17472,19,19,-130,-14,11,2,33,-116.3554577486959,-117.5959039078087,-116.4749274257165,-117.55714137012365,-116.71637985051481,-116.79129108125592,-116.95512853618786,-118.30842434799001,-118.20607998694572,-118.34829796362904,-118.08490008697775,-116.1408513744933,-116.46373010180102,-117.47308487406656,-116.3563326045312,-116.99664873469509,-118.08496354115137,-115.68467622304199,-115.42160792901609,-116.74634851129275,-117.72220497276366,-119.23139347868843,-116.36145334507462,-116.72505643363512,-119.1647001321512,-116.92969870047217,-116.24544635355473,-118.82449472461681,-117.53667476417445,-116.91455495800221,-116.95802247719446,-117.30847030627218,-118.74486887939004,point1,-117.25543077957347,-116.95802247719446,-119.23139347868843,0.9281110869871461,-0.36361712713556005,-0.5446425527403229
HDOK,PLOK,17472,19,19,-130,-14,11,2,33,-114.97163483964364,-115.39695169973541,-117.5769727139141,-113.82544400476048,-118.17600425387995,-117.25722702104954,-117.83481153980196,-116.28147811524144,-118.0283444137404,-117.72424514839696,-117.0955061647642,-116.56399660828711,-118.52007745810103,-118.8023005287184,-116.9512942266934,-119.44802186527403,-117.70927942225569,-116.83387574896668,-116.7195945431902,-119.66624931440076,-118.10402755416966,-117.63873621948835,-117.14022438273062,-116.9874070966857,-118.97622042635517,-117.61909165340239,-117.20776842925116,-117.15140400028272,-116.55644004202033,-117.06308852619479,-117.33137156029309,-118.12638341559669,-117.1692273633113,point1,-117.34711213032114,-117.25722702104954,-119.66624931440076,1.3467861974493511,0.699252800320357,1.8914395014995393
HDOK,PLOK,17472,19,19,-130,-14,11,2,33,-116.56438886180027,-116.45845701278174,-117.7892330195394,-116.55625426685687,-115.8093588033436,-118.73475294999632,-118.46539207437871,-117.79792835093018,-118.47662050166356,-118.79104514859812,-117.38287417463815,-115.67900993170328,-118.895807991053,-117.52771846456795,-114.92909010932232,-117.1663255800211,-116.03190680845378,-116.17001727266961,-117.2409938451431,-117.71383820282442,-117.57766903583207,-117.61407192113421,-118.7048720409895,-118.54666027501428,-118.7038205392621,-116.68743052127999,-116.50447240013614,-119.03697834123517,-117.69225951659251,-117.68945731078098,-116.98780408958908,-116.29274982697703,-117.19940789669042,point1,-117.37632324502421,-117.52771846456795,-119.03697834123517,1.1031117578199432,0.25137478106382755,-0.6579154156599016
HDOK,PLOK,17472,19,19,-130,-14,11,2,33,-115.70934164994243,-115.27405029657257,-117.77654294096148,-116.92457361552682,-118.2844286298764,-117.64771136530564,-118.37227863333186,-118.40555247062106,-116.0939583819176,-118.88221856757545,-117.34604289724108,-115.47759429700525,-116.79072548722465,-115.73948801014467,-116.80022620672236,-119.15721495796856,-117.31010184064488,-118.20636421657376,-118.25132724220059,-118.14857602297492,-119.38010282297151,-117.38738487642664,-118.04676120971374,-115.83254240786745,-117.46935443301201,-118.87523389488597,-118.76359625562255,-119.82991163416064,-116.06757938059674,-116.96026614622357,-118.04605236206656,-117.98561186665958,-115.8286049083669,point1,-117.48700969481528,-117.64771136530564,-119.82991163416064,1.4653410215065468,0.1824901607135656,-0.8790510196875267
HDOK,PLOK,17472,19,19,-130,-14,11,2,33,-115.74496984307395,-119.3865416438061,-118.10684031518973,-118.36358064288177,-115.4434826989695,-116.26846006177928,-117.2510388428926,-118.69175164644341,-118.54947581230485,-117.55179858384157,-117.59813451654458,-116.76418776558393,-118.16599629967564,-116.03365227907325,-116.54814129701911,-116.14132697059983,-117.99790863460117,-117.45389466590386,-116.60890919298943,-117.79440851154041,-118.53792783759769,-116.73843801044285,-117.45882866259008,-118.64248568094459,-117.74249646163632,-116.77586189085407,-117.21012618475517,-116.75647651437993,-116.302942485967,-118.31019459422555,-116.60011551744648,-115.08088878982925,-117.98764016742055,point1,-117.29117948553949,-117.45389466590386,-119.3865416438061,1.0559809396137803,0.15209319521379433,-0.6319335585378099
HDOK,PLOK,17472,19,19,-130,-14,11,2,33,-116.42590981141902,-114.90137127003761,-118.33795819228217,-117.3960875669988,-116.21304535140962,-117.340536308217,-115.65341935601167,-117.76661872092576,-118.0477763196486,-118.06623532581423,-117.41924460896722,-117.10529490062619,-117.93220251868286,-116.09088661307088,-117.75031287005449,-117.32241039197442,-118.23660289408464,-118.487430304447,-116.56899409721422,-117.60114871238558,-117.55875980294968,-116.34257178997713,-117.61347826339698,-117.31183953725767,-116.6884551968555,-116.64100453762516,-118.03979740042439,-118.44489408282638,-117.16098970333225,-116.77827698178129,-116.53771812274714,-117.70281556024182,-117.82461482319522,point1,-117.25177884657222,-117.3960875669988,-118.487430304447,0.6931347421529372,0.7667232857674571,0.4156213662510293
HDOK,PLOK,17472,19,19,-130,-14,11,2,33,-116.32350985218278,-117.86370283840505,-118.55929771379029,-115.29428081883282,-115.7516687198176,-116.79581517213683,-115.36477593697002,-117.28615344027043,-118.43915301027468,-118.13146071238288,-118.32800785243246,-118.05755340010369,-116.3312122443714,-116.19110242114444,-117.23060153215462,-117.48582769265649,-116.85036717875902,-117.48509010186464,-118.42243393048209,-118.247795244637,-116.94085344997278,-116.40167278250306,-118.72593816510926,-118.00642732662315,-117.02927007601475,-116.74377214162028,-116.09510215977132,-118.62954947799105,-119.10961580515453,-118.42500117900371,-115.5302591708665,-116.94755440465752,-118.39240175578416,point1,-117.31567356693154,-117.28615344027043,-119.10961580515453,1.13790732018959,0.26777307310522,-1.0436315321684146
HDOK,PLOK,17472,19,19,-130,-14,11,2,33,-117.63492993551796,-118.90705042976285,-117.97454613557454,-115.85398203641333,-116.53965759873597,-116.96742784352132,-118.27339558424659,-115.34673783403173,-116.49428858659887,-118.28644117199394,-117.19543792322224,-118.43532817648688,-118.34011470963368,-117.69075996811583,-116.55633838020394,-117.63429556181273,-117.8787847329095,-117.83265828334974,-118.43209337461333,-117.85816225933037,-115.97322931954398,-116.99251404314849,-119.38885997943679,-117.05821771710862,-117.15281523253094,-118.23699049788428,-118.0284153450556,-116.01282308875801,-119.43699142638702,-116.66992509054296,-117.46983073366917,-116.2849380525586,-118.29091115537325,point1,-117.48875430933555,-117.63492993551796,-119.43699142638702,0.9975262813665118,0.14243955641178627,-0.49518006561958705
HDOK,PLOK,17472,19,19,-130,-14,11,2,33,-114.20437006717239,-117.42341087340048,-117.5804770140551,-115.24397278105766,-117.18735177334209,-117.64369057092239,-117.28917912140741,-117.35885864878782,-117.69606494613855,-117.58010083520061,-116.45526676748398,-117.7405993481509,-118.03679582034948,-118.23643025226005,-118.55859216474468,-116.80151641200804,-116.00403753688576,-116.77977588446217,-117.87635384157208,-117.11591576598708,-118.94483161790384,-115.81481996992994,-118.52938989893075,-117.15052732690145,-117.64851435440058,-118.38576861991112,-118.03277790976576,-117.11990304704977,-118.09603808083304,-116.51925739444516,-119.10193939289756,-117.31708981553835,-118.68910699225972,point1,-117.3988704498835,-117.58010083520061,-119.10193939289756,1.0655240536455493,1.0088209359139193,1.6894484450402119
HDOK,PLOK,17472,19,19,-130,-14,11,2,33,-114.57791145272579,-116.20833796881378,-116.70373852793335,-115.87804221417728,-114.6820311048109,-117.59250792484984,-117.75413895650803,-118.39625992391856,-117.59545129406645,-118.01630588858566,-117.10881556867352,-116.91153905362845,-115.60145842801869,-116.27910699481866,-117.74884583360105,-117.00023669714932,-117.27420648345328,-114.70878767484518,-115.31946880031825,-118.78040288566118,-117.7312312361851,-117.29415914109812,-115.54601676469439,-117.96121409976809,-118.96664452249422,-118.40935004360445,-116.24096063410803,-116.55842054822682,-116.97804053940352,-118.42581773067987,-117.94560845044846,-119.24297676137388,-118.32995268384144,point1,-117.08387838886314,-117.27420648345328,-119.24297676137388,1.5643617281444044,0.41064370504292064,-0.6192581731230793
HDOK,PLOK,17472,19,19,-130,-14,11,2,33,-117.35577974101898,-117.67580952713205,-118.85694876766463,-116.26386472654737,-116.4271397510166,-118.49900119286953,-116.39979511311708,-115.76434682810185,-118.05915758412353,-117.31058720140325,-117.00500698623188,-118.37155307820987,-116.6837043851487,-117.63219607525306,-119.2604503567913,-118.47219977863381,-117.71980644790764,-117.33994342492005,-117.53552057394343,-116.89686600569355,-117.82448924256171,-115.7589647530811,-118.23859862650504,-117.55427757485111,-116.40845154293132,-116.6434281898319,-118.81703906559295,-116.345692904706,-116.87012023761554,-117.45585067895813,-117.09532572929344,-118.69475673683694,-118.31386966464008,point1,-117.44092553009496,-117.45585067895813,-119.2604503567913,0.8341703989079853,-0.03894076481723682,-0.8095841604140612
HDOK,PLOK,17472,19,19,-130,-14,11,2,33,-114.73485640583164,-117.53645034746717,-117.27021493186481,-116.55492779014305,-117.30156595748176,-115.99788842858344,-116.31130402503548,-117.30883573330647,-115.93491504399321,-115.19737894290672,-118.2277256644384,-116.17400230768,-116.75097479448019,-117.56563294528667,-116.38521951597565,-117.02453424380057,-117.18934975964672,-118.80777919750147,-116.1765275608462,-117.59404441202342,-118.00865996109314,-116.09000794014635,-117.66393823476558,-117.4346652566349,-120.19016174809366,-116.010322673618,-116.50918801226653,-117.09236102577792,-118.5933365088427,-116.7548178386361,-116.73470367595714,-117.50040861338393,-118.51223663985802,point1,-117.06481624658687,-117.09236102577792,-120.19016174809366,1.1506837813201065,-0.4925119778946331,1.1459091033761806
HDOK,PLOK,17472,19,19,-130,-14,11,2,33,-116.33290616129189,-119.23972999839268,-116.07700115491137,-115.18839281885097,-118.33603849967508,-117.88031604948584,-118.75676589010506,-117.6312737993882,-117.56030527544894,-117.99251606884405,-117.96440312496324,-115.85234489879291,-116.15393993039784,-118.2017307116779,-115.74901142096175,-118.22821807020726,-116.77245027118987,-117.57009659497234,-116.26673632511981,-116.29477360129877,-117.8316451677213,-117.47566567920238,-118.24246683815079,-118.01861118557765,-116.57004006852839,-116.21273285971168,-117.14125529829504,-116.707283106204,-116.72710042887967,-116.24621412327885,-117.73360299704221,-117.1178054109016,-117.01811885241037,point1,-117.18459068732969,-117.14125529829504,-119.23972999839268,0.9185309424451418,0.0013707227091257755,-0.7488189572175625
HDOK,PLOK,17472,19,19,-130,-14,11,2,33,-115.84002368882531,-117.02498262271017,-117.49132169520361,-118.53572330454217,-116.0324786179552,-117.02560994076548,-117.22928091085447,-116.82439838434264,-117.45551167398189,-117.12592762632728,-116.01839634181177,-116.62736323373922,-117.7352554751566,-116.89253998316141,-117.44410824394639,-115.30163348544038,-116.20046585024463,-115.83445189104336,-118.01547864279287,-118.05546015503941,-116.81905706753541,-115.74388536811836,-117.4869743744849,-117.54028468890711,-118.75571844629458,-118.81352393238816,-118.6735549324079,-118.30296212696227,-118.86918217323456,-116.61310973382336,-117.2077915079346,-117.17461300465536,-116.66617551224206,point1,-117.193249837481,-117.17461300465536,-118.86918217323456,0.8992261352008006,-0.06191876094589546,-0.6527888771090864
HDOK,PLOK,17472,19,19,-130,-14,11,2,33,-117.42991768641254,-117.04372858841309,-116.98070404122186,-117.23731677931195,-116.44489083904844,-114.80111885013773,-117.24977640351139,-116.59340012377525,-116.26707995927823,-117.21414044006936,-116.01857111461622,-115.9276388665528,-117.80964697514432,-117.25838003096227,-116.55804529867156,-117.60248248680773,-118.57329380497852,-116.19517187796266,-113.8260158515231,-117.53006536479288,-116.75208607386894,-117.56306098330435,-117.18604876772304,-116.80513850241753,-118.14180782796734,-117.84977529690386,-117.73317593484751,-116.82103539379305,-118.40267309944021,-117.41597837731304,-116.48208794605223,-118.32172109074818,-117.38349963260352,point1,-117.01271134273256,-117.21414044006936,-118.57329380497852,0.9216137560957758,1.2402984604571725,2.798580984773104
HDOK,PLOK,17472,19,19,-130,-14,11,2,33,-115.42799359309302,-116.9251609917854,-116.22846801322132,-118.55244186960746,-117.48068428992813,-119.27132995711933,-118.82042012732487,-117.92876872005252,-118.01353586471535,-118.40630688052828,-116.53300966678484,-117.47404093695903,-116.97491990435802,-117.87714696690831,-118.20760119872861,-117.3279079076329,-118.5044258939835,-118.05388608542833,-117.38212500616598,-119.46494992945749,-118.10967140248799,-115.34842557887701,-116.91453646186478,-115.90733611729695,-116.27718112301669,-115.64015183544824,-115.29943097352398,-121.01165877863018,-118.40480066743051,-117.28899127610616,-117.4327894930237,-118.15489200004593,-116.37007112915234,point1,-117.48530486789963,-117.47404093695903,-121.01165877863018,1.6105517886260323,-0.2998014086544412,0.45090670514344167
HDOK,PLOK,17472,19,19,-130,-14,11,2,33,-116.5496456453551,-117.21866627729521,-117.50728425270763,-117.58998475320429,-116.7523155915086,-115.55452425123117,-117.97514540879511,-117.78411291275683,-116.82931900031063,-118.10181652426678,-118.20087047997846,-117.73460685481558,-116.99327421766795,-116.03268443705875,-116.32726828096786,-117.13733776397568,-118.12283063099092,-118.15529753222519,-115.82846678149198,-117.90594558539529,-117.77507417851798,-118.0739563928926,-118.30866742900744,-117.34420069258995,-118.0767912110374,-115.97022280587976,-117.0071469691056,-118.10002633901614,-118.722429950403,-117.61243119488287,-116.24435504645749,-115.56916425488521,-117.52539531570177,point1,-117.29185633219323,-117.52539531570177,-118.722429950403,0.7404161797472933,0.5803494790280843,-0.7355782027522899
HDOK,PLOK,17472,19,19,-130,-14,11,2,33,-117.23085369314738,-116.63788965463769,-117.40123728616584,-116.79861116079994,-115.18406500620435,-119.21170942457533,-116.83466864737612,-116.52839870531479,-118.49696303438014,-116.62515167042243,-117.13985890558583,-117.45534778548951,-116.89785687028017,-118.14068948006178,-116.70061145661577,-117.19566974182017,-116.53510139626046,-117.5541870595502,-115.99522363722105,-118.41883777122555,-119.08644460617657,-116.74609844307172,-117.76315889031316,-117.149046197149,-118.55426416916778,-118.18559446651354,-118.23459652988805,-118.32662401652655,-115.9131516803611,-116.56767043793634,-117.72824640663768,-116.2563167426579,-118.1106784914185,point1,-117.32135828681673,-117.19566974182017,-119.21170942457533,0.8734498101673815,-0.0687156626831008,-0.3996642268114834
HDOK,PLOK,17472,19,19,-130,-14,11,2,33,-116.26717114251196,-115.16836380883976,-117.73541153140724,-116.14405904590357,-118.33386674018199,-119.29659479761673,-116.30903113897169,-117.10085504172925,-118.23285188974411,-115.32140721757843,-117.5225278909353,-116.14344089589689,-118.02920865885487,-117.58121996875258,-119.3453825945842,-117.89786851762108,-118.0819439746483,-117.84801685168983,-115.7483537679134,-116.91529981614218,-118.22471482649513,-115.37575712612158,-115.84903407184802,-117.62529103660316,-116.4082266380703,-117.9387465874142,-117.34355428658402,-116.50927987072785,-117.14437013489484,-117.58351538901668,-118.435387189906,-117.12079787286349,-117.74769213346441,point1,-117.22209825622829,-117.5225278909353,-119.3453825945842,1.1524258566845518,0.16518014562162556,-0.5784448539196898
HDOK,PLOK,17472,19,19,-130,-14,11,2,33,-116.63401037669648,-115.43480142335234,-117.62062664762408,-116.84608045837625,-117.60642226810884,-116.69688335649839,-117.77398035057466,-117.01989814654465,-117.98243922051523,-116.93312622366011,-118.7142340151438,-117.02870518196362,-118.91426898251936,-118.0658058654971,-118.08724256383685,-118.35546728694233,-117.85926400681008,-116.75363519471648,-116.79706242277426,-117.77573504533983,-116.94141638202271,-116.02650627128433,-116.78943540949473,-118.85825928201264,-117.16228156859428,-117.72587734560894,-117.74411459888323,-118.1025987636373,-117.82696179699604,-116.56741869425903,-117.11003788263741,-118.01022985731112,-118.08216865963057,point1,-117.44990895605656,-117.62062664762408,-118.91426898251936,0.6178411315220197,0.26434396634573054,0.0033027068728208597
HDOK,PLOK,17472,19,19,-130,-14,11,2,33,-115.51260811676558,-117.64173333384198,-117.66044536810416,-118.16578631392316,-119.1537146531936,-116.57962669797995,-118.92869474594521,-117.33603654282733,-116.29209215228826,-117.24797945505276,-118.4450057072939,-118.58499697619358,-117.09011565673495,-117.22969104143307,-116.99161798662095,-118.49552553106379,-116.21714205113699,-119.08268580082115,-116.91642541390196,-119.36572648918713,-117.62689154994047,-117.73660194292745,-118.76493775408939,-118.43690824338915,-117.80665021024124,-118.05961376560956,-118.2860190651188,-117.02239948401042,-117.62816387315428,-117.47132070173188,-117.70076216655589,-118.1699421157038,-115.72806898020511,point1,-117.6780584814238,-117.66044536810416,-119.36572648918713,0.895369489361509,0.35296961294356516,-0.2182259280883252
HDOK,PLOK,17472,19,19,-130,-14,11,2,33,-116.27629561433523,-116.73488957391686,-117.04195615965631,-117.0163101729985,-116.69779773362359,-115.52328531295281,-118.58955727744704,-118.3476732497782,-118.12115343697008,-116.43630906867611,-118.71731974621243,-118.78426571955042,-117.37766908804974,-116.60863335058991,-116.7187616065761,-117.24339962549546,-118.36591404122967,-118.19198361516598,-116.87832410208318,-118.5484463084735,-117.2701468115278,-117.9226423831474,-117.06646110221482,-118.80445754093918,-117.44178170215936,-117.7821902354516,-118.01187943986224,-118.22675117072886,-118.55161234560221,-116.0359404642391,-118.83739838735727,-118.55931823096552,-117.44440875054063,point1,-117.58105858692475,-117.44440875054063,-118.83739838735727,0.8112844762050948,0.3199654706656855,-0.8945446352941864
HDOK,PLOK,17472,19,19,-130,-14,11,2,33,-115.82760515259461,-116.99176960242251,-117.37264973974726,-117.04035159353447,-115.1189657974174,-116.90327416833493,-116.12356218546383,-117.80747851204055,-116.62909978081711,-116.0477795023083,-116.00642403627705,-118.67058627353303,-116.23959848357406,-118.89508661201701,-117.77151468954757,-116.93777857552517,-118.14501198966018,-116.04238549324386,-117.51734145372079,-119.21026471734487,-116.20091736710864,-118.99999655423079,-118.62000776536779,-116.61110525155055,-117.19742350249766,-116.97067135531422,-116.34630446138138,-117.9450425791064,-116.15908944141064,-116.35387674761816,-118.45804275386477,-119.10951624518701,-117.19502410266261,point1,-117.19592565110379,-116.99176960242251,-119.21026471734487,1.1727621582548824,-0.34210306666210527,-0.8610203894207444
HDOK,PLOK,17472,19,19,-130,-14,11,2,33,-116.2778683892379,-116.34890767818142,-118.56702127052056,-116.58342663700911,-116.36822678824329,-116.0555074889892,-118.09085329152906,-118.39747022495409,-117.45967496216929,-117.98033010780982,-117.40456696364436,-118.03471198104735,-116.79607298845859,-117.81085521795578,-118.92290435261076,-117.20109013767494,-115.9990969565269,-116.33870164744081,-116.66012931435003,-116.61984296435969,-117.38819327851687,-118.60907224879098,-117.43689651859232,-119.77199814574102,-117.3037763035679,-117.6876284821088,-116.67097695741417,-119.22471396839005,-117.43994747517017,-115.42882494940557,-115.70948844721025,-118.54119559761908,-117.95958489320917,point1,-117.3663502008621,-117.40456696364436,-119.77199814574102,1.0904081672603452,-0.24810735281374022,-0.5150430711127223
HDOK,PLOK,17472,19,19,-130,-14,11,2,33,-117.34150624878694,-114.79429491436441,-116.20475092646518,-115.93706411334746,-116.07831311968435,-117.45257886815071,-118.18424756675246,-116.81788522108766,-118.33939661794501,-117.93489147252254,-116.70932690410868,-118.75255194277784,-116.44299592853434,-116.2180832188953,-119.97396863975872,-115.9490852955211,-116.86717338045369,-117.59990046821449,-117.40101149093681,-119.9410603368649,-116.59340507881828,-116.92119781210536,-116.29905878364863,-116.69552711508383,-116.9045772882174,-118.77209048532247,-117.92426623245258,-117.48530008744167,-116.814041877703,-117.38229360672857,-115.80039824006477,-118.83178744418836,-117.84228449561365,point1,-117.24867621886548,-116.92119781210536,-119.97396863975872,1.3259185609256576,-0.5264178513457068,0.31952926089524025
HDOK,PLOK,17472,19,19,-130,-14,11,2,33,-116.12121781021523,-118.09859641074884,-120.51226024489493,-118.8295504934606,-116.72279450346919,-116.78270380889111,-116.85542298075502,-117.61791240576123,-117.96928579092288,-118.32061459706851,-116.64150091800033,-117.31129695785725,-116.64907958456678,-116.71751128158488,-116.1657218031949,-117.16533383971768,-118.27604947380301,-118.07520795212129,-117.6370752216298,-116.42048016489086,-117.48221267592908,-116.83576530199304,-118.19099276797805,-117.27799384512471,-117.61440364842473,-117.63422753363251,-116.78982486384166,-118.75823425629562,-117.43633499144406,-117.10173400976588,-118.06202827389771,-116.91631435918043,-117.07306675829838,point1,-117.45644695543515,-117.31129695785725,-120.51226024489493,0.7783850987970077,-1.246214983544718,2.8300744678915586
HDOK,PLOK,17472,19,19,-130,-14,11,2,33,-114.60619485231794,-115.10674927090571,-117.68170949774492,-117.11407985144703,-116.82351616944277,-119.21424685903585,-117.28162655173362,-117.24887735290991,-119.12175792362343,-117.67015834038816,-117.056656445142,-117.55042170023843,-116.86497029153115,-118.89969531056566,-118.21364113844155,-117.37270067600214,-118.07354210037036,-118.40617050768202,-119.26259260657027,-117.09839815099944,-117.22322422585361,-118.77544952595086,-116.18179025200928,-117.77353106929333,-117.5777986010688,-119.50712753357044,-116.750246977235,-118.51619422013174,-117.07506922799837,-118.09458087131969,-117.8537391189274,-117.12967675564725,-117.29093007350862,point1,-117.58839588029112,-117.55042170023843,-119.50712753357044,1.1418901462036604,0.5549122438615606,1.1212818025239142
HDOK,PLOK,17472,19,19,-130,-14,11,2,33,-115.12968464865139,-116.07487623140419,-118.37517351395428,-117.57347299646146,-115.88559136561102,-118.57057668572487,-117.27829650489139,-117.05099919226437,-117.68997891267537,-117.47184379403426,-117.31929631217528,-118.3111420008418,-117.93319398554524,-118.1128991543269,-117.65768909347881,-118.02844268581673,-116.90034378652724,-117.07536847688137,-119.10942660438057,-118.5390795571037,-117.37215070592356,-116.64078206051687,-116.87267031674313,-116.5754227971642,-115.30272212421082,-116.39724506996549,-117.94711607155936,-119.8533474401075,-117.42350450749682,-116.45570659021556,-116.99805403773816,-117.84569737213921,-119.68052566785303,point1,-117.43794909892071,-117.42350450749682,-119.8533474401075,1.154829803833593,-0.07980876709372281,0.2549377030837552
HDOK,PLOK,17472,19,19,-130,-14,11,2,33,-115.90567582709288,-118.86157283824703,-116.83582304872712,-117.28235033436376,-118.59339241801894,-119.02928821861083,-117.11436803360434,-114.95030529537237,-116.39977713852144,-116.39651598399438,-115.96307796623373,-117.87108397124507,-117.58421362413335,-117.47101241542711,-117.54096442918193,-117.05423271344247,-118.63192427169221,-118.54449586825321,-117.97623142172554,-117.10310813535641,-116.43045966318174,-117.35488827060637,-116.85089846421548,-118.31952175440048,-117.77136055558667,-116.96908634218275,-117.5118982411114,-115.31442110167292,-117.63449030689553,-117.26454911726178,-118.9242804898187,-118.74619700392688,-117.5256732785303,point1,-117.38567086492831,-117.47101241542711,-119.02928821861083,1.0174467430380514,0.3846721256484178,-0.09027244980778182
HDOK,PLOK,17472,19,19,-130,-14,11,2,33,-116.03242568719303,-117.44484415854983,-116.84806911123597,-117.86715989020828,-117.80300279234416,-117.60463733738214,-117.03144125160374,-116.26233552652738,-117.32184353659778,-117.14196788418397,-117.99894659695732,-116.34607317091736,-117.03546038212514,-118.08986040988279,-117.69550350690206,-117.2416959091896,-118.17825344428364,-117.94822133876818,-117.10185689163949,-119.31582899390135,-116.12093128041664,-116.3472196125573,-118.13695161393515,-117.89323256767612,-119.41033349602172,-118.20114269886047,-117.22849977687466,-117.99103022558995,-114.97812005012136,-117.08558680780324,-118.18215227759084,-117.2040916033056,-117.315384678316,point1,-117.40618498513524,-117.32184353659778,-119.41033349602172,0.7930775398522941,0.23627723246981033,1.0343757840198706
HDOK,PLOK,17472,19,19,-130,-14,11,2,33,-115.78471614871494,-117.66044427183321,-117.03255053016805,-117.13823512334419,-116.84002221853761,-116.16950459334197,-118.0604151866376,-118.46942598807132,-118.00583990005394,-117.58660151054157,-117.6004035991529,-119.05064691986742,-116.46271390684963,-117.3072818909401,-118.42656535948305,-118.55325865351504,-117.37497157561396,-118.65424266136856,-117.10158481230432,-117.2297982863194,-116.45849007724927,-115.19811313340176,-118.181515767548,-117.9615208490224,-116.92869334945269,-117.88407923529365,-118.91757447078407,-119.44125773858538,-118.10310828088238,-116.1796201060095,-118.55845298175764,-116.183344993249,-116.77364293207133,point1,-117.49329203187773,-117.58660151054157,-119.44125773858538,0.9974397191136807,0.20319551285385842,-0.4803563684887253
HDOK,PLOK,17472,19,19,-130,-14,11,2,33,-115.15132596925517,-115.8396007952074,-117.6416332935786,-118.08386903858403,-119.06513556804171,-116.04460702062161,-117.97517817759999,-117.75666194979462,-117.93772842801562,-118.63898666784351,-118.30409107241643,-116.96699120909918,-117.91551719470142,-116.67516167755424,-117.12820306972473,-118.1983279404616,-117.08101331224607,-115.84857852471801,-116.70974576045079,-117.5729326887404,-116.23423721245634,-116.97635924755772,-116.77724099150299,-117.8295010926288,-117.31133012075082,-118.07661383538043,-116.62072797456823,-116.4092773239841,-115.783758256853,-116.49745546842489,-117.35249009398692,-116.18694312843049,-117.52944969834832,point1,-117.15517193344027,-117.12820306972473,-119.06513556804171,0.834432475543378,0.10808694729314056,-0.5773610519987251
HDOK,PLOK,17472,19,19,-130,-14,11,2,33,-117.89480927738421,-117.29555390150166,-115.6594537414343,-116.44765900128775,-117.52079420349199,-117.73457391455548,-119.1104899296371,-118.77912004443442,-117.93868582449925,-119.02801761711679,-118.33197257488317,-118.3961008689583,-115.31374917057545,-117.85862414403306,-115.69162724406083,-119.80792980467027,-119.34454515513832,-118.64294362422227,-119.3058693061357,-117.69810517249033,-116.76598013493968,-118.02258687562156,-117.44809081829233,-116.57197508883999,-117.2832936152788,-118.391089294008,-118.31007687615384,-117.31287466696185,-117.86250633384005,-118.6956262544387,-117.60922899227631,-116.39145930876985,-119.11080970870766,point1,-117.80534007541327,-117.86250633384005,-119.80792980467027,1.2134056877434762,0.45982787491542193,-0.22087718616853502
HDOK,PLOK,17472,19,19,-130,-14,11,2,33,-114.65628456093972,-117.85087349494196,-117.77114232442166,-116.30776182040756,-116.02575076057522,-114.79758644583046,-116.27099539744995,-119.63835570246744,-118.62958851557899,-118.34057562701172,-117.38675167386594,-115.16749545019273,-118.936254318095,-118.07865758440168,-118.13743633843686,-117.54965672980113,-117.42611715360005,-116.76062705408133,-117.0034354355762,-117.75666766297746,-116.80605085457105,-117.66514282556648,-118.27165295219972,-117.50686075692819,-117.42268385860585,-118.23556676836039,-116.88036521411584,-117.08478883912403,-118.20913907273498,-116.10713910670044,-118.6575167489596,-115.85374462448809,-116.02124714808534,point1,-117.24890644912405,-117.42611715360005,-119.63835570246744,1.3690309109938863,0.4187292462942693,-0.16571769442485218
HDOK,PLOK,17472,19,19,-130,-14,11,2,33,-116.33954923887241,-116.41992714268109,-118.22403583409317,-116.38445550303298,-118.63547247095187,-118.50684630620717,-117.55447697583708,-119.24135650337688,-118.30959345764043,-117.33763533868714,-117.23643697757036,-118.22752129028912,-116.44347849327426,-117.53825807859732,-117.78738075037666,-118.28523614739449,-116.83114086596143,-119.35827513534096,-115.97339734803617,-117.26580176955278,-119.609576219505,-116.9564895499398,-116.68568192022309,-117.41265700656027,-119.09130091214058,-116.30908530561054,-117.1892728871325,-117.01308728126588,-117.77503665200258,-117.28936066164837,-117.17101935416474,-116.20834485665397,-117.79244593736531,point1,-117.52738285369657,-117.33763533868714,-119.609576219505,0.92913845194391,-0.45793470730836267,-0.5572320449314732
HDOK,PLOK,17472,19,19,-130,-14,11,2,33,-114.74230510173031,-117.5779701203072,-118.76776646899273,-116.18365449959998,-115.4449522269016,-116.43110891569566,-117.72851233582358,-117.36775999345693,-117.15266682182842,-117.5979146460425,-119.30054351418451,-117.14288731202492,-116.59514694955863,-117.8079484125168,-117.54540348026204,-120.19713994231216,-117.78759850220212,-117.0634450747609,-118.2432567070867,-118.2101285557189,-116.04886654839768,-118.08416880320051,-118.44255189762808,-116.06197276869746,-117.17493235150192,-118.17606371498495,-119.86682716827583,-118.32765281131802,-118.07429298118993,-118.4906850001065,-116.9558914701016,-116.52938200723574,-118.6542379903619,point1,-117.56895863921231,-117.5979146460425,-120.19713994231216,1.375275505520036,0.08675091945316746,0.30930899263583767
HDOK,PLOK,17472,19,19,-130,-14,11,2,33,-115.38618954549528,-117.80099520572848,-117.6303274667111,-117.58964420184765,-117.34159938155922,-117.29811077870552,-118.12871139725097,-118.4531859934678,-117.30060795048679,-117.42334836790108,-116.71072451167991,-118.84859442468203,-115.75874660277714,-118.2609406711071,-117.47265407009156,-117.29983903365853,-117.33424422042066,-117.69171473351102,-117.40974704233876,-116.31829685607877,-118.76961605344289,-117.10393465138672,-116.32673288086515,-118.958354752064,-117.26175141109708,-118.46444174128698,-117.11329080218061,-116.40769695158647,-116.42734477278748,-117.99419667164341,-117.79835399609597,-118.22787904058731,-119.51015757585438,point1,-117.50975678049629,-117.42334836790108,-119.51015757585438,0.8246777769791266,0.1372984772503,0.11643680606268925
HDOK,PLOK,17472,19,19,-130,-14,11,2,33,-117.08999768885107,-117.02376751244188,-116.90526973926737,-117.78437651553841,-117.1119183294169,-118.80026613286606,-118.33406757890606,-118.22465380209417,-116.0302388305662,-118.35045878366296,-116.03470620899012,-117.80274189065774,-117.7126741244089,-118.48035214692318,-117.52090511145389,-115.87897085109549,-116.82454024285761,-116.34590595289646,-117.04865119374534,-118.36690569050023,-118.24335387691511,-117.0757299967066,-116.65090513875019,-116.61698890961873,-117.21171440206533,-115.34167748238326,-117.52840914299271,-116.22439752397779,-117.69454593023595,-118.4132969875514,-116.12810544257503,-117.31147594663568,-115.7729524600509,point1,-117.20863398689691,-117.1119183294169,-118.80026613286606,0.8171260691582116,0.1393316881533906,-0.8986592176359314
HDOK,PLOK,17472,19,19,-130,-14,11,2,33,-116.62045087190407,-116.3423567451362,-118.6667659876993,-118.50775134182138,-117.27148397958928,-117.44050300611782,-115.42185695113352,-117.49102593445687,-118.31652589891374,-119.49812883076933,-117.84503459859161,-118.34829804144216,-117.53561297896529,-117.29018628077267,-118.37687849157635,-117.04568678686155,-117.09088443676596,-117.5180401633838,-119.55053658513845,-117.5988636609466,-118.28634035257147,-118.04301726629305,-117.97780295827631,-117.93269324495508,-116.28027918950158,-117.20892363381715,-118.65701141220111,-119.4844802534468,-115.66471847438336,-117.62458432873471,-117.01455938683257,-117.77417474380992,-119.22468206276213,point1,-117.72576178422942,-117.62458432873471,-119.55053658513845,0.9979096183255837,0.1839741524062213,0.06391724101009144
HDOK,PLOK,17472,19,19,-130,-14,11,2,33,-115.09366941162371,-116.44552049618683,-117.24668378824913,-116.7065651948227,-116.7464307790323,-116.3225782858244,-118.89233259874857,-116.14453697962222,-117.6859635522919,-118.31703040257521,-117.19974009196659,-116.60678892737249,-117.16323324507057,-115.97900767104552,-116.8766843479073,-117.50408526675226,-117.70603826371199,-116.54034676370061,-118.06337623117982,-116.75681051543279,-117.10531802929025,-115.85246038745233,-116.64629783699013,-116.26918194931223,-117.0167152393123,-117.94937205967129,-117.27283707247231,-118.95588039704367,-117.81179523782234,-117.77207092703821,-118.26049896137717,-117.59811296611906,-117.27372638267948,point1,-117.14489970483932,-117.16323324507057,-118.95588039704367,0.7252885152302989,-0.04728559411502322,0.08262633494122706
HDOK,PLOK,17472,19,19,-130,-14,11,2,33,-114.41376823744051,-116.77873328729483,-116.02711956348142,-115.6001806906997,-117.5017868325887,-117.26831770824515,-117.83073185377759,-116.70849653645584,-116.34400961516151,-117.27364210987497,-117.83150318115234,-117.92594330958076,-116.87992511687992,-118.12460692140765,-116.99403974027427,-118.28628750409614,-118.41554884737647,-117.35638291066194,-117.62076802358722,-115.36735080902245,-115.81245822990417,-118.811805939568,-118.16237499517675,-118.97193137539747,-117.12441439262514,-117.95792931936285,-118.12465171327618,-119.42350499921744,-118.10229099383982,-118.16269636303447,-119.12773609999658,-116.15795952920254,-118.02689275226297,point1,-117.40956937884617,-117.62076802358722,-119.42350499921744,1.2799306305272296,0.6129264059684181,0.19059180196482917
HDOK,PLOK,17472,19,19,-130,-14,11,2,33,-116.48750111782569,-116.39343669452578,-116.36802662699237,-117.69026716786308,-116.79852001098538,-115.82518015519189,-117.39065585085478,-117.76837545952193,-116.49173115325269,-116.86126931362881,-118.03135656179666,-116.8024163687804,-118.12183404891627,-117.49115443768885,-116.96890332226835,-117.40917016861418,-116.5668327073752,-116.65244345077257,-117.64453402378096,-116.91106205184678,-116.47476075250195,-117.33908515458872,-117.55404603615185,-117.68500459280749,-117.75488532057872,-118.8752752742511,-118.69285342344858,-117.71434670538147,-119.89982503881897,-116.78357717374926,-115.46917612607423,-118.22585968463272,-117.13939173526965,point1,-117.28129568820415,-117.33908515458872,-119.89982503881897,0.7815233535116638,-0.6464351934626458,1.2080221920477316
HDOK,PLOK,17472,19,19,-130,-14,11,2,33,-115.76428626356093,-118.71266940773091,-118.04108853067238,-116.01660018020101,-118.17148138956931,-117.72570332340663,-117.77945400038284,-116.18712518209891,-118.74768630009889,-117.71475409706434,-119.42636333735422,-117.89046750635012,-115.96649349843582,-116.50802296454054,-116.6576475055036,-116.45207039670527,-117.02190718567347,-115.28866368371116,-118.36120992013456,-117.66479586471603,-117.72583257038738,-115.46050936815894,-118.964152034049,-118.32067226266113,-119.49911728186855,-118.0805364278736,-115.0683056839965,-116.67992003707917,-113.94616028732727,-117.48181406924493,-118.41414958523549,-119.06107535983071,-117.83112093364578,point1,-117.35248049815965,-117.72570332340663,-119.49911728186855,1.788430840303004,0.551304211502675,-0.24306700885317545
HDOK,PLOK,17472,19,19,-130,-14,11,2,33,-117.47611937714684,-118.33876971918845,-117.94375920564185,-116.7681834575253,-117.85368028568983,-117.34235536952694,-117.52142872654903,-117.12408368848408,-118.19179833303235,-118.44178455421361,-116.55063516195972,-117.57029280640732,-117.09141034478812,-117.09401420144238,-116.4130499912466,-117.47819913969812,-116.95014236628424,-118.40531252674401,-117.61039685571598,-117.57627908912231,-118.31260567313166,-119.47533895267492,-117.31474836146695,-118.45242310249535,-116.7029272352682,-117.0212101514064,-117.07797440987005,-117.29632622065819,-115.8713618433957,-118.70301679304367,-117.3094483436654,-116.90647821193537,-116.11668232022336,point1,-117.46370414604976,-117.34235536952694,-119.47533895267492,0.5939386910359238,-0.3357476963602298,0.2481791646749416
HDOK,PLOK,17472,19,19,-130,-14,11,2,33,-116.58974635738879,-116.7935217804035,-117.65434146320786,-116.86499400961493,-116.59472847049472,-118.26427976505246,-116.26379990725768,-117.74418972098381,-118.01978222142476,-117.01165840709024,-119.26126482864487,-118.3377809849784,-117.35580648669331,-117.37506631730372,-116.52224012928026,-117.44298300194014,-118.95725390138217,-116.34702436154217,-117.61676029802828,-117.50185015913475,-117.8349103603088,-117.83769490695533,-118.583425025966,-117.78922017086956,-120.80902745686784,-117.85980236971031,-115.8779760959087,-118.45088436790552,-117.5608072953227,-117.7866228377498,-117.84732981534823,-117.1812713471601,-116.89920033525416,point1,-117.60112863506585,-117.61676029802828,-120.80902745686784,0.9075903412399359,-1.0326920427405786,2.631684378807019
HDOK,PLOK,17472,19,19,-130,-14,11,2,33,-115.83552614443556,-118.63600843843122,-117.90583675758847,-117.43331122841352,-119.00223656748584,-116.0496517170878,-116.68324517944448,-117.01666613165938,-119.2230555957853,-116.7417212270416,-117.22891106387787,-116.8990823424784,-118.78850764465793,-117.55057394230334,-116.54672767793818,-117.80436351208247,-117.08779194509229,-118.08306350017575,-118.39287504378711,-115.76025130645546,-117.69368791947102,-116.90777366097667,-117.8431205502057,-118.06068646686717,-116.68579951731014,-118.56175994561998,-117.98321929135106,-117.51227133892921,-118.71873553363328,-117.54167225039188,-118.96406493770895,-116.74974569197985,-117.28963696366313,point1,-117.55095700104029,-117.54167225039188,-119.2230555957853,0.8322366211018465,0.04094649259068753,-0.6881675064523995
HDOK,PLOK,17472,19,19,-130,-14,11,2,33,-115.6220942858727,-116.63287673850466,-117.02469700390253,-117.31858973064513,-117.8044001402404,-117.14140996362437,-117.18415797396726,-118.14858008457955,-116.47695357352667,-116.31324410611178,-116.71800903748579,-118.04345336815884,-117.12047116504162,-117.68426841806092,-116.63056779471776,-115.86475945223681,-116.23668635826584,-117.93879788843464,-118.42005965204727,-116.32823486122169,-117.8728154021941,-116.8376697651623,-117.26902337798244,-116.8475305598919,-119.02905104908679,-117.9246988142164,-116.29697775211609,-116.74892423996224,-118.30460771020424,-117.32678229677315,-118.04696704253926,-117.35872327034282,-117.32671253308311,point1,-117.20735743667278,-117.18415797396726,-119.02905104908679,0.6073842492617471,-0.13346596993040827,-0.3875992214215569
HDOK,PLOK,17472,19,19,-130,-14,11,2,33,-118.2622290981652,-115.75631397664498,-117.3443631245176,-119.06541548708094,-116.84915795021084,-118.65420778841909,-118.06372471077292,-117.4335059264263,-117.10365610289634,-117.78114366369992,-116.43287445346611,-116.33260426044717,-115.33722221949967,-118.20098322819842,-117.76931563735508,-117.51822293384868,-118.5378762142271,-115.4676079747136,-117.01719936150933,-117.14317572955918,-118.23795568307851,-117.50878426065577,-118.6266192702387,-115.54897232909715,-116.70879369722199,-118.25246122140535,-115.09454173396179,-117.76718104789283,-118.15359673038228,-117.06451566219141,-116.03436319838175,-116.67671334709458,-118.0150830260319,point1,-117.26546609240276,-117.4335059264263,-119.06541548708094,1.0995467970681083,0.45734590931102836,-0.677181000946582
HDOK,PLOK,17472,19,19,-130,-14,11,2,33,-116.54576702093013,-119.17534786051797,-118.04786647553287,-116.21902930256321,-117.37915385302016,-117.86871738902073,-116.6161171262267,-117.31200243806948,-116.56471476303608,-117.58090436036329,-116.46798588955495,-116.16280185507041,-119.70873675042314,-119.62148359942898,-118.67246324968391,-117.68039870547267,-117.55203418754809,-117.50123346047778,-118.37902042430639,-117.72038914175387,-116.25246652050167,-115.93647117995772,-118.56989737151817,-116.49002377790396,-116.61987678710507,-117.63953669253218,-117.43452564574247,-117.74639290049055,-118.4335460532576,-117.0511354424145,-116.70092141987595,-118.36898888866133,-117.94600970062277,point1,-117.5141200070783,-117.55203418754809,-119.70873675042314,0.959216974822157,-0.43800068076427257,-0.3686025714669481
HDOK,PLOK,17472,19,19,-130,-14,11,2,33,-116.07817365032783,-117.87641772018432,-117.54207919628041,-115.92590088991273,-117.79978213940922,-117.48611860288746,-117.93272757830663,-117.45445743996419,-116.12123090003374,-118.867395247241,-118.36073194022832,-117.26305619135894,-117.63399700300376,-117.2790313024835,-117.85069239618107,-115.99349615661245,-116.94815915737436,-117.18629072323692,-117.23381547783153,-116.16806559389143,-117.61757779519502,-117.24025770959406,-117.6412006784656,-116.24305734653247,-117.52863452579284,-118.71752914698091,-117.15207040630804,-117.51735476658686,-117.52489866279285,-117.63891812013387,-117.4327699194142,-116.99819240590864,-117.47428252110547,point1,-117.32510191853214,-117.47428252110547,-118.867395247241,0.5075854382452484,0.2998134347568915,0.2274014489889904
HDOK,PLOK,17472,19,19,-130,-14,11,2,33,-114.96928770845139,-117.2879596434192,-117.63440237245077,-115.77448503735896,-115.4709671491292,-117.09520282125942,-117.89912421952077,-117.48685675252277,-118.47414617646223,-118.14430602485682,-117.12954824291964,-117.29615795474898,-117.52568044323266,-118.92250748206864,-116.24824313824294,-117.95726563851022,-119.20269142669254,-118.71928106740305,-118.15935936415849,-118.57532457315664,-114.88317916344008,-118.05698578995217,-117.7576450067416,-118.75789389501472,-117.04471290800556,-118.41932650390466,-117.994344869708,-117.4575135408501,-116.92948431445176,-118.33156220197897,-118.6255797263698,-117.43376082256934,-118.4294584342595,point1,-117.57861346708522,-117.7576450067416,-119.20269142669254,1.1593550487277526,1.0341831307546243,0.6879884015002049
HDOK,PLOK,17472,19,19,-130,-14,11,2,33,-115.6392723397464,-117.43364502394037,-118.45025760021193,-115.08250591656224,-118.4210818880749,-115.5847836427499,-116.78459292214467,-117.26038150144193,-118.5331237840161,-117.5337927103651,-118.70448761665435,-118.30025809255983,-115.7144443652584,-118.06672583274107,-115.168612361964,-118.91751960794777,-118.74235848216,-116.55210253537346,-119.33590367902322,-118.31195845368558,-115.92878251703007,-117.49972380870034,-115.6298810085064,-119.41359659813016,-116.2247676827049,-117.52902280293284,-118.0611154999706,-116.99265466701192,-116.83237316264811,-117.55321512061047,-118.42867736302092,-117.88874001210272,-116.20023227379654,point1,-117.3551694204178,-117.52902280293284,-119.41359659813016,1.5203569210538406,0.2659173947955618,-1.0512920707552422
HDOK,PLOK,17472,19,19,-130,-14,11,2,33,-116.34777501186974,-117.02339552325671,-118.63821979941473,-116.68116780868414,-116.61607871898946,-115.94747571563643,-119.88309997016513,-117.70082933206504,-116.24475370616933,-116.56600325528257,-116.24606341525872,-117.95684415255349,-115.66585116274442,-117.34889912240787,-116.99520771723165,-117.01394969381394,-117.86799488878331,-117.57613585790287,-116.58753520969836,-117.87996565579022,-116.66310546418322,-115.46299873378601,-115.76283057577054,-117.84150482373391,-118.65891771379658,-117.73508730588246,-118.61764290879795,-117.23441020371918,-118.60886848523104,-119.0464783635625,-117.46753195553043,-115.67891453706864,-116.94244654855815,point1,-117.22751464658603,-117.02339552325671,-119.88309997016513,1.1260187267432538,-0.40554872007529474,-0.2565296132685009
HDOK,PLOK,17472,19,19,-130,-14,11,2,33,-116.23616316073866,-117.92254307168567,-117.4204249037489,-116.87960183646555,-116.83769179940697,-117.18880140423207,-117.89095713685677,-117.15990808805678,-116.68590064261629,-118.20203825985719,-115.80918919839087,-116.7045821402101,-116.82577506167388,-119.30213872256734,-116.61249252807555,-116.29080745500036,-117.37448803414404,-117.0141423690243,-118.58215468896641,-117.88144918709942,-117.98127878684816,-116.28476039810249,-116.09383047866993,-118.2881282089606,-118.1327549812547,-115.97802586537063,-118.789831221957,-117.48707080491603,-117.814584187229,-118.05877722544213,-117.057057041455,-116.9701224297078,-116.1672229501085,point1,-117.27044528087393,-117.15990808805678,-119.30213872256734,0.7500515256148919,-0.3041112721373832,-0.5820065320757069
HDOK,PLOK,17472,19,19,-130,-14,11,2,33,-115.12019991867776,-117.19003553184926,-117.65419973986317,-116.72711432665294,-117.72781104663488,-117.59196356316446,-115.92914283976654,-117.21075417043316,-117.93367498113257,-117.39070368842262,-116.84088384622967,-119.0556047241114,-116.41484586132022,-118.77599780082778,-117.9029455682582,-116.378639980703,-117.84913229725859,-116.4623494417241,-116.6784369395429,-116.0239044833129,-118.6723247122018,-117.38998948461739,-116.66090998900489,-116.14443911601664,-117.42158683307119,-120.11426396854668,-117.96510875412099,-117.2980207657054,-117.26974837287092,-117.27479008820372,-118.03750395624299,-117.31631131691526,-118.17610574476086,point1,-117.35149829855044,-117.31631131691526,-120.11426396854668,0.9547297751762334,-0.3875092289407226,1.0541474395521306
HDOK,PLOK,17472,19,19,-130,-14,11,2,33,-116.11116092692876,-117.03841502786884,-118.60055705214172,-117.50041025929417,-117.34756962028547,-117.0432470625034,-116.4352740323015,-117.03398385560119,-118.58429128754567,-117.7451004084587,-117.37483168785893,-116.39022692063857,-117.5901647542186,-118.57486126190248,-116.54171658809952,-118.73525893396317,-115.73949086815624,-117.51260446412478,-116.39039670302554,-117.52880611275118,-116.07342517949776,-117.9793336259385,-117.15792406898301,-115.54588034925699,-118.73161040618794,-117.9165969919655,-116.69276588425008,-117.96898898108007,-117.73211248398036,-116.85474142490683,-117.37102231933179,-118.14445526835372,-118.39336680155452,point1,-117.34486641251381,-117.37483168785893,-118.73525893396317,0.7583836602498448,0.18230248646791722,-0.7306893918424211
HDOK,PLOK,17472,19,19,-130,-14,11,2,33,-117.52787802249392,-117.61834486948376,-117.56316922732303,-115.4611714999904,-116.51609387998433,-117.46163637586207,-117.85014353130674,-116.9235433794006,-117.50313934582368,-115.88661456835246,-117.7387356921505,-117.95539172243294,-118.4906138266256,-117.43298619344931,-115.44895060225177,-117.03130160990888,-118.05915697725779,-117.40875364071672,-116.9049882860745,-116.67401164646891,-118.87070584063697,-118.46311348985745,-117.8110637520816,-117.57846348783072,-115.85042743994217,-118.92001591789813,-116.56516517673862,-117.740829994047,-116.18281197793553,-119.51375987596406,-116.88231465627982,-118.3292799956354,-118.73129089520118,point1,-117.4210868908305,-117.52787802249392,-119.51375987596406,0.9692674476603795,0.1758846117152628,-0.25777489201006576
HDOK,PLOK,17472,19,19,-130,-14,11,2,33,-115.8347285790517,-117.65957280877008,-117.76458892116392,-117.66001177173342,-116.01850874297085,-117.56531865525463,-119.00059028817694,-117.42749429374238,-117.77352290304887,-116.95744488450313,-117.21911933581369,-118.10344347756013,-117.34759130718665,-117.91371397695292,-116.28560427669879,-117.05609894118848,-116.09946848500063,-115.73300450987276,-117.31889847012191,-116.42458125955491,-118.29510296058827,-116.91268994112501,-118.68652670031518,-117.5979544275372,-117.68642769200505,-118.11606475330167,-115.78920999712294,-117.39145858752985,-115.47159210779441,-117.37692835185976,-117.04965694808703,-116.39840495214479,-119.16116018810966,point1,-117.24534798472384,-117.37692835185976,-119.16116018810966,0.8549889317388375,0.06507425416628665,-0.4178447846208604
HDOK,PLOK,17472,19,19,-130,-14,11,2,33,-115.26258319622352,-116.71066745373624,-117.99261044036366,-117.47542756398981,-117.9241381152556,-118.56838574251302,-117.83735622766775,-118.15170084062053,-117.1961776193342,-118.41567522803278,-116.05344048819023,-116.47999844734447,-117.08720884572203,-118.4467116999262,-117.41215045427901,-114.18654911310571,-116.70371414349795,-118.95355420545867,-114.2810180378355,-118.51059714579013,-116.42194643018173,-118.6212955387841,-117.10961205229158,-116.98680033559009,-117.47297733568841,-116.92315320227718,-118.02803783486756,-119.36009864112717,-117.05525495495596,-118.55309494022043,-117.21479187415169,-117.95511388963267,-118.70630807709937,point1,-117.39570151865927,-117.47297733568841,-119.36009864112717,1.4417675247888373,0.9997129807539794,1.1418214909577578
HDOK,PLOK,17472,19,19,-130,-14,11,2,33,-116.51053865958372,-116.22949605086065,-118.2643762141026,-115.96208581783593,-116.35273054614153,-117.97042735580912,-116.40382894968519,-116.6956636383702,-116.65932051775467,-117.03544632681252,-117.09218333733477,-118.21303405726613,-118.70647437380792,-118.01262529748284,-117.42888488931123,-118.51885848824416,-119.04725853971976,-118.10109479990062,-117.06310063959309,-114.49381327036907,-116.59498591458478,-117.30587226094171,-117.07474668004669,-119.54591502988286,-118.42433719241599,-118.35979307599484,-118.92331680833823,-117.10660937649277,-117.99641359459021,-117.57272988679047,-116.76734700091674,-115.9892567102976,-116.05159725035138,point1,-117.3477018955039,-117.10660937649277,-119.54591502988286,1.1718711159601891,0.18080107731094236,0.01659089612617759
HDOK,PLOK,17472,19,19,-130,-14,11,2,33,-114.15958869051026,-118.13297965345049,-118.53225818674589,-118.44405809892095,-117.40128467675511,-115.46485558563988,-117.34376727469402,-117.28371255916262,-117.59919795222845,-118.40518938374186,-116.83795944772072,-116.87940558012431,-118.71307547098144,-116.05211738567765,-117.50534454156174,-117.43428861096986,-118.63843195094766,-117.08229278241068,-117.48664165547983,-117.22186226076556,-118.34280633345695,-118.0168609098301,-116.67818320100541,-117.02849890410694,-116.63537780029462,-119.38651546779205,-119.9489510862222,-119.13235422220002,-117.37187425351328,-119.59447399660434,-117.04810623071218,-115.94914243252596,-118.15425339982149,point1,-117.57290030262345,-117.43428861096986,-119.9489510862222,1.4127395325839138,0.4268218328769854,0.9734051143567917
HDOK,PLOK,17472,19,19,-130,-14,11,2,33,-114.9737344857172,-117.72964469876675,-118.63131014675092,-118.53351086518539,-118.11145694617598,-114.94537357830359,-115.84766419044105,-117.72005881045965,-117.46631776192983,-118.6296254661307,-117.17248912341493,-116.0713156335818,-117.34677615320591,-119.56485479257148,-117.3876826863104,-117.48801611704242,-117.81810468612126,-120.09289475647728,-118.0725855046793,-116.24737284579511,-117.0154184402973,-119.03654150414798,-117.2573468723505,-117.0049845418634,-119.11173893132387,-117.74031897958412,-119.16321526836853,-115.44016540152421,-117.25572956483586,-117.94175411360787,-118.92293611494136,-118.37074544281752,-118.44781932923257,point1,-117.65331829557441,-117.72964469876675,-120.09289475647728,1.5343284063829177,0.4517761540869162,-0.012799218779116828
HDOK,PLOK,17472,19,19,-130,-14,11,2,33,-115.41386198551126,-118.25482491039227,-118.3384876506068,-119.76605597912533,-117.38391621543026,-117.50331848732435,-117.82931232664949,-118.40934023438184,-118.11633372987639,-116.8641713221197,-117.2296190603326,-116.7118016691665,-116.44917987030392,-114.56728360683442,-116.93683397610852,-116.12741163032909,-116.23400960066937,-116.68998476516343,-115.51093396931019,-117.41067238306746,-118.95559912517264,-117.48467553137878,-116.83434132356635,-117.71935315778367,-116.52249953228089,-117.9647116732011,-114.96375365447389,-117.10343222316283,-117.4778760485726,-118.22705993631561,-115.98261716278468,-118.85292081679151,-116.22957012744155,point1,-117.1535079904736,-117.2296190603326,-119.76605597912533,1.333398032237237,0.11823783847650983,-0.04337009586020901
HDOK,PLOK,17472,19,19,-130,-14,11,2,33,-115.51679378512142,-118.08045954945706,-117.32593432008872,-117.80767774598422,-117.1025705612464,-117.20089329167814,-116.72458997544437,-116.4045327446103,-117.32938806401576,-117.72581160954577,-117.938633980531,-116.6699171147393,-117.44978588543697,-117.03780923530134,-116.75796433203493,-118.5730217608953,-115.94574303880422,-117.016324318508,-117.4831493368819,-117.77792747617835,-118.46015548807097,-116.57892116007866,-116.9402965326911,-117.80488495099965,-117.38226276173916,-118.4298277367898,-117.43714282125087,-119.06965880494411,-117.38901899729643,-119.14830004052547,-117.05635315891047,-118.04972852049022,-118.19744253143526,point1,-117.4488764130826,-117.38901899729643,-119.14830004052547,0.6424764793466031,0.016852840348397773,0.2496463034209544
HDOK,PLOK,17472,19,19,-130,-14,11,2,33,-116.72973410620364,-117.33030478675062,-118.73460875908344,-116.72899505226735,-115.87239396316558,-117.70109725554784,-117.6316781027441,-117.7902564596369,-116.57936708560065,-118.26599438730995,-118.31975497252597,-116.17212834175598,-116.84576251565933,-118.2675720504048,-116.74810873801167,-117.5249285805593,-117.84336090818681,-116.61987661733887,-115.0503866775056,-118.66907295753381,-117.99410171656392,-118.69402822146401,-117.89876021064926,-115.73250292188125,-118.01427020353265,-118.63155494587048,-118.18149135517787,-119.34177584490895,-116.77917089806418,-116.77250622986959,-118.50479344108957,-118.14206740635775,-117.28186085386038,point1,-117.49679595657827,-117.70109725554784,-119.34177584490895,0.9732365374942367,0.4665136809178644,-0.2758161585697829
HDOK,PLOK,17472,19,19,-130,-14,11,2,33,-115.65573946728028,-115.98509261384426,-117.12073940455774,-114.03978019747322,-115.75959858160535,-117.2041626752112,-116.28185719314988,-117.90242585655774,-118.7191853305584,-115.85358604667391,-119.10080572627447,-117.80531424369238,-118.40202051090588,-115.44048728527737,-117.02937717628198,-117.75381531930984,-117.39685551924742,-119.00233199062383,-116.86882394613698,-116.98007111273414,-117.57078284366914,-117.66282871841402,-117.93223169337391,-118.67329510319858,-116.90155154683184,-119.08920364121292,-116.69747716217682,-117.67965463845354,-114.76452447807155,-119.81691676626238,-117.04946643904266,-118.5887994025072,-117.48764210753158,point1,-117.27928620418614,-117.39685551924742,-119.81691676626238,1.6816023420970658,0.38792214183142704,0.045191209737113436
HDOK,PLOK,17472,19,19,-130,-14,11,2,33,-113.85834088522543,-117.7789749164654,-117.488738297416,-117.94439096678202,-115.16290154567758,-117.59090709461692,-117.25094082575225,-116.52757059208236,-117.73413188720065,-117.23710934096776,-118.1718093568512,-118.33860134689928,-118.22469050333608,-116.81074546767191,-117.50878677355892,-117.79896016058733,-117.1452451218092,-118.0105349764524,-117.80970416000869,-118.24538275567198,-116.21535611753094,-117.29445118954969,-118.56453800478852,-117.75100201610819,-116.76955594722176,-119.30075410552764,-116.14262428281944,-117.37014947148556,-119.3930453074397,-116.32072200567319,-118.02843062854232,-118.14183458443634,-117.70183244064347,point1,-117.44341706293335,-117.70183244064347,-119.3930453074397,1.137765739459408,1.214529019124007,3.003098206240391
HDOK,PLOK,17472,19,19,-130,-14,11,2,33,-115.6483640149979,-115.51306426325115,-115.83248033855448,-114.65855909817334,-118.22615480542113,-116.4807990557657,-117.45098048017402,-117.0572223990765,-117.39875425146637,-118.0437827039378,-115.32722973095933,-118.95853374489387,-117.18680179529296,-117.48157862258489,-117.16279518425361,-115.52958025856938,-118.09438963828528,-116.47643303018603,-116.97973713046761,-117.00931292191926,-117.37659660775668,-118.02438392655532,-117.1408880526132,-118.33153754931091,-117.44345690568768,-117.70211364043425,-118.01933189716931,-119.1394068172499,-117.61186627413718,-118.89057732888836,-117.88192356690159,-119.20335169457424,-118.39010029857867,point1,-117.32339660691176,-117.44345690568768,-119.20335169457424,1.2734941397194566,0.4929770800447691,-0.1985685902579526
HDOK,PLOK,17472,19,19,-130,-14,11,2,33,-116.88355227018367,-117.17592317781939,-118.4580082561234,-115.97432607608923,-116.29251056163427,-116.9942445871493,-118.96587561110866,-116.55031022029782,-117.52999388324287,-119.19618180687067,-116.94137341127696,-116.02069479274704,-115.56776679863458,-116.63623800463654,-119.58899171099938,-117.4434108387157,-117.22960664077776,-118.16635094000229,-116.45934319776012,-118.30792942419916,-116.2031511760026,-118.0890213411705,-116.7864781640919,-118.3020584892096,-117.3193900863819,-120.08279118514348,-116.445642371648,-117.31220965209195,-117.3026280223018,-119.24200287438985,-116.13461377148123,-118.95733585681981,-119.03911859428736,point1,-117.50300223622088,-117.3026280223018,-120.08279118514348,1.3768082486625814,-0.4552171788050921,-0.7891439264090998
HDOK,PLOK,17472,19,19,-130,-14,11,2,33,-116.52564716382307,-116.819371770754,-117.32393654552317,-117.5097701658297,-117.43588385478142,-117.28877110844748,-116.40219594486013,-116.24842606710546,-116.57953324185802,-118.4464706127616,-114.86795014565443,-117.36998977707812,-116.559786405589,-117.20453322298638,-116.02447695437525,-117.2301524449203,-117.35443265340508,-116.87423745953714,-119.63198416540627,-117.48065633702132,-117.95880797142499,-119.76862807708753,-117.0405806520644,-116.88355386117784,-118.39451059938038,-118.49452051494806,-117.84062316814892,-117.39061022223713,-117.21710070504045,-118.81639640390081,-117.6454555185641,-117.84496503794291,-119.29726058234759,point1,-117.44761270775706,-117.35443265340508,-119.76862807708753,1.0330188969075356,-0.28123208660947135,0.8190166900966349
HDOK,PLOK,17472,19,19,-130,-14,11,2,33,-116.67440278609489,-117.4724042076132,-118.52219683575689,-116.55550679715978,-115.23680564655204,-116.65800064639959,-116.9294736607081,-118.11929739481846,-117.3648268756174,-118.91359917705341,-115.94588154031108,-115.45590419120055,-117.35149930256895,-118.32226843040706,-117.33657708362645,-117.69880815449888,-118.98640028474324,-116.15846423623071,-117.88710466863556,-117.53991083798446,-117.86148375079654,-117.94214586039361,-117.27945176842313,-118.14230730591561,-117.96628597883345,-116.72972036907129,-117.90280428218065,-116.6028215765785,-118.32825491509732,-116.26961816566812,-116.4409885903118,-116.45354257062294,-117.68457773036607,point1,-117.29494956431031,-117.3648268756174,-118.98640028474324,0.8582652366164205,0.2797316631539051,-0.47303056722688064
HDOK,PLOK,17472,19,19,-130,-14,11,2,33,-116.06714076627445,-118.21957186574456,-116.61455656374412,-117.04298062551446,-117.40760811113104,-116.61641952796077,-118.12532226605227,-117.8130984999552,-117.27284482527769,-116.43210534532007,-118.83402963017042,-116.81961933483956,-118.56199115801333,-116.33202545187446,-117.10649440056264,-117.47866104766094,-116.27847976680458,-118.078061551069,-117.25420120615337,-116.63775569448491,-116.07447340344848,-118.67057037014078,-116.70698507700662,-117.68186975081231,-117.30104801279127,-117.25687569839084,-117.90689464201608,-116.84920482252474,-118.56623671870435,-118.31168432112004,-116.47518098214398,-116.93504339998445,-117.64245322898131,point1,-117.31428751717192,-117.25687569839084,-118.83402963017042,0.6167703277746095,-0.2847174033082198,-0.9574603696995676
HDOK,PLOK,17472,19,19,-130,-14,11,2,33,-113.73300940227168,-116.10950704771172,-118.84008630192893,-115.25764490471855,-118.44352596496252,-119.03760154251661,-118.47052322279792,-118.78986323322201,-117.49289463391132,-117.83725843855225,-116.09465541821503,-118.13414308072039,-116.42757339128356,-116.93753503025029,-115.8702132454234,-117.35267888795167,-117.01388185893452,-118.45583222961017,-119.46465865880484,-117.52950433133829,-117.0814086171995,-118.31100864118434,-119.18819847488118,-119.86036004544749,-116.22394365955404,-119.21162277623995,-117.70122009017861,-117.4370072605107,-121.47064766812001,-117.02040405541999,-118.35145530941485,-116.89009972966464,-118.69054459238338,point1,-117.71910641652497,-117.70122009017861,-121.47064766812001,2.158685741949608,0.18625763389890773,1.031997633072327
HDOK,PLOK,17472,19,19,-130,-14,11,2,33,-116.25129228114129,-116.7145364294927,-118.07796167957073,-117.61473936801092,-117.29470090272358,-119.2471845618234,-116.68924099100416,-117.00349965260571,-118.1122231675548,-117.60565988147542,-116.565928512654,-117.43417063358493,-116.2705603615405,-118.95591273578042,-117.49595193293494,-115.43788319663996,-117.89156192365017,-117.34039707420875,-120.50863741995519,-119.10602818022431,-117.17878825723483,-117.42812595200162,-119.40954149542117,-119.59210267949489,-115.97914006105776,-119.13593366264168,-118.07146882606077,-117.2999646892104,-115.16962597441335,-117.89246310305523,-118.5274757474911,-120.11955011769123,-116.62899449708594,point1,-117.69852260452836,-117.49595193293494,-120.50863741995519,1.634133708999307,-0.2477699317547352,-0.31953223299818045
HDOK,PLOK,17472,19,19,-130,-14,11,2,33,-115.8490611360906,-116.10899773702981,-118.2391750786018,-116.94595877405251,-117.1596093733631,-118.15930780597273,-116.9628419385193,-117.34538410156539,-117.39813121456581,-117.54543658201017,-117.45270592131497,-116.66133249107381,-117.98419056118146,-118.45076936344627,-119.78040636750265,-117.8737432528181,-117.87969241500876,-116.85805306342401,-116.73724356043861,-116.14013623930147,-116.77925934909824,-118.46812123691711,-117.71194666434228,-117.14271184735188,-116.83190326868451,-117.32135032972415,-117.94276292489641,-117.73201787726963,-117.45718500372382,-117.42328000873208,-117.15671856405525,-116.99924152016476,-118.20301023546376,point1,-117.41520260023347,-117.39813121456581,-119.78040636750265,0.5924603725989193,-0.5379383796701953,1.517713638776891
HDOK,PLOK,17472,19,19,-130,-14,11,2,33,-115.23927524801283,-117.23384871735307,-119.08586926646863,-116.26482143278558,-114.88176623876421,-116.9199438062615,-118.5696551583231,-116.93842627792651,-117.29759095725228,-118.56376230492393,-115.42020398685423,-118.05276109489334,-114.82156289459893,-116.3970188002775,-117.21600706501847,-117.77833588233582,-118.79873295068501,-117.30490539565328,-118.74463738780102,-116.10261280985274,-118.06895411192176,-119.14026564887263,-118.21236129017564,-116.93331282929167,-117.85117241887998,-117.90576036793834,-117.08190395513358,-116.04347614471841,-115.27580582421217,-117.72123642705131,-118.54843851047275,-118.81619491731384,-115.7536897898899,point1,-117.24194878520952,-117.29759095725228,-119.14026564887263,1.5927015252625185,0.36789403013698485,-0.9206249771296307
HDOK,PLOK,17472,19,19,-130,-14,11,2,33,-116.73478339133541,-118.21840596657434,-116.3001607204875,-118.79222808883046,-116.07467858855858,-118.14683597908882,-117.46741830409279,-117.01948184672071,-117.87777752614673,-118.00941940483266,-117.93930978647609,-118.42951437019148,-118.61713339786334,-117.00509143550778,-115.83594286905547,-115.09062697523771,-118.03432593071336,-116.97345833321502,-118.63109382380578,-117.17063605862556,-117.95004714426211,-115.25729256072007,-118.9168956873608,-119.9112774333081,-117.43784883956954,-115.68995739049659,-116.29727981435306,-117.08769421658819,-117.98988300680979,-116.10924556732745,-116.60815065557307,-117.83262923620413,-117.20610308671974,point1,-117.35341295262583,-117.43784883956954,-119.9112774333081,1.2357034223485819,0.10432082025976537,-0.3302561944823754
HDOK,PLOK,17472,19,19,-130,-14,11,2,33,-115.87754983032087,-116.09268705822957,-116.97788659139191,-117.53036623025815,-118.22587873937505,-117.00432978442528,-118.87060229587868,-117.5471323321814,-119.72169149391745,-118.49268874928083,-118.78751454031803,-117.46462089267631,-118.07725702704731,-117.43180404061518,-119.74752501747955,-118.25011904056602,-117.68094596647417,-118.41441413099771,-117.82389028904751,-118.7123735690483,-117.03079630317045,-118.15484129465509,-117.68988691655564,-116.74402343803405,-118.39038408515732,-116.5444469020928,-118.24280779205658,-116.77931343721312,-119.1454435899709,-117.18015217727233,-117.1974254572195,-116.93577687323267,-116.10050666967396,point1,-117.72324492593435,-117.68094596647417,-119.74752501747955,0.9419021554106899,-0.14519104352551693,-0.40749315560273525
HDOK,PLOK,17472,19,19,-130,-14,11,2,33,-114.31938371643601,-115.30210825182158,-118.47522962306813,-116.02932394078593,-116.72430855958135,-117.37521500826853,-116.99490538595434,-117.56121974125918,-117.1350856058861,-117.16138059233158,-117.32469905096697,-117.74536761231705,-117.60380090782083,-115.07123883614777,-115.00091561651902,-117.83485596397733,-118.75099445149758,-117.54793481917822,-115.58514409446545,-118.01874063660394,-115.74186141801945,-116.17890652054632,-117.33822212917946,-117.76548365399807,-117.66481557515294,-117.26367857709393,-116.83494201923583,-117.00780800847745,-118.76523298685645,-117.6953394133185,-118.62631370775236,-118.04445528172224,-117.24778784606723,point1,-117.08293028946382,-117.32469905096697,-118.76523298685645,1.2204262143501061,0.7609535575305817,0.06993069800885676
HDOK,PLOK,17472,19,19,-130,-14,11,2,33,-116.7519195160758,-116.77435178549597,-117.99458208425764,-117.53235215488046,-117.7430636387955,-118.45512745286584,-117.11963059138918,-116.57515291749472,-117.1021283154409,-116.22457221977918,-117.87371186387146,-116.93146232872665,-116.7897469561895,-117.43926831954083,-116.94517652038198,-118.26918105911669,-117.40148465807343,-117.58430147843535,-118.13435160100295,-118.30406432266814,-116.44871450178003,-118.22469052675156,-117.11759281618701,-117.12089001218656,-117.14664323550116,-117.83399720447143,-117.97270613548179,-118.87905777890796,-115.97142129973734,-118.50166636019438,-116.68422600626619,-118.09228886173328,-117.8497308891673,point1,-117.44815925493481,-117.43926831954083,-118.87905777890796,0.5059482831146177,0.05621380395285868,-0.7836946045212612
HDOK,PLOK,17472,19,19,-130,-14,11,2,33,-116.62010007743827,-116.03521365991624,-117.80973946936658,-118.06739073945984,-117.20741139559597,-117.38152724156211,-118.16878219200676,-117.3676558975008,-116.65083334813282,-117.50114125897652,-116.89806743729469,-115.67465606086544,-117.3776310945686,-117.8605720436154,-118.02408688951608,-119.66626422903734,-118.84592062959844,-117.20710006249232,-117.31080675489777,-117.39205662016901,-119.23824807708831,-117.2349546952428,-118.53926235666898,-115.85283655084072,-116.0311903739793,-116.2811557905327,-115.63720199810336,-118.84853462079755,-117.87645100615248,-114.85892349901718,-116.09476655400832,-117.76314349414243,-117.79722961942107,point1,-117.30669259812142,-117.3776310945686,-119.66626422903734,1.188095548326955,0.06677230531399404,-0.1840326081271213
HDOK,PLOK,17472,19,19,-130,-14,11,2,33,-116.77745315931642,-116.97682102646756,-117.12440457625955,-117.18412360793843,-114.5843904090144,-118.25416721277074,-116.73165350247257,-117.33412995081504,-119.8447543927011,-117.50962364420633,-117.82520742776094,-116.65655331424352,-117.42251697783804,-118.11723480488497,-117.2083665064968,-117.69676491308289,-117.9213472093978,-119.3465564978684,-117.48188495223576,-115.63373612590586,-118.6039815294454,-117.32440874638658,-116.97527445072598,-116.343642866495,-117.28513095596368,-116.39559612070653,-115.06262018729961,-119.23653075779795,-118.6188450215359,-116.29874027499902,-116.15175479254191,-115.31970729329056,-118.04445759220408,point1,-117.25128426669907,-117.28513095596368,-119.8447543927011,1.3704909037507962,0.05325158470870236,0.23158258844088841
HDOK,PLOK,17472,19,19,-130,-14,11,2,33,-115.9059558201426,-116.5298985444153,-118.06873864223272,-116.38479503116584,-114.70389173294909,-118.24487977615225,-118.16847206670685,-117.31540849203344,-116.36358553280027,-116.46417181240699,-117.68095060174974,-115.79449672669632,-118.09460106710347,-118.46000766644568,-119.28213903051403,-117.8982497099349,-115.97225134915081,-116.7969762641596,-116.67295661451973,-119.01649772989215,-118.65739932846188,-116.56611439654395,-116.93000004923181,-117.26591290856976,-119.84695110449485,-117.14637587862318,-117.43283618063239,-118.26539510663063,-116.70416592708874,-116.95360779269691,-117.4025850583597,-117.29336745024479,-118.06649717601312,point1,-117.34394341117462,-117.29336745024479,-119.84695110449485,1.1802182953411273,-0.06701909733139184,0.11686734188440795
HDOK,PLOK,17472,19,19,-130,-14,11,2,33,-116.5828378080521,-116.5257315994568,-119.43971499330932,-117.36105938828639,-118.11195498198936,-117.70709150781794,-116.53879512529201,-116.39406388209682,-118.83414592010999,-116.02449629184197,-118.18938694813728,-116.32056050735468,-117.78371624149122,-118.59948364959862,-117.02163821984945,-117.5504016353322,-116.28596750590512,-117.21882404176677,-117.5092900752467,-117.89589791669148,-116.91104194281904,-115.75699730737496,-116.52739598574192,-117.74316972468586,-116.95815402424414,-119.70276989560618,-116.90460159072335,-119.60099960243959,-117.5116533513279,-118.12374755238844,-119.8450425511425,-116.95866136796317,-118.77542681263398,point1,-117.55196121056719,-117.5092900752467,-119.8450425511425,1.1883041853652692,-0.5655688200713092,-0.460368326805602
HDOK,PLOK,17472,19,19,-130,-14,11,2,33,-116.75595288858756,-117.01765457316348,-116.91594496364023,-115.99393588249829,-115.01776720878397,-118.1453165779725,-118.21585956742634,-117.32894001796944,-116.43405907924166,-117.87557993933139,-116.10928250342668,-117.94418343454434,-119.4361178688022,-118.13581343878067,-116.82633328847277,-116.50365915349514,-118.428633876269,-116.52567752565975,-118.96996193420865,-117.19513167081695,-118.44721488504301,-116.70958300076612,-117.04533588182323,-116.89306951403653,-117.70098909430705,-117.76419235454713,-115.82043999479443,-117.27005299717369,-119.17711493656381,-117.42509971313721,-116.31458306308726,-117.88953156507917,-118.20016371940446,point1,-117.3464598822077,-117.27005299717369,-119.4361178688022,0.9926439274766845,-0.02109462215443889,-0.20605012224031238
HDOK,PLOK,17472,19,19,-130,-14,11,2,33,-116.99117239539498,-117.70644506677719,-117.00896043141208,-117.04800655165236,-115.80564256101381,-118.51574360506628,-117.84012479545507,-117.51440662139532,-115.71758629514558,-117.53540334316995,-116.70046141674037,-117.97151723617121,-116.81910792618167,-118.01216540137098,-117.0701493975416,-117.75858296956984,-117.12416861761953,-118.49217876613527,-117.09186456067515,-118.78210809522498,-116.64512714243953,-118.57608044676512,-115.7892252585984,-118.42113757512395,-118.44665513315474,-116.79417368705494,-115.94140810894692,-116.26720744784572,-116.55887981657918,-117.52024703458397,-117.39802909313364,-117.41966461443819,-115.77394439386222,point1,-117.24416896382543,-117.12416861761953,-118.78210809522498,0.7711698466353779,0.09945524668887384,-0.807893170396714
HDOK,PLOK,17472,19,19,-130,-14,11,2,33,-114.59840224627435,-116.61559938067377,-117.87517476471632,-117.63720467305082,-116.26664600831414,-116.08868814370123,-117.86516620902977,-115.43753637514774,-119.0763518267387,-118.60355971279631,-116.38019613705913,-117.47258664363923,-117.87863567314807,-117.0837101383058,-117.97554332049543,-118.66050321501284,-117.0791164076533,-117.92048605698875,-117.60696699159558,-117.96753000987567,-118.48991370781404,-118.30938727648443,-116.30607881837645,-116.72105215948109,-119.00980297730435,-116.45242623273732,-117.74402578703051,-117.35252789918975,-117.2979926431068,-119.0045941987472,-118.25084719135782,-117.83334696192446,-117.07324985401705,point1,-117.45257120126631,-117.63720467305082,-119.0763518267387,1.0577246420556041,0.6565893130640837,0.43945286026289754
HDOK,PLOK,17472,19,19,-130,-14,11,2,33,-115.66724823712757,-118.79799498273688,-117.97692067034538,-116.97006132048757,-116.64420728149457,-116.06374384858572,-116.8734980751405,-116.97278271351378,-118.78265136262858,-118.23465400674586,-116.96235283755492,-117.91778910220613,-116.04482625027192,-117.45933002513299,-116.71233801656123,-116.96166267465634,-116.76304073620153,-118.9923186147313,-116.80960652478679,-117.4050756579473,-116.7217431337057,-116.90974597842828,-117.49794731946643,-118.35111588875915,-116.20308891843843,-118.26218324438665,-116.62244757683898,-116.88949698533251,-116.84101395475206,-116.56571470440302,-118.19242297340739,-116.41847258140955,-116.66425978559529,point1,-117.18641684799333,-116.90974597842828,-118.9923186147313,0.7104656757847055,-0.5862790233378816,-0.46009507409526096
HDOK,PLOK,17472,19,19,-130,-14,11,2,33,-117.40649079572613,-117.50206240805511,-117.60653617608732,-118.11456302293595,-117.52638515104167,-116.61593283706236,-115.50393481541238,-117.15200986091008,-116.77298080552538,-118.33373228096686,-117.88805668917246,-118.52650053601909,-116.05344132380921,-117.41449761183303,-118.08374234934803,-117.35256276257914,-115.39678569584069,-118.82768934562121,-116.6968903500456,-118.1474474947714,-116.6600674754688,-117.58346554596355,-117.76028062330744,-116.9490315110638,-119.83974866457527,-117.78039467913014,-117.9358115201172,-118.31916673563167,-118.12306550645627,-117.47415289644383,-118.22843302589948,-118.8729942288118,-118.88689604909962,point1,-117.61623487196157,-117.60653617608732,-119.83974866457527,0.8850358078359873,0.3353534213193493,0.6232878202119325
HDOK,PLOK,17472,20,20,-126,-10,11,2,33,-117.81143834158395,-118.06609574143492,-116.44203577615644,-118.07752088548678,-115.66999174460084,-117.49967910322617,-117.35306246347152,-116.51191587685726,-116.89780201245782,-119.79389278374722,-116.8048728395453,-119.90585724566719,-119.69586185257654,-119.28730917548084,-117.44256003212756,-120.02174874269112,-116.90388338073366,-116.43645417857398,-117.41958220333537,-117.79134298069897,-116.70714946123849,-115.26022824942461,-118.42638982308466,-114.77085024928057,-117.92610763977999,-116.83065580183242,-118.06511049304797,-117.68983005558307,-114.25079700505177,-117.07662058320189,-118.77613281014037,-117.11037259500495,-114.8986301339212,point1,-117.38247825033477,-117.41958220333537,-120.02174874269112,2.055592211280846,0.0947152151656868,-0.09140386029059222
HDOK,PLOK,17472,20,20,-126,-10,11,2,33,-116.32495586404015,-118.50016450497081,-118.20513762555137,-119.05257353737849,-116.48210147042984,-117.37913609054682,-118.24682125870834,-117.44660046752799,-118.70742956987927,-117.33359209871593,-117.35243051159621,-117.11723756655832,-117.62190330536676,-118.30258401728426,-118.55924004112319,-117.32610136497463,-116.9902105058526,-117.16572243325001,-116.54442004791244,-117.11256454258462,-116.89002538914026,-117.6966526486741,-115.6794875235476,-116.71201584575357,-119.25706044614954,-117.42277939176893,-115.55324484426335,-116.4118414418206,-115.70419210360548,-116.21432176621671,-116.81213723254035,-117.3349772638791,-116.21113126913745,point1,-117.262751333053,-117.32610136497463,-119.25706044614954,0.8907615476339785,-0.23121413878124344,-0.45235805952813823
HDOK,PLOK,17472,20,20,-126,-10,11,2,33,-118.29938952216914,-116.85708547127722,-116.8942516482011,-117.23421434537467,-118.65560660149254,-116.36849261988576,-116.56510987070708,-115.06791560017172,-118.52332658534581,-117.5476200056106,-119.85392960614877,-117.79090939050276,-119.16815710784225,-114.94720074791476,-116.99532183799838,-118.03923058209297,-116.86441707022543,-116.91989709223523,-116.4203435342875,-117.8043620929607,-117.84926456306304,-117.20085627517446,-116.73135091393979,-117.34827894210717,-115.50036060568675,-118.59478544889127,-117.21957550511563,-116.3580993713945,-117.58617647173591,-115.79672546171885,-118.21064486371657,-115.60032459855509,-119.15393106867977,point1,-117.27173198249162,-117.21957550511563,-119.85392960614877,1.3593005908552398,-0.019008343044702607,-0.24987502053979327
HDOK,PLOK,17472,20,20,-126,-10,11,2,33,-117.92874551861424,-117.70689163350566,-116.7577134323537,-117.23919391078982,-117.47499010390999,-116.23421097922241,-117.73834994731347,-116.20887637302039,-118.94041445286355,-118.60494396001319,-119.36365620478279,-117.06468100996202,-118.3061545743676,-118.43492165653949,-117.92241667280094,-118.07844608985947,-116.3884661545841,-116.9048467913207,-117.40183909029732,-118.45264037593779,-119.10239154778301,-116.30406908917405,-116.48027805680708,-116.6230045867108,-117.14525189861324,-117.10167432783986,-117.56139321538149,-115.59389685595688,-118.45439128666735,-116.23556953749588,-116.51025030983764,-118.42554369799765,-118.64735505393801,point1,-117.49507479988671,-117.47499010390999,-119.36365620478279,0.9413471739393101,-0.04828043503516768,-0.9915984871690173
HDOK,PLOK,17472,20,20,-126,-10,11,2,33,-117.82360174164216,-116.47193540866282,-116.91486886615043,-118.87530903304894,-116.99352763105477,-117.53566538200482,-116.03065953443219,-116.80927053653514,-117.10016491432532,-117.57703322232535,-117.42959856542693,-119.53625729557064,-118.46478993598816,-116.20935553373347,-118.05872856176485,-118.13273223386854,-117.9221607011165,-116.16795877755641,-117.37968515171544,-118.09536135992946,-114.68599683585651,-118.03259724088764,-117.14975409678426,-115.92929804298458,-117.52550942888101,-118.36791297238194,-115.86456824291226,-115.89546312023019,-117.79388782237382,-116.93702988367605,-117.25960027968694,-114.98275100420693,-117.81651831716313,point1,-117.20513792954176,-117.37968515171544,-119.53625729557064,1.1230567762978005,0.35137466948159163,0.14277756262201757
HDOK,PLOK,17472,20,20,-126,-10,11,2,33,-117.77769495531133,-117.53235540318646,-116.63815558478016,-117.97431725068897,-116.35575230212808,-117.57152754900991,-118.96729620080143,-118.3491425675849,-117.9888413462224,-118.53372961885262,-116.89069520084645,-117.54524655280296,-117.73759128311708,-116.77725641126789,-119.25445249522117,-118.48871247755997,-117.0649170191169,-117.78677260367485,-118.98126469730397,-116.97779312943378,-116.7826626231161,-116.77658820464339,-116.99483453485425,-117.25442915374757,-117.4031595569771,-118.03146877241326,-117.04286084200845,-117.33251488668809,-116.40953637122767,-117.48191918626806,-116.00560704495403,-116.86075953373657,-116.92578933118492,point1,-117.46956499062821,-117.4031595569771,-119.25445249522117,0.6151735595607791,-0.5093080870776486,-0.2409229784957656
HDOK,PLOK,17472,20,20,-126,-10,11,2,33,-116.70036895232849,-118.4225139662729,-116.16493407436387,-116.1064610351948,-117.29320923980953,-118.5549128019328,-117.68900779675643,-118.77920454473498,-117.66696645896945,-117.05829573457282,-116.87798917818805,-118.11668181680355,-116.60118610443976,-117.4352486721529,-117.24878205171251,-118.0004445305222,-117.43359656767724,-115.64303903723582,-116.23568351451803,-116.6224092527218,-116.1256236930177,-117.76512891135135,-120.24431638367369,-116.92922638601564,-117.46856179954162,-117.05845129765578,-116.48936488946096,-117.99705467932915,-117.0576275732066,-116.33597769873958,-117.18683326205729,-116.04923148395305,-116.00202787530871,point1,-117.19273822012782,-117.05845129765578,-120.24431638367369,0.9133984552523837,-0.9530119667219256,1.6175019577392447
HDOK,PLOK,17472,20,20,-126,-10,11,2,33,-118.33114197271091,-118.95956580784728,-115.8645773552881,-119.02995476287298,-117.05062196419024,-117.16608208503845,-118.73038427225595,-117.83621012638122,-116.2486137592894,-119.94907100774083,-117.00999730015269,-116.9455328728786,-117.50838978567097,-118.56450891746891,-117.84234143259748,-116.635975240284,-118.42571208336982,-118.3363991105649,-117.61268075989119,-119.0802960110688,-116.78784976278348,-118.71957813771473,-117.46103229059811,-119.16034057351277,-117.78629217474027,-117.1976452745388,-117.93982841761087,-119.3559365870314,-116.67432267858824,-117.81841278062814,-117.89674168912886,-116.89615778678669,-117.08574530078809,point1,-117.81539212369735,-117.81841278062814,-119.94907100774083,0.9306088885532124,-0.16574918317944115,-0.6021155728426999
HDOK,PLOK,17472,20,20,-126,-10,11,2,33,-117.09677668930892,-118.19510604762966,-115.83542235046109,-118.87807096529335,-116.22911314802732,-119.16226928349,-117.55407036527961,-118.63372891992012,-117.92846850943823,-119.8041908676362,-117.92924203293447,-118.82335925488383,-118.28873201892505,-116.9880682199426,-117.0962178132423,-118.50341406238415,-117.15160337218654,-116.90103543088306,-116.06566565902197,-117.55977299127659,-116.36435310950397,-116.8191880753526,-115.73652476279568,-116.36330876064886,-117.89632699775964,-118.03686904550268,-116.21423438246022,-116.11292233870239,-116.98211675606225,-115.72919425112256,-117.70981821936402,-116.39389064920105,-116.10713103728594,point1,-117.30576382993718,-117.09677668930892,-119.8041908676362,1.1681765092220755,-0.370635186156253,-0.7511935742891387
HDOK,PLOK,17472,20,20,-126,-10,11,2,33,-117.98455497106215,-117.10553663948885,-116.94431535969514,-116.65740137107107,-118.52649896472134,-116.92750487229394,-117.07731742205323,-118.15117389676188,-118.63036740742348,-118.75980574213858,-117.92970785535533,-117.08240016744638,-118.08946125259975,-116.35183187511203,-116.05575210046521,-117.18367864951303,-115.69475814429903,-116.33611481439381,-117.52938346330434,-117.0799619576948,-117.3973125930663,-116.09410179779177,-116.743607981043,-117.91041392455082,-115.16694237804565,-117.17901055986813,-116.81157973603025,-116.53601708961631,-116.4096499526622,-117.7335742768454,-117.91995157193767,-115.63990827079536,-116.58136744589086,point1,-117.09760498500113,-117.0799619576948,-118.75980574213858,0.7671784350722596,0.04090697556308862,-0.45440955906594294
HDOK,PLOK,17472,20,20,-126,-10,11,2,33,-117.55680796761813,-117.19061601457884,-118.35621786994386,-117.07902859833086,-119.41264674491647,-117.11459945614337,-118.52811182426804,-118.4657249895631,-117.79434092340948,-117.9164894637067,-115.55224449908756,-119.27962630610665,-115.66821862130065,-118.28373683043077,-117.31999692172337,-117.4864762532902,-117.566664839977,-116.28351598864406,-116.24864766995682,-117.42699813552974,-117.10706645666453,-117.88722137916169,-117.7546284137649,-117.48544728632949,-117.16081436847261,-117.09987925962335,-115.23379407045334,-115.96718453489603,-118.35091446279662,-116.54856804845842,-116.6977383861932,-117.34168898832598,-117.06019909582427,point1,-117.34017741422696,-117.34168898832598,-119.41264674491647,0.9352280249052726,0.10124235658685912,0.09723687786757962
HDOK,PLOK,17472,20,20,-126,-10,11,2,33,-116.05965536404413,-116.35542854474062,-116.0399987945506,-116.29053064270688,-117.36695896771852,-118.41485772719537,-116.57663553452066,-118.63357970915249,-118.59370489254145,-116.71934872099817,-115.65882013812863,-116.47240222980125,-115.94598840602441,-118.02019221750713,-118.14388262755523,-117.34067323191712,-116.67177368524841,-118.16488749096199,-116.72638409804819,-115.55694886025059,-116.11203175474823,-118.73858098988325,-117.12041776026787,-118.15545270433407,-117.11738161388865,-115.82861332954137,-117.3241354092602,-115.99193601459896,-118.21605977506701,-116.20231008676524,-115.63554229016576,-116.48122589943327,-116.20202276590416,point1,-116.93570794780213,-116.67177368524841,-118.73858098988325,0.9702187905666817,-0.46626734295076905,-1.1542697182549566
HDOK,PLOK,17472,20,20,-126,-10,11,2,33,-117.13961170083225,-117.50785144385247,-116.799896815581,-116.70221782595297,-117.57909609735675,-116.83190112299177,-116.70542651994391,-117.79658716838196,-119.11793138190367,-118.21409168822429,-116.55888244900657,-116.53736016210506,-116.8951650273851,-116.83500452467366,-117.37858760482213,-118.63042687713045,-117.34768073371964,-117.62794906093856,-116.10438713557816,-117.61780518531947,-119.50216815642324,-117.8447580140304,-115.89397503424838,-116.03929136085897,-116.11396706264797,-115.81576427115257,-115.47929025980304,-116.77109668484935,-117.63330457007487,-118.15302614479754,-115.40928078861677,-116.50837515692369,-117.03975119661015,point1,-117.09490634020413,-116.8951650273851,-119.50216815642324,0.9175234650330237,-0.47713873953562025,0.1815941976090638
HDOK,PLOK,17472,20,20,-126,-10,11,2,33,-117.05214592450722,-115.56379384255878,-116.86116631419817,-118.2519119679083,-117.36343242553458,-117.97355031365751,-118.2268031304167,-117.76026685197277,-116.74778521233195,-116.19546008500087,-117.34087466628011,-118.61631372720976,-115.73629175609076,-118.98272708308588,-117.84449218727711,-117.13578509567827,-115.80385082615935,-115.87305127717403,-117.80901453763668,-117.82541241494533,-116.78519211311588,-118.51573154322233,-117.25123344437775,-116.4688453306133,-116.0896922781678,-117.26564442438011,-116.82639055580593,-118.38444842119503,-115.61326046923374,-114.70239162125908,-116.81375558221941,-117.57320787054732,-116.78207822008346,point1,-117.09200004587413,-117.13578509567827,-118.98272708308588,1.012703176492935,0.25911794587397424,-0.42301001742201594
HDOK,PLOK,17472,20,20,-126,-10,11,2,33,-118.19266573713514,-115.94303285214006,-116.7573597814134,-117.88444194252963,-117.2568986238734,-119.1857509724498,-117.5117452948663,-118.6118357399508,-116.27281851542963,-117.10054074010131,-118.69649969516668,-116.58112314303688,-117.46674497676413,-117.64537222007804,-117.76632156345113,-116.07053752359376,-117.07993867531832,-116.06123566553099,-118.09594612452106,-117.14648702729939,-117.4144202811303,-116.59195186920526,-116.9260683127851,-117.80456020473227,-118.31579689958572,-114.83721473210896,-116.38841272395285,-116.56763193203797,-115.32293752047576,-118.07531178773861,-116.34161703518521,-117.12729579061089,-116.43595654637487,point1,-117.1356506803204,-117.12729579061089,-119.1857509724498,0.9382646578960105,0.11650705150745384,-0.11768331016156575
HDOK,PLOK,17472,20,20,-126,-10,11,2,33,-117.39981128882975,-116.74968434110582,-117.11934963546236,-117.06068018020649,-116.6664775725397,-117.04848798978196,-117.41663949547423,-116.842516314373,-116.30157952561456,-117.68303229709052,-116.12593938803462,-116.27974950967656,-116.72432292095156,-117.9002261512338,-119.49004628758283,-115.43379698354428,-117.31264146679885,-117.62176676198916,-116.71699030804379,-114.89560350639319,-118.5716048315194,-117.59152346845642,-119.31304565209227,-115.57781317775259,-118.3143140511051,-114.98637412492755,-117.48530124047888,-117.73269040092784,-117.9577124683588,-118.95302427130281,-117.10640405529382,-116.89812656644021,-118.2583187100002,point1,-117.19804833161764,-117.11934963546236,-119.49004628758283,1.1851952442696285,0.06696591608652831,0.12370938414746391
HDOK,PLOK,17472,20,20,-126,-10,11,2,33,-116.15801849125572,-116.49540370266496,-119.05982159661913,-116.65696203071754,-117.94434899958645,-116.83177794381614,-118.81940829382224,-118.59606968996444,-118.34569407388226,-115.26212621819414,-116.55528864883966,-117.93469325991133,-118.1872621546428,-116.74208582352247,-117.5782435783436,-115.94947715956617,-117.6646750582824,-117.89331181158492,-117.2662926527574,-117.45844377841422,-117.44833621608963,-115.80290000012374,-116.26471493129472,-117.1249539744734,-115.85522485216947,-115.67431033930957,-117.82395352464754,-118.1334319272084,-117.67954408664646,-117.2835108448229,-117.15045612559858,-115.32706604180534,-115.811619959066,point1,-117.1145281148377,-117.2662926527574,-119.05982159661913,1.0304268160875152,0.089893185034016,-0.8906465313176075
HDOK,PLOK,17472,20,20,-126,-10,11,2,33,-116.85402211461862,-119.52350380035188,-117.91056219138241,-118.23897107089144,-117.563269704901,-116.85105748719792,-117.93996327016055,-117.44735323790881,-118.62296294850086,-119.32787710655415,-120.29601538166484,-117.27571672981814,-117.22917918162241,-116.62382994921781,-117.34024880034902,-116.6597807157505,-119.43272092759753,-117.0985300995959,-117.275419729426,-117.7498616050721,-117.08032599032526,-116.31280284382137,-116.99952347993512,-117.88982202028568,-115.58039491912427,-116.82647234849118,-117.73634134655819,-117.64603468000495,-119.14476820147068,-117.32638778066045,-117.97391942807845,-117.39259246377232,-116.63039845996202,point1,-117.63032212166884,-117.39259246377232,-120.29601538166484,1.0082150957275935,-0.7899507206479894,0.6636411489163567
HDOK,PLOK,17472,20,20,-126,-10,11,2,33,-118.63698477266657,-118.0700362092091,-116.94397315304622,-117.31914723710273,-118.35453459927078,-117.72609797732915,-118.20939311326143,-117.18009588894323,-117.96812318184303,-116.769603587757,-118.17298286764564,-118.24362149679396,-116.09779446890221,-115.99786311993027,-116.96490104150125,-118.58273364859176,-116.88440859806879,-118.55234571157908,-116.2614476801084,-116.47940197128437,-117.15434057385217,-117.50888280719471,-116.90790129694129,-117.70432210758572,-115.48770540795303,-116.655255266099,-116.30482195208523,-117.67772563279415,-116.30560305244752,-117.87026256397041,-118.60249942510012,-118.07298255651808,-117.8995076478927,point1,-117.38082729137182,-117.50888280719471,-118.63698477266657,0.7388334712137347,0.3089684528503288,-0.9353173340604406
HDOK,PLOK,17472,20,20,-126,-10,11,2,33,-115.59909859835871,-116.78984914142683,-119.23005577063668,-117.62766006836969,-115.26224835381427,-117.58357373440668,-116.07238578217739,-118.53197575383076,-118.32706076925291,-117.42974123248385,-118.82629784427361,-117.53807808614228,-118.58843337844897,-117.94441629060113,-115.87470600272066,-117.77089935852213,-117.38470207026415,-118.1725433917125,-116.98200571414469,-116.04294452039524,-117.04857838494233,-116.22742448579982,-116.3383398559277,-117.66304755041608,-117.79602042262148,-116.92079215471489,-116.31989053720609,-117.35009819291037,-116.29113867351319,-116.29832698309123,-115.89112722060398,-116.7854984232816,-116.44840617626157,point1,-117.11992014919012,-117.04857838494233,-119.23005577063668,0.9705692286675021,-0.18661831359177872,-0.7273308640530955
HDOK,PLOK,17472,20,20,-126,-10,11,2,33,-116.17711712582913,-116.9856357826459,-115.85649641645884,-118.8523401244069,-116.5241781496171,-117.21767191502754,-117.09856762759514,-117.85030292604424,-118.99875612285315,-117.02576753324686,-118.98254597424915,-117.69759288402082,-115.2963035431555,-117.65681017156557,-119.37896258027789,-116.83579640298261,-117.36381965756031,-116.8620284549356,-118.76156506855507,-118.66964363591428,-117.15410664946782,-118.18767232747871,-117.92762962976812,-117.11352083679236,-117.62124826225055,-116.89844216248088,-116.60245470820874,-116.30876054266955,-117.5548668627582,-114.27917760565258,-118.28281646489269,-116.2143774323922,-116.08679039331861,point1,-117.28253836288097,-117.15410664946782,-119.37896258027789,1.2548814340635823,0.28754610908368855,0.3072290750956701
HDOK,PLOK,17472,20,20,-126,-10,11,2,33,-116.41818008153328,-119.72811329374406,-118.5499027407282,-117.97924870044109,-116.93907683663568,-116.65009966459249,-115.58518883707109,-118.33483170095951,-114.88836026784132,-117.73705545835305,-118.61755454623612,-116.94452912477233,-117.35923309606567,-117.68936554113631,-119.21879640989364,-116.40118712151475,-116.86086833284587,-116.87962591777799,-116.75441060728714,-117.92950387047748,-116.38767595791587,-117.87342618777784,-118.07537975352726,-116.67457961499645,-115.63116724447666,-117.70203038400504,-116.65899983174101,-117.28059226574031,-116.21721674091792,-118.19312647782638,-116.06719588901413,-116.28379073391993,-116.6002372817704,point1,-117.18516819737991,-116.93907683663568,-119.72811329374406,1.1190047910670515,-0.2688513512230563,-0.018713499524086075
HDOK,PLOK,17472,20,20,-126,-10,11,2,33,-117.86647770071359,-116.3625894512206,-117.37451502826187,-117.93974729122114,-117.1519608386535,-117.60906431416622,-118.21659702054545,-116.58285539941693,-117.22933042036057,-117.75960364389378,-117.85833902260627,-118.26501105041014,-117.72028572982876,-117.33013264600245,-118.4818800045918,-117.51588771203575,-117.32180791649864,-117.08762001925372,-116.89041182549374,-116.48344207686219,-117.16343765707781,-117.95511560056936,-117.49773190519657,-116.52912379473828,-117.15444043062668,-117.207915231425,-117.0212513968545,-117.64355031901421,-116.71348852649325,-119.30215080189691,-116.60004113604583,-116.54990413720473,-116.56382991337816,point1,-117.36210727159266,-117.32180791649864,-119.30215080189691,0.42948743531483746,-0.6979695217155889,0.7756921789338
HDOK,PLOK,17472,20,20,-126,-10,11,2,33,-117.46907304528014,-116.09981578738653,-116.58168622365744,-118.92556128654357,-117.25724297015957,-118.47788231929914,-117.07296331371316,-118.95030899513654,-118.06018042017568,-117.30024837918032,-117.37114603138757,-116.30610816770306,-117.20773373669768,-116.47787690516772,-116.90179337117125,-116.0315201597098,-116.00899817752826,-117.0711205324391,-116.31856557013327,-117.51017379322731,-116.76459324266966,-116.91395945284403,-117.91856290087799,-118.88909351240872,-115.97671394189024,-118.02012996655986,-116.92934612289568,-120.41081031373473,-115.96198416860425,-117.86305368967335,-118.4981133767187,-116.90904194673881,-117.51775062930375,point1,-117.33251977123085,-117.20773373669768,-120.41081031373473,1.0508138532809805,-0.8915365589415905,0.9227840961166218
HDOK,PLOK,17472,20,20,-126,-10,11,2,33,-117.67025882131217,-116.87105031803323,-115.68899608845645,-118.33400501795276,-118.44859824201929,-116.8243053496502,-116.59768778183627,-117.85084044630061,-118.16136959348971,-119.38177758527733,-117.96386772383785,-117.54515348307396,-119.00387601845436,-116.65336669194357,-116.05918382089848,-115.14702775909423,-118.58585047468083,-115.556083496272,-116.64451507985595,-116.02536424211169,-117.76804897809446,-117.08180888018148,-117.54283201680343,-116.40390650814781,-117.80295536147577,-117.73966540117677,-115.94871668815358,-117.83997689392456,-117.82640672602761,-114.65062712304812,-116.81519815826191,-117.0853129954357,-116.96451526998977,point1,-117.16615603137188,-117.0853129954357,-119.38177758527733,1.1800265619806793,0.25421957417978025,-0.22767878620537108
HDOK,PLOK,17472,20,20,-126,-10,11,2,33,-117.44108092239148,-118.65700076810847,-116.99223439722525,-118.61205671442033,-116.82978851060271,-117.49605419886738,-116.3868459068197,-119.5177469948099,-119.988444843974,-118.5255586512194,-117.89852718288387,-118.88556963337513,-118.29283997490818,-119.4467414531329,-118.33325709635332,-117.72842762436291,-117.53907610278047,-116.37928500078522,-118.20193090983625,-117.5328492850164,-116.63444145521407,-115.02073343724466,-118.09365352675786,-116.43111717036854,-116.37478039598827,-117.15876578312088,-116.54214560588001,-118.45186331406546,-118.42190025469868,-117.69219962403034,-115.75014489279776,-117.92347967548439,-118.16453153409671,point1,-117.67712341944306,-117.72842762436291,-119.988444843974,1.2111105003648688,0.19198797710727392,-0.07766439917713708
HDOK,PLOK,17472,20,20,-126,-10,11,2,33,-115.41515756590118,-118.66919981507439,-118.00673099575941,-117.868158952307,-119.07737516246632,-119.2982729904422,-118.21873589722657,-117.66969528155575,-119.27748205265237,-118.86488437927311,-117.1109715635955,-115.9830512563684,-118.5062842524607,-117.30824428215108,-117.84899708200018,-116.05785668681249,-118.65649465633255,-116.10032869231156,-117.49431702717553,-116.88787977769839,-118.82331262685676,-117.08560996109088,-117.61178450003864,-120.08629891914792,-119.90604154622339,-116.08626756222455,-117.5533008690039,-116.45056801657793,-117.21392812394,-118.28788780631272,-118.08310512560999,-115.89604218676895,-116.58014990188917,point1,-117.69649743985607,-117.66969528155575,-120.08629891914792,1.4385952224626672,-0.020067607870089547,-0.7309470021208146
HDOK,PLOK,17472,20,20,-126,-10,11,2,33,-117.49080662700348,-118.18070719121188,-117.26638316014987,-118.27500301059035,-116.12843447227783,-118.1806017790705,-117.1893000194138,-118.26748772457965,-118.64957823129431,-118.03470597988196,-118.99789819712517,-118.11263256616121,-117.88974316561021,-116.03872505421708,-117.83295729978096,-117.99848594022095,-119.77750558010663,-116.28371568493692,-118.04642228117731,-117.64885911046775,-116.28395646280595,-118.10175526594392,-116.67204254608751,-117.74440888586815,-116.211743783636,-117.6367788225661,-117.1419195154493,-116.93312636993942,-116.77411812046904,-116.72765856886966,-116.37172080580889,-117.82253920488961,-117.20929012384268,point1,-117.51275792580167,-117.64885911046775,-119.77750558010663,0.7667389526310242,-0.17660568851574007,-0.09186284357059238
HDOK,PLOK,17472,20,20,-126,-10,11,2,33,-116.95775464839178,-117.3937467342653,-117.36688010570248,-116.7888010054488,-116.81906994530402,-117.42051575610111,-116.66936135633883,-118.46990467994854,-117.18040738777049,-118.93534989034487,-117.84639336819411,-117.50185461133458,-116.39211162236393,-116.54082607476771,-116.69206593616204,-115.56923458679206,-118.00512565304746,-117.27571814034286,-116.52572947362464,-117.4142255486927,-116.50758156974423,-117.23702239665951,-119.63506410352795,-114.5815877554584,-118.15238559678833,-117.22581561503179,-116.31780882493493,-117.71465678550025,-117.25248979460775,-117.15715929149484,-117.46921148047379,-116.44279857446045,-117.82446366495144,point1,-117.19039763571432,-117.23702239665951,-119.63506410352795,0.8277445928406194,0.028095998097452446,2.114687037914362
HDOK,PLOK,17472,20,20,-126,-10,11,2,33,-117.25159697887752,-118.09292529194354,-115.68105814154694,-118.43646335751758,-118.05599888487026,-116.92925531198874,-117.87969728584726,-116.92284806905359,-118.77636127040024,-116.60923778727296,-118.07961967598591,-118.38939751935663,-116.42471854777294,-117.15861686150943,-120.35985977662051,-115.75900033254,-117.96455220408461,-118.01763284110734,-117.33919964388204,-116.3632904740697,-116.52194163228135,-118.43136957949095,-118.54910359754177,-117.57924715789323,-115.95785892058781,-117.21065224054527,-116.6870773786595,-116.60944707675186,-116.42545717333688,-117.11231130335645,-117.22166971138338,-117.62779060953015,-116.90348929148395,point1,-117.37359836148761,-117.22166971138338,-120.35985977662051,0.9581501915481573,-0.6546887422432629,1.0699202862435402
HDOK,PLOK,17472,20,20,-126,-10,11,2,33,-116.26632369172991,-116.83338586850928,-116.69013461319301,-118.07945111203023,-119.2922510534341,-117.83077092986507,-117.36417963773849,-117.81198409368716,-118.92441510132872,-117.75865518117446,-118.09598039314417,-118.86087225410566,-116.42304837157623,-118.40941955215162,-116.75523326740439,-116.39041823883426,-116.99637892553334,-118.04318865190943,-116.4599300955794,-117.08175200766424,-118.35253630223615,-117.65719092725534,-118.3782190669761,-117.30253993993539,-116.29126898936416,-117.51843382789363,-118.13077170933416,-117.12703195550203,-115.52456311741236,-116.15617635306795,-117.34250152243315,-115.97496073610384,-118.35304929474582,point1,-117.40839444796524,-117.36417963773849,-119.2922510534341,0.8589730490946945,0.0006332824995975657,-0.7706618583802554
HDOK,PLOK,17472,20,20,-126,-10,11,2,33,-116.35187052080873,-117.09348930692853,-118.10568100759994,-117.52350694264148,-115.88553578194913,-118.01516819951969,-117.27980753904622,-117.29070515856742,-117.7685841192895,-118.42515151989006,-117.79632276969704,-119.73849921687491,-118.17005239019261,-115.34850716930879,-115.57069384117665,-118.10307417297189,-117.29635633854427,-117.60225944801564,-116.24518574289553,-117.24240797143698,-117.13946696252455,-116.52694910629269,-118.4035114393354,-118.7123364316258,-115.468602749328,-115.93661636721909,-118.31443501576167,-117.09713758674195,-116.76578765136792,-117.7421530109913,-117.95394309179169,-117.08609716626351,-117.36870199853209,point1,-117.31419993136763,-117.29635633854427,-119.73849921687491,0.9791144803504754,0.14207977726077997,0.03776273721842349
HDOK,PLOK,17472,20,20,-126,-10,11,2,33,-116.08184867119951,-118.16596278879315,-117.74697856611374,-117.66999226272772,-117.880241918617,-115.81092249334172,-115.79287527480128,-119.02563224366403,-117.365441477492,-116.66164743338244,-116.68923715352884,-117.40844151865066,-116.36288415489956,-116.93192990840872,-115.7794374804451,-117.98654561870757,-116.03045944336715,-116.70322906560665,-115.73450677610624,-117.6258781373515,-117.96565961274801,-116.97036645358692,-115.70319442271719,-117.02901941462756,-117.45548706263627,-114.5730226349084,-117.89253824077795,-115.92787228557982,-117.37499390371492,-115.83160157191897,-117.30658392375221,-116.85073348062305,-117.50487801705013,point1,-116.90424373975289,-116.97036645358692,-119.02563224366403,0.8969322932951558,0.20810111844415097,-0.20858243488721273
HDOK,PLOK,17472,20,20,-126,-10,11,2,33,-115.71374575696929,-116.99937915547441,-118.4810361246348,-115.59906778117714,-115.9309944688853,-116.18108798700777,-118.8434748186967,-117.28120522653094,-117.81329296135918,-118.54617666623984,-118.78127167597499,-119.36231350408568,-115.28954873194502,-117.10897471434691,-115.11744427293294,-116.7466243780137,-117.01557988394927,-116.63329703954328,-116.10735084862972,-116.82188277077664,-116.40342638076577,-116.38779264567398,-118.00980325177747,-117.91196563540335,-117.64323460593515,-115.66948537773253,-117.21136917535894,-117.06551823277341,-117.86597382024209,-116.23294346943092,-118.72134987143623,-117.96579986360727,-115.75240450188532,point1,-117.06711562421806,-117.01557988394927,-119.36231350408568,1.2688779140588233,-0.19074479553757617,-0.9097521111210058
HDOK,PLOK,17472,20,20,-126,-10,11,2,33,-116.16265375046635,-118.83995674081046,-118.08506027202166,-117.21831007003689,-117.5773933279179,-117.47700781606704,-116.30805215251145,-116.5339017644896,-118.06115687753598,-117.16468209812619,-117.94163925465809,-116.04377541288694,-118.1179631181391,-117.1253423745591,-118.88819235647986,-117.46616718333247,-117.65327382326605,-118.18838884500242,-117.28007671922465,-115.25198397008486,-117.73628532961231,-118.23263425063877,-118.12601463011731,-117.96188732401721,-115.00572528735526,-117.03714154366658,-117.86549652590492,-118.3666160975539,-117.49448447452947,-117.35619922977664,-118.03411414275011,-116.12464871869025,-115.86725882763545,point1,-117.3513177063596,-117.49448447452947,-118.88819235647986,0.9033625796543264,0.7774807285276858,0.07871367735273749
HDOK,PLOK,17472,20,20,-126,-10,11,2,33,-117.64502696523563,-116.39874221456324,-119.41077266956242,-116.62509727342486,-116.84103100900882,-118.09596881716638,-119.34770535113218,-117.64190645611546,-117.37016469021819,-119.22995724511142,-115.55679858144016,-118.22873883980596,-118.19205488046757,-117.9538460651047,-117.26512875700784,-115.8614191476057,-116.56494195936398,-117.68397467669573,-116.5065444032656,-118.06570036849288,-117.55455236307226,-116.83676792889406,-117.74489915555773,-117.41420581190224,-116.57793603809046,-117.83637731806674,-115.98161634602135,-117.93197452558755,-117.42423573875497,-115.68590076560561,-117.2465322877245,-116.61232984067699,-116.7384044727497,point1,-117.33549251404523,-117.41420581190224,-119.41077266956242,0.9282500176348776,-0.26745728508242467,-0.08527268719224468
HDOK,PLOK,17472,20,20,-126,-10,11,2,33,-116.82820042986832,-117.85632358769612,-117.48999616991662,-115.70912684241593,-116.68924537971137,-115.75515926509001,-117.30945837533676,-116.60107720611295,-118.22747122639775,-117.4987059626393,-117.26098593570933,-118.33464632677307,-117.09634265852726,-119.64146008184863,-116.54344981962136,-118.02333835075865,-117.16396844231419,-117.18626541860048,-117.19778367087827,-119.34472220932182,-117.02541081911113,-117.23616719902274,-116.75841574541917,-118.01308380379625,-116.1027855366795,-117.20371231194842,-116.0843562105562,-116.48311579192249,-116.82924214261213,-116.40723984024528,-116.24085533857955,-117.30835182831773,-116.22633014223537,point1,-117.14172103242379,-117.16396844231419,-119.64146008184863,0.7908083104264723,-0.9227119821388268,1.2288835131652243
HDOK,PLOK,17472,20,20,-126,-10,11,2,33,-117.3425560566582,-116.75053003279876,-117.24116823122284,-116.92413117887646,-118.67164557536867,-119.71939473510108,-117.28043028181168,-117.84545743972095,-115.89289264276408,-117.52609387453619,-118.78115118200608,-118.10791133621171,-116.97363112761745,-118.55004761045721,-116.99377421883217,-117.20917033788018,-118.16352891077283,-116.2735506071966,-117.07768928369981,-118.16258132441543,-118.96085348960749,-115.9095656819288,-116.25387075037334,-115.23352454870644,-117.5750497215951,-116.30269199601113,-115.94476393925811,-116.44818687971863,-117.98512321237187,-118.85356726695164,-115.76690006324856,-115.11568885639801,-117.79205029784015,point1,-117.26149008157446,-117.24116823122284,-119.71939473510108,1.2608936064479412,-0.05810797898766817,-0.5840423714933864
HDOK,PLOK,17472,20,20,-126,-10,11,2,33,-118.21813473166074,-118.44500485234845,-115.80183498942512,-118.47349568316505,-116.10003432082087,-118.16217792138622,-118.3537069337829,-118.09826576976435,-116.93097478863008,-115.68258918361106,-116.71385815407648,-117.92663720380656,-119.45321485005164,-117.45960174571759,-116.46370977751114,-116.91893250063748,-116.78257532607668,-117.68779870345988,-117.20764219435074,-117.97222259762222,-117.57660541882069,-115.71500771043918,-118.17994984737388,-117.12704012047018,-117.19094462907303,-117.60946135635008,-119.08676336779298,-117.10053570517358,-117.29464011155149,-118.19799413870672,-116.38593684431338,-117.75250169810491,-116.63643538236047,point1,-117.41534025934652,-117.45960174571759,-119.45321485005164,0.8533533794252876,0.04596409626692714,-0.38007533786965375
HDOK,PLOK,17472,20,20,-126,-10,11,2,33,-117.11376509801343,-117.32461669206764,-118.4429900332758,-116.6232709213275,-115.74561874359988,-117.51845629019067,-118.31250925249988,-117.77489943044608,-117.10178780403713,-117.31697495684863,-116.90275296760456,-117.90157585638923,-119.08409946943841,-117.37854069548551,-117.96590580655172,-116.66488007190493,-117.29500009809917,-116.30262450690778,-116.91164958288672,-117.00127063641223,-115.54329258932114,-117.52312273465213,-117.799071047776,-117.66760190134151,-116.59377504606513,-117.04897718194361,-117.56632396257557,-116.62041256471149,-117.44797410159374,-115.67195432994146,-116.91653685969459,-117.56586116561041,-117.20481559996763,point1,-117.20766387876307,-117.29500009809917,-119.08409946943841,0.5629305185498235,0.12880344731398077,0.7322945540951253
HDOK,PLOK,17472,20,20,-126,-10,11,2,33,-116.61080966293028,-116.95729488877811,-117.77148069385635,-118.44083267233978,-118.30534616761501,-117.12125048457125,-117.22325773159172,-118.92124893769802,-116.90696161160821,-117.71195153581034,-116.34272847078044,-116.26071748659436,-117.36784225486731,-117.73430913291851,-116.80256260200372,-117.68889755657173,-116.32013825017042,-118.71406125673936,-116.80774658331637,-116.01774110524936,-117.06047377978005,-116.37244419945694,-116.76979312465987,-117.63361830430736,-117.04890727931928,-117.74045884261142,-116.36367004561376,-117.34437996912625,-117.42785388352888,-117.83443759302364,-115.6398671458649,-115.9420989619191,-118.89012690060406,point1,-117.21500936714624,-117.12125048457125,-118.92124893769802,0.7027251739327726,-0.2984242914963983,-0.44846585142336526
HDOK,PLOK,17472,20,20,-126,-10,11,2,33,-115.56654339261507,-117.68083414374281,-117.5920166708219,-117.19801748005996,-117.37830305365291,-117.22734231168798,-117.37911184418222,-117.3876952563484,-118.40381926543276,-117.23968528306793,-119.70970237945149,-117.56888800069378,-117.76884413857346,-117.07924108622733,-118.87717474694195,-117.73730053204896,-117.97342367945163,-118.08860568280863,-117.2103909528377,-116.63543037329563,-115.10624409696212,-118.13416990149827,-115.20664398400605,-116.68021809869978,-116.25314938756723,-116.96431545434116,-116.99013701440887,-118.63264141805796,-117.53642748026299,-117.53747168572339,-118.70263255205246,-117.694031336538,-116.93657156230253,point1,-117.396273462011,-117.3876952563484,-119.70970237945149,0.916989460701363,0.3392526055109748,1.1043790929615498
HDOK,PLOK,17472,20,20,-126,-10,11,2,33,-117.34141272289925,-116.96674443566317,-116.12848563667814,-118.73551733367042,-117.86372213052383,-117.37074179195103,-117.23340357602916,-115.82184576854682,-118.0296064377617,-116.7007744141026,-117.57251314455719,-119.12151858168149,-117.70248438571438,-117.63940815871065,-117.26688440211426,-115.79629722433893,-116.73956497572794,-118.36534022545966,-116.59109701357583,-118.14705182870686,-118.26318316842384,-116.08452449900815,-117.54103808059263,-117.49630096858624,-117.45527318528409,-117.52017668391365,-116.6444252986557,-116.59807416209553,-116.74650417461021,-117.61371558184284,-117.08668838561108,-117.58029740315018,-117.42397772726294,point1,-117.30874525780155,-117.42397772726294,-119.12151858168149,0.5935958169327975,-0.02477378834333942,0.04910706909330509
HDOK,PLOK,17472,20,20,-126,-10,11,2,33,-116.49910657311175,-114.77046370632956,-115.82876980769404,-119.26321878798018,-118.6348217120918,-116.43325181504524,-119.02300026000741,-118.02858159575504,-118.81747872306836,-117.75497117626695,-116.939114671095,-116.262428725393,-117.62812599900207,-117.95638721267161,-117.1996823028189,-116.35266698075263,-117.25435080016112,-117.91968961444914,-116.22188109500811,-118.53026142585361,-117.6655896641469,-115.35034038572499,-117.866840489501,-117.90314308575819,-117.12094804336368,-119.17506820685195,-117.65946657557186,-117.59576428271532,-116.26463496441858,-117.04933631784084,-116.35328590970894,-116.20419652701003,-116.23529117347081,point1,-117.26551995789812,-117.25435080016112,-119.26321878798018,1.2129276312026311,0.07148851220063687,-0.5052555228354452
HDOK,PLOK,17472,20,20,-126,-10,11,2,33,-115.20279345642072,-115.83378232237966,-116.89244203875437,-119.01842785954953,-118.86804883167362,-117.72611748646366,-118.94350626374467,-117.01967003904143,-118.19420584387159,-117.15440598027931,-118.20109570253564,-118.59705458235071,-116.06706559542128,-117.90951567290784,-118.13297052484114,-116.95808211614363,-117.10632114085492,-117.21454233109166,-115.48728071343557,-118.4402870439522,-116.17618815555421,-116.98106548029111,-118.11987295173272,-116.72196706298628,-116.18535096832262,-117.79040088337688,-117.37585136412314,-116.63661429178389,-118.01768869655794,-115.52486475695876,-116.43210910010339,-115.68253992263975,-117.09188398091491,point1,-117.2031519139715,-117.10632114085492,-119.01842785954953,1.1152995524855571,0.08177509936335368,-0.9097303916491191
HDOK,PLOK,17472,20,20,-126,-10,11,2,33,-116.06584656577385,-118.49409792086763,-116.65724024847968,-117.35701728245229,-117.55921645009,-117.78022109376076,-118.19906800600329,-117.11674851354795,-116.92239476910069,-118.44375714681935,-118.40585046551358,-117.6572158652317,-117.24231250770521,-117.62848078534644,-117.00433226748652,-115.1943133267923,-117.92708751596534,-118.40799511588503,-117.65898500256624,-116.48341527459695,-117.03129326820022,-117.30782524718353,-118.80744814957941,-117.51471826057147,-115.62199141168942,-116.80378095919096,-116.08634124065031,-116.57843834667764,-117.73036377954563,-117.70198230903858,-116.82486718230825,-117.03819821578746,-116.53862437350723,point1,-117.26640814751258,-117.30782524718353,-118.80744814957941,0.6965272349851148,0.36450801751961737,0.0056717679325530845
HDOK,PLOK,17472,20,20,-126,-10,11,2,33,-116.11170177127045,-116.45850212119818,-116.92385658617665,-116.70357969484348,-117.22816655901565,-115.87629399803477,-117.53931312280899,-118.5198016612702,-118.5571445088199,-117.78528108630036,-119.30193079077137,-117.97202906659913,-118.01694111305085,-116.91221190310982,-117.9183039029656,-117.91068482700702,-116.35926232712062,-119.52457185444514,-117.67269595374837,-116.51771012343359,-116.57421883814354,-115.77672326209198,-116.63976466726066,-116.65925676425579,-117.09555390914808,-116.21198297073536,-116.48984404253804,-117.08593581873251,-117.07359529879281,-118.6460377926617,-117.04374940315277,-116.92511963255689,-115.48712590017945,point1,-117.19754215976484,-117.04374940315277,-119.52457185444514,0.9425709447463468,-0.591667228334854,-0.07050257649273517
HDOK,PLOK,17472,20,20,-126,-10,11,2,33,-117.58461516259236,-117.39201075875285,-116.26344283579986,-117.90839694045428,-117.61957470873018,-117.89193432065784,-119.46959174736341,-117.51677783687884,-116.43993959672703,-117.94740400558136,-118.06574668903377,-118.237745659817,-118.03358658763806,-117.49900635196416,-117.3736452053914,-117.45829850755072,-116.15371569544611,-116.43820989533154,-116.90698020748962,-114.75368382203904,-117.71676567430858,-116.96337830668537,-119.5298745551228,-118.63502438751004,-116.62350563997376,-117.83417033938186,-117.30758233625781,-115.73701657768764,-117.8897715207145,-117.82343310876952,-116.35825591428011,-118.11974846926714,-117.42975311004957,point1,-117.42189655985598,-117.51677783687884,-119.5298745551228,0.9273674225321991,0.3365362889769374,1.1313254583249166
HDOK,PLOK,17472,20,20,-126,-10,11,2,33,-116.95880186027621,-118.25001828031675,-116.26529171298189,-117.190937256049,-116.62253938468491,-117.51408106424647,-117.56637634386786,-117.18395526992545,-117.7067300295877,-119.26926380733019,-118.36313191794962,-116.58774050014433,-117.02391813442513,-117.61499645231812,-115.31382810231376,-117.59020206239651,-119.62467983711225,-116.68936700563992,-116.078612557762,-118.71764157351176,-120.12036757040732,-116.93997491740244,-118.45907298260008,-116.13400030306738,-116.50595070010546,-117.72829722388194,-119.15434022237423,-116.92372101238072,-115.96391651026292,-116.86461491940013,-117.33659551687091,-117.94774756386744,-116.78880380622601,point1,-117.42422776974809,-117.190937256049,-120.12036757040732,1.187380777844036,-0.6087664611802361,0.13446753999797467
HDOK,PLOK,17472,20,20,-126,-10,11,2,33,-115.26222601419575,-116.6343360752214,-116.63604558666397,-117.85029521403803,-118.63153393516498,-120.80339584002544,-116.68054830442355,-117.93281312345059,-117.2350446022553,-117.2298977306485,-118.00271046577608,-117.44370917786922,-117.39686154581078,-116.97921616853516,-117.4487759582952,-116.5888519398792,-115.63028471379542,-117.94082692969471,-117.55423953819026,-117.49713992444103,-116.70942508992465,-115.43135589525127,-117.53198420597369,-115.81577076106812,-116.02606098925703,-116.14572914654565,-116.60558799824979,-117.41589879527909,-118.39867814954067,-117.99659258825628,-118.433348143842,-116.27362668789722,-116.86850670741532,point1,-117.18276721051136,-117.2350446022553,-120.80339584002544,1.1499166037638442,-0.8634279418976998,2.572532188907115
HDOK,PLOK,17472,20,20,-126,-10,11,2,33,-116.5166680860865,-117.80735673369855,-116.50606123194366,-116.61560693232674,-118.24523159489026,-117.5289936488341,-116.97616583156145,-117.35594155898956,-117.94627870071122,-117.1147364010816,-118.7241705907438,-117.75990452377215,-118.48129221269316,-116.89682177903094,-116.41973740299143,-116.60683785485631,-117.72146560572953,-115.34077830485789,-117.42046058915561,-118.56392366076547,-117.14685980513477,-117.34357508803335,-118.49114966002166,-118.68034224389514,-118.22171396932735,-117.18447584339437,-117.57331376710212,-118.26197066653579,-115.57854088253004,-116.15243529615665,-114.94837754403997,-116.43837952693391,-115.01156571385438,point1,-117.19942828035394,-117.34357508803335,-118.7241705907438,1.0553174455791106,0.5170961902239412,-0.32961136911235744
HDOK,PLOK,17472,20,20,-126,-10,11,2,33,-115.26502657653718,-117.03561667823296,-117.74958429306379,-116.8471214859352,-116.04090604065489,-117.83245843648007,-116.52893034803081,-118.95143942655312,-116.84663327002922,-120.33677744443413,-117.81920703403289,-117.94515182729295,-118.29327350518409,-118.08260471191166,-116.14901176927575,-118.8984652773853,-116.75689060931278,-117.16134489787318,-117.06326364723799,-118.98180771104697,-116.95381068633998,-117.47829630307275,-117.67269730607137,-116.43760075239109,-118.1242776506403,-117.82211077158999,-116.69689832536778,-115.89703825137104,-116.56645898991488,-117.45586365026827,-116.50291910288027,-118.03978687243234,-116.72110737127285,point1,-117.3622539704278,-117.16134489787318,-120.33677744443413,1.0566796540962757,-0.60132296984514,0.8554822190769102
HDOK,PLOK,17472,20,20,-126,-10,11,2,33,-118.20965982007213,-118.61668998423727,-116.14937602628758,-117.22347183259454,-115.74072198859179,-117.56041945192749,-117.33814008962777,-116.64331704959464,-117.65749153922779,-117.37473163429182,-116.40033454126467,-116.38651557561288,-118.52387766987951,-117.36851175263256,-117.52427623978879,-115.18326015898573,-116.04501328748924,-117.1115743342725,-116.22434923497713,-117.60900508146925,-117.00233430263056,-117.20735455492624,-115.27155524237833,-116.18726883266088,-117.4847622084712,-117.10272419048849,-116.61061945682597,-116.81724912590789,-118.16401994407995,-115.93679474011029,-117.66817758386777,-116.66082409450375,-118.06871873725724,point1,-117.00221637293738,-117.1115743342725,-118.61668998423727,0.7436789054371806,0.19165856423583325,-0.4547564617970483
HDOK,PLOK,17472,20,20,-126,-10,11,2,33,-116.9989766252449,-117.17573772677231,-116.63750363567677,-117.91138571489226,-115.5320498540887,-117.20675836409592,-117.12192421902877,-117.24435937106104,-117.8806324339958,-117.68368924932669,-119.79443519734923,-118.79839019790046,-118.02528099246334,-116.71245697474387,-117.31620239321902,-118.22523406149918,-115.7892104710878,-117.21386297719316,-115.1713786807918,-117.92664003874818,-116.28801883222361,-117.95906351286746,-116.59877996851714,-118.07238440680534,-120.42212438995122,-116.28143345401118,-115.15729813055455,-115.83780784056395,-116.46113532001425,-117.26642986028685,-116.89927867287261,-116.62879802737463,-117.17116213461978,point1,-117.19423708272248,-117.17573772677231,-120.42212438995122,1.3031894948563985,-0.6435585222433141,1.1887528559288874
HDOK,PLOK,17472,20,20,-126,-10,11,2,33,-116.14617052195229,-118.18296726580779,-118.21620139214917,-118.75739824453356,-118.5589678379093,-116.48192813438432,-117.29012221488115,-117.28795006752088,-116.44386206637125,-116.97868386655719,-119.28664459770029,-116.77462275449159,-119.01300020316728,-118.02335256557846,-118.2950661631291,-116.75966488564902,-117.90151648420238,-118.11441788852764,-116.684471605432,-119.18620657944132,-116.06232390178833,-118.54728044035565,-116.33057120795584,-117.01775294043219,-116.45657793609776,-116.21056524400773,-118.27698567668875,-116.22200161335738,-117.38589430007195,-117.22987306310662,-118.45629793418387,-117.93563241377629,-116.21320068276128,point1,-117.47661129375666,-117.29012221488115,-119.28664459770029,0.9732218363479835,-0.1716125811325621,-1.298860585488684
HDOK,PLOK,17472,20,20,-126,-10,11,2,33,-115.56634510751003,-116.84510965154476,-115.39726994073946,-118.49044318864284,-115.77830069650479,-117.20328521220868,-116.36189625787365,-119.61497661281032,-116.90580849768374,-117.5332674608883,-117.8980176520612,-116.39638297914985,-117.56055951769767,-117.74603397009939,-117.7252123701445,-119.67183831017871,-118.7835884582052,-117.24686730339921,-117.5496362496171,-118.5264170035552,-117.10187575137134,-116.67000442075206,-118.37387994587813,-116.32097852564847,-117.41921409903671,-116.43759348518236,-116.85553759275368,-118.4956157223012,-116.66417352825552,-116.25825800809719,-120.69237885461999,-118.07158541264516,-118.58885693606192,point1,-117.477309355246,-117.41921409903671,-120.69237885461999,1.4300360951615543,-0.5873475626311293,0.3248101598633255
HDOK,PLOK,17472,20,20,-126,-10,11,2,33,-116.15721857296876,-117.74716471684586,-117.78323276286135,-117.38530593856026,-116.0311834398719,-115.8196245566809,-118.3002439802822,-119.42813633639331,-117.39516989624128,-116.82152436955366,-117.19608063655834,-116.95953071719016,-118.94900615321208,-115.47362624299318,-116.26113991586992,-116.36848016891739,-118.28573486367762,-115.62428489945583,-116.04008901230978,-118.05585945563608,-117.16362176912162,-117.86600759562471,-117.85043530090468,-116.71121335570342,-118.53496017561193,-117.99921321509883,-117.555951334588,-115.7436746838813,-117.0961145369961,-115.37256791491981,-117.97123807591255,-116.20555676779408,-117.50711399396748,point1,-117.1412213744304,-117.19608063655834,-119.42813633639331,1.0754139008748547,-0.07240303446454457,-0.7496129306807044
HDOK,PLOK,17472,20,20,-126,-10,11,2,33,-117.06093019630491,-117.70185929942177,-116.23909077717221,-117.84159457069809,-118.19647389465489,-115.3929444116146,-118.905209184069,-117.83472986476359,-118.66519839244278,-117.70422376678846,-117.89581342601754,-119.04260453745532,-116.75025410957623,-117.72673059538991,-118.10457245236908,-115.79239791916825,-117.83465696972786,-118.64160958577396,-116.20214939124665,-117.6382793209038,-118.00804283835161,-116.24337621494696,-116.72695484556861,-117.39981128899723,-116.67897179402655,-118.61653746770224,-117.95973861652708,-118.05941820176184,-118.73059477518696,-116.31706268660132,-117.60467166331878,-116.85138970000722,-116.85252916215457,point1,-117.49152793699119,-117.70422376678846,-119.04260453745532,0.865244368696876,0.37744835925900166,-0.6130562979859056
HDOK,PLOK,17472,20,20,-126,-10,11,2,33,-116.8206385217053,-115.17277289365408,-118.19943522363705,-117.78617422605284,-117.77565179464924,-117.75672846733757,-118.72653842422129,-115.86727364298392,-117.8034814631742,-117.94044766456392,-116.70255342359332,-116.50531301176002,-116.46175114775372,-117.47687349898823,-115.78505772147163,-117.77969027785329,-116.74572893020498,-119.22867155060592,-117.59709771589647,-116.63157237355284,-117.92695162867024,-117.37034582467808,-115.8039207532541,-119.01564312603557,-115.94383071340175,-116.83512577588596,-117.95080664342959,-116.9124288646793,-116.57476048482619,-117.26937622663928,-117.44150186868661,-117.27976135384476,-116.91255086484158,point1,-117.21213503341012,-117.27976135384476,-119.22867155060592,0.862046603262501,-0.015206179722855184,-0.10812119109102936
HDOK,PLOK,17472,20,20,-126,-10,11,2,33,-116.24379224581193,-117.69637246430644,-117.55851207377124,-117.54452555606422,-117.29529675939075,-117.28911781634639,-117.44004897288296,-117.4563900916025,-118.02342069681448,-116.25996995670222,-118.19184165525758,-117.25285414387535,-118.43315729222846,-118.25889630562955,-117.1932704145911,-117.26974644284948,-115.06824675828908,-117.04139882235158,-117.01275105140417,-114.01675991265088,-117.42414778253836,-117.43209718662774,-115.32107194770573,-116.2563943150078,-116.58903404127119,-118.19872014808968,-117.92439839159071,-118.222090934551,-118.95666548949532,-118.23629185342747,-116.80692842115467,-117.7101681474048,-117.05702802872989,point1,-117.2327698824368,-117.42414778253836,-118.95666548949532,1.0153205643691006,1.265140857982154,2.257554386348795
HDOK,PLOK,17472,20,20,-126,-10,11,2,33,-114.44082898664539,-117.83265061762488,-116.08181451096884,-118.7718063309953,-118.13365879186847,-116.99580829633824,-118.15692094300292,-118.36443694443537,-117.17677678045911,-116.03206064039107,-114.99789496828008,-116.51575877592188,-116.56480929543054,-116.78092902551221,-117.66165705051083,-115.71286991479812,-115.70871426573082,-116.21788842811632,-117.44266340277021,-116.93402035136893,-116.65243573895529,-118.60246595355841,-115.56329291183349,-118.14786529759996,-116.65689276419864,-116.06952088101157,-115.94609777189305,-117.96789642661469,-114.75599119743283,-115.95919930173386,-116.26736591037458,-116.64870508506395,-118.11145865076135,point1,-116.78403503673334,-116.65243573895529,-118.7718063309953,1.2518003194787615,0.0511474668202623,-0.7178396024214844
HDOK,PLOK,17472,20,20,-126,-10,11,2,33,-116.84265254103806,-117.76444071560998,-116.05478808820872,-119.06008476529328,-118.61701062627014,-116.52216135877211,-118.97777143812178,-118.21516491943264,-117.9148216737639,-116.88081285645109,-114.98178009907774,-117.87175151665922,-117.57620026016602,-118.3791633049654,-117.27234390273571,-117.23830309315515,-115.98950215078015,-117.9197253696769,-116.50872000450363,-119.37788232426205,-116.51266539058145,-117.41172686803078,-116.85335785629576,-118.72732717897104,-116.54916583384318,-118.50817889103676,-118.36643699900517,-116.99094387485648,-117.91120131750988,-117.01787904403933,-116.55360461395148,-116.41711632132753,-116.36887763921152,point1,-117.3985928132607,-117.27234390273571,-119.37788232426205,1.0324866817020646,0.015188170814711936,-0.4733562805601661
HDOK,PLOK,17472,20,20,-126,-10,11,2,33,-117.79882302271709,-116.58253288207985,-116.24929905115985,-119.36172226384306,-117.26703572638434,-118.2351950596838,-118.56557886282542,-118.60392225155593,-118.48783356033289,-119.23079355147901,-117.22709896097955,-115.57702446490025,-117.3335813628133,-117.42595239986179,-116.11314061611864,-115.61008754335732,-116.92227123476779,-116.15156455538956,-117.97172886225378,-118.36885467190633,-118.73212450848668,-117.75975371606816,-116.50379897929592,-116.71115764843404,-116.53972402503841,-116.35430182416577,-117.21585238184939,-117.35733002395172,-118.06977732483124,-116.2691252201469,-115.25695000703776,-117.46091781036793,-116.25089796400981,point1,-117.2595682526695,-117.26703572638434,-119.36172226384306,1.1325158858231308,-0.12905375781584869,-0.8047314294205314
HDOK,PLOK,17472,20,20,-126,-10,11,2,33,-115.98147324116913,-116.34312953260003,-115.83316348348757,-116.71816190009797,-117.12052004097818,-117.43902482685398,-116.546081208777,-117.50113418939395,-116.03273639706397,-119.18918430982097,-117.78547246734449,-117.32108428122073,-116.2142980914723,-116.44336187068706,-116.43920503820331,-115.42368162981487,-116.86009178154224,-116.41601611617492,-115.39508144246824,-117.76529017965697,-116.22262628233216,-116.48143879698763,-117.64153673873207,-118.324328692308,-119.07889520328338,-117.98048214903292,-116.54422906935136,-117.4063766075126,-116.0149942301467,-118.53504490634687,-115.54278446467875,-118.06952595432018,-116.93278688502984,point1,-116.95585581845125,-116.71816190009797,-119.18918430982097,0.98484127046243,-0.5072859622637681,-0.4015349821616554
HDOK,PLOK,17472,20,20,-126,-10,11,2,33,-116.14286810392284,-116.9842402449535,-115.9609435465896,-117.88868795565722,-117.5211310089526,-115.98242490559983,-117.5240344606908,-117.86626469247325,-115.9239290899313,-118.85885795445431,-116.98190895267152,-117.20044094782553,-119.81959162295857,-118.23976798746419,-116.10505351399328,-117.5736256992835,-117.69199253469901,-117.57070915973559,-118.0294680852649,-120.18306079616741,-116.43752948785513,-117.5389340638648,-116.79503828339318,-117.00888177996369,-118.17012884936942,-116.67887006332795,-115.58817061618208,-116.6095811340205,-116.77034402044829,-115.57753491852513,-115.00964848863576,-115.09659023681297,-116.47795753144823,point1,-117.08509729506473,-116.9842402449535,-120.18306079616741,1.3989277928928936,-0.5896879016282273,0.5810355925225266
HDOK,PLOK,17472,20,20,-126,-10,11,2,33,-116.46305869645403,-115.90207541796482,-116.62576055054114,-117.8036473069262,-118.26497264745015,-117.48659290767175,-117.9810294041096,-116.22007317890235,-116.2497330499118,-118.54773458309677,-117.97912636607661,-118.05733496251825,-117.65927280911774,-116.60196487784859,-117.19423933960041,-117.14898044826288,-117.52526108867727,-117.13412195287471,-117.11837341853888,-116.97977893913902,-116.6033881949728,-116.7011394535897,-117.5747479743779,-116.26748691358463,-117.94177639249634,-116.82857583014751,-116.85252318034088,-117.93928741248,-116.87351989620957,-117.94415756726549,-117.92260710384564,-116.85155410463042,-118.61428815206312,point1,-117.2684298218693,-117.14898044826288,-118.61428815206312,0.5038266810879252,-0.048957488506696276,-0.9627821462431818
HDOK,PLOK,17472,20,20,-126,-10,11,2,33,-116.50483297297234,-117.51017091683323,-116.5397368571408,-117.48896216150612,-116.87200877699159,-118.35916826195168,-119.08047276017554,-119.2757373854938,-117.29087155064437,-118.42276713504519,-117.44767159420891,-118.95771152513099,-116.03691822916856,-119.13792367132459,-115.62529757911834,-115.85397805608942,-118.22231299634028,-118.68103885289737,-116.95965696356417,-116.41925374481863,-117.2120750765329,-116.44794141847531,-117.3195879486891,-117.19959228573079,-117.54016643440764,-116.41625406057128,-119.41915380520432,-117.24281219402776,-117.14207244581407,-117.93253044176612,-118.64382731649404,-117.97250179328276,-116.41770678394145,point1,-117.50280951504101,-117.3195879486891,-119.41915380520432,1.072695866603663,-0.21109738272938433,-0.8882033857903853
HDOK,PLOK,17472,20,20,-126,-10,11,2,33,-116.40614290327575,-115.72256074435263,-117.6420464149422,-116.99087685590906,-117.15069517125401,-117.72578525160961,-117.34708572347559,-119.56971147179844,-118.49239892517826,-116.99192741987947,-118.27343915637042,-117.50646607989681,-116.77883421092693,-117.38760532410205,-117.67531777565574,-116.91839407568102,-118.07752827336212,-118.6375654246877,-117.63684087402034,-116.78329887945908,-117.46380493204332,-117.96023301517789,-116.98195640318467,-117.50128521904917,-116.52803434172596,-117.70451790312528,-115.12475183842896,-119.2648371928571,-117.05587240383612,-118.8302005645269,-115.18363506295836,-114.96439486005518,-115.45465122722484,point1,-117.26462714909184,-117.38760532410205,-119.56971147179844,1.2230143114370566,0.2613825285074882,0.08655889494277869
HDOK,PLOK,17472,20,20,-126,-10,11,2,33,-119.43017884304811,-117.1559100373674,-117.45132527767686,-118.11409014539568,-118.06859506146648,-117.23017381627203,-117.8948690541505,-119.38065942688264,-118.04485548957118,-117.81276946680532,-118.05136685701967,-116.52812427678872,-117.16839391377098,-116.71746681696725,-117.14988751552139,-117.10261596110847,-118.57165815370097,-118.61570533226123,-116.75366841246799,-117.99046165206911,-118.59221980058918,-119.3405045438196,-115.56311612025573,-118.5509865579708,-116.68685242133107,-114.84833758001679,-117.9821290283747,-116.98086219920114,-116.8306043630302,-117.2194277718129,-117.42459404421527,-117.36039924800032,-116.2235789343841,point1,-117.54049660979739,-117.42459404421527,-119.43017884304811,1.0274946722480451,0.27152217364962833,0.5110989382003623
HDOK,PLOK,17472,20,20,-126,-10,11,2,33,-116.78189729695282,-118.62494715397773,-114.51776565260542,-118.13961971067587,-117.02110597202416,-118.16012933689188,-118.44315344262476,-118.24037283225479,-117.6983261956924,-117.83412331950234,-116.91080785799322,-116.65521921170907,-117.83914325782757,-117.7041132994327,-117.93897292187049,-117.72521203603249,-117.178131579111,-117.3358268757992,-117.48633726645345,-117.56572535733882,-116.73319621812311,-118.82129272869463,-117.01552147200759,-118.16000629213278,-116.13844798546651,-117.0515404933602,-119.26918717859053,-118.5020510030678,-117.31899946372853,-116.8732603657927,-117.55126812041638,-116.99831263495687,-116.8956712643509,point1,-117.48877835749876,-117.55126812041638,-119.26918717859053,0.7626631270877436,0.8696534729426667,2.829018946699384
HDOK,PLOK,17472,20,20,-126,-10,11,2,33,-117.30267739161101,-118.11530737253787,-116.94249635235033,-117.19190949191065,-117.37847246677168,-118.76003146360333,-118.63459583470151,-116.94793406794858,-117.25846156471799,-117.28820510341929,-118.36825632099338,-117.59636694811815,-116.87152526595644,-117.77494752412485,-118.09680138368812,-118.29013705044534,-116.60802111787723,-116.8115153190722,-116.21516947538643,-117.40780582150597,-116.88666532389672,-118.39182964539762,-117.28350264411718,-118.5934161622829,-116.17115316764189,-116.18483780199487,-115.78281843212639,-116.38474282369305,-115.73063651275237,-117.43653734077941,-119.53023918777725,-117.18249008559526,-117.97273827172562,point1,-117.37552256777339,-117.28820510341929,-119.53023918777725,0.8010797179584345,-0.21301879284239705,-0.2817801509671676
HDOK,PLOK,17472,20,20,-126,-10,11,2,33,-115.9650470862028,-117.42017999797825,-116.95625149576043,-117.31776209858296,-118.30369517971289,-117.1361700148256,-118.38380224122488,-116.99510594182772,-117.60268365535583,-118.68513409653049,-116.83249089839447,-116.42748553731721,-118.62228699927792,-116.55169960009874,-119.65918997365931,-118.37276594851942,-114.71982666046458,-119.1715742231364,-117.6912807497017,-116.93422809401183,-116.7121547208059,-115.77571298958557,-118.04477742399305,-116.58820779412486,-116.50808916010911,-117.68186369896875,-117.29203449116014,-116.07090060914871,-116.47267592364304,-117.33935826317476,-117.33801156094266,-117.26265551618727,-116.01816867465072,point1,-117.23797791875991,-117.26265551618727,-119.65918997365931,1.0575132325368988,-0.15303537026368388,0.3313499729015956
HDOK,PLOK,17472,20,20,-126,-10,11,2,33,-117.23166064933714,-117.34501441642551,-116.20320370854193,-119.31985953428187,-117.22435849423466,-117.86511380368349,-119.2454718609596,-116.75145246063006,-117.3549843762183,-117.29221551536976,-119.25737693516743,-118.85465374944135,-115.44507493479223,-120.26749707069024,-117.1788624763276,-115.82584528087735,-117.26074007917587,-117.1586113601515,-117.07616845860528,-119.42669753566798,-116.33106420299649,-116.59505216672343,-117.91037907438397,-117.05087059445306,-119.05227673074485,-116.91063279552814,-117.62337152833213,-116.6657337185089,-116.09725140926069,-118.27743341111227,-116.26414748392511,-115.6585613923345,-117.61903623785217,point1,-117.44365677111315,-117.23166064933714,-120.26749707069024,1.3990957814971463,-0.5653604368687476,-0.27216033539312523
HDOK,PLOK,17472,20,20,-126,-10,11,2,33,-116.32166315830942,-115.10310688499331,-115.59807750384493,-117.43670699369495,-114.15173122021042,-118.04348047520908,-117.96953350158937,-118.47927799234375,-117.95870331224708,-118.17048128381325,-117.80362177307057,-116.73639806629734,-117.07257343637,-117.5693855481747,-116.6300807384636,-116.21657837596636,-117.50871741245082,-117.04515625902707,-117.82320148686473,-117.83603870043025,-117.80956533746365,-118.36954921955365,-115.50977919418432,-118.42599038810353,-118.06277903872636,-117.42231899062747,-119.28818213573633,-116.64603742837483,-118.13684101745899,-117.16691866542382,-116.03110333026662,-116.47491031686208,-117.68206300235357,point1,-117.22728946025777,-117.50871741245082,-119.28818213573633,1.182287335707239,0.8419075704318779,0.6984183868170502
HDOK,PLOK,17472,20,20,-126,-10,11,2,33,-117.60813447333757,-116.2441275696168,-114.90186019538609,-117.39532006704347,-117.26938597020015,-116.71419601196324,-117.95924486946795,-117.47777585208051,-117.06017471318627,-118.0549097659834,-117.98984341797289,-117.71086356423774,-117.0868204287951,-117.5377321462819,-117.25770453736526,-117.47750778068576,-117.13570651276946,-116.81747441263589,-115.97359033485051,-116.46026285976278,-116.13052376373429,-118.04823124008999,-115.65340596674247,-118.4134939842903,-116.93682880375464,-116.54803809881278,-119.21164244369082,-117.05684371334888,-117.18698644522823,-117.66256299666502,-117.87010550506601,-117.52436874135938,-116.119588457407,point1,-117.16652289829737,-117.25770453736526,-119.21164244369082,0.712924828270839,0.3554482813690356,0.8527709635602343
HDOK,PLOK,17472,20,20,-126,-10,11,2,33,-115.71739124178714,-116.1532572284083,-117.38434636420921,-119.41478732919009,-119.02322814878373,-116.40217890567983,-117.9409643939878,-117.25782637920685,-119.34225301198894,-117.92760508255972,-118.73082294487547,-117.76190372304617,-118.985125895012,-117.5915057838987,-116.60010136506577,-118.16928186679041,-117.10119463450096,-116.50370967622707,-115.829654214731,-117.28583435417305,-118.24956605748643,-116.85602766619311,-116.25475144286044,-117.08788079713045,-116.57336042533069,-116.82392125922672,-114.88826721644716,-116.5745927448224,-118.37628282004866,-115.63956341512643,-118.02937368431178,-119.01339258335636,-117.51251453171315,point1,-117.36371112691442,-117.28583435417305,-119.41478732919009,1.3014081380536375,-0.00993390428207313,-0.654206663567336
HDOK,PLOK,17472,20,20,-126,-10,11,2,33,-117.45029789792898,-117.29794430804323,-117.29523768366451,-117.81694306671146,-116.44192184835245,-116.28707935701466,-117.07382605592338,-118.07727646866071,-117.35505928065993,-116.52087420890165,-117.30611095087866,-117.39796524841918,-117.90879707618393,-117.0546274239377,-117.64723786386193,-116.46540622207804,-115.72183328886645,-116.90993413276509,-117.40711526730361,-117.50419632655401,-117.80736837745131,-118.16297834657037,-115.82777012862464,-115.20628249217182,-116.16410421636539,-117.3272181311139,-116.19645703098152,-116.29981559322158,-116.89397137200002,-116.40588295732883,-116.78953522393496,-117.84164088246845,-115.93136954490767,point1,-116.9634569173894,-117.07382605592338,-118.16297834657037,0.5450693653675092,0.40724643993113685,-0.5954591619694973
HDOK,PLOK,17472,20,20,-126,-10,11,2,33,-116.18051025646078,-117.05281952760761,-120.57742497106187,-117.14759130118071,-117.9732483177859,-116.23841221861562,-118.51756360834774,-116.8633892865506,-117.97965911469569,-117.30942255272863,-118.03078589259312,-117.23298513962474,-116.74453537696039,-115.04129435671669,-116.79417798751544,-118.82400148676076,-116.0447959044146,-117.94836891862774,-117.97392555188783,-116.43392685598701,-116.10594523117156,-116.79873379611203,-117.45695133387568,-116.1591052693732,-118.05538133495058,-116.3929331083543,-117.09640161024156,-118.56743633940211,-118.14309846639804,-115.92884706678761,-117.59605690371905,-115.9958175281819,-116.87106239028212,point1,-117.2144426971204,-117.09640161024156,-120.57742497106187,1.148129134455241,-0.7457731531596961,1.5038272208406904
HDOK,PLOK,17472,20,20,-126,-10,11,2,33,-119.60558586322125,-117.3216237093843,-117.48328121045486,-117.0620610023239,-116.92428455712741,-117.46766576662444,-117.10709752761572,-117.6059645164157,-117.65756814353969,-119.03421841803538,-115.67287233018692,-114.8349936673051,-116.04796835054681,-116.0855262106881,-116.85037810535147,-117.19480440444701,-116.92135479110911,-116.92339429897001,-116.47164061624058,-117.42507274335982,-117.43753073664752,-118.62607066388847,-117.49642531487173,-116.9172448716383,-116.55253890342622,-118.53804219950537,-116.52016156521884,-117.50011659574305,-115.64029547643294,-117.98662987737058,-116.98445787583661,-118.18093966040068,-116.27254199168264,point1,-117.1621318777458,-117.10709752761572,-119.60558586322125,0.9406265215977414,-0.18180431834793215,0.7629605774963326
HDOK,PLOK,17472,20,20,-126,-10,11,2,33,-115.88100419200396,-116.4419118808324,-117.22624252546466,-116.74400272294565,-115.24795948351048,-119.24006291229108,-119.29435433319819,-119.60362817991593,-118.70303173093991,-117.7612960724212,-118.21599905659048,-116.88542949459033,-116.89677113099495,-117.60573338049704,-116.90322914805492,-117.83882342950402,-117.94864540123237,-118.9133135628994,-117.98076686537007,-117.69239265876641,-118.72126033660454,-116.55123582823259,-117.10514486404605,-115.90351370986419,-116.67664378816053,-117.60038687701659,-117.82162476770527,-115.85574347252327,-116.63159792447223,-117.13345537821648,-116.62387609856906,-116.7885164004376,-116.4838971780673,point1,-117.36125741775572,-117.13345537821648,-119.60362817991593,1.1212507774920801,-0.32525354193396394,-0.4142385045347208
HDOK,PLOK,17472,20,20,-126,-10,11,2,33,-114.97194740287834,-115.01447204340585,-118.79916776066514,-117.800942777798,-117.59695224557353,-117.736023168772,-117.1951175730978,-119.14261060339952,-116.23446843470589,-118.52581699318033,-117.14204328606947,-119.01382775485548,-118.14932880796395,-117.66388508082726,-116.7778718591319,-115.58923326576476,-118.91865409034443,-117.74059921251475,-117.24691480009592,-115.8903247384993,-114.11900337321427,-115.5829291183674,-117.2129118933335,-116.55220107102699,-116.59899654415125,-116.95756211852297,-117.27878176186907,-116.82127725227252,-116.70424632058423,-116.95595306577486,-119.29969852492844,-116.29234311389871,-117.35689379602184,point1,-117.11766666222756,-117.1951175730978,-119.29969852492844,1.519684820163917,0.26805661480114684,-0.03594443556319149
HDOK,PLOK,17472,20,20,-126,-10,11,2,33,-116.7809779474926,-117.32768923982741,-116.79822240614794,-118.56581639086929,-115.92447028353705,-117.67541489095098,-116.66536343665467,-117.46843383932539,-117.53344367603137,-117.67899866134053,-116.8471866300011,-117.17705362093523,-117.07351919921688,-115.70318726956754,-116.7838809548269,-116.20208280542887,-119.66837209529471,-116.22113032178146,-117.51716113505042,-118.10883033449994,-117.3066282596978,-118.10120822302322,-117.34709818105728,-117.82686705499577,-115.90897204408597,-115.42214172772692,-115.22816548542997,-117.45173819580192,-117.502196209544,-116.22743886886207,-115.27149165463406,-116.28983618656568,-116.71540240163237,point1,-116.97940665551023,-117.07351919921688,-119.66837209529471,0.9251291230243303,-0.28780356331115986,0.5689029810953725
HDOK,PLOK,17472,20,20,-126,-10,11,2,33,-117.77842366746087,-115.86001436867163,-117.24241313060301,-117.26438077891042,-117.5117259570302,-117.57880554316723,-116.12896300866942,-116.73838778783642,-118.26274282633918,-117.78741778997386,-117.66676436460216,-116.98127774819757,-117.56797717702047,-117.6110896572128,-116.80642267278864,-117.4495447129708,-117.68887958458174,-115.2679009352412,-116.75886687822434,-118.94827606021731,-117.35927966657293,-115.82903486094433,-117.59321168697755,-117.54390211633257,-117.33394621570478,-118.01654456920014,-116.16561529968479,-115.56365082853878,-117.42905700123418,-116.35969067119291,-116.20443257268045,-115.74898999905533,-117.03707924908367,point1,-117.0631730117249,-117.33394621570478,-118.94827606021731,0.6998719699193173,0.33635311981983473,-0.2730041845215183
HDOK,PLOK,17472,20,20,-126,-10,11,2,33,-116.51770106821729,-117.106863216589,-117.07010593398145,-118.65228924590329,-118.44297212224794,-118.24259774875019,-118.91513423504547,-118.46003908100396,-119.8430416742436,-116.98429009384898,-116.46637644129554,-118.46591364067368,-117.88364176696231,-118.22222436598562,-117.25195727845026,-117.85755692553955,-117.68586922152541,-117.22732277883465,-117.03479525503758,-115.8890551713142,-117.68268113819158,-117.21063624262337,-115.30904496748819,-118.47978131884497,-117.50134122595367,-118.31081261541516,-117.35901515741776,-118.75399529659543,-118.00561203349919,-116.93024387584316,-116.67365267102356,-116.56395688282794,-116.86498182240796,point1,-117.57168189435099,-117.50134122595367,-119.8430416742436,0.8797848007581004,0.036357257650031935,0.17080855524842553
HDOK,PLOK,17472,20,20,-126,-10,11,2,33,-117.68134263730032,-115.8626982595186,-115.40625567675478,-115.27132430408173,-117.13461545519647,-118.08727468439082,-117.25284322625544,-117.24992410188968,-117.74827538934298,-116.81307928000385,-116.8614030300936,-115.34763029898905,-117.88574121221473,-118.73586358427777,-117.36882991589094,-116.26056971193219,-115.70150934976931,-118.35436984302184,-117.05610009158984,-118.75157603527417,-116.7853754817669,-116.6309112608729,-118.35137347989752,-118.24095276112942,-117.17353356319327,-117.73401007983414,-117.44099134380723,-118.89126405192464,-116.11214572799047,-117.57887165256881,-116.8385244381971,-115.84290837690305,-116.88592551979109,point1,-117.13145496441409,-117.17353356319327,-118.89126405192464,0.9954236865212455,0.1737020568485154,-0.6951551147702162
HDOK,PLOK,17472,20,20,-126,-10,11,2,33,-119.21539883927623,-116.2312541457959,-116.6946829035182,-117.53322792830434,-118.48450552083067,-117.34352878287064,-117.65455974436772,-119.24933416968601,-117.57002430560932,-117.12487377794992,-117.55304337575969,-118.24415540403132,-118.6378798045145,-118.39796411394335,-116.88345960953019,-116.36117344229842,-118.18818357963781,-116.7799054910756,-117.86741382653766,-118.33257373613542,-117.06254112436275,-116.5460321510248,-114.04645725565993,-116.79445036264809,-117.54390366014178,-115.61303217622522,-117.00689915864503,-117.9270773516865,-117.68134289046394,-118.68862175306218,-117.83834658434796,-115.04542967394099,-116.45809500977931,point1,-117.35149611071702,-117.54390366014178,-119.24933416968601,1.243564073707369,0.7981304054013023,1.2111976661739798
HDOK,PLOK,17472,20,20,-126,-10,11,2,33,-115.45491463057145,-115.36217286422415,-117.31958265856757,-115.86905712559455,-116.31703951158097,-118.37905323732504,-118.24848542943113,-116.81332968133528,-117.32139103532019,-117.33534659715565,-118.14807365386653,-117.24477671418472,-118.849480456416,-116.58231881694051,-116.10049210707572,-117.79401764304495,-117.94993065736229,-117.35937827889647,-117.95787475567217,-115.57989488197018,-115.96190634115804,-117.27652010664738,-118.2433583963604,-117.71395689676106,-115.2485070841679,-117.64149775026986,-116.35193358083656,-116.14355265675732,-116.78411076445249,-117.40616742695126,-118.6375087961365,-117.52004759418357,-116.04164554821345,point1,-117.05931283877067,-117.31958265856757,-118.849480456416,0.9943982010455055,0.18154812415035942,-1.0089709242080755
HDOK,PLOK,17472,20,20,-126,-10,11,2,33,-118.73148832825326,-115.94376099486918,-117.87929416033708,-116.05863679978293,-117.937290579361,-118.55663075250243,-117.43468338312704,-119.8948062873906,-117.98548013430933,-117.93954347405244,-115.57605734892192,-117.81816409931376,-116.30747865667372,-117.36710610999032,-118.44104261227224,-117.13496040185257,-119.10444768008588,-117.87505954621376,-116.85723141998568,-118.0573784988028,-115.10438175894362,-116.27923435041951,-118.64724633226449,-117.02718053193713,-116.67509246564597,-115.68408916158383,-115.00083646152206,-116.64050386351086,-115.89583570844906,-115.22107627922188,-117.10712942317984,-117.17751130158888,-117.13991368703782,point1,-117.16668401798185,-117.13991368703782,-119.8948062873906,1.4410907617060313,-0.03961136714233142,-0.5298339626426896
HDOK,PLOK,17472,20,20,-126,-10,11,2,33,-117.01017288011822,-116.99308568743483,-115.9137582339046,-119.01138476415008,-117.28655712673633,-117.31433894484738,-117.9573872092203,-118.10318243464039,-118.72672410882402,-118.78577442310512,-117.60567550694293,-117.82079687456226,-116.95212991932257,-118.95895591792873,-118.77200760636853,-116.99004733085768,-117.27415056383586,-116.96857698716634,-117.89273581401002,-116.14329770313951,-116.93112976463973,-117.75984932198651,-117.56174818622632,-116.06267955245171,-117.40696479500917,-117.55935454093829,-116.0693296509351,-117.09022574332057,-116.069119960912,-118.1897044988767,-114.39756404345364,-118.22555249391874,-116.2459318539672,point1,-117.33484528617429,-117.31433894484738,-119.01138476415008,1.0270480607437662,0.5328210102878302,0.6949365399331398
HDOK,PLOK,17472,20,20,-126,-10,11,2,33,-116.38941656168214,-118.08563182272536,-117.16287006767624,-117.85118127574113,-117.5603322745097,-119.5140155466022,-118.16913705301617,-118.017657257286,-117.99493738797769,-118.57448462733862,-117.49711481867908,-118.12705281921258,-117.53846258008183,-116.54393748178494,-117.49298453348108,-116.56317498982695,-118.3438278170796,-117.48452362984703,-117.1167665225003,-118.84016978217915,-118.74760885435106,-118.1985470711665,-114.9603154867818,-116.5509822375238,-118.05947122228746,-116.60443081782917,-118.13970882207242,-117.6136059211729,-119.06938863783557,-116.3257883868067,-116.76764513591881,-117.39117118761037,-117.20167607766281,point1,-117.5908490517651,-117.5603322745097,-119.5140155466022,0.8475442077519393,0.437514434832207,0.7468525478469323
HDOK,PLOK,17472,20,20,-126,-10,11,2,33,-118.17535139533688,-115.80088535292153,-116.31249481574558,-119.70603071266532,-116.78792566070712,-118.38810208547868,-118.70817686894257,-116.98748032340583,-119.49911813788079,-116.25974441624444,-117.43817660274622,-116.8536728097106,-117.84266546551875,-120.09954713158734,-117.2048971711954,-117.97163504720059,-116.17405315736103,-117.12974020217511,-118.5263667935986,-116.35043648849182,-117.64538718423526,-116.45318617673088,-118.16677792864152,-118.26818264871928,-116.12694890420866,-115.67094004331614,-116.20940030668326,-116.52714607563003,-117.28971689510577,-117.41334352478944,-116.13008730337206,-117.6833784144451,-116.2204428021156,point1,-117.33398299536081,-117.2048971711954,-120.09954713158734,1.294945726544122,-0.68339347349048,-0.17774416470448706
HDOK,PLOK,17472,20,20,-126,-10,11,2,33,-116.33021547720644,-117.1281937252806,-116.18496429640422,-117.49811699226878,-117.47807683741094,-118.67103073351083,-117.65124572765167,-117.30820775125528,-117.7415545681199,-115.53182463102576,-119.05499140140861,-118.8895660583785,-115.28696575842395,-118.11559459758209,-117.53154893009655,-118.40195567742718,-115.5946931346337,-118.49969389082368,-118.52446098149058,-115.92136541734442,-116.45813336311046,-116.76740727152904,-116.40619104351413,-118.52595763105468,-117.5148974428787,-117.82284253989795,-116.50067468633416,-116.49879812818735,-117.53614590397167,-116.4477459879702,-116.67715880461526,-116.1586229552826,-119.37946628229489,point1,-117.27388814025409,-117.47807683741094,-119.37946628229489,1.1702231804678584,-0.08082006430290925,-0.9208324084425694
HDOK,PLOK,17472,20,20,-126,-10,11,2,33,-115.39508488842655,-117.47275884947248,-116.23939068812447,-116.02026382312751,-119.32868780922955,-118.25042917361303,-117.95130117250764,-118.7178683437848,-118.48483057019779,-117.25772848887007,-118.82718422217066,-116.7527659633558,-116.81670518571642,-118.58366446886949,-117.2343442481621,-116.78727092843639,-117.523223088483,-117.83815123030658,-117.890530839574,-117.11459364198028,-117.9595709760122,-116.27873179607161,-117.10351433442587,-117.07907231795076,-118.3218044737647,-118.51453413093124,-116.27717521674053,-117.56163593353803,-117.63862112129921,-117.28342102241022,-115.56732259175783,-114.8039524881004,-116.9056281020983,point1,-117.3267200645306,-117.28342102241022,-119.32868780922955,1.0745952690236942,0.3757164337787971,-0.09786761476803907
HDOK,PLOK,17472,20,20,-126,-10,11,2,33,-116.43965618229684,-119.10275256094714,-117.2760106185853,-116.69848616782986,-116.77895234600993,-117.19436816771524,-119.13096789683912,-117.58250032065769,-118.30297224638824,-117.91169918361119,-118.08791185790103,-117.64619888517613,-116.88145655603829,-118.65790889775437,-118.47879682599189,-118.14528675990508,-118.54806380724064,-116.14103632717959,-114.96969436465743,-117.30027439726383,-116.92584101258662,-117.51735478883256,-116.37547140211689,-117.06204755909764,-117.72918166312171,-118.93690877324421,-116.29671666635915,-116.95351668989598,-117.01832105140782,-119.29669765111106,-118.191664569061,-115.56085754817148,-117.16938829512632,point1,-117.46390794060974,-117.30027439726383,-119.29669765111106,1.0529625093259363,0.1788301911680268,-0.20986648664701635
HDOK,PLOK,17472,20,20,-126,-10,11,2,33,-116.97698302742356,-117.2164227123793,-116.19836804120133,-117.875277068045,-114.94824624927651,-117.24529480896405,-117.21507067484121,-118.45229259625597,-116.8690564328082,-117.06142574216172,-118.66060021002617,-119.48355773284275,-116.3728954881609,-117.44355362783466,-116.81853886263907,-117.76695357921854,-117.20988124412008,-119.27737255870665,-119.7775516155375,-116.27635399755613,-116.72468924262718,-116.55833894944502,-117.32670021942457,-115.54761492432104,-117.3020962261447,-115.61614771446115,-117.29124167241059,-116.13980556315107,-116.97665872374606,-119.15929192043654,-117.73169952134408,-116.39621541677319,-118.26382004406607,point1,-117.27818231540456,-117.21507067484121,-119.7775516155375,1.255534692602026,-0.4124765748705156,0.06440103282355869
HDOK,PLOK,17472,20,20,-126,-10,11,2,33,-116.40547693622355,-116.53470337517625,-116.88277798578333,-117.14395005998124,-117.53911247699826,-118.43843590253663,-119.78357644016604,-117.46707398652528,-116.5704247714048,-116.50162591864309,-118.59613162510657,-117.52324523469115,-117.53903636049988,-114.99121012533278,-117.35891295984777,-115.96958310893193,-116.81442880552373,-116.04904261746026,-118.75103358542495,-117.7103067762378,-118.97087259410134,-117.90363289237033,-115.30341565668428,-117.05102051273309,-115.90110094555955,-118.06856736554192,-118.89816382698682,-117.42507524426175,-115.64979871315796,-116.43881985532457,-115.10290428173587,-118.0007722910308,-116.76807890399584,point1,-117.15310036775696,-117.14395005998124,-119.78357644016604,1.3316521056047652,-0.12205731159981184,-0.37139077710022317
HDOK,PLOK,17472,20,20,-126,-10,11,2,33,-117.22058060839798,-116.89485358283972,-116.53739105813688,-119.79775040289402,-117.72275718056363,-116.07493014720295,-118.54015497637718,-119.64946103390747,-117.29375373984303,-117.55755248628898,-117.09854318652604,-118.27738118289513,-117.77984029031,-118.55721504906387,-118.65346806049956,-115.95671974482372,-117.16552749299744,-120.30229855118327,-115.07920690517228,-116.71293182627252,-114.86360106119503,-117.8775210009072,-119.18963644008198,-118.23754301334914,-117.09692812225722,-116.66231790975394,-116.71284039174083,-116.3549667012583,-115.13862611435154,-116.90737085466071,-116.99803730192784,-116.011106244108,-117.06833197478049,point1,-117.33306498898692,-117.09854318652604,-120.30229855118327,1.6832353383865242,-0.3101698313090225,-0.03037720850507908
HDOK,PLOK,17472,20,20,-126,-10,11,2,33,-116.7053237821255,-118.54866008688722,-116.8919459963239,-117.68811299391557,-119.49359923462454,-115.39316788811726,-118.63531672397917,-116.46731212942728,-117.33219185747703,-117.34603208035522,-115.79537852494678,-117.14562595228605,-117.51528957014146,-116.52900848089139,-117.63442687245978,-117.36592956077827,-116.09181601373314,-119.35040176764247,-116.3513297101617,-116.32407066336623,-117.26227396214604,-116.65214390498566,-118.70291137798633,-116.52958796757657,-117.89793433853879,-117.50663887528091,-114.87562774226922,-117.41164230396589,-118.91330651058524,-116.5128047054005,-117.0285606930278,-117.26744848601979,-116.34859987008895,point1,-117.19740668568218,-117.26227396214604,-119.49359923462454,1.116559648865007,-0.2858834862517482,0.07342030328485016
HDOK,PLOK,17472,20,20,-126,-10,11,2,33,-117.23088832629298,-118.2540945838479,-117.42062098413467,-117.49508026048387,-117.85192521412374,-116.04323385682848,-115.63652064144989,-121.20672478777729,-118.74122595978419,-116.7618041423588,-120.2092254319026,-118.31868450019067,-116.15821941359458,-117.28265453662144,-117.28943170013652,-117.04051918585918,-116.17685428303216,-119.12409023590867,-119.35958920948906,-118.54987875924681,-115.82905093844096,-115.84764184067322,-118.61165952940914,-117.45060710524787,-114.99279604546705,-117.70002589813188,-115.69158275271339,-116.33863520805856,-117.31200387755905,-116.9380075027314,-116.48794226477483,-115.47673371471106,-116.08864061688176,point1,-117.30050282751102,-117.28265453662144,-121.20672478777729,1.9729304326480586,-0.764148588367046,0.4987741596259969
HDOK,PLOK,17472,20,20,-126,-10,11,2,33,-116.079442571101,-116.14410448200957,-116.61122825391496,-117.5882232310608,-118.24052079280318,-117.30337462132808,-118.30496849720488,-117.49702917739502,-118.66046664429534,-116.71044518476158,-116.58456814414538,-117.43508639587806,-119.10508109866642,-115.96889713923748,-118.50159365668387,-118.24897511770833,-117.60871151269032,-116.38509377682328,-119.01249584828709,-116.47142930271391,-115.35594944173015,-118.1184485149598,-116.67290994121682,-119.56666815607474,-118.12942273928037,-116.5928649654393,-114.36614195179651,-118.3013729036762,-117.51414718283036,-117.34517843172186,-117.60049769104697,-118.1400691291663,-117.29434455740277,point1,-117.37756821378942,-117.49702917739502,-119.56666815607474,1.2543989482495281,0.41789157806928495,0.25947419183234466
HDOK,PLOK,17472,21,21,-129,-13,11,2,33,-117.56670443352056,-114.89365822565912,-116.72887621787139,-115.56631753879324,-116.52683645392223,-117.57154899601457,-115.98414874707072,-116.21521275306398,-116.60877566293898,-116.7196386305822,-117.44487003779057,-116.00361172523553,-116.68214558110638,-115.37174406968683,-116.30620353554303,-118.0274175211432,-116.91194142738928,-118.12571108529137,-117.5957730138628,-116.6321771093387,-117.47147477072505,-115.66495618164232,-116.8102902884949,-114.59791951799318,-117.3554343053527,-116.11710013387943,-116.74259237412333,-116.54045125468716,-116.04387145850166,-117.6262795058613,-115.36110904276553,-115.92225188618228,-116.76061523184612,point1,-116.56053511266305,-116.6321771093387,-118.12571108529137,0.7392058732645127,0.24032171771419716,-0.3442718821742683
HDOK,PLOK,17472,21,21,-129,-13,11,2,33,-116.55327357444116,-115.37849218893633,-113.71155952344421,-117.0463939447119,-116.26581440113486,-116.44014105937416,-116.68098559521235,-118.08000170262869,-114.22776175405114,-115.82533432380856,-118.18541589635286,-115.67836726639618,-114.7560283638411,-117.5465375907708,-115.55360474948684,-117.31193804784309,-117.42574924386524,-114.48842861960868,-117.06283326633391,-117.17539159465323,-116.13192199132797,-115.92899719930911,-116.225584717852,-117.40367188389381,-116.75380928424985,-115.19134066405205,-117.64592654943331,-118.60522574041327,-116.95739513625578,-117.05471824539372,-115.02184908373764,-114.67707750033885,-118.24967366698004,point1,-116.40124982939797,-116.55327357444116,-118.60522574041327,1.5170936025176571,0.30322550108031077,-0.6337740474090379
HDOK,PLOK,17472,21,21,-129,-13,11,2,33,-117.13173165557907,-116.48665545175388,-116.31515015521114,-115.64382531057375,-115.43661748519007,-117.32631760173629,-114.95908552303159,-116.36617225378734,-115.83136149666451,-117.32243336116952,-116.32268836463452,-117.31161654612423,-116.11654573465155,-118.11692517834155,-118.1865992401059,-116.28620012552933,-116.99070776630764,-116.22580547297682,-116.26755947978543,-116.79750983360452,-116.48193664305877,-116.30289620537981,-115.56366003204204,-115.43021350318459,-117.27463051853012,-117.40710593905312,-116.85574609721576,-114.79623250722284,-117.04494548941265,-116.09184947647182,-117.32905959678601,-116.8706126695423,-115.28724666036001,point1,-116.49023161742481,-116.36617225378734,-118.1865992401059,0.6837828526456808,0.054760311059005556,-0.3858002359355557
HDOK,PLOK,17472,21,21,-129,-13,11,2,33,-114.2118279158155,-115.48326628044363,-113.70324006595992,-116.01774773110002,-117.36802877977115,-118.63570791465271,-116.0703582442121,-117.15164932436743,-117.58361972779065,-114.26632641432113,-117.02146422737003,-116.09174271702439,-117.1358640551881,-117.34807353058953,-116.10563527748005,-116.14976809897907,-117.12202329281756,-114.79801841158992,-117.17544934829472,-118.27987604487637,-116.23002321764444,-116.87002834170681,-116.13190947900856,-116.32869944872719,-116.87910511521181,-118.07129675209801,-116.89968860320192,-116.39655877702818,-115.31035151306934,-117.73227150776074,-116.62361713418717,-117.24378116819254,-114.9601606605271,point1,-116.46658118548508,-116.62361713418717,-118.63570791465271,1.3379960917271077,0.5511710257301252,0.05766854542080324
HDOK,PLOK,17472,21,21,-129,-13,11,2,33,-115.1646204631102,-116.23797773537694,-117.62307897858298,-117.91210088744727,-117.33242126539368,-118.13796662902429,-117.77800280581562,-116.22143100344955,-117.0218697700581,-116.18839141078429,-117.13189531490075,-119.32813197161514,-115.8672200274783,-115.87853901729358,-115.95030342105156,-118.1435167890278,-117.25238601179016,-117.37647942325405,-115.42560533114671,-115.56771964985282,-117.3294810830083,-114.64640392723872,-115.41419787120175,-117.48685050372804,-116.507382562662,-115.97010879334618,-117.4488493045944,-115.72229345154433,-117.3112337699761,-117.3020310219688,-117.95918395201502,-115.37858476706198,-117.73973450848764,point1,-116.78048464919054,-117.13189531490075,-119.32813197161514,1.1454654960318031,-0.02378160610103175,-0.5976985436659463
HDOK,PLOK,17472,21,21,-129,-13,11,2,33,-115.99137655036427,-115.68852703798213,-115.50700468486802,-117.12205039095669,-117.04807718958553,-118.8099377331385,-118.3465776295877,-117.64695724458755,-116.89893376667345,-117.94962614884419,-114.83357088813946,-117.45578001715043,-116.75185753171473,-118.32987531180777,-118.11783945779787,-116.32444442276912,-117.85348737350577,-117.35582527801516,-116.88817802878722,-115.81267123032936,-117.86417433903999,-115.6159802818687,-116.32572071914575,-116.09019577279183,-117.81653231548339,-116.96664154971185,-116.85811201288243,-119.29133372296002,-115.85964341259158,-116.17995413684258,-116.83575182688082,-115.7484373977109,-116.79956753420294,point1,-116.93892857390054,-116.88817802878722,-119.29133372296002,1.0752733558815255,-0.2062635256902667,-0.4768902189617159
HDOK,PLOK,17472,21,21,-129,-13,11,2,33,-117.6058989300202,-116.81167557416504,-117.26657223256588,-115.88945594479647,-117.21134693274509,-115.17992523454514,-117.34734608861649,-117.25283060209507,-117.16308688427209,-118.40195996753187,-115.8460041360022,-116.7274665287883,-117.38626732169011,-115.67438685700343,-114.32354302484954,-116.03045569141541,-116.33618778732496,-116.1111052553297,-116.2864152742627,-116.05673759609058,-116.60758088473852,-117.3646821213568,-117.03046705707273,-116.69776142094858,-116.37121890772693,-117.63985167724448,-117.41152677139482,-117.71252016716964,-117.50108290315715,-114.7087668364372,-116.5777088163746,-116.24810038242018,-116.71109470344427,point1,-116.65124334889684,-116.71109470344427,-118.40195996753187,0.7715690750120511,0.6762960966409873,0.5627424785169861
HDOK,PLOK,17472,21,21,-129,-13,11,2,33,-116.51752154435029,-113.93130338666585,-115.48713497101284,-117.56547262622317,-115.2629341326392,-117.08515039655921,-117.86836622074904,-116.97642951362374,-115.76803220619351,-116.3782731401902,-115.75081781361895,-118.12655538477506,-118.1703753179641,-117.67220608205197,-116.49001582535477,-115.63716987201452,-117.72985716743975,-117.47528640304954,-116.71404923108128,-117.18435315623529,-115.40093391746773,-116.11398674190265,-115.51510619077098,-117.50755458561228,-116.62042367414223,-116.97670864741652,-116.16605781837309,-117.47223929650319,-118.16418869614196,-114.6990016321768,-113.33105930442532,-119.25463217490919,-116.87982833928308,point1,-116.602818951846,-116.71404923108128,-119.25463217490919,1.5895568343772961,0.51047225486565,0.4022520522546489
HDOK,PLOK,17472,21,21,-129,-13,11,2,33,-117.59314059434081,-116.3078125895142,-116.91066465437277,-116.57258636896081,-117.90880963800524,-117.99602849123914,-116.16352905300302,-117.44239173445892,-116.97231448458011,-115.48807106645405,-116.71191034802948,-116.63805845337333,-115.39225372189111,-118.12726637560856,-118.86782562127921,-115.84558200400377,-117.35955225541653,-116.25339756865466,-117.62537014299248,-116.63422515386937,-114.85030082248728,-115.18404872119706,-116.84114244256315,-115.62832057392484,-116.92553590177195,-116.82970557510127,-116.57191371288376,-117.0806133106672,-113.6112772333021,-116.40060736152944,-116.0994291448081,-118.65006812386203,-115.00255981261931,point1,-116.62079736535655,-116.63805845337333,-118.86782562127921,1.236219330595467,0.3264976838756602,0.5256997355051065
HDOK,PLOK,17472,21,21,-129,-13,11,2,33,-116.5468426436318,-115.15021142966948,-115.77549178023652,-117.96035709878117,-117.34030555719762,-117.90648675729948,-116.84759348654138,-117.02426949174559,-116.0996086501356,-114.18247084078966,-115.56466177715485,-115.84388871283299,-118.43074640831622,-117.43611388479091,-116.41091673616387,-117.28768771223767,-117.08272852947017,-116.40432006741878,-117.19200121758989,-116.40959291706082,-116.87997934278457,-116.68076229384044,-116.95156363248078,-116.17519048790354,-117.42626610607192,-117.88629172715687,-116.46938469101072,-115.48405544979849,-114.74529138459549,-116.75117408249835,-114.71538097037276,-118.77893331519904,-118.19645195357369,point1,-116.66778851928338,-116.75117408249835,-118.77893331519904,1.1586434505816237,0.30482879796965967,-0.1379144383054971
HDOK,PLOK,17472,21,21,-129,-13,11,2,33,-120.13235448992211,-116.7081245118825,-116.15358383085875,-116.70533316230504,-115.2570337300761,-117.24523336939207,-117.48456809521173,-117.00973033192096,-115.65874472171696,-116.06465419349048,-116.04815557085367,-114.93795516508298,-117.74731513391372,-116.65013051552116,-116.41788197240825,-117.2451570703949,-117.78241660295853,-116.22277388210765,-115.31608676604604,-116.3843453733908,-117.18129921920618,-116.47921207063851,-115.28713551031086,-115.53680578442126,-117.09806816521277,-117.05013864984932,-117.33696973373577,-115.03719668842163,-117.31092578125559,-116.33347126321266,-115.38983290424713,-115.91484037469965,-115.94487427221765,point1,-116.51734390626916,-116.41788197240825,-120.13235448992211,1.0445363298402246,-1.1353184143050674,3.186308359354952
HDOK,PLOK,17472,21,21,-129,-13,11,2,33,-114.3424718362807,-116.69208343285418,-115.26866134414833,-113.9786197877722,-117.06996825523774,-116.04810212767609,-114.59402155786657,-117.41088307002497,-117.9543240106479,-118.22505461154712,-117.10230476448018,-118.27840412576882,-116.14382181798626,-115.89420024101246,-116.94762777175578,-117.214497777617,-117.2208270135086,-118.35253301176832,-113.92005208712106,-116.46668772043884,-117.661708029382,-116.13946930506657,-116.8630773522519,-117.78098862544259,-115.18485472689413,-116.35414416110106,-117.4136792175479,-117.351191507508,-114.80788917668517,-115.7850634961087,-114.59450727133137,-114.67723795024854,-116.44254494149895,point1,-116.36913642807816,-116.46668772043884,-118.35253301176832,1.64591364120029,0.36440595054929953,-0.9233855998758322
HDOK,PLOK,17472,21,21,-129,-13,11,2,33,-117.95914045192045,-116.51711875025418,-118.46704367164985,-116.495049939981,-114.78963005775225,-115.89755206184641,-116.059005083842,-116.02860956566832,-117.40857448667863,-117.28447317290286,-116.12028588407118,-116.57645560119485,-115.34600697987995,-118.84540596025688,-118.53073331178447,-117.23497950123055,-117.48362616840089,-115.3285630007257,-116.44537402997187,-119.39513949382841,-117.12728931627188,-117.8645163256706,-116.06044078579684,-117.05784174475431,-117.7183263091684,-117.30958779627758,-116.57672824978341,-116.51874902551572,-116.2147710922742,-116.37038919495993,-115.07492244906838,-116.678109851681,-118.31060422155556,point1,-116.88166798595809,-116.57672824978341,-119.39513949382841,1.1834416339741496,-0.2940364342092607,-0.2654813412601795
HDOK,PLOK,17472,21,21,-129,-13,11,2,33,-119.0389757456934,-114.71597060767118,-117.21860879791538,-117.51386759196117,-116.74234055890095,-117.23968361754225,-117.14771760913533,-116.57904670441874,-115.95059070429917,-116.78502049717041,-117.4275751757513,-115.44310520429937,-118.01630604364063,-117.23254672483284,-115.42457622347513,-118.12096823668931,-117.71970119966802,-116.84517461980273,-117.86937984014408,-114.58535867802658,-117.01687373309325,-117.13379516241176,-115.65661133601746,-116.41425232777654,-115.1735296564566,-119.02775674182473,-116.6402255955111,-116.78955588592106,-116.45465196563443,-117.14452548147162,-115.91500976574966,-117.22914509118107,-117.30373853271121,point1,-116.83382380778178,-117.01687373309325,-119.0389757456934,1.0979804685139676,0.17492708559405784,0.16830895065025686
HDOK,PLOK,17472,21,21,-129,-13,11,2,33,-116.9339206809113,-117.12537593524978,-115.90948398596196,-116.39166651454772,-116.01873419571113,-117.44469513443713,-116.510274485433,-116.5516951730681,-115.75460560240596,-116.18892530101064,-116.6589609645733,-115.98565081301139,-116.20415034336988,-115.69556071375436,-117.94177027618171,-116.07375943677094,-115.92971220534233,-117.04176948034248,-114.406628533632,-116.28455040950811,-118.52999097345314,-118.06429314713002,-115.27663397353547,-118.14590809662307,-116.15493981679754,-117.18488314021047,-116.23151632345797,-116.71062177640344,-116.23742548506854,-117.28028050154748,-116.52766636945955,-117.3661224253467,-115.93682268444469,point1,-116.56663620905154,-116.39166651454772,-118.52999097345314,0.7311731964708408,-0.234912284890099,0.5216095876459956
HDOK,PLOK,17472,21,21,-129,-13,11,2,33,-118.29053047396661,-116.2417974150947,-115.47969391753337,-116.41525297600523,-116.03484814228503,-115.34504731701014,-117.72488027546115,-116.29455415401033,-116.23172278116402,-114.97245549649215,-115.69961433431641,-115.88747084546044,-114.98024128311144,-117.20393993938433,-115.22692818358681,-116.37223347819318,-115.99567849499465,-116.74019337375005,-117.42759162596478,-116.90734863837186,-115.71732715998091,-115.35087896784886,-115.85179222753976,-116.27300158388573,-116.46797548565699,-117.10013424517871,-116.059376863329,-116.45771536070555,-117.26305064078892,-116.24915322670599,-115.73277263142101,-118.25612270744314,-116.61606444321369,point1,-116.32931480878348,-116.24915322670599,-118.29053047396661,0.695370310516103,-0.6138169436285471,0.12551167489772608
HDOK,PLOK,17472,21,21,-129,-13,11,2,33,-118.47871420728352,-116.52632856586472,-114.84031872344737,-118.02547852810325,-116.79023730093382,-114.22557315804444,-116.80064219491052,-116.16856249822129,-116.65597754108614,-117.5280632449837,-116.94693611408326,-117.48021821037786,-114.58574090719547,-117.92985209165852,-117.36945310138377,-118.86497958427444,-115.4613513760369,-116.86812692201177,-116.20054648031667,-117.5024799326315,-117.28524839099592,-117.41574624220297,-116.78490171909999,-116.11494755485887,-117.73969127160254,-119.88225155167633,-117.72370662539231,-118.20753719377089,-115.36024985726935,-116.92983700193375,-117.45042914491573,-117.31386689275224,-117.32477284705118,point1,-116.99341718110215,-117.28524839099592,-119.88225155167633,1.3888973674290535,0.3071225468432164,0.7345627429844979
HDOK,PLOK,17472,21,21,-129,-13,11,2,33,-117.66289319144644,-118.23536757597708,-116.0860705761946,-117.01591751239494,-116.17556307066279,-116.98202164016308,-116.21751422492368,-115.75260687965628,-117.13935116367675,-116.67815054488499,-117.5154395789607,-116.82326778819233,-117.8857330966648,-116.12805113137618,-116.77729263015557,-114.57669287272864,-115.61747670659327,-116.71919192341102,-115.17725513381006,-117.78077771742005,-115.36113225191933,-116.92061582980152,-116.13245950893163,-115.63941744190066,-116.29461980574564,-115.91902666927092,-117.75599419680347,-117.37195117638211,-114.97083442897262,-118.68981102267271,-117.15574630084784,-116.58720297378765,-115.85307378640569,point1,-116.59389455614347,-116.67815054488499,-118.68981102267271,0.9142715449933628,-0.0449686259972311,-0.3936975127396556
HDOK,PLOK,17472,21,21,-129,-13,11,2,33,-117.79901013942792,-117.67013879708443,-117.3718422241812,-115.6644763818979,-114.68011259650719,-116.9202715562345,-115.52517425249276,-118.58122186551839,-115.41050812528215,-117.30791785208152,-115.67870046072284,-116.50482837897601,-117.48478249380322,-118.78977266304426,-115.75015001721889,-117.54700435545227,-117.17757749466718,-116.88892830532923,-117.18413475898213,-114.96843524389467,-118.11131815901811,-115.84109984231719,-116.45504137156401,-116.27076309410145,-116.664725823583,-116.80429152457057,-117.8100840554475,-118.23332101299725,-115.65203320043891,-115.77231918096955,-117.94243603103517,-116.9556769046671,-117.63478583502783,point1,-116.81978436359202,-116.9202715562345,-118.78977266304426,1.1051643322041325,0.15469566439010474,-0.8389066072298541
HDOK,PLOK,17472,21,21,-129,-13,11,2,33,-117.20040566103401,-114.4841454503573,-116.7007512445401,-115.35742227450693,-118.04850475824398,-117.65321070916085,-116.58139322862284,-116.23439293960124,-115.61240228838766,-116.44196664234771,-116.99740698014705,-116.28841076910899,-117.05274150486615,-115.7998287767224,-117.64312881096602,-117.17698526862061,-117.30769365809414,-116.07667232382829,-117.53511894674266,-117.19950428460194,-117.3357759680537,-116.21638335534945,-117.24127220036887,-116.66422222115726,-117.61333341928557,-115.4165892691561,-116.90496336765142,-118.27879228586241,-115.7808054018159,-114.69724717481058,-116.98172392667414,-116.09314979615672,-116.75320791226139,point1,-116.64756220663955,-116.75320791226139,-118.27879228586241,0.798442505886776,0.5485987927098455,-0.008784355548288492
HDOK,PLOK,17472,21,21,-129,-13,11,2,33,-119.19815091473383,-117.82937571947105,-115.76253398130976,-116.3223784843159,-116.63013671537122,-117.54939762197381,-116.37842145131842,-117.54247925074853,-115.8077057846582,-116.68970048091042,-114.72691594653342,-117.34716791506233,-115.52651447733261,-115.86611966884004,-116.58080683372317,-117.70860599498756,-117.48636561779523,-115.03138917720057,-116.48604145858143,-116.36527525178121,-116.930266666739,-115.7340819329369,-115.92068308882922,-117.25690741643672,-116.3235815888541,-116.23513010416904,-117.4842969636058,-117.79945816780818,-116.38891563141885,-115.09135396094754,-116.68764512251433,-119.25354566766822,-117.37897722388944,point1,-116.70667655401411,-116.58080683372317,-119.25354566766822,1.078782111964193,-0.46372602686801795,0.41824089003752984
HDOK,PLOK,17472,21,21,-129,-13,11,2,33,-115.24510842676722,-115.9029796799319,-116.69810464198778,-115.7473499427556,-116.25084803296255,-116.64625433199151,-115.2266188444958,-117.75457105191767,-117.88560389369368,-115.42956965636762,-116.15310319085116,-118.42375494491252,-116.68918948271566,-116.69981993946556,-115.68886401533747,-118.11307229315754,-117.05911573727094,-116.67900560224852,-115.3101057867733,-115.66380228627317,-114.29943248982656,-118.62254062224602,-116.65124202083798,-117.40963165699931,-113.72737612195857,-116.58452497061921,-116.40473675413301,-116.57788383094625,-115.6363429373027,-118.0733079247218,-116.26616772292866,-116.7142440286931,-116.03881002505372,point1,-116.4325176632771,-116.57788383094625,-118.62254062224602,1.2057581178988346,0.07308869287409407,0.23008009069906343
HDOK,PLOK,17472,21,21,-129,-13,11,2,33,-118.29224542739519,-116.37914090557628,-115.17179432110676,-115.21878768107831,-115.20627724333058,-117.23020522210702,-116.57270947063348,-113.99935424044565,-115.96661991793094,-116.58130408343999,-116.99034930769866,-117.10041580648642,-116.6897886832591,-117.87773778158277,-116.88066945360089,-116.94361680576937,-117.60857313336867,-116.1251534257598,-115.31151102365477,-116.09270356272364,-117.53573120233247,-116.32786220551344,-115.3588470279516,-117.73188308023462,-117.34200855703509,-118.09875764620628,-116.65729437892742,-117.23614321872454,-117.00839765650571,-118.21568614169742,-117.88025624511957,-116.46340846731952,-115.81911111960076,point1,-116.66407104376111,-116.6897886832591,-118.29224542739519,1.0197317742775174,0.5006938604371518,-0.02869145356625502
HDOK,PLOK,17472,21,21,-129,-13,11,2,33,-117.86185605876481,-116.72873274682215,-115.16627274832648,-114.71431818624606,-117.31392213333193,-115.40129146694453,-116.31215489601286,-118.30047044655112,-116.1820473331748,-116.87543227724026,-114.76803316828817,-118.36854059541439,-115.66270771422774,-117.51457816214774,-116.33969282075267,-118.74687997667596,-116.75727530323869,-117.0946143660484,-117.2805729237319,-114.8957511293131,-116.5248583402657,-116.92128308387558,-114.36853877620032,-119.65119768764659,-116.20521535021246,-116.70360323814481,-117.04777942219367,-118.25871622506324,-115.98685149169756,-117.2683389557776,-116.44070443251543,-116.37176551897231,-115.58630349250835,point1,-116.65516062025232,-116.70360323814481,-119.65119768764659,1.4620694476262681,-0.2421286821722901,0.0014948720063356902
HDOK,PLOK,17472,21,21,-129,-13,11,2,33,-117.19370038309725,-115.8196683487565,-114.54301139201098,-116.25838726004618,-118.38512334950252,-115.41899152458537,-116.88005397258839,-118.44595178267333,-116.56751394649702,-116.0122394033298,-115.80805403166946,-116.17190412659974,-116.18499065470768,-116.9623210856307,-116.8003384635775,-117.30526745165558,-118.06584058219221,-114.45462494835851,-117.60101491439536,-116.02359670657005,-117.09038202528806,-116.87371635693401,-115.85428645576287,-118.84906743371538,-115.08668503783261,-116.99998263260743,-118.9418548933949,-115.77705522133175,-116.73330084022831,-114.95556718305227,-114.29039327203067,-116.85079722687885,-119.15135202893246,point1,-116.61687984655858,-116.73330084022831,-119.15135202893246,1.5945709591426804,-0.1919345724741655,-0.3908259238499423
HDOK,PLOK,17472,21,21,-129,-13,11,2,33,-118.49850486534173,-116.2740724460326,-115.95059585285327,-117.25237287662554,-116.55368833042004,-114.24396549699364,-119.28495465988738,-117.5810965003259,-117.96797171440748,-116.40174911334233,-115.61498403188956,-117.91348360900204,-118.28863091379237,-119.21683460839297,-117.7812541699493,-118.73015673063955,-117.37484004994504,-116.47862785099126,-116.28205124170265,-115.00759660499368,-115.90691275386807,-117.68280037644504,-115.80435412569908,-118.32362502256842,-114.76003797065927,-116.30531948423905,-114.82450388899346,-116.8961069767776,-116.23394494274282,-116.12577052164103,-115.42896187445481,-116.00485852782114,-117.5636188703694,point1,-116.80479536375171,-116.47862785099126,-119.28495465988738,1.6779031421753636,-0.0977200678793285,-0.727307009210044
HDOK,PLOK,17472,21,21,-129,-13,11,2,33,-117.14194973427126,-114.989950921977,-117.31236543684557,-116.6904027033241,-115.86065082533473,-119.67293528301275,-117.01809700022338,-117.37198485671107,-115.19152570402696,-117.47052431535258,-118.25447237374945,-116.81437599054198,-117.2328368260111,-115.4427339801574,-117.00862329252271,-117.94404425031146,-116.9632892925719,-117.46292765383716,-116.42734464698134,-117.3259782926734,-119.14865233032191,-114.32637745842474,-116.09759677083348,-117.52313547982524,-116.9493245567821,-117.01765533345926,-116.80295314005001,-116.45200399709746,-117.26910733806577,-116.74292580016163,-117.6680653643385,-119.20163421568773,-116.37563412878119,point1,-117.00521452406866,-117.01765533345926,-119.67293528301275,1.2415681354422492,-0.06577565341180146,0.9787741420780969
HDOK,PLOK,17472,21,21,-129,-13,11,2,33,-115.63187241265365,-116.75959574531716,-116.96133774975085,-115.49969548480087,-117.34887598128368,-116.02196114253472,-116.78970382200212,-116.33296913535561,-116.34184885067597,-114.70968177197405,-117.25011740506898,-117.6805952659233,-115.14227502104406,-117.51499521712661,-115.64884778453147,-116.75158059096502,-116.95167910988398,-117.6748806633738,-116.05980045550973,-114.40017473653594,-116.61648185586964,-117.2816647264352,-116.73474839130529,-116.81118699595402,-116.66082981174677,-117.34291227797512,-117.35442769184922,-114.65447196569139,-116.83916601917055,-117.42139284549745,-116.21084223260283,-115.50317861277757,-117.07074946537266,point1,-116.48407700722906,-116.75158059096502,-117.6805952659233,0.7920753213471574,0.7964930741744249,-0.20439155887511573
HDOK,PLOK,17472,21,21,-129,-13,11,2,33,-116.32199073337374,-116.07035603235195,-115.89431116949092,-117.82046804674896,-115.39691809616811,-114.96692686557697,-116.93668984261257,-117.73636895289482,-117.05611982936053,-117.5996012741865,-117.74831454091964,-118.04582929885851,-118.08843761644161,-114.71994716345885,-118.73394588284974,-116.87576515116629,-116.26623523666973,-115.89206627998604,-115.75694198457784,-115.48959530509956,-115.0097028616333,-114.98545969374626,-115.53624885766942,-116.57007118130886,-117.19331509656529,-117.00794546014984,-116.52138209545637,-117.36155252097143,-117.03796710832975,-116.10164918543336,-116.88186089702556,-117.00039244674865,-117.92713799657261,point1,-116.62277317286068,-116.87576515116629,-118.73394588284974,1.0670833104073676,0.06836128003021577,-0.8336371083028906
HDOK,PLOK,17472,21,21,-129,-13,11,2,33,-117.74077186114533,-116.13931916157112,-115.20077091937328,-116.16307241468151,-116.3369528689718,-116.78984210651502,-117.26486966830629,-117.30213958006107,-118.05876645284444,-117.17169074407393,-117.18809408492731,-116.98444628019593,-115.77325704179448,-117.64012748622969,-114.01918019274075,-117.44729819655947,-116.92286917315549,-117.15673463400898,-116.52887493563449,-117.21791592366476,-116.9317455073261,-116.59228297696627,-117.7792110705993,-116.63264521563073,-118.31065215194293,-116.01636228336132,-115.79361893662177,-118.35631960304796,-117.59429538601928,-117.45416014787476,-116.09456233822601,-115.34149489986602,-115.35591047662767,point1,-116.76667438547169,-116.9317455073261,-118.35631960304796,0.9178245206878505,0.6935549081413405,0.5838997328177626
HDOK,PLOK,17472,21,21,-129,-13,11,2,33,-118.03113540998828,-113.36768945166125,-116.39735540854264,-118.30642837854593,-118.17306832981691,-118.08115439626914,-116.77116569368937,-119.20381840207918,-117.98407928358432,-116.29472736275542,-115.58006061107362,-117.79392965939097,-115.60040009127799,-117.47921917048397,-118.14733146691695,-116.28478123759477,-115.299174923413,-116.27899173619109,-116.27304815483456,-114.75462050369724,-115.80624285987545,-117.11041989191996,-117.52807275274102,-114.71543067509977,-117.4251958813567,-118.09363600801416,-116.52158710147782,-116.92844977742963,-116.68357809451354,-117.11994028349388,-116.52752325754513,-117.4701182470937,-116.5092736578833,point1,-116.80429236849245,-116.77116569368937,-119.20381840207918,1.48407554927387,0.6122011985737297,0.6148979972447339
HDOK,PLOK,17472,21,21,-129,-13,11,2,33,-116.28486995276651,-116.7473782977083,-117.30369691973483,-115.43171735011452,-116.84738303552162,-118.32608408983725,-115.10321166001121,-117.82672608021694,-115.58229213467929,-113.48704845482384,-117.5047549225167,-117.58913072941755,-115.76342810906219,-116.0982978676315,-115.16054596885692,-117.1165684366563,-116.21608378468538,-117.83645286751397,-117.37485383715739,-116.58100763542166,-115.60292448161931,-116.1301747704832,-116.414174893516,-114.63845251009938,-117.16540122974405,-117.58116442478504,-116.83980952927533,-114.07268274339802,-115.80522891039007,-116.72276650872107,-116.42873472741874,-118.0678295827134,-116.19159566176381,point1,-116.41946885176552,-116.42873472741874,-118.32608408983725,1.2607155034194135,0.5998298098494887,0.21635795154236748
HDOK,PLOK,17472,21,21,-129,-13,11,2,33,-116.41040492637376,-115.12578359907113,-115.50526764624216,-115.88346029418948,-116.00949637539183,-117.34535173435393,-117.84000265095342,-116.34761005692964,-117.05559036594586,-116.51101433011699,-116.72139468645994,-114.6785526168955,-116.66114946276855,-116.01044254853119,-116.62129181346823,-117.49619555021935,-117.00087351705919,-116.42310662761513,-116.1373654801177,-116.50869288404566,-115.63810352330819,-116.55986381581477,-114.92347638792569,-116.53723533863342,-115.16212910320789,-115.55529377162803,-118.65206203101859,-115.90597829673025,-116.27485695858859,-116.92346971826355,-116.87919822410778,-115.17815575999656,-116.39783822237519,point1,-116.32971843388931,-116.41040492637376,-118.65206203101859,0.7106448602924849,-0.3224349752801183,0.6389407996877474
HDOK,PLOK,17472,21,21,-129,-13,11,2,33,-116.43791282959432,-115.21826574584922,-115.87319486486689,-116.78446624730593,-115.75684810673121,-117.68664213173098,-118.20637246552246,-117.88332467530304,-115.54035897821004,-117.15292829049343,-116.46206404911808,-117.53763705529347,-117.27128918390443,-116.44686959831101,-116.802291086498,-116.63351482302602,-117.12744640807044,-116.84031149263518,-116.62690190082489,-116.76038958226826,-116.1420663748057,-116.68075668727334,-115.56686605675931,-117.21820894797034,-117.56246048180462,-115.8918432909092,-117.67240236023086,-115.49977362646861,-117.8658417337933,-115.80063117040386,-116.2901342069154,-118.19012476044159,-117.97842508097808,point1,-116.769956493767,-116.76038958226826,-118.20637246552246,0.699663713782554,0.007353802531365492,-0.9938397544854731
HDOK,PLOK,17472,21,21,-129,-13,11,2,33,-116.80936454214947,-115.76891176325469,-117.41604324670533,-117.93405816439946,-115.61531109096879,-116.19104295185069,-117.73642822967882,-118.49772950692837,-116.77271941700228,-116.66080338265263,-117.11762573841496,-118.64216676311317,-117.81347468755902,-116.34108459922867,-116.5133281971007,-116.95223111053862,-114.47198661689892,-116.24705274022914,-117.8791184245153,-118.00035315102149,-117.18953275989821,-116.74369288971688,-114.30335247080865,-114.98489841278429,-115.63558107390914,-116.56548380181952,-117.14606424384397,-117.67922121333241,-117.869117846929,-117.1775894453476,-117.68105459163935,-117.543592024139,-115.8071242419372,point1,-116.83961028303986,-116.95223111053862,-118.64216676311317,1.1207863760435723,0.6299744921189184,0.03867038796063049
HDOK,PLOK,17472,21,21,-129,-13,11,2,33,-116.72906558205642,-116.33912150285171,-116.79418536285976,-115.17874830482458,-118.4942021198872,-114.22088549685095,-115.19858371078584,-115.79292123536256,-115.34349072302214,-116.49121614975847,-116.81610986211348,-116.65584905276769,-116.5147515063634,-116.85409334591652,-117.02720765754832,-116.976074944377,-117.94766390624036,-114.48927499660142,-116.87414487387433,-116.32531575519745,-115.63145537200833,-116.7699012996233,-115.29069083144897,-117.57726053934874,-117.5998412678719,-114.98744813098213,-117.04047254146815,-115.01534843296142,-118.03486422958079,-117.45346324923598,-115.38738079467382,-117.0833756722542,-117.21557733849728,point1,-116.42878744815802,-116.72906558205642,-118.4942021198872,1.1002560135876822,0.2741247574775158,-0.6171750327645538
HDOK,PLOK,17472,21,21,-129,-13,11,2,33,-116.39384290706032,-116.35811275397569,-116.63280103887804,-116.48985416351111,-114.79670196390467,-117.33777798498153,-116.77248248034932,-117.78054866579107,-118.33677046407459,-118.42873259832372,-114.94341248853847,-116.52828120914931,-117.84650205340235,-115.54685504877587,-115.10351351299373,-115.64475438987022,-116.5171746420067,-114.1927448393143,-116.97352782007523,-117.36537209264658,-116.41528655920924,-116.19200717889014,-117.08236601171397,-118.11902205440771,-116.16904528610597,-117.68384490529644,-116.36619705776508,-116.87847787313758,-116.70142855539575,-116.72946349961057,-114.33719998688,-117.55848494348932,-117.52095241126706,point1,-116.59828907396337,-116.63280103887804,-118.42873259832372,1.1494917225383254,0.48750537697637775,-0.122523883026465
HDOK,PLOK,17472,21,21,-129,-13,11,2,33,-117.20523385929127,-115.25991745959922,-115.22593545934004,-116.99798957593269,-116.58086657874026,-117.98666342382735,-117.78415974584306,-116.49083325304724,-117.40329697358783,-116.30092727534966,-115.5132714637574,-116.42174040490461,-116.47165019220564,-117.83067329211177,-116.12732853015336,-116.06390248714942,-114.53714851542617,-116.5527629251246,-116.31247188137176,-116.0518811304826,-115.38248537738517,-115.83680148188256,-116.39679243230484,-115.71035122982869,-117.24803589305367,-116.28115639156756,-118.195051971146,-115.79081997463177,-117.37900683539112,-116.37920453242982,-115.50325663463609,-115.86893332262905,-115.78644859069935,point1,-116.39021209378278,-116.31247188137176,-118.195051971146,0.7392887515338787,-0.3061372868131848,-0.2874783154058882
HDOK,PLOK,17472,21,21,-129,-13,11,2,33,-119.09303091940227,-116.28254869958543,-115.3152716495103,-117.25810117300354,-115.55491655414947,-114.68167453818728,-116.34211470685966,-118.33015869189842,-115.76795334304406,-116.30972422014683,-115.79859160431495,-117.48373506393881,-116.26406804372407,-116.47246201812874,-118.29992148311214,-116.87188650119926,-116.57935217598776,-116.01802863188522,-117.16524533428186,-116.93286464312499,-115.10233534088654,-116.25349677306501,-116.96165484917793,-117.73349833826252,-117.09938944959487,-114.48549660540294,-117.62526518787467,-116.77487430427655,-116.57861433907458,-117.39503496710438,-116.72754621638086,-116.4956270570018,-116.32068101766734,point1,-116.61742922549259,-116.57861433907458,-119.09303091940227,0.9879502376118162,-0.11998600007475199,0.4494307804507258
HDOK,PLOK,17472,21,21,-129,-13,11,2,33,-116.89639006655933,-114.50001437782537,-115.21823211415082,-116.19119193259867,-117.12254183703052,-116.73236811578022,-116.74821512578502,-117.50786308130638,-114.91125208552685,-116.74799086656415,-117.16708581736708,-116.42148293308503,-115.78172194635235,-116.65836880259802,-114.9710753832298,-116.22721222135749,-115.40817479663124,-117.97558478666839,-115.75400710665826,-117.1340932947147,-114.87262589027897,-115.90217438462878,-115.9444773795271,-118.36077169996707,-117.24288804746472,-115.25230736953296,-115.44020267305731,-117.20274732989448,-117.91523254353098,-117.40735756612092,-115.7126333253729,-116.59415365677273,-116.45590122066994,point1,-116.37510120541238,-116.45590122066994,-118.36077169996707,0.9447499299938511,0.016456748672786247,-0.7519493668866337
HDOK,PLOK,17472,21,21,-129,-13,11,2,33,-116.7743723499221,-116.02812469475748,-117.8344134667394,-118.20791642003763,-116.75369788811312,-116.3120780352708,-116.28660015293772,-115.88887088137368,-116.31080025146713,-115.98030499520056,-116.71411575816813,-117.12337049178818,-116.91919292858917,-116.47398086971296,-115.89770460185755,-117.27221736262356,-116.98435737321296,-117.7495193596018,-116.90103653224213,-115.48040277241086,-115.7309122351103,-115.815089026794,-115.95200593588058,-115.4891186358944,-116.97463299615652,-115.7298176620137,-117.58280816852213,-117.9204479531662,-116.5924942000227,-115.46512204275766,-115.69717302461642,-117.09277198062877,-115.8990731934388,point1,-116.54044073457665,-116.47398086971296,-118.20791642003763,0.5806165318480584,-0.4585430771349161,-0.7400194161988498
HDOK,PLOK,17472,21,21,-129,-13,11,2,33,-117.93588522533256,-118.3239129727016,-116.22456212424672,-116.09703167940239,-116.20853570022321,-116.5654279880056,-115.82784944126534,-115.29814223293734,-116.53455929025118,-116.5148149429235,-114.72807331858066,-116.38368535119929,-116.74407844298243,-118.54257034222654,-117.10698778842249,-115.54104351004146,-116.66390087282548,-117.46911067617536,-116.49559692606752,-116.42169332610527,-116.67343372538147,-116.28177353521424,-117.87457463658858,-118.18817396346059,-116.80872938217611,-116.2917461646923,-117.22842228196883,-115.04173710925356,-117.83826287714484,-116.6743123025255,-115.76695391531543,-116.45718261033659,-115.3620530554324,point1,-116.60953993064865,-116.5148149429235,-118.54257034222654,0.8524573545011923,-0.24460179897190606,-0.19180843789040347
HDOK,PLOK,17472,21,21,-129,-13,11,2,33,-116.57302319228828,-115.12162902689461,-115.46960120390108,-116.51037772833757,-118.54781197967687,-118.14755365790907,-117.67209810152981,-116.23874859698596,-116.4096890916123,-115.24661783569306,-116.80878798847421,-117.60008918919708,-118.10697807405421,-116.75531343726018,-115.91823552290097,-117.50105345368877,-116.59091139429879,-116.07975492466933,-115.49329886813582,-116.39106014005179,-116.39315920332098,-116.22719052843583,-119.24205579271292,-116.64899651903454,-117.5809238166448,-117.17014672367878,-117.89766206763468,-116.38702101621345,-117.20019513175993,-117.39655658961208,-117.29044192443826,-116.35790351817799,-116.45858938090763,point1,-116.8313174430343,-116.59091139429879,-119.24205579271292,0.8766377187195111,-0.41413583615471417,0.10778046346228409
HDOK,PLOK,17472,21,21,-129,-13,11,2,33,-116.097093351123,-114.47361825404325,-116.62381810126666,-116.9692021918375,-117.01707775536042,-116.70160039255639,-116.68755254812298,-114.97993450217706,-116.8647128870979,-114.3658743961902,-117.26615639789274,-118.21194086244566,-116.13564079780338,-115.8383239134908,-117.38002479286573,-117.77237049122245,-115.82785293086687,-117.52116465116595,-116.8817139773862,-116.56451532349713,-117.93737610545595,-117.07310593622886,-116.58349806693234,-116.7267386347101,-117.77114760827978,-116.50306872789427,-116.7825178348807,-117.33612812794341,-116.9739541955319,-116.49520980762867,-116.79219091300749,-115.62058348652077,-117.9218285211684,point1,-116.68780413589681,-116.7825178348807,-118.21194086244566,0.8109137288124177,0.8596956727379748,0.9103443009002645
HDOK,PLOK,17472,21,21,-129,-13,11,2,33,-114.94063996242448,-116.01852490961076,-115.95119980377717,-116.39190621624694,-117.40982979193501,-117.33856418808863,-117.666023184149,-117.20151956571547,-117.34961529283447,-116.89468489310434,-116.1126510142018,-116.79587517702932,-116.7884319744765,-116.69579103573817,-117.25791223687975,-115.1752454982008,-117.15169140405243,-116.7406559043719,-116.10000941796096,-116.57083971574683,-115.65783693396426,-116.9603582929473,-116.55034443404578,-116.11343701562795,-115.22048689974,-115.76323222533475,-116.49461924109369,-117.43914707603246,-116.2215936384853,-115.08930580975031,-114.48259687374478,-116.60274014718559,-114.24791761460638,point1,-116.34530992088189,-116.55034443404578,-117.666023184149,0.7617626928001778,0.7014479050705192,-0.16326951833617454
HDOK,PLOK,17472,21,21,-129,-13,11,2,33,-116.43737660887473,-115.92367213930231,-114.29829050099065,-116.10755603558684,-115.9500885072952,-117.40310250467091,-116.65974087052162,-117.42088577372698,-116.13852348085172,-115.7521305814605,-116.5915260873283,-116.2665685417546,-117.13024820349577,-115.18353698386105,-115.47713452166703,-115.54420298384579,-117.380248019869,-115.8840466709507,-117.2148886064953,-115.84152941415371,-117.22338913812952,-116.87817877059713,-115.12115007044538,-116.978934064334,-116.62585149651605,-116.0260992752488,-116.89191031020145,-117.26415513341219,-116.82835858740256,-115.46571161574099,-117.94366104685554,-115.35079273528581,-119.03971409713854,point1,-116.43161222357607,-116.43737660887473,-119.03971409713854,0.8764864227632568,-0.29326896786239026,0.6751411053067988
HDOK,PLOK,17472,21,21,-129,-13,11,2,33,-116.118681331319,-116.36563244684902,-115.17733510945864,-117.4372360345202,-116.786193456475,-116.2437912449012,-117.24578516856359,-116.96726438015776,-116.71970559892546,-117.17314622471866,-117.14098032529309,-116.21056715046915,-117.75516169204948,-115.87555762696346,-116.81039114639178,-115.86803379143792,-116.31148494215407,-116.45021135348485,-116.0742590111865,-116.18549762746551,-115.71615753317505,-117.02800349965307,-115.60067006674048,-119.31088787169175,-117.9441075578901,-116.86257457744165,-117.94650389687885,-117.93971003458947,-114.7140625473872,-115.85621662435156,-117.19878462416797,-115.03532650222037,-118.88493154166257,point1,-116.69560159214042,-116.71970559892546,-119.31088787169175,1.034446312141367,-0.47298998232747225,0.3882480041644625
HDOK,PLOK,17472,21,21,-129,-13,11,2,33,-117.25691631432711,-116.18336789306973,-117.04671125708565,-116.41355865044282,-116.19229371310097,-116.5044605622763,-116.07817224218789,-117.94405577458609,-117.36079720471484,-115.3094839811404,-116.03115714118229,-116.62166728889844,-116.4820404719456,-117.77207339825208,-117.52468800015092,-117.93124598619627,-115.35135747513945,-115.87404939354582,-116.74976775957145,-116.4422063878462,-117.12436238028099,-116.72894051362006,-115.97687950251347,-116.10545617382344,-115.33111949691032,-117.03247616642277,-116.97091993742693,-115.34699950782722,-115.47122908357339,-118.19164407852608,-117.39380384905054,-116.25489621905504,-115.19246123404609,point1,-116.5512502739011,-116.4820404719456,-118.19164407852608,0.6878418671853532,-0.14142269636459454,-0.8117067715109836
HDOK,PLOK,17472,21,21,-129,-13,11,2,33,-116.85612734966388,-115.87260715860549,-114.82240777455955,-114.85853953663751,-115.68699017837143,-116.78965233313598,-117.4135826942222,-118.37974928186756,-115.23480458653205,-116.7223340761489,-116.62357999732185,-116.52387564690954,-115.89964270967033,-117.36629083147412,-116.27735628067165,-116.30649029099257,-118.2113007455203,-116.16917945740785,-116.82139234814521,-117.72599214647259,-116.10212278102416,-116.56196338790825,-116.70937392060668,-117.11726314312834,-118.27733507125484,-117.19601570966886,-116.57006030422879,-117.55811575618414,-117.66677026311628,-117.25149719366648,-117.3177884522648,-116.49644360231471,-117.81403631618004,point1,-116.76365700987506,-116.7223340761489,-118.37974928186756,0.7888736769727193,0.283306778491547,-0.11823543240191725
HDOK,PLOK,17472,21,21,-129,-13,11,2,33,-119.02859882447571,-116.71819725301036,-115.55184448980621,-114.74020520009677,-118.28726193571751,-116.72641411737392,-119.01046531430705,-116.15903625159503,-115.43656332104773,-117.12797382312012,-116.68842700658935,-117.38859135949437,-115.27718661652668,-116.21509059726377,-116.7356138780835,-116.56247052591911,-115.61138532957493,-116.56793219230731,-117.58882291693236,-116.59818057239292,-116.61501010574366,-115.60895541882986,-116.8423637552814,-117.12496819603786,-116.49650078833582,-117.71399951017878,-117.69414567729993,-117.0380723274374,-116.78540559180176,-115.672521485471,-117.22341506005272,-115.41655510994086,-116.7864457832339,point1,-116.69814001015996,-116.71819725301036,-119.02859882447571,0.9645861360662012,-0.4197807940526589,0.4043152376961454
HDOK,PLOK,17472,21,21,-129,-13,11,2,33,-117.38374998763291,-117.04551653936612,-115.48642979772471,-115.33507968058288,-115.51323145138295,-115.78574633159427,-114.95322288566244,-118.80914901740061,-116.78958936561025,-114.59729786240092,-114.20873562113172,-117.32558697134881,-116.01080735980041,-116.01543797999183,-117.24290707982146,-115.40079123107776,-115.79997750101657,-117.24153784598809,-116.55817869988233,-116.76280357365248,-117.00333896168165,-117.25148079533407,-116.2812586883904,-114.36620956504458,-116.58519775778804,-116.75032490810038,-118.02502592189288,-118.16394561398019,-115.91735059843053,-117.93876475112219,-116.03573955230262,-117.53068094211051,-116.60082228966007,point1,-116.44593688269417,-116.58519775778804,-118.80914901740061,1.2072178962432687,0.11111240742284377,-0.3697936207349941
HDOK,PLOK,17472,21,21,-129,-13,11,2,33,-116.82353176395394,-115.28738887744119,-115.95988611375087,-117.30555007396283,-115.91869564500448,-116.64484395158567,-118.14573715662623,-118.66580491944634,-116.22780030305647,-116.2770165656641,-117.17537667302165,-116.20397067395683,-117.29376993940579,-115.05174622539543,-117.41923341915313,-118.02316354923923,-115.10147164297457,-117.61144453085124,-115.9131729006689,-114.80409352050685,-115.24896681894839,-117.00637568188846,-115.40005161895418,-114.69544431728944,-118.08697921542358,-117.40671787235931,-118.34729280771114,-116.44877285022255,-116.04521152966204,-117.21757627054252,-115.99355942174066,-116.73886218992239,-114.53044878564917,point1,-116.51575629775695,-116.44877285022255,-118.66580491944634,1.2483436506290948,-0.02740428947976235,-0.9026187432213089
HDOK,PLOK,17472,21,21,-129,-13,11,2,33,-116.82401494999405,-114.75788791565934,-116.11671713440639,-118.32047965565677,-116.20337315578797,-116.05145080456083,-119.5308639993433,-116.20979369364545,-116.46926245930446,-117.36316739722447,-116.84509432227112,-115.37652099631372,-117.89995458940813,-116.08060191115055,-116.55744541563594,-115.83273601363618,-117.88620672342917,-117.88777866511639,-115.41470811926797,-116.65544668124083,-116.54299397519895,-116.40804975923308,-118.0256652632616,-115.45998128742929,-117.66725611865263,-116.53838861899781,-115.06473741291883,-118.3072587373779,-118.06504867684492,-116.2597467415274,-117.38164819622098,-116.04556912905515,-115.04180722690995,point1,-116.69974714383883,-116.53838861899781,-119.5308639993433,1.222180353627327,-0.4224073740451396,-0.21423455176851824
HDOK,PLOK,17472,21,21,-129,-13,11,2,33,-117.09885103929182,-115.85168226544396,-115.26108080139821,-118.26480043210175,-116.26549145485961,-115.8017303238605,-117.72556451190022,-116.628146487198,-115.98282729414221,-117.43775917061356,-115.52650308628748,-117.13352192596591,-114.31246361734534,-117.00041236118616,-115.33104931355268,-116.34707753827655,-117.01361555108674,-117.97610253522159,-115.55460060720044,-116.43374190858177,-117.36163956819492,-119.12165249203234,-115.71776261043372,-116.65329949073102,-115.5335018234292,-116.43002919092092,-118.4589451795468,-114.84743969287818,-117.27817239308182,-115.98350362459419,-115.62116751286406,-115.53093840224571,-117.75400084322732,point1,-116.5223962136271,-116.43002919092092,-119.12165249203234,1.2015069609097997,-0.33632926442071986,-0.3207302297302461
HDOK,PLOK,17472,21,21,-129,-13,11,2,33,-117.55923439708036,-115.08753376921537,-116.16221437640068,-116.91623767544118,-116.39235183747215,-116.55068569507415,-116.60852554054104,-117.40978498091225,-115.37791720117427,-116.37276908767431,-116.06039244898348,-117.21118783380979,-116.15441293332778,-117.36389370089853,-115.99929313968903,-115.0929982957532,-118.4162035250272,-114.11520410440673,-117.04701565777044,-117.44181061409593,-117.40782220074259,-117.52938488209098,-116.04393565953585,-117.27471192863604,-116.9298075195412,-115.70278794887349,-116.6082460789649,-116.86487680047613,-116.49569896780504,-116.52007703544919,-116.73711934859492,-115.83781078657435,-115.48751002119798,point1,-116.50846836343119,-116.55068569507415,-118.4162035250272,0.7590531128879827,0.47735513914491656,0.5938741891676793
HDOK,PLOK,17472,21,21,-129,-13,11,2,33,-117.16365357602302,-114.52155611236,-116.76718435589842,-116.26823000294637,-117.1815300096324,-117.0350854783381,-115.91660724989066,-117.68241963718125,-116.97774984157329,-117.30988857035629,-117.1309004933483,-117.31278378820342,-115.50483429575867,-118.03581224729835,-116.6925130810727,-116.73086397014264,-115.9556442613588,-117.15242212434164,-116.34404829306911,-117.64689050872855,-116.8766286165405,-118.19577894717975,-116.93102802488262,-116.79120517315675,-116.59637479910435,-116.38709515936853,-115.83096054295,-115.71594800820061,-115.97946451825244,-117.67713263927209,-117.52148302486408,-116.28784392244879,-116.17420448245836,point1,-116.73623532594549,-116.79120517315675,-118.19577894717975,0.5998479687610335,0.5137888077239199,0.6271508705307589
HDOK,PLOK,17472,21,21,-129,-13,11,2,33,-115.70008649730654,-116.39982865389354,-116.45692333781219,-116.73015054267385,-116.2719277719372,-117.09350696320662,-116.35659269590778,-118.43335217180882,-117.2034447543109,-117.66821151507767,-115.80866040606469,-116.49159327750934,-117.08174683930781,-116.95212445244063,-118.20804521203102,-117.20196748963048,-116.31964143550324,-113.84093983769392,-115.78020046191943,-116.60165572823679,-114.97176438655765,-115.8637514817131,-115.64669234890081,-116.54217247476768,-117.03756257719468,-116.18110276661123,-115.7165794588576,-117.37586029466779,-115.62019561107526,-116.7925906263242,-115.13504028001374,-115.39210340335867,-116.02598499490676,point1,-116.39096971967338,-116.39982865389354,-118.43335217180882,0.8428474975577812,0.19243283111445508,0.9301104752638554
HDOK,PLOK,17472,21,21,-129,-13,11,2,33,-117.80828560739859,-116.93841161989234,-115.67415331100997,-116.62726216167665,-116.97826538251405,-116.46961352476688,-115.95594532297325,-116.84984504555932,-117.95226435604627,-117.13727085820346,-116.44593760917867,-117.05106388901635,-116.51016262997238,-116.41868598300988,-119.19245534363863,-117.23704793696264,-115.89563676436615,-116.42839436315072,-115.8678680325604,-117.32486620618666,-116.27059417259949,-116.25874659651716,-115.39732527057396,-118.9769112767582,-115.74950370371201,-114.56492447247221,-117.08016555794167,-115.99468687654863,-115.17525881724163,-116.72970700117571,-116.96498690707492,-115.52259686505151,-116.55942122764974,point1,-116.60631105131516,-116.51016262997238,-119.19245534363863,0.9179640953782664,-0.6728105882476736,1.3076891595439926
HDOK,PLOK,17472,21,21,-129,-13,11,2,33,-117.36230864352926,-116.21923524440822,-114.41721404670663,-116.28453269025903,-115.4470957011552,-116.671902644109,-118.65424260099739,-118.26437918791736,-116.76646886552899,-115.9770192076928,-115.9047683079825,-115.72365758186254,-115.92282667257754,-115.8304851320816,-117.35141337713502,-116.99165000553442,-118.71159954070434,-117.54703563286907,-117.37282279250618,-115.87597243714337,-117.42835174167816,-119.30074322173326,-116.40351091119616,-115.2731748064774,-117.32781541551299,-116.65126901151552,-117.94818864115561,-117.86615379790071,-116.03489186989556,-117.26410958135563,-119.2291644697749,-116.79813423221184,-116.4938936599028,point1,-116.88836459615182,-116.76646886552899,-119.30074322173326,1.2890711328398525,-0.3041565526734289,-0.1690868279411255
HDOK,PLOK,17472,21,21,-129,-13,11,2,33,-118.68101615512295,-116.67086716818272,-115.40774782555229,-116.24767695211386,-116.76487107675707,-117.97723283783202,-117.12884326664185,-117.47616389334735,-115.53619239000484,-116.9599823612624,-116.41770272662338,-117.40101312731623,-117.4260630950697,-118.20666586308654,-117.5736475124215,-117.37200250873035,-115.78067663533601,-116.00620639207504,-116.01643442715898,-114.83596361957088,-115.4464326483236,-117.201724808966,-116.86744173124846,-117.36996842428941,-117.09305828222278,-116.53407468203598,-115.67660713313003,-116.93117731554244,-116.23339706315319,-117.15658498116449,-115.64602413189824,-118.43060274565643,-117.59429586569519,point1,-116.78995029234945,-116.93117731554244,-118.68101615512295,0.8528155998428253,0.06676643853938774,-0.5320068206374309
HDOK,PLOK,17472,21,21,-129,-13,11,2,33,-119.57330998656049,-116.62266697773961,-116.91214057616156,-115.1474151175498,-118.86186877782981,-117.0359498288943,-116.56819169674192,-116.745953894991,-117.57915729633717,-115.91380100097433,-114.77490283499424,-115.83334018869634,-116.9566902683573,-115.0791910354797,-116.21936739630034,-117.97343921577581,-117.73894425826862,-117.7512464818191,-115.44036483088067,-117.55508186165852,-118.30300285224733,-116.88512537073642,-115.81047297521985,-117.58469284777937,-116.16150934618975,-117.851800161625,-115.82036263432087,-115.65106396970616,-115.56313779575437,-116.27412873528658,-114.35244208774219,-117.8916173022778,-117.25483314975367,point1,-116.71779432589845,-116.745953894991,-119.57330998656049,1.4178838267018428,-0.18233143068503863,-0.28714989215104403
HDOK,PLOK,17472,21,21,-129,-13,11,2,33,-117.51029251605003,-116.39814649303517,-116.72676248667189,-117.22757036795353,-118.55704351599252,-117.41136773733629,-115.69615271262168,-116.18486505721273,-116.36614589951206,-113.89647385552502,-119.91948177710188,-115.28090037378503,-117.01341033750607,-117.14369108882634,-117.25702370797207,-118.08885364121947,-116.28325109549972,-118.29699018733274,-117.50043021910199,-117.01408944604734,-117.08146600522828,-117.32638613933057,-115.67985491882347,-115.95026157952036,-116.16275598507828,-116.98030083820461,-117.6263303595155,-116.23145930210862,-116.49925623724981,-116.69368001018056,-117.81746093056329,-117.04127573646242,-116.79178939376433,point1,-116.8986430288586,-117.01341033750607,-119.91948177710188,1.0999867957873126,-0.031278474387483886,2.3317560267296016
HDOK,PLOK,17472,21,21,-129,-13,11,2,33,-118.45594936833879,-115.8970507126838,-115.76073759959823,-114.9666253907567,-116.91033806210301,-115.55131979095346,-116.06968680445954,-117.05624983013439,-116.5233303411599,-115.96484550066361,-116.05971759649388,-115.56908293699152,-115.56304077338396,-115.84410159109696,-115.3201658847526,-117.00352004106425,-116.02375726598375,-116.58702971622245,-118.10351385792298,-116.46329635268825,-117.50799436393304,-117.21136058588439,-117.68526911684174,-115.77424674009204,-115.65679839146185,-116.5038390013155,-117.1488601548267,-116.46983348272515,-115.42535746479902,-117.61584553098812,-117.33403515022842,-116.45063339770296,-117.01271022273409,point1,-116.46939827336323,-116.46329635268825,-118.45594936833879,0.7174117195082567,-0.43343250791380494,-0.5069542526361741
HDOK,PLOK,17472,21,21,-129,-13,11,2,33,-116.00027115061292,-115.10480882374479,-117.09091559436044,-115.8405650503157,-117.40599397926995,-116.56725093172766,-116.59053074662943,-118.1063957882007,-117.0996032020026,-117.61073798141825,-115.10505467933177,-117.22071393436465,-117.04585700720172,-116.56091777057587,-117.27147928282628,-117.83061486112774,-116.25164959488059,-116.98526450635349,-116.44613427792589,-116.90540388457732,-113.92389270185393,-116.04194323609006,-118.40290250245725,-116.90333978874916,-118.17741925923764,-116.58002638199616,-115.0701282028706,-116.96862773570116,-117.55859779740473,-118.00741027617728,-117.1720789541209,-116.4623848175218,-117.05136429320733,point1,-116.76849330287382,-116.96862773570116,-118.40290250245725,0.9415147296411949,0.853976305107324,1.0846623267490823
HDOK,PLOK,17472,21,21,-129,-13,11,2,33,-117.45773777038119,-116.25855841862206,-115.53197133441749,-115.48167219551274,-117.04559077695879,-117.58102404595476,-117.6726675367055,-116.50922833181279,-117.0539302652292,-117.71489880434794,-116.61587442858645,-116.5329772731105,-117.83399597762269,-115.51672664838539,-116.43860972257728,-114.58116360602791,-117.03100827238755,-116.63931753601348,-116.28147305264095,-115.57314856350668,-115.50165372590148,-117.55881146419881,-117.24508912144036,-117.63134699552572,-115.68428659952671,-116.47722438742974,-118.26516328617772,-118.87066026928113,-116.01988507046754,-118.13281399886598,-117.74524706085299,-117.64692263089594,-117.81905962110034,point1,-116.84696178158984,-117.03100827238755,-118.87066026928113,0.9731307737182696,0.22783679400608547,-0.5691752519737436
HDOK,PLOK,17472,21,21,-129,-13,11,2,33,-118.12914535160569,-115.74465659588421,-115.58746439655872,-114.95746505994516,-117.3673047835547,-114.65981637953838,-117.16053989202973,-116.19983783821037,-115.47702135290378,-115.40840898260873,-117.5124431434039,-116.45427281058771,-116.91215516393464,-115.47728716636799,-115.46148811171079,-116.61859265502021,-115.04745859275816,-116.18706356239169,-115.77332924962501,-116.16640334547671,-115.63695567471869,-116.74827770449133,-117.34747880780237,-115.92667997586068,-115.88806886369622,-116.94678522495705,-116.03501269878026,-115.9580332524524,-117.01471606569048,-115.66182470795917,-118.71963293492621,-117.18833588978548,-117.36506126990446,point1,-116.32542477288307,-116.16640334547671,-118.71963293492621,0.8657723516943138,-0.519144258325995,-0.10527269955921659
HDOK,PLOK,17472,21,21,-129,-13,11,2,33,-117.61717077096044,-116.41683953006307,-117.16058400903194,-116.36187294753961,-115.44560840718253,-117.07427607763456,-117.11565052738649,-116.32306628293772,-115.16669767024537,-117.36999388326272,-114.21184415698828,-116.33913876119686,-116.77340561836523,-116.45497732587354,-115.8536353045073,-115.86308873706366,-118.0119966703156,-117.7319420251528,-117.74080781986888,-117.30657330479056,-115.6136072302676,-115.02367771615697,-115.48510555823653,-115.68800749950897,-116.63782428760167,-114.07722336554298,-117.07834058580075,-116.7362970786239,-117.21772678747368,-116.5752138398962,-115.61302958102264,-116.48013522560206,-117.21311397836942,point1,-116.41752947165061,-116.48013522560206,-118.0119966703156,0.9326765155777546,0.6121063115031469,-0.016610700454383398
HDOK,PLOK,17472,21,21,-129,-13,11,2,33,-116.4945494344758,-116.53153099601329,-114.61111480088996,-116.58029984928353,-114.97762717520222,-115.3181042502951,-116.61726502848823,-116.9403954220631,-116.81026140019455,-117.28181697357545,-117.02406391768908,-118.68243195377097,-117.56371383709066,-115.71460246617607,-116.9635409641969,-116.04200420105158,-115.08824705495336,-118.02744977438303,-116.87212692955946,-117.2163830646999,-115.96736100058692,-116.8809684968334,-116.44253538961976,-118.14868070364659,-117.0373025195233,-115.98418916361389,-118.690487705443,-115.74983421231843,-115.22990035361575,-116.59737985580718,-114.50169046627762,-116.14938406812597,-116.69016255417628,point1,-116.52810321162546,-116.59737985580718,-118.690487705443,1.0669225750433424,-0.07396160886542553,-0.07125066357267773
HDOK,PLOK,17472,21,21,-129,-13,11,2,33,-117.33793997482917,-114.74222702940244,-116.97406305434517,-115.89403383623427,-116.73151802706617,-117.85386918332962,-118.09568355271794,-115.51141566877773,-115.43916249740832,-116.36116316342921,-115.86993147819862,-117.10277608289705,-115.7588623296149,-116.88127050250087,-114.97974626505898,-115.59874857537322,-116.14296574535162,-115.8150377313396,-115.4440579164361,-116.76901109381024,-115.73553994453553,-116.06173983929361,-115.6728819619093,-117.78767289450576,-115.58195004908981,-118.39506912079023,-116.63769876693242,-116.0939804387808,-117.71881709154421,-117.61882938367157,-116.42491253070679,-116.39343992743916,-117.71924934712516,point1,-116.45894742437714,-116.36116316342921,-118.39506912079023,0.8855407043006448,-0.3397029985259884,-0.8270124254439803
HDOK,PLOK,17472,21,21,-129,-13,11,2,33,-118.02616559260767,-115.90116955682197,-116.70179051127845,-117.03316287191957,-117.89404379656922,-115.29541957586454,-117.07415878951716,-118.63069111593451,-117.43982486454729,-116.61960105334734,-115.03617560130468,-115.2757601359993,-115.02856360493476,-116.34310992865598,-117.02061099078297,-118.2727807161491,-117.31946437177184,-117.9153416547992,-116.05571424100904,-117.28365250784968,-116.64212061430881,-118.14139578552343,-117.42157960324053,-117.30486571739317,-116.90841101174263,-116.39682488068055,-117.14084877993072,-118.26253641151446,-116.1311663414755,-114.7425639151978,-115.39750392128708,-118.32339279837755,-115.91447997110274,point1,-116.81499670404358,-117.02061099078297,-118.63069111593451,1.1407580937677666,0.24877296199035048,-0.8755450797375302
HDOK,PLOK,17472,21,21,-129,-13,11,2,33,-116.51156790768778,-115.66622273362047,-115.7466915255876,-117.04375571823967,-116.76826802036673,-116.94795584621741,-118.79764871722126,-117.13587132301562,-116.86787852161031,-116.79641779040435,-117.56967851120356,-116.4170692945299,-116.23231327883626,-116.41078814013532,-117.02531308113925,-116.1198218226474,-116.80295302036507,-116.32012859051339,-116.82715103216451,-116.40951298324225,-116.68111743683333,-116.62488482748483,-116.42222280863578,-116.83551800938162,-117.63824131095565,-119.58623445316914,-117.86209693348985,-115.65186410864514,-114.63173934868246,-115.1911055793002,-115.8768564185208,-115.92405302428989,-116.60902894065079,point1,-116.6652112442057,-116.62488482748483,-119.58623445316914,0.8553104340218463,-0.9065546724038474,2.6388746455301457
HDOK,PLOK,17472,21,21,-129,-13,11,2,33,-116.70255009724491,-115.24369071413507,-115.44267325553207,-116.4666502356276,-116.705564928401,-117.00358410040711,-116.40632727569763,-116.2899307104699,-116.7854931640233,-116.50342338922731,-116.7903024398098,-116.33774873628172,-117.26401409633434,-115.50059243311613,-115.3174929007242,-116.90565189407515,-116.7527555671256,-116.22274165109478,-114.71100270004239,-114.67597742562168,-116.40099463503648,-117.85502825104341,-115.82000275180698,-116.12451219757449,-115.73067635530688,-114.53629902267883,-116.73771566640133,-117.10746754239007,-116.41534623151003,-116.63117522857753,-116.29407992812088,-117.22473735851817,-116.93977241786425,point1,-116.29836288793396,-116.41534623151003,-117.85502825104341,0.6018037548256471,0.6704348810287295,0.1131931392096468
HDOK,PLOK,17472,21,21,-129,-13,11,2,33,-115.21627719945921,-115.15759240789752,-116.2937108145445,-116.68158589425164,-116.79090007410856,-116.7511964451581,-116.89593665888962,-115.63147480714812,-116.21465062917991,-116.96418063880213,-117.16047201695281,-118.01392385708024,-116.64507296080947,-116.64522009833408,-117.00041554508759,-118.52996333368564,-117.57305953300822,-115.60211662773315,-115.63741624034706,-117.63569981790263,-116.06023686190984,-117.63352495275781,-118.29427282780169,-117.56972531196473,-118.21831134006581,-116.9961535381859,-117.35588590304525,-115.56732103529855,-116.2008101374198,-116.64422386678973,-116.19918014135787,-116.95534625449577,-117.97857083565754,point1,-116.80952813961002,-116.79090007410856,-118.52996333368564,0.7906093087978745,-0.0013320882070240422,-0.6806430635613601
HDOK,PLOK,17472,21,21,-129,-13,11,2,33,-117.53025739559376,-114.67430009717094,-116.45219417938455,-114.82726031673168,-115.45062848969998,-114.33952411168951,-118.50507543228662,-117.66921036303026,-114.9239804586302,-116.3923061371923,-116.68689633659541,-117.41833491695222,-116.55905067296104,-115.78549819030141,-117.81119973864611,-116.77023121615946,-117.59199897771369,-116.95663599747597,-116.22310137389844,-116.7794814221247,-115.96817432552233,-116.33410972148778,-117.06743742161288,-115.65990100032289,-116.78749350006592,-116.46805364746994,-118.46704078824077,-116.90457294134478,-117.25974466092258,-114.88678145130879,-117.84618031268857,-117.82190612546145,-117.47202146932064,point1,-116.61486615727294,-116.77023121615946,-118.50507543228662,1.1603138448715544,0.38837604289471434,-0.49397920784167093
HDOK,PLOK,17472,21,21,-129,-13,11,2,33,-117.25927284704271,-115.0626979791792,-116.38642532931566,-116.73759745623641,-116.82570857388409,-115.50652229531326,-116.4412896928489,-116.3729479498979,-116.67175925416117,-116.47152637025806,-116.51756745666314,-117.83878034485541,-116.09335890276012,-116.17352943744314,-116.54638276300271,-115.89452552510988,-116.46045144909161,-115.47949488446889,-117.40439853012043,-118.1891568998342,-116.27143632727643,-115.54297421933386,-116.74989570334365,-116.06086872794222,-116.1014758526967,-117.8507968785482,-117.14131580709363,-115.53112496158825,-117.19888459966216,-116.55117207907922,-116.08351964889721,-116.496032376966,-116.79132491584033,point1,-116.50618836484107,-116.47152637025806,-118.1891568998342,0.4941582598458986,-0.35651599772428627,0.229437767824217
HDOK,PLOK,17472,21,21,-129,-13,11,2,33,-116.25472679167433,-118.26327052213159,-116.4335952094467,-116.31578187607826,-117.49610878536096,-115.78738623718858,-116.4071666187017,-118.22670945825138,-115.1611902465341,-114.43014629848666,-116.6823750330027,-118.79833844548416,-115.93507195286745,-117.03089598763945,-117.59685367913892,-116.25161450894056,-116.90345798014775,-116.52360452916558,-117.39085267280116,-115.98079489769451,-117.56167966945864,-118.01102141292016,-114.78920664189103,-116.01369851231883,-116.68426966583165,-117.32551662881082,-118.63633134365124,-115.28527630643133,-116.96547749458448,-117.5541914679795,-117.6055595015033,-117.77068299148915,-115.90755459390562,point1,-116.78728508974277,-116.68426966583165,-118.79833844548416,1.1304031108528194,0.16899164505450234,-0.40757464590517767
HDOK,PLOK,17472,21,21,-129,-13,11,2,33,-116.03627912724062,-115.5250571501718,-115.84619092362676,-116.83758385115493,-114.77853259525261,-115.51514024022316,-117.70666120065431,-117.83635778841554,-115.31781045122513,-117.90010385745171,-116.77939039886249,-116.40089541164915,-117.7189438212732,-117.47101618500362,-118.28805978444838,-117.22576525756669,-116.10557130143128,-115.13584474341395,-115.83994922655964,-116.82740021710956,-116.13633085688116,-118.45089333119523,-116.71459456520105,-118.14229733995614,-117.96993576168799,-115.90865900004721,-116.02802737733019,-118.17348367459458,-116.57507828454831,-114.24837621605845,-116.54470192214085,-116.3700704110276,-115.94752316727553,point1,-116.61522804365696,-116.54470192214085,-118.45089333119523,1.1580751064396961,0.04011692104514712,-0.733891443715347
HDOK,PLOK,17472,21,21,-129,-13,11,2,33,-117.06790855623385,-116.3423143072099,-116.19490959585899,-118.15739735511038,-116.29147772378296,-115.31932805054821,-117.75235346136249,-116.9539427341319,-118.32960684934943,-115.53807834163466,-117.01207864672519,-115.75788907823251,-116.58492205832675,-117.12899358229173,-114.80305083034403,-115.82197417335553,-116.85954462849247,-114.68839711860127,-117.32629364135013,-116.4028306842336,-117.17126205152364,-116.29816313947444,-116.10309003192204,-117.25286316396188,-116.56495380334455,-116.91068060162041,-116.25146973500593,-115.2971515279577,-116.80465231008363,-117.09760523313419,-115.88913886539912,-117.26462398671092,-116.64693094731258,point1,-116.54199626710995,-116.58492205832675,-118.32960684934943,0.7151192172974349,0.19737203405488213,0.033259327836465236
HDOK,PLOK,17472,21,21,-129,-13,11,2,33,-114.97465300778754,-118.70418713078101,-115.36375182554107,-115.64918920993814,-115.41185962836968,-115.81191973193147,-116.73984369195048,-116.12008780707728,-116.9804031274936,-116.87632585691486,-116.17660446541653,-116.66047855299374,-117.37896696751693,-116.29712918128479,-117.48001803798753,-116.20899702064821,-114.98427610964225,-114.59975641996348,-115.84438595250064,-117.87004273708476,-116.10336074168757,-117.52460061045713,-117.5725835033213,-115.92579001770058,-116.50608843101405,-118.2085229100845,-117.37205111299885,-116.14808295210541,-116.12320304256929,-117.28192624579172,-118.12117293687031,-116.9418447723196,-115.75497228244058,point1,-116.53688109158135,-116.29712918128479,-118.70418713078101,0.9761788213974859,-0.18267274632551467,-0.5228156721746386
HDOK,PLOK,17472,21,21,-129,-13,11,2,33,-115.53473709553356,-114.92128479339038,-116.13358370840989,-116.50870568201897,-115.06551930881774,-115.27656226179595,-117.16977545809908,-117.29192819836824,-115.03246664077975,-116.53893424641446,-115.71528676144074,-115.81661586092343,-114.94348817287381,-114.89084293952786,-116.13739745167393,-115.3745084120731,-116.3929131287337,-116.77470317556643,-115.83781873254324,-115.44052039393333,-115.66706518732005,-118.35405970251472,-116.95437157263844,-116.48406756061044,-116.45921232467505,-115.63534842928225,-114.64311567447159,-116.47501510055035,-115.74714348316456,-116.73247528535208,-116.24696217742867,-116.37920029688044,-116.57016652453487,point1,-116.03472108310125,-116.13358370840989,-118.35405970251472,0.6539769926429297,-0.4897037098903961,0.49063578981473244
HDOK,PLOK,17472,21,21,-129,-13,11,2,33,-115.83555937673479,-116.15718930999603,-115.09610521012722,-117.31938338192994,-117.23771389339755,-116.65840538614908,-117.56594253136667,-118.11965654266643,-115.39009889583222,-116.61440721488273,-116.90042021301912,-116.3451529225717,-115.23742127734846,-116.47207556603416,-116.27357662740422,-117.15104272583415,-115.69796663120505,-115.47194028721596,-115.90875817873531,-115.1298805930841,-115.83735242734446,-115.96907308648713,-117.89909135778319,-116.86195377715275,-117.13913261344038,-116.06507787750392,-115.76171381016248,-116.46235161609701,-116.57313349503801,-117.19885341979511,-116.6330280079463,-116.73264491923575,-117.01503418293812,point1,-116.44639810171088,-116.47207556603416,-118.11965654266643,0.5953330425436233,-0.1147597438822067,-0.5617425496693205
HDOK,PLOK,17472,21,21,-129,-13,11,2,33,-117.8091276331881,-116.13493236545025,-116.57089169012905,-116.6199709599344,-115.96461231177364,-118.00813811943,-117.33363970025053,-117.08604991702185,-117.1418151642976,-117.45238066810964,-116.28033579945512,-116.64314235486684,-116.91641957268735,-116.93861049060119,-117.06259645459446,-117.60219583870793,-115.4293201918561,-117.68286818894926,-116.63867435041976,-115.89938171410336,-117.23619663692445,-118.06475235311765,-117.72485781308556,-116.54344238211624,-115.60867084611832,-116.24268286383011,-117.42179172494436,-117.60255413094862,-117.76592907552106,-116.59745867657917,-114.92251743001498,-117.42830058735414,-117.30803540373911,point1,-116.89946343667029,-117.06259645459446,-118.06475235311765,0.5892219953494211,0.6493058478292943,-0.08957596090557152
HDOK,PLOK,17472,21,21,-129,-13,11,2,33,-117.95270109103785,-115.84946878110836,-117.3580439119453,-117.33282078773831,-117.51000774116123,-114.54262657164271,-116.44641558860832,-115.7874132208179,-117.66527489822244,-116.72041528671018,-115.17559165982969,-116.22383113379439,-114.5138031538397,-116.0053489024825,-116.81968155670396,-116.57568643541578,-116.2572086723855,-119.89265908159015,-115.75555660369939,-117.92247931138712,-118.03057401407514,-117.08931926426655,-115.9472563202519,-117.31972151736781,-116.31190726789025,-117.62605645417318,-116.12653168799538,-117.0148963023412,-117.47742157051896,-116.86053412543018,-116.7906119468404,-117.57510394173067,-116.16274620846275,point1,-116.74665803065044,-116.7906119468404,-119.89265908159015,1.1155630381737949,-0.27354887021405544,1.4156038513778868
HDOK,PLOK,17472,21,21,-129,-13,11,2,33,-115.36639775942513,-114.82389063023078,-115.9274738268877,-114.6836405619778,-117.08418340369667,-117.18504361440327,-116.23965158381803,-115.6184566794787,-115.76554804643511,-114.37794971548817,-116.63009267196357,-114.14331195089603,-115.19440675910373,-118.65801430008321,-117.03465013378569,-117.55643020435481,-116.5598902463925,-118.71751329590246,-117.17610628068296,-119.21262631264896,-115.81319362376728,-115.64305378229992,-117.26037943720789,-115.86578590615657,-115.56808757978962,-118.38382720418232,-115.95754655651574,-116.0738419036765,-116.51637953630572,-116.61120612247431,-115.74659308536958,-115.7243454738253,-117.36454085503614,point1,-116.3783048195231,-116.0738419036765,-119.21262631264896,1.4851615463372143,-0.4798376451465118,-0.05227920092776239
HDOK,PLOK,17472,21,21,-129,-13,11,2,33,-117.39080636519454,-116.44604725174314,-118.26414965743818,-116.95640859620899,-118.13576954483378,-116.57639977685551,-117.0796469796524,-116.15408650595559,-115.23710305796645,-116.04582487040524,-115.34630094378095,-117.5708824384983,-117.23818239756213,-115.98619291939643,-116.73601777329351,-117.34287078516442,-117.58693729842106,-117.5424107300055,-117.66797352769095,-118.10004486503759,-114.55452140825453,-116.0979177719845,-115.5891384236083,-115.28613089393322,-115.49557327174573,-116.9169173571502,-116.51797002958737,-117.32225478457777,-114.73599901133247,-117.06360308881649,-116.8372049814407,-117.05510388886826,-116.27041399415158,point1,-116.6408122785017,-116.8372049814407,-118.26414965743818,0.9290607863362611,0.3945043360837875,-0.576089386724254
HDOK,PLOK,17472,21,21,-129,-13,11,2,33,-118.34881366496086,-116.13442598398468,-115.89601264158894,-116.61387705515335,-117.34128288688056,-117.08236462009715,-116.10778296407514,-118.11726341537995,-116.70305253691461,-116.64307804593359,-117.29215387587034,-115.79094305289792,-115.38660673641212,-116.26563282969701,-117.70271502896361,-118.51346345652027,-115.57738059004035,-113.90858594353597,-116.44241415862065,-116.34123129320585,-115.58946773428933,-113.84389422545522,-117.48689680513759,-116.80121714035505,-118.56285092688262,-116.2466448089006,-117.18161180723801,-117.25688738707936,-116.59243062959177,-115.35328522548527,-118.05303244069647,-117.15435154858376,-116.84015223513335,point1,-116.64156980895643,-116.64307804593359,-118.56285092688262,1.2500504827538301,0.512851698029109,0.5869725062681437
HDOK,PLOK,17472,21,21,-129,-13,11,2,33,-117.19067568997067,-115.44828350581881,-115.79423821946996,-116.3659391297106,-116.33382289371853,-114.92875619791712,-118.07670073045757,-118.97490979737262,-115.63759985169484,-115.5492548992655,-117.66358794869907,-116.6853874046164,-114.82804272949606,-116.15912577444628,-116.45997629261471,-119.49266773566849,-115.79309437250802,-116.89408170966274,-115.40151727230992,-115.7975188998288,-116.36807882911774,-117.9742878429737,-115.1453145350402,-117.54059879442289,-118.15920115266175,-115.30062207741257,-117.14060173336266,-115.98863293262247,-116.68969462279301,-118.05050841889047,-115.60157225736289,-114.96886350559659,-117.59085965621637,point1,-116.5452732549612,-116.3659391297106,-119.49266773566849,1.4288917826878273,-0.6200051854369942,-0.3412634316688026
HDOK,PLOK,17472,21,21,-129,-13,11,2,33,-118.08746566848045,-114.70874658224555,-117.96003366283459,-114.481517598516,-115.97710024182832,-117.83603777042615,-116.67799172900034,-117.31832467853992,-116.52494369318136,-118.57912455500451,-114.29992825448265,-116.08126928569169,-117.74264242472103,-116.30510208212424,-118.78325886514206,-117.09942789013476,-114.83720735638182,-116.10505531196887,-116.76445235204156,-118.41213926000114,-118.50421877914998,-118.4001162165328,-116.12413728685502,-116.29027706299782,-115.57665812575968,-115.89141367289103,-116.56891048883082,-115.43535855568457,-117.07009714434585,-116.57573258528905,-117.82188754407407,-117.77909035901898,-116.69196528136901,point1,-116.76701916259229,-116.67799172900034,-118.78325886514206,1.4971853727039015,0.21498146002578247,-0.717440083630557
HDOK,PLOK,17472,21,21,-129,-13,11,2,33,-116.43712524798825,-114.64698114022629,-116.86641983788772,-116.31249972955852,-117.70874008009481,-118.82765559409565,-115.91735969613526,-117.3401601542762,-116.15976362339943,-117.88765783077085,-117.27611607603906,-115.24622362026739,-117.42270985836112,-116.04303792831273,-116.16381813869587,-114.82118906466923,-116.19230605179082,-116.59842069720993,-116.06239848708968,-116.51289331071104,-115.36502498796447,-117.66558588865004,-115.53329916032402,-116.39164188397089,-117.35558893652419,-114.79816322523833,-116.19740397212425,-114.76262000894017,-116.30130033572486,-116.82404205261749,-116.74740343315202,-116.94114746731161,-116.03951168679258,point1,-116.4050366426338,-116.31249972955852,-118.82765559409565,0.9297227212633936,-0.13574275199837507,0.041478028089214636
HDOK,PLOK,17472,21,21,-129,-13,11,2,33,-116.34805996705622,-116.07836874993421,-113.82108842193892,-117.77233482581967,-116.90026698960742,-117.22588250892925,-116.37741955018748,-117.51852088656437,-117.11363949790237,-115.36771107623221,-117.27105392461637,-116.17404261790325,-115.65748061146338,-116.59988931840263,-115.70502627539345,-117.16278636567023,-116.56565123533372,-117.75612331403075,-115.10451082327054,-116.47642588112701,-114.72876009755885,-117.60030057358436,-116.74820329137887,-117.86501122341473,-115.08950563161542,-114.99572075587628,-117.37974096408226,-118.77138586699317,-113.85672366190109,-115.07371689033793,-115.95425931871469,-117.88250500759226,-117.83298778790109,point1,-116.44773042158587,-116.56565123533372,-118.77138586699317,1.4482341592213825,0.4115985398110662,-0.4214638246277569
HDOK,PLOK,17472,21,21,-129,-13,11,2,33,-115.81739848801308,-115.96398786690762,-117.09245309256372,-116.66675211595863,-116.84027801867065,-115.79618238466695,-117.67188419823356,-117.04614756846395,-115.0425920450204,-116.58005641198541,-115.87061963076931,-117.19300888748857,-117.56326072932457,-118.76264221399754,-116.38430111862596,-118.15657245777984,-116.29213972605766,-116.07897077283002,-115.95827182678028,-117.95948224644225,-116.56148405420109,-115.75558221999444,-116.52632201271237,-116.48449845207668,-117.61195101477762,-115.50498079124999,-115.72003230695105,-118.33206975724887,-115.42712078754727,-115.71827172688421,-116.01278805882043,-116.65696323704907,-116.8821289866698,point1,-116.60397561232617,-116.52632201271237,-118.76264221399754,0.8071815268751755,-0.6100015013756475,-0.2596019467308772
HDOK,PLOK,17472,21,21,-129,-13,11,2,33,-117.71577092279364,-116.53700920232595,-115.49965417531396,-116.05177941881513,-118.13278125786763,-117.44671378297984,-117.76121011553204,-116.63474088489708,-117.0539890674793,-116.6013217467629,-115.14902883508684,-116.73031197099772,-116.27174299629107,-116.99561818539208,-116.50731574969915,-117.58796887076785,-116.91969874020772,-113.96641256390322,-116.29065825283449,-117.00637890980143,-116.89897063121529,-117.18336157909127,-117.9427184423547,-116.37990245693705,-117.09680583297168,-116.83692636675765,-117.43542165741528,-115.8908123638272,-116.49902939485159,-115.90021840774025,-118.31552884326028,-116.25048220011033,-117.63995770520648,point1,-116.76152247065116,-116.83692636675765,-118.31552884326028,0.7764501704813488,0.8482091144487058,1.7898175468356263
HDOK,PLOK,17472,21,21,-129,-13,11,2,33,-115.4362326645999,-116.54706901230777,-117.48406254549786,-115.7140558961804,-116.72043614775268,-116.83506034347211,-115.32258367780896,-117.26448468139031,-117.05798380265308,-117.04697804287771,-115.35621457688411,-117.44359117646061,-114.2276122044563,-117.74341955629733,-116.09150334325712,-118.78654233883371,-116.49062319919884,-116.55481993753216,-116.03188342198673,-117.57832214620656,-115.42650774522771,-117.52518042281808,-117.34957735996552,-116.47193383933393,-116.44685427611319,-117.61622758198186,-116.75496090994436,-116.93105245256383,-116.94779689401419,-116.98511342029404,-116.84866403226147,-115.64309644475809,-116.12264841925136,point1,-116.630396742854,-116.75496090994436,-118.78654233883371,0.8014902538838372,0.34890856923726304,0.670442251612652
HDOK,PLOK,17472,21,21,-129,-13,11,2,33,-118.51756916816849,-115.18258272964164,-115.10108118068312,-116.3142580776235,-117.33054393326243,-116.18855740933121,-118.14484487813642,-115.22097053921301,-116.92842766309982,-116.8077977519131,-118.04694699285604,-118.05346453858745,-116.30222710775033,-115.16584791611439,-118.8292983530353,-116.46513591273526,-115.53167821055212,-115.58505085094104,-115.88673456644005,-117.13960545921543,-115.3578556941873,-116.06551944490099,-116.29085690704377,-116.84291404875312,-116.82502381312366,-117.10142095606219,-115.65949261302993,-115.12166531761181,-117.13649946812234,-117.3912523242804,-115.3336449885515,-116.09175360124615,-117.31355304557697,point1,-116.52345683217546,-116.3142580776235,-118.8292983530353,1.0883267646654011,-0.421749389248608,-0.6823550689394797
HDOK,PLOK,17472,21,21,-129,-13,11,2,33,-116.70732772666695,-115.7805871680581,-116.34130966073045,-116.99099813242438,-116.0494520332044,-117.61446513390914,-116.1446679203315,-116.29714083680226,-117.65329202904711,-116.77558606000868,-116.4953945410906,-115.63830304811404,-118.32848911833581,-117.08583993998694,-116.62959316830329,-117.04649659357752,-116.5434867809902,-117.36523130635773,-116.61378005246371,-118.13618708221198,-116.0409399871219,-117.31277571312906,-117.29212970639718,-116.57578105666417,-116.53774291066075,-117.05628784883963,-116.48852640116833,-119.4458991848777,-115.38031437243531,-115.81275132577758,-116.49083899184212,-117.07830720345437,-118.31140436754848,point1,-116.85034325462217,-116.62959316830329,-119.4458991848777,0.721684451386031,-0.9351590800640824,1.3931593341677444
HDOK,PLOK,17472,21,21,-129,-13,11,2,33,-117.66489867873405,-115.69803176857712,-115.74960398333141,-117.32753652038822,-117.01121624168769,-116.26766018349953,-114.90957736045887,-117.07051524178861,-115.32350602539884,-116.53273334226196,-115.13533084327021,-117.16561929140624,-117.83128910791412,-116.41845581066713,-115.87089714413474,-118.07194031612117,-115.81497762556283,-116.59673065583019,-116.85649763677084,-117.62798937879168,-116.85746095043194,-118.85451601558971,-115.26207410962394,-116.69994181218793,-118.34570243484714,-115.4276080786661,-115.93337160390155,-115.72198008188421,-116.56829866150878,-115.54451756397462,-116.6168181912356,-115.7878940552757,-115.51143615425111,point1,-116.4871705112113,-116.53273334226196,-118.85451601558971,0.9627231645216998,-0.5181574040839834,-0.4055163523008618
HDOK,PLOK,17472,21,21,-129,-13,11,2,33,-117.65834009823674,-118.27134561967642,-113.9319126190012,-116.46550452019648,-115.64164766959568,-116.01553429763153,-116.50687266141773,-117.59065418960738,-116.01633422883697,-115.11052384759414,-116.2821650462079,-117.22298342018885,-117.21089767638635,-116.1510488633239,-115.6023630847492,-116.88700939914652,-115.72554604583611,-116.27740051853041,-117.4537925308504,-117.96142006745991,-115.02039669556332,-115.833917429084,-116.42679634610822,-116.67381138454175,-117.31855018037751,-116.72548183750781,-117.73837453988547,-115.65239172934105,-116.3071134351263,-117.5690182426099,-115.66204377312422,-118.25503437720634,-117.64715044185422,point1,-116.57010232778195,-116.46550452019648,-118.27134561967642,1.0001931329279223,0.3057454448592847,-0.07985815539257546
HDOK,PLOK,17472,21,21,-129,-13,11,2,33,-117.12966466741952,-115.61154665154643,-116.82749987721395,-116.93313507494952,-116.31972536476175,-116.78293330988002,-114.20205230462572,-115.39443510369743,-117.25768837351288,-116.93162528929444,-117.18144063559421,-117.72853237942033,-116.16501377659269,-114.74830104517173,-117.23651345255094,-116.49260495451203,-114.90576624973771,-118.01674634995261,-117.17080521722286,-114.60331536093638,-115.28805034651496,-117.68414995964898,-115.32911515791001,-117.7691509992936,-117.24738380410052,-117.34703111056997,-115.44675180226906,-117.24346145502271,-117.0943345040224,-118.39591644214966,-116.11517555580329,-116.52009862715983,-117.1601147768899,point1,-116.55394181757418,-116.93162528929444,-118.39591644214966,1.1112001052048446,0.577949213815638,-0.550872264217209
HDOK,PLOK,17472,21,21,-129,-13,11,2,33,-118.81099221104768,-116.05053585671422,-116.69880600243782,-115.72984099887954,-115.28855346493853,-117.35490067724336,-117.63978636535776,-117.60964116275622,-116.88589786269154,-115.47114666454223,-117.97443927365651,-116.58041800857936,-116.21101852860761,-116.29082713600565,-117.5739991092208,-116.80653998890675,-117.3380172599871,-116.84707212545867,-115.76917730185313,-115.14066951659214,-116.16384117957713,-116.4145257806882,-115.22592822553034,-117.63193066110269,-115.99617460714576,-116.46088373041397,-116.77282393922545,-115.12413210256086,-116.28051334460024,-115.86358104083186,-115.39206651340861,-116.79239627142458,-115.29346162388569,point1,-116.46922844048096,-116.4145257806882,-118.81099221104768,0.827570043116919,-0.4399549932965757,-0.24380139058061845
HDOK,PLOK,17472,21,21,-129,-13,11,2,33,-115.7186304562745,-116.36673663942507,-114.5993694645072,-115.93794372379746,-116.77980823996165,-116.07338242891942,-114.96854245191821,-117.4360826927197,-116.73197976241488,-115.15567595286235,-116.94675474808366,-115.51552889514363,-116.50062120341227,-115.2511908092024,-116.57491847720743,-116.9357979995178,-114.60773472372823,-117.23027400673517,-115.54323039086381,-116.89633290488486,-117.10736312918617,-116.38268979169193,-116.14810267552872,-116.90125459018587,-115.37922008022144,-116.07601117749535,-116.25355099862928,-116.91874981717767,-117.39400296033601,-117.55026855518709,-118.42064514101456,-116.0427611624579,-116.84577695663708,point1,-116.33911918204025,-116.38268979169193,-118.42064514101456,0.7701513346255865,0.1208224135546226,-0.18117323674444918
HDOK,PLOK,17472,22,22,-129,-13,11,2,33,-116.15527545668324,-116.70825901923982,-117.44631247416592,-117.10895623654473,-116.06204216492415,-115.70301859117455,-117.23106657343716,-116.2643638300472,-117.16455999439309,-116.72792130724905,-116.01297845110624,-117.51194095897948,-116.20408764028733,-117.27745950701342,-116.821276913463,-116.62242468358316,-117.01387837246938,-115.50223731445983,-116.38776422593605,-116.7656604395004,-115.15380229119856,-117.21922820063764,-116.95017081773074,-116.22553513128845,-115.72977360727734,-117.05479847047134,-118.14633003847372,-115.94794371801117,-116.11019448963462,-118.00272808196792,-116.32481602745723,-117.06124692310851,-117.59215572350654,point1,-116.6730365962249,-116.72792130724905,-118.14633003847372,0.4920484582858692,0.008044024093492863,-0.4214842037228035
HDOK,PLOK,17472,22,22,-129,-13,11,2,33,-116.9446400924084,-117.85142527290502,-117.35653243714965,-117.64781872549912,-116.76116490869347,-115.37671213158018,-115.20015603304967,-117.91276648282188,-117.48948274888222,-116.85250950832302,-116.26804099081353,-116.22467968921384,-117.72017747282871,-117.27341050458382,-117.9736357026726,-115.03287384298959,-117.11531707653853,-118.68836427035929,-114.61575676236438,-117.27052161446338,-117.05915519845259,-117.22023338962822,-117.3601235657578,-115.481176454882,-116.4913867677027,-116.88281464453011,-116.5219185794095,-117.68749369727188,-118.00624464946956,-118.46534034952721,-117.6422841007839,-117.63633458587881,-117.09789556412937,point1,-117.00389053986558,-117.22023338962822,-118.68836427035929,0.9369319443828462,0.8133470413655648,0.25724314880232413
HDOK,PLOK,17472,22,22,-129,-13,11,2,33,-117.52715505422475,-118.24596127804178,-117.3675126800899,-116.96213750076402,-116.8519175241098,-117.20593733572618,-117.42547414390786,-116.31080766181097,-117.01339530100206,-116.74167508082844,-116.75086903098364,-116.59714468726932,-117.99936553618303,-117.28418453526703,-117.5623745729504,-118.1339127654063,-117.0156168147258,-114.84862117338864,-115.7924077664479,-117.40713137787463,-115.24018097519264,-117.27117701280967,-116.95072332697377,-115.35994356870452,-116.92086972005828,-115.87973859463253,-118.4060550189418,-118.78653608813076,-116.72803666855017,-118.21160426079861,-117.28898055390974,-115.79893626028009,-115.82515683922449,point1,-116.96095577906696,-117.01339530100206,-118.78653608813076,0.866766181021243,0.32248075242422003,-0.1771010872541443
HDOK,PLOK,17472,22,22,-129,-13,11,2,33,-117.04622009462388,-118.62552738958007,-117.7118601477111,-117.24161813325001,-116.15090123080736,-117.99018755244224,-117.98506130931912,-118.89383588700346,-117.42794548591017,-117.44870297058225,-118.17729317903705,-118.02637070912296,-118.12108485320262,-115.8811459108052,-117.41297305429505,-116.38705205378105,-116.45535144049148,-116.26962496071546,-117.09370713331164,-116.22043943937642,-116.02949029171978,-115.77652922231088,-113.60498391362819,-116.37085819893107,-117.66408956146708,-116.52878040500156,-116.41297614630768,-118.10061156717563,-116.41428113635737,-115.6389538784571,-116.87869357661724,-116.78298219029419,-117.62897732096499,point1,-116.98179122256366,-117.04622009462388,-118.89383588700346,1.0913683684318558,0.7478311978725445,1.7369903999789789
HDOK,PLOK,17472,22,22,-129,-13,11,2,33,-116.51808900436872,-117.82556789254939,-115.33885011579208,-117.74759332391488,-118.96375717102244,-117.63733177920639,-117.70339469511174,-116.8944900147379,-115.76772774783238,-118.97329206047331,-115.99399584876468,-117.09183520863162,-115.43501885840998,-116.83523095615043,-115.76754073363458,-116.52411839719181,-117.44696998651844,-117.37813237577255,-116.64543334689465,-117.52142578441209,-116.54924260932384,-116.13399622004246,-115.56876051354989,-118.1466154313266,-117.74387211940758,-116.94545952591967,-116.95251663223888,-115.58887711887745,-118.16084798955355,-116.58013692403267,-116.33623004083157,-115.51074469041768,-117.58915433878587,point1,-116.9035227107787,-116.8944900147379,-118.97329206047331,0.9540585479686712,-0.2167782356746967,-0.6041469090587532
HDOK,PLOK,17472,22,22,-129,-13,11,2,33,-117.97863750514206,-116.74068882230816,-118.08703186167496,-117.66385227687468,-117.09470739660564,-117.86353034484974,-117.72748106655615,-117.16359034099509,-117.28643349213519,-117.18897406787734,-116.775031265746,-118.51714504814079,-116.55433960235094,-116.51199638318847,-115.46850530868896,-118.90507074741322,-116.4540992489336,-118.34874421833776,-116.92915987866147,-114.49693640828019,-117.51899416415988,-118.75873105506145,-117.73975574455585,-114.93953723610011,-116.97430294091409,-118.74006649640337,-119.08526064779689,-115.23444151863167,-118.49599951132514,-116.1088115134019,-117.18338769086199,-115.87845074769254,-116.4269828728351,point1,-117.17699022498489,-117.18338769086199,-119.08526064779689,1.3180189108692053,0.40712438502675125,-0.2688698317583067
HDOK,PLOK,17472,22,22,-129,-13,11,2,33,-117.84852388631161,-118.44664527229241,-116.55631595214578,-116.7437425604238,-115.22966420035021,-117.21544245145733,-116.40305551856291,-116.7583561876129,-116.4308069843839,-116.52571578158673,-115.15288386667751,-117.20330042663429,-117.62363929022386,-116.845821456566,-116.2817180826184,-115.89875894950332,-116.72247522072362,-117.92915527188421,-115.87548531134702,-118.73668758318996,-116.63662315836008,-116.64182352021662,-115.34790623310695,-117.27394417000396,-115.44743290814688,-117.26067546201956,-116.56713475671171,-116.65160873664368,-118.25357446965364,-117.42356644140385,-116.37876801646789,-117.90255914314943,-115.80588333563236,point1,-116.78847559412159,-116.65160873664368,-118.73668758318996,0.8117492063295534,-0.17516564101877974,-0.35030148317433296
HDOK,PLOK,17472,22,22,-129,-13,11,2,33,-116.44661485898791,-118.10674193538601,-117.26855830295257,-116.46282995220236,-117.12334002796379,-116.4263354245311,-116.49125745538713,-116.28948177525791,-117.69359286539103,-117.76664245906079,-115.93228582889184,-116.60161101276691,-115.86094719025942,-117.95794646518104,-116.30190465658586,-116.02438786810593,-114.97673094952691,-117.93550704928155,-116.08452731554542,-116.99595629852593,-118.14242620583349,-116.27399658506103,-117.92290407103118,-117.37127791557548,-116.71650970664903,-116.8469826584113,-117.26956316855401,-116.1572642029888,-115.82086692520367,-116.50749512497067,-118.1053165632823,-117.15529898016138,-117.02706259869228,point1,-116.85042922418805,-116.71650970664903,-118.14242620583349,0.6266104042714462,-0.006598306541888947,-0.602977993350652
HDOK,PLOK,17472,22,22,-129,-13,11,2,33,-115.04395696900224,-119.51637894644784,-118.88612286691219,-114.92655508775653,-116.99740829908268,-117.08216004311984,-119.5992085109126,-118.18210886851178,-117.40478456214737,-118.36202305392058,-118.2107130341268,-115.5272351504113,-115.8827010457601,-116.10285157825473,-117.84073611873647,-116.73330502352793,-117.78247970018259,-117.4826395883849,-115.9222669967777,-114.40774389786232,-116.97539424578137,-115.73767091700023,-116.76509279375966,-118.35686834794564,-116.02366172432271,-115.38784385251294,-118.09913635486893,-117.53804286805978,-117.34182213840894,-116.81345973783085,-116.16227111460188,-118.59325845949571,-115.87482300920608,point1,-117.01705226986768,-116.99740829908268,-119.5992085109126,1.7143943084115005,-0.042704726177424907,-0.6879573278263917
HDOK,PLOK,17472,22,22,-129,-13,11,2,33,-116.5896384386839,-117.96358078791563,-117.0735652561156,-117.9323098510275,-118.11082626735741,-115.46343367097748,-118.39858344847804,-116.68938730060822,-118.14973777614257,-117.09441415113457,-118.04191412648409,-117.46746975209012,-115.82633990068517,-119.36995507192505,-117.79687506528929,-115.27385817332247,-118.07501740386792,-117.16189109429246,-118.10099187422335,-115.74144335821474,-116.49350437811691,-117.0692376992377,-116.48990707723536,-115.29167351436821,-117.8562097225837,-116.5283834337617,-115.63310678582891,-115.76478154206366,-115.91529964161077,-117.75587599376934,-116.98899777281811,-116.2299049703607,-116.54174861350545,point1,-116.99635951254837,-117.0692376992377,-119.36995507192505,1.0660879166705453,-0.06658198998126257,-0.7833313907963539
HDOK,PLOK,17472,22,22,-129,-13,11,2,33,-116.14166802324668,-119.98079233337145,-117.61273557814084,-117.16205303413564,-117.1552312207986,-117.05813682747718,-117.05840054561094,-118.7855302414626,-117.88587124556578,-115.74922109686482,-116.7452827333535,-115.94683671458132,-117.11480576246134,-116.69380180387824,-116.60795210815675,-117.13225601590166,-114.58483717069034,-116.80501983955229,-114.85083962028834,-116.91949146988598,-115.92444745308669,-117.54393666666046,-116.08237961511152,-115.21004900004017,-117.01453936896716,-116.04002358660998,-118.17791995645021,-117.7156282599223,-115.78199698173896,-117.62006106923172,-115.90712694032803,-117.43359117735352,-118.11690351813417,point1,-116.8654353630018,-117.01453936896716,-119.98079233337145,1.204868730368273,-0.32394923957671823,0.9268073199055569
HDOK,PLOK,17472,22,22,-129,-13,11,2,33,-116.30640035640776,-117.40907289221394,-116.96370718042554,-118.77922734933283,-116.83746955144579,-116.17843754765235,-115.69960182504386,-116.87390989716172,-116.06170106944377,-115.48986107830788,-117.07527422443383,-116.46590907759318,-117.94072448513141,-116.96018830197498,-117.46112121892605,-116.64549110540268,-116.03138185579947,-116.82394148798481,-116.33684540366475,-116.64330361338733,-116.17477588459728,-116.01242307543156,-115.92527939279927,-115.76130234357333,-114.94102142584165,-116.58860755521846,-115.60003314250619,-117.14663240736844,-116.32189383373783,-117.277505593714,-117.68680633801235,-117.7339560378383,-116.90680308559811,point1,-116.63820029205972,-116.64330361338733,-118.77922734933283,0.6184430775638456,-0.37596768541517356,0.49722147467845934
HDOK,PLOK,17472,22,22,-129,-13,11,2,33,-116.8682477486837,-119.26103517876122,-118.7135688530642,-117.75725308163278,-114.79182698789093,-117.83031156125686,-117.28260062218725,-116.74410694123745,-117.5153975981247,-116.44732025200935,-115.99761902674523,-118.11899043275479,-116.20108260575583,-115.04173722507153,-116.37704311825837,-117.1114413951042,-116.0277064329136,-117.65067138351554,-118.88377463670156,-118.80090550321967,-114.58755279886549,-117.36863967533554,-115.46201911666952,-116.31427778104215,-117.07846797918711,-116.69248589094246,-116.91209915520932,-117.89891822840778,-116.00691109651325,-115.77982417095185,-117.97503703841753,-115.74853695369755,-116.8721097402955,point1,-116.91271273364923,-116.8721097402955,-119.26103517876122,1.3538504745594284,-0.029329605733418355,-0.46166542028580837
HDOK,PLOK,17472,22,22,-129,-13,11,2,33,-116.6957213133248,-118.51532353533986,-117.13303171247735,-117.66172412578352,-115.5654796910195,-116.59049568290251,-116.56889135193948,-116.01672505703054,-117.74201925607237,-117.62017084892011,-118.69679379056923,-116.14536382394711,-117.41759320994457,-118.09173081445738,-117.4845983773593,-115.76156157912128,-118.2791050981954,-116.51289102985622,-116.87654856711116,-115.99819839688067,-116.16884171451017,-118.74003373783985,-118.50698052414918,-116.70450710537642,-116.25538317018882,-117.28219284115042,-118.3985426515026,-116.07629064825562,-117.11776900306435,-118.01730337288306,-117.92805142223678,-117.3439284848195,-113.52353051363117,point1,-117.07385825611696,-117.13303171247735,-118.74003373783985,1.219655415277785,0.8076513164248565,1.557253687781039
HDOK,PLOK,17472,22,22,-129,-13,11,2,33,-118.41527810906418,-118.50903549280366,-117.28589061528713,-116.71395843373097,-116.21754891806542,-115.72816366391261,-117.05739154441484,-116.51508280311846,-117.77133354670019,-115.14440243559815,-117.3563038905051,-117.48781297749028,-117.40949928750292,-116.33382593338818,-115.01192496542039,-117.85402782171307,-117.37760885205165,-117.19405451422067,-116.4788997586738,-116.46040976301953,-116.2851897857162,-116.46459184533491,-116.72778727098084,-117.85533318294272,-117.06265999516519,-117.73833512240955,-115.94773302400374,-116.75822396831673,-116.35679476633118,-118.17406887710649,-117.23044356191677,-117.0427398871566,-117.96045862472671,point1,-116.96747918905419,-117.05739154441484,-118.50903549280366,0.7092148865370388,0.3192122997116934,-0.09590259632938114
HDOK,PLOK,17472,22,22,-129,-13,11,2,33,-117.83186964627791,-118.20113040718304,-116.40333879026706,-117.3728873331891,-116.76581314292267,-117.4897236466244,-118.71247277714536,-116.90948789542848,-118.1689132632059,-114.99804181159249,-118.07043877844902,-116.0703625198836,-115.98941926036134,-116.62889873070216,-116.42506049287127,-116.70467566428722,-117.61524943661152,-116.20306846841534,-116.89007066452609,-117.90888551771468,-115.30983011454539,-116.78680637519835,-116.9834788389605,-118.5217777122336,-117.2307761023773,-117.32466261907561,-115.56901894438455,-118.28253790947494,-115.66362993669966,-116.38756030972381,-116.29343244765138,-116.35876002753038,-117.25724164664369,point1,-116.94937337067145,-116.89007066452609,-118.71247277714536,0.8727416810915606,0.01859619920139509,-0.6308843490154219
HDOK,PLOK,17472,22,22,-129,-13,11,2,33,-116.4907556484827,-118.05234818966488,-115.36270352076399,-116.94982769285237,-116.54386266745448,-116.78932540444116,-117.02293602865055,-117.08496034338059,-115.68625295958586,-115.9438264639577,-116.62828453267687,-115.1409014424881,-116.07377379313546,-116.02374694338157,-118.1191143165878,-117.31027039721623,-115.86605964423468,-117.7644172674935,-117.5600105413214,-117.60615625034076,-117.85404553262936,-115.93340271605156,-117.62496652794512,-117.32984496941411,-116.3838470183793,-115.7210510157999,-119.20398764949596,-116.05690174776075,-116.85903152674402,-117.68259656475128,-117.13559032654845,-117.93344849211263,-118.0950907361959,point1,-116.90404057187692,-116.94982769285237,-119.20398764949596,0.8744405112556766,-0.14462171883993907,-0.446900349465138
HDOK,PLOK,17472,22,22,-129,-13,11,2,33,-116.91990654303672,-119.00016049245846,-117.05184058236841,-117.07399447653425,-116.792334947601,-115.90852278678545,-118.41408373863277,-116.3187347121442,-116.1599587898617,-117.63779389298345,-116.38594110096908,-116.26378664821486,-116.01581830763186,-116.67868137123192,-114.6982104794307,-115.51761338771188,-116.49672492983672,-117.34322267405115,-115.33963178799608,-118.13206849332217,-117.46624192780267,-114.62187065892581,-120.65601566229157,-115.66680097227784,-117.88852145873682,-116.95362935760964,-116.97876120728671,-116.95046868454736,-117.61219935304777,-116.90235571711602,-117.17370330869076,-115.23434856745241,-116.89005777556294,point1,-116.82254559982277,-116.90235571711602,-120.65601566229157,1.425400477994282,-0.7912970417741354,2.130535284048262
HDOK,PLOK,17472,22,22,-129,-13,11,2,33,-118.35800003687041,-117.84409449163985,-116.09853737526971,-117.63895187381094,-116.98625235245167,-116.66926054018597,-116.77806837376133,-117.32315994645458,-116.82083059468867,-117.16252998280451,-117.10382990479705,-116.43084397776573,-117.8681642386441,-114.6870381788892,-119.48628460580107,-116.19221935100926,-116.0287511894289,-118.26937792844339,-117.60341801549855,-115.1060860427745,-115.9624003675735,-117.90596387690962,-118.05960159291735,-116.48978990657466,-117.01598258719879,-114.90824144634247,-116.32735254143684,-117.83124620014512,-116.72755417985394,-116.35543171569913,-117.22765778934259,-116.63619875840507,-116.35627473615496,point1,-116.91695135453159,-116.82083059468867,-119.48628460580107,1.0162904632045155,0.00933990456592116,0.5083465645698362
HDOK,PLOK,17472,22,22,-129,-13,11,2,33,-116.28389792550081,-119.67352085509735,-114.38257279404738,-116.8575493567923,-115.97890206564566,-117.4805848694242,-115.02418813558056,-117.38183119672695,-116.63204527289653,-115.23810163871617,-116.50187539666574,-116.83330665614582,-116.76834504714022,-114.29351864060204,-116.71602233451596,-118.73048561004067,-116.10755405564863,-117.40349727834932,-116.27399770725312,-117.54943553338184,-116.160961430343,-116.16879598556632,-117.63635312541756,-118.0118600906121,-118.82321879578582,-117.34165989624954,-116.57094938485567,-117.9380059439926,-118.25329417815459,-117.58690812772566,-115.6737077812058,-116.70100416157332,-116.803462245751,point1,-116.8418610156789,-116.76834504714022,-119.67352085509735,1.3914613527906565,0.005755490926951554,0.3719288921179378
HDOK,PLOK,17472,22,22,-129,-13,11,2,33,-115.73254111632782,-117.97910731761404,-117.96918935347772,-117.37850937907984,-117.38616318632397,-116.68059907401636,-117.70718279544104,-118.19559120297765,-115.75998575699211,-116.91168401928222,-116.51622198579645,-118.24773374463038,-116.43883783342132,-116.60477369811242,-116.47574958504275,-117.0129520909768,-116.54982466277396,-116.60177620438127,-115.20110396661275,-118.32792758833789,-117.84066187667334,-117.41542706799359,-116.37290619145837,-116.72535187386153,-115.57034402954115,-116.06585637068927,-117.55539653035616,-116.78503704639841,-116.5306589280014,-118.50211934379473,-117.74207239068802,-118.2186513616975,-118.24869477268162,point1,-117.06820098016524,-116.91168401928222,-118.50211934379473,0.7820856763641624,0.14498405122804464,-0.9057918769205506
HDOK,PLOK,17472,22,22,-129,-13,11,2,33,-117.81937489395159,-118.48555804892217,-116.4842119128766,-116.09872349287994,-118.16232599878546,-116.29995902752613,-118.48404900379917,-117.44275214547626,-117.89200281020415,-116.72114903690957,-116.15929860274633,-117.65813973355345,-116.44387008045514,-118.02528204918131,-115.88536770570512,-115.12888779507985,-117.3936480852,-115.2928083187219,-116.46780636463956,-116.46953901854411,-115.62089190258496,-115.63007366141933,-117.88343633412505,-117.34355067743347,-118.10711410633994,-116.94168172460536,-118.06175461723282,-116.32575241719147,-116.14825880677297,-116.98825597064422,-117.49456355129301,-116.85235886497371,-117.21576268129951,point1,-116.95236998306285,-116.94168172460536,-118.48555804892217,0.8605851458814886,0.11813809431739487,-0.986878661323499
HDOK,PLOK,17472,22,22,-129,-13,11,2,33,-115.9558866673481,-118.50702852791414,-117.45981270325235,-118.56073281596964,-115.85376918322967,-116.54781367846483,-114.66623658935447,-117.58280683432858,-116.72133619678927,-115.31669811439716,-116.7244320724705,-114.48292972706624,-117.41772493062014,-114.45547336421072,-117.98076860192944,-116.89244911373095,-115.27702317625409,-116.12760329641198,-116.46395486624374,-116.09492130371784,-117.84236785395294,-116.50180419105926,-115.81653670975722,-116.17114421038126,-117.10292445730553,-117.0699549886746,-114.9504959805214,-117.56317093028288,-117.19535118553344,-117.28603504507319,-115.78067071160986,-116.90829953828494,-117.55781666103394,point1,-116.57078709779317,-116.72133619678927,-118.56073281596964,1.1672735994223191,0.2620343609163105,-0.5302575280740363
HDOK,PLOK,17472,22,22,-129,-13,11,2,33,-117.7362584742033,-118.02079420266386,-116.58350094829945,-116.45162279475377,-116.85784479171588,-116.38446709378665,-116.84333613541192,-117.36409731129399,-115.15230841280436,-116.91368066175747,-116.89050664125294,-114.96330391415806,-117.67182831952469,-116.85163544495136,-116.74257198583045,-115.57509521173438,-115.07678954766557,-117.518473593742,-117.48811628074489,-116.89246125034659,-117.47805703142934,-116.80477802468619,-116.99794245724036,-118.39888989590249,-118.63108221978113,-115.978420956862,-116.52425185953155,-117.24316233085226,-116.09955516743165,-116.1553969379578,-116.82413078326312,-118.31115669653511,-117.50950599826713,point1,-116.87681889019336,-116.85784479171588,-118.63108221978113,0.7948343572139741,0.28561388032649726,0.03142754235264489
HDOK,PLOK,17472,22,22,-129,-13,11,2,33,-118.41044306094767,-118.03441099127124,-117.6270866135225,-116.8294481430574,-117.0235087829842,-116.04544572407426,-117.48671228892181,-118.97049449679221,-118.03088148984283,-118.07146724276484,-118.87980200293417,-114.42951737229141,-115.90091792310604,-117.68098639879194,-116.58275677091085,-118.27521544393448,-117.11700683251864,-116.84728845116942,-117.99839360492818,-115.8511302368369,-116.29494517295697,-117.28257804271401,-117.47241455900783,-117.85837336289586,-116.76070210876043,-116.5524761007208,-116.91211952374192,-116.76263990558088,-116.70495936988034,-117.2378524544086,-116.99612037179583,-116.9980553494526,-115.77943767283085,point1,-117.1425935717075,-117.0235087829842,-118.97049449679221,0.8942908463749435,0.4040479093922745,0.7989594055104479
HDOK,PLOK,17472,22,22,-129,-13,11,2,33,-117.13978668864075,-116.34164254130948,-115.03927032050194,-118.43979470599385,-116.57789468910981,-116.23492953858249,-116.92469216413564,-117.00904030492454,-116.39636592208666,-117.91441072208477,-117.96449997620515,-118.17752584103917,-116.65162094995543,-115.98524790114014,-116.54423045780491,-116.61187451246246,-118.21107552957685,-115.28066377049218,-118.44233711057,-117.78274093867171,-117.01170012821343,-117.14561723299214,-116.08835648044628,-117.68555712462806,-116.1445232247633,-116.63992876690224,-116.22471244942294,-118.02583306202325,-117.61644590320532,-118.15006718162905,-118.59532166341485,-117.85593934139759,-116.91350295799813,point1,-117.08385303340376,-117.00904030492454,-118.59532166341485,0.8447109228759455,0.1813646921534288,-0.7125157629628123
HDOK,PLOK,17472,22,22,-129,-13,11,2,33,-115.11053681571894,-119.09204462642835,-118.34640545651885,-116.55201879762431,-116.35852042049359,-116.55426819854102,-115.03031664348885,-117.44802007028844,-118.08575461733915,-116.52826660970513,-117.06358312690658,-117.82335524345756,-115.97840800584922,-115.07993514672616,-116.58938982390977,-116.70549354913082,-116.20626036769335,-117.01614064635436,-117.31381202281304,-117.71945139185009,-117.43601165092264,-116.61244097337031,-115.0305781704945,-117.10100037455899,-117.21969123171107,-117.1813613559569,-115.8604769649031,-116.8006621605941,-116.90808411313695,-115.27656792291886,-117.44194963061923,-119.21695550216388,-116.14250017111341,point1,-116.8130382364637,-116.8006621605941,-119.21695550216388,1.0995556472303962,-0.19202830165839838,0.09026267553739409
HDOK,PLOK,17472,22,22,-129,-13,11,2,33,-116.7328349731126,-117.55236997290666,-116.21843829980097,-119.80916011762363,-117.53872082811068,-116.5422601997391,-117.1491509201423,-115.87183725754083,-116.95008146466117,-115.69921962246609,-115.71526608242206,-116.91143597035797,-117.12299436622267,-116.03724833724554,-117.181591831559,-116.8035272262703,-115.28337215664439,-116.90465813395384,-116.66797515333313,-115.12820427780703,-117.21620751592747,-116.62470730872509,-118.18894192342513,-117.27426749975955,-116.98940361248683,-118.98224936429715,-117.65944517722384,-118.07689813687703,-116.28191130607395,-115.76502719425072,-115.65365935113645,-116.14016191543878,-118.82053903266645,point1,-116.89375050091543,-116.90465813395384,-119.80916011762363,1.1013546571122528,-0.7395997469459449,0.7094078620324855
HDOK,PLOK,17472,22,22,-129,-13,11,2,33,-116.08268671619221,-119.6332941181916,-117.49621686381047,-116.07571883205419,-117.64819683657448,-117.00016723991529,-117.40949951027893,-116.22097339711121,-117.11369141231606,-117.36575262106834,-117.14350500447107,-118.14183594461244,-117.6837549981306,-117.50910453427574,-115.4554840010415,-114.93406298956384,-117.32831743856319,-116.81547171158464,-116.81145961480912,-118.25105043013572,-118.58886095428973,-116.47891616090932,-117.53718897085245,-116.54948150464283,-118.3673436002466,-116.74329377286028,-117.3954761745146,-116.53732609022073,-119.0912391083198,-116.6281974924988,-116.8365396729639,-117.58857387107727,-116.47901778593042,point1,-117.18005149618263,-117.14350500447107,-119.6332941181916,0.9195364785601956,-0.2581241679041468,0.7600589078545492
HDOK,PLOK,17472,22,22,-129,-13,11,2,33,-118.07141900370203,-119.01096313072722,-117.47665613787785,-118.22985850222888,-116.4118106102228,-118.30041878329065,-118.54677555474521,-116.9687453311497,-117.04280559199272,-117.3512402753401,-118.00078880408348,-116.900016255662,-115.63034559644855,-117.74988449330624,-117.68519616492605,-117.08203306916606,-118.2402010102158,-116.30211724598037,-115.89877516888545,-116.11297357339203,-114.87014061917895,-117.38912660810995,-117.22665374242807,-117.72481002188339,-118.98125850566785,-116.68041469331634,-115.50790277553303,-116.13134960345013,-116.30351759910425,-117.7032678139153,-115.78776897411636,-117.8144884858583,-117.27863513647856,point1,-117.16401087522377,-117.27863513647856,-119.01096313072722,1.0307131243557253,0.235364405167025,-0.5346932472147259
HDOK,PLOK,17472,22,22,-129,-13,11,2,33,-117.49046826577988,-118.03762025690511,-115.65921525443504,-116.05086829383814,-116.00553550706385,-117.27703532816973,-117.17036463148476,-116.18257919327209,-115.70740983147363,-117.27708789515961,-116.83366812141149,-117.05367777857127,-117.66430555606098,-117.12018108613088,-117.3700236132636,-117.90183572085353,-116.29759220689122,-117.94972655652032,-116.93715760007264,-116.58334097230764,-115.93833786313596,-116.14623509773072,-116.20396751244299,-116.56343629948418,-115.96496107908484,-116.09180275607086,-115.32371946233759,-116.83523032716846,-118.0140655739612,-116.67347236241272,-117.54172680751412,-117.38173550742023,-115.53668838281605,point1,-116.75106280912865,-116.83366812141149,-118.03762025690511,0.5945328512163977,-0.007710347619656246,-1.1101215557019035
HDOK,PLOK,17472,22,22,-129,-13,11,2,33,-117.39499955490282,-117.83252251842026,-116.6904080786775,-118.37171951330026,-117.81746569524667,-117.88364192901444,-115.74172857072618,-117.9616871388752,-116.0383811824016,-117.14690880279768,-116.00406173718062,-118.6634242986991,-116.90879803923683,-116.29679399100185,-115.19324038147828,-116.55560344015305,-117.83668992186614,-114.67821239150649,-115.83784526348089,-115.40995497581433,-115.9685176725806,-117.09936128211132,-114.81691134728324,-115.86429714242944,-116.0691424471036,-116.38247922999683,-117.24828864292272,-115.83658077154342,-116.9114708081179,-117.48409007308156,-115.03345027542446,-117.63101483754735,-119.67504776077463,point1,-116.73590120350599,-116.6904080786775,-119.67504776077463,1.3508364248595375,-0.2925343081955281,-0.2384757245614466
HDOK,PLOK,17472,22,22,-129,-13,11,2,33,-116.85421752518717,-119.26174024879917,-116.75999945983519,-116.74429706002043,-117.32479107917536,-117.84921458048578,-117.9876995115677,-119.27635230695874,-117.11200177183643,-116.27155894270328,-117.11223901254384,-118.21587364637227,-116.17000850821988,-115.86228107161166,-116.11662472727184,-116.64521340289465,-118.19239840163137,-116.4259110356218,-116.76627196275528,-116.30933278995872,-116.96564654636619,-118.84173990643211,-116.91339156002172,-116.8223982034485,-116.60516409474108,-116.352548533032,-117.51295277376822,-117.68352625323972,-115.32689639939815,-115.81305539544931,-116.8482583902034,-118.09846928760815,-118.52257615958757,point1,-117.13832274390138,-116.85421752518717,-119.27635230695874,0.9488675425240103,-0.5676966235824008,-0.23148886199374408
HDOK,PLOK,17472,22,22,-129,-13,11,2,33,-116.49311414400174,-119.05727629242548,-117.4148954606394,-116.4419608705041,-116.737779000054,-116.46820295260895,-116.61346363577617,-117.43108488025845,-118.08803978337184,-119.1945865367353,-116.3133322930588,-117.65725430570912,-115.61283851315002,-117.56478005329457,-115.41949027034875,-117.2485330247681,-116.27656887355374,-118.12088194494247,-117.29671366310245,-117.34618259890166,-116.34669426456395,-117.12054166834076,-116.02397443622671,-118.26728904622627,-116.6721679581537,-117.59991230391739,-117.1714148501318,-118.72632195471974,-115.34221448261923,-117.65686445503758,-116.74350990394399,-117.58801792960527,-117.14532444125074,point1,-117.12730990278611,-117.1714148501318,-119.1945865367353,0.8760078781194337,-0.22426571325536435,-0.07105324489617182
HDOK,PLOK,17472,22,22,-129,-13,11,2,33,-116.84081814439962,-117.07049219529873,-116.0640119386882,-116.88300930592895,-117.13401525581492,-114.52241092838909,-115.99891657423763,-116.50232278512458,-116.70364444282022,-115.88884972418636,-117.85788903650806,-116.20355985233621,-116.12126853890571,-117.93842651303893,-117.33190021690453,-114.68766818883284,-116.08873349554368,-115.24990297149678,-115.67618983305277,-115.74479640217064,-118.06519305848934,-118.64727801280414,-116.9807677070063,-118.19763999289587,-118.31422145805917,-114.47327901320048,-117.95460384126345,-117.85676361824368,-116.56378257690608,-117.29983710446236,-116.61971576568396,-115.95913400218681,-118.84343344095949,point1,-116.73589321017698,-116.70364444282022,-118.84343344095949,1.3028639320055928,0.1343732713033219,-0.5590484792554955
HDOK,PLOK,17472,22,22,-129,-13,11,2,33,-115.70325859848954,-117.89291296219588,-117.23978995932497,-117.44081145524132,-116.04789948207969,-117.71773850430608,-118.38813524237058,-115.46154204864013,-118.38485672373972,-116.03649991934665,-115.75958447710885,-116.59567676990986,-117.25955161132076,-117.14490433539217,-117.48439904239666,-116.67879548791129,-117.4951275345439,-116.17524007094876,-116.92345649000917,-117.25011225324671,-117.01318691735123,-115.56347331197298,-118.39209974188937,-117.49416700925518,-117.38291750934098,-117.27538943831651,-117.57290390804557,-116.33453516732038,-117.66085398593259,-117.29729838168227,-117.03381130515238,-115.55174863730102,-118.52332740559488,point1,-117.03563653599024,-117.25011225324671,-118.52332740559488,0.744123184264788,0.2650334930389715,-0.7165602772178614
HDOK,PLOK,17472,22,22,-129,-13,11,2,33,-116.54921090458183,-115.13953979804697,-119.39625388587633,-118.09606436839474,-117.06450796622255,-117.4430958483235,-115.96351167189113,-117.04265133264082,-115.38140896844556,-116.5391428327148,-117.91934105308908,-116.65537198513182,-117.99459885285259,-117.41232527723606,-116.46784600949191,-118.74760737161137,-118.8306451912135,-116.12213671299573,-117.22033424904153,-116.63542874935342,-116.15587850077715,-118.33945796025232,-116.56849819501818,-115.58628521834974,-116.13690253811376,-116.50770116233221,-116.31238386548183,-116.46578708480403,-118.02128569960908,-116.18332442638636,-116.74212621539463,-116.14152901510545,-116.30152654998713,point1,-116.91162755941718,-116.56849819501818,-119.39625388587633,1.0200366191451364,-0.6694378241659075,-0.07951034006500945
HDOK,PLOK,17472,22,22,-129,-13,11,2,33,-116.82440959007313,-117.52177588168063,-117.4498262592363,-117.15380930047994,-117.21672391005978,-117.42852872342372,-117.48145515935666,-115.72623288707639,-118.15864792893994,-117.72799015685933,-115.40427606998516,-114.82310490066078,-116.60896213698547,-116.8400185716922,-115.88981294898996,-116.22108081128992,-116.00699887122894,-117.15958977000263,-115.55888069142345,-114.94898616969695,-117.75803082191145,-116.58080576071214,-116.36494964705084,-117.34765157493977,-115.81208990435215,-117.57837573486707,-116.78428238205055,-114.8516495360881,-117.25144639656034,-116.35443606898707,-116.46659355212765,-118.57892869173888,-117.07205027101436,point1,-116.69552730550124,-116.82440959007313,-118.57892869173888,0.8778762528941285,0.34407470422807085,-0.4545166037357675
HDOK,PLOK,17472,22,22,-129,-13,11,2,33,-117.10824775743147,-119.45631778515411,-117.58370445330469,-117.4174555230821,-117.36509783319218,-119.03503318231738,-118.15351406800139,-116.21081417929703,-115.50393045860459,-119.80425794550139,-117.8474944858608,-117.38675700987906,-115.27643642414324,-117.91188166766186,-115.57205314388446,-116.73240312414387,-115.58733529534314,-115.30398830597915,-118.8922886337656,-117.6743657150679,-115.41810911028352,-116.93679466503185,-116.95030255666418,-114.35699177101709,-117.2421829026642,-117.32251554193616,-116.73807494516397,-118.40140706144972,-116.64356734598613,-119.15820883634497,-118.56673557064035,-115.48233989752792,-118.00578462530137,point1,-117.18322399459474,-117.32251554193616,-119.80425794550139,1.8095390710216848,0.06806316952718011,-0.6291703273880769
HDOK,PLOK,17472,22,22,-129,-13,11,2,33,-117.26018380949589,-116.38633615224633,-115.90031470784642,-117.0965518578542,-115.57762234605849,-114.8490529394728,-116.13385623210867,-115.97586445666109,-117.46776086871235,-115.67329771660211,-115.39371232759314,-115.37511387711628,-116.89430753018978,-116.54963360652972,-117.63623531801669,-115.2667201906461,-116.78692183668487,-118.87305080431163,-116.65931260016959,-116.21437933674395,-116.57039353517253,-118.0840566725559,-116.60409641969764,-116.09627258349235,-116.23575360031056,-116.87855498818345,-116.5829602191817,-116.66038943068457,-117.73815106643701,-118.11581516639346,-116.75704131893009,-115.8733191291389,-117.91062013284855,point1,-116.60841372054809,-116.5829602191817,-118.87305080431163,0.8281740726416558,-0.3901162090561913,-0.06247159252065604
HDOK,PLOK,17472,22,22,-129,-13,11,2,33,-117.74120024819884,-117.22276112003277,-116.8036631215735,-116.22336000771163,-116.02611564685576,-117.0597798867295,-118.18805783994648,-118.41146892899334,-118.23931045932801,-118.38935268046342,-115.91893791736864,-116.76112700367631,-118.01644479464491,-118.1202680088715,-115.53423134411408,-117.74390443054178,-114.72868669713121,-117.09031384930448,-117.61017367089921,-118.29321678884715,-116.51457070679712,-116.84079131495821,-116.04959851815096,-116.53072391854246,-115.44750775960364,-116.581813961616,-117.45851093316911,-115.16329181236188,-116.7946229623309,-118.01298313923598,-118.2325715851482,-116.99184883537076,-116.18726752541016,point1,-116.9978326490281,-116.99184883537076,-118.41146892899334,1.0088331928475966,0.351241948374686,-0.7260982946782786
HDOK,PLOK,17472,22,22,-129,-13,11,2,33,-116.9298962932567,-120.34871259295716,-117.8070113972542,-118.2766902589176,-116.94189745016824,-116.87240630439126,-116.70369363677274,-116.89407842629855,-115.39901988370585,-116.30414826190524,-116.88374688244315,-117.35077419742973,-116.63275086555466,-116.22793918946394,-116.93216434116721,-117.69443852746134,-119.2058161429737,-117.27652010450183,-117.20101625803588,-118.43279203204202,-116.33889185084806,-118.24895518907255,-115.80680970698027,-118.41376640335872,-116.68057670771259,-116.51661340100735,-116.49987298798187,-117.5230460973755,-117.09736297671837,-115.96148597566551,-113.67609893611996,-117.219649220336,-115.59963518729414,point1,-117.02722053597492,-116.9298962932567,-120.34871259295716,1.3774446352474694,-0.14984284010827,2.2844842853389724
HDOK,PLOK,17472,22,22,-129,-13,11,2,33,-116.81449252800594,-119.84814114193513,-117.4093303211279,-118.95740387399348,-116.75446197734396,-116.08381749174785,-116.55521713877583,-116.45954744883092,-118.79410765511287,-116.65991323945957,-116.46423398800246,-115.493493398605,-118.67940557956278,-115.21957189775243,-117.13234185058323,-115.22991426650361,-116.48797344285268,-115.38571402330633,-116.46030502811041,-116.31839846902324,-116.85759592008382,-118.18593268816586,-115.46067467577197,-115.62553587669723,-118.03225297646178,-115.50003151444784,-118.7978457662563,-114.76894239426274,-116.307367608645,-115.55417494312343,-117.06549122249127,-118.07974898258429,-117.22926307631492,point1,-116.80826189108916,-116.55521713877583,-119.84814114193513,1.575192392802526,-0.5854197947436737,-0.3469236086059939
HDOK,PLOK,17472,22,22,-129,-13,11,2,33,-117.01928640906905,-118.77819493092449,-119.03477125624514,-115.94466797488249,-116.39235229078231,-115.55156994368537,-117.16984504549316,-117.96513009563243,-118.14527956645479,-115.3781454492794,-116.46971275148478,-117.5676251601868,-117.08868281649276,-117.08985962805973,-116.66923849217702,-116.30877223317651,-116.1751751616614,-117.319146553834,-118.7802674792833,-115.73918186881775,-117.09009995330813,-114.97499700817731,-118.64736462582935,-117.98064326337766,-115.94762124890906,-119.25197323513561,-117.25828432349564,-115.94840488268363,-116.77489046908993,-117.61387260139358,-118.2454776047064,-117.36200010802101,-117.11863384690476,point1,-117.115186917535,-117.09009995330813,-119.25197323513561,1.192587192014384,-0.1292153837315536,-0.6570684126221114
HDOK,PLOK,17472,22,22,-129,-13,11,2,33,-116.11387105465573,-118.09342339126037,-117.3687846497352,-117.74876311881536,-116.29819947120556,-116.84897502023884,-116.58807616536406,-116.23331452845784,-117.1581950926278,-116.80794064907631,-115.86976568078485,-114.14413038578913,-115.76136952683241,-116.82771690622425,-114.3723693992414,-115.66302245339438,-116.42340450801065,-117.08061900246238,-117.06164097546956,-116.78956077403818,-116.53533116450846,-114.9680881955749,-117.97403265772545,-117.63961826237862,-118.02469212022936,-115.75397128219615,-118.13681070161981,-118.10834627017489,-116.45880983141556,-117.80455413254126,-118.90275420277065,-116.24166079832209,-114.64575419839646,point1,-116.68022929004663,-116.78956077403818,-118.90275420277065,1.2793373148381508,0.37650285454109533,-0.14486516268686112
HDOK,PLOK,17472,22,22,-129,-13,11,2,33,-117.51194003818259,-119.62344510893108,-118.39435948863846,-116.04765403052019,-117.14653582297525,-117.53939493777467,-116.17661519697221,-118.71702368248346,-116.12943075468293,-117.72951857809137,-115.79210268876997,-118.24090980758471,-118.01181180091646,-115.96201154568456,-118.20890620904713,-116.53993111490128,-116.3078472356404,-114.43007195809356,-116.44542797827069,-116.99163614818073,-115.94096429061157,-116.24842803877601,-116.75703568302696,-117.90276331162974,-115.8481246768283,-115.51767700599714,-116.45245082985232,-116.46568672246919,-117.60930086117935,-116.55435131062501,-116.66809053816472,-116.01756236704053,-117.61099980985578,point1,-116.8951518052242,-116.55435131062501,-119.62344510893108,1.1428594676386972,-0.36343474703588524,0.18734920768875485
HDOK,PLOK,17472,22,22,-129,-13,11,2,33,-116.81959015967415,-116.69071371916534,-117.07776677642514,-116.45783002987633,-117.69142103639678,-116.43668683486406,-116.81251653849895,-115.77926316170952,-114.7104371652156,-117.23990524073803,-115.7687086360718,-116.98227229771321,-116.79551960181054,-115.71713732879736,-114.93429587617446,-115.00778335841326,-118.52800260079424,-117.17954518841515,-116.72842075169882,-116.25022023180223,-115.6692268149006,-117.58476305352892,-117.5817676001935,-115.13295391833334,-117.30867074628117,-117.90504393327205,-116.45677369577578,-117.83659910417424,-117.67815395921204,-117.86797118115096,-118.25289979287327,-117.40609858636056,-117.20480566868028,point1,-116.77253832087855,-116.81959015967415,-118.52800260079424,0.958201301936898,0.4650281567194044,-0.5029380437597739
HDOK,PLOK,17472,22,22,-129,-13,11,2,33,-117.50406639588482,-119.1656171128978,-116.78699184093298,-118.28525795018923,-115.76604226626385,-117.57255127982789,-116.49703104808624,-118.97043555417132,-117.05862846995815,-115.87615162336093,-116.57580738494303,-115.31410420942798,-115.70029606739702,-117.59452387664541,-115.38168644690933,-117.4423377201447,-117.50718344393879,-115.51909753517928,-116.73373512670722,-117.25527716252644,-118.31796926867479,-117.01357794862142,-115.36640451555493,-115.83633238340104,-114.65044992678132,-118.07652834812858,-117.2693192722172,-117.51536235386133,-115.98269998648352,-116.69152949761275,-118.59298499417098,-116.42833720105418,-116.85394540196033,point1,-116.88188677617924,-116.85394540196033,-119.1656171128978,1.2331043506319628,-0.1094379386976055,-0.5723408775874743
HDOK,PLOK,17472,22,22,-129,-13,11,2,33,-116.73437617444176,-117.93292240429639,-115.90866336838852,-116.91555714141091,-116.94115894570615,-116.02403579691466,-116.39230213698337,-118.4824044501718,-116.45467924508843,-116.62669174353275,-115.63712671796235,-118.65052413729794,-116.74030774247916,-115.74564302268523,-118.8492257778714,-118.29192511361184,-115.45760173586459,-116.02661075298401,-116.2928206871727,-118.97466342991359,-116.68023283813275,-117.87314058916482,-117.52501668658844,-116.6100049720738,-116.77026921263118,-117.16195789220858,-117.53682854610389,-117.32133270307516,-118.89811604468072,-117.93265834664321,-116.67967697108067,-116.87033148229342,-115.55728841392425,point1,-117.04533621889027,-116.77026921263118,-118.97466342991359,1.0152779909631675,-0.4204571598018734,-0.758043553521683
HDOK,PLOK,17472,22,22,-129,-13,11,2,33,-115.61376854867648,-117.37233063253807,-118.34389968797454,-116.19205666686601,-117.73500765255778,-115.39191386261311,-116.09158362123537,-117.88775008844839,-116.20820406800314,-116.48512291451487,-115.35013141625892,-116.85877177728317,-115.72649379711774,-116.15671998114414,-116.40278719628749,-115.28011367391878,-117.80530872649315,-116.92369100457938,-115.92887001365004,-115.51485317450634,-117.72007925634963,-117.59078852061769,-116.6450006906928,-117.23487405418444,-117.89962972117621,-115.97353447472086,-117.92248357939174,-116.30249637118102,-116.81929963346053,-116.56506792832,-118.19789921032732,-118.29763187305679,-118.09272692700343,point1,-116.80396638621662,-116.6450006906928,-118.34389968797454,0.9110090644137133,-0.07637112178394666,-1.324613636833946
HDOK,PLOK,17472,22,22,-129,-13,11,2,33,-118.89183466366826,-116.44352075594475,-117.07815522027471,-116.88614635316414,-117.70087436261022,-117.86503286617227,-115.65476311399445,-117.15050871618493,-116.06581158058123,-117.26021481152058,-118.47530249156522,-117.73783916716552,-117.03943516934386,-117.81581243389823,-117.41447563377623,-114.2192504845697,-116.62728677646642,-115.94357578139596,-115.68203524598435,-118.27659827556603,-117.22942063215069,-116.04737513033871,-116.49416211663915,-116.94721704083408,-116.48066287833711,-116.81501989130778,-117.07919373213674,-117.82195760476866,-116.97491170788545,-117.06047694719523,-118.03495861490475,-118.25745564300219,-119.16905930853169,point1,-117.11031348945089,-117.07815522027471,-119.16905930853169,0.9999560389564811,0.39994981747604447,0.9630476701026187
HDOK,PLOK,17472,22,22,-129,-13,11,2,33,-118.92776562298616,-117.30040730863813,-117.52991323783299,-117.67604621342015,-116.07802047990293,-116.42658830028992,-118.06260022963315,-118.39027339958153,-116.90284947800578,-116.84011449614407,-116.34162551056792,-115.1521931628243,-115.41034793379549,-116.10524023235939,-117.98482338214268,-117.02034143198762,-117.90414711650897,-116.90675804642358,-116.9428415034666,-116.68413701349984,-117.34343596437499,-116.16155955092842,-117.24502724610701,-117.23379876655916,-115.45261653532502,-114.8831991766927,-117.47718376021218,-117.60754105629007,-117.93119860028023,-117.39810264876827,-117.24056928557327,-116.85910475690727,-116.99075089532414,point1,-116.98215522252588,-117.02034143198762,-118.92776562298616,0.8301739464172951,0.4257287015733438,0.14109848849810414
HDOK,PLOK,17472,22,22,-129,-13,11,2,33,-118.2962139768832,-116.33678190669761,-118.38805906431462,-117.58259641970653,-115.10106145774981,-116.59912719092732,-117.71863858504122,-118.82886407459935,-116.59878698663256,-115.87749439101796,-115.92717031509837,-118.64725186270422,-116.85253274695174,-116.08688312663561,-117.67484036402811,-114.80824068323659,-117.53472591119018,-118.64393416412385,-117.75052671488987,-116.41322741565673,-116.03217016278379,-117.61639246487415,-117.26762960481904,-117.88398565052587,-117.10589290920855,-117.0953024398654,-116.46163305936082,-116.16959594190664,-116.4975160087158,-117.44471192779677,-119.16967510711274,-117.07743293434686,-118.22015827443376,point1,-117.14269860132833,-117.10589290920855,-119.16967510711274,1.104852826032884,0.12255729311273339,-0.4514715726354952
HDOK,PLOK,17472,22,22,-129,-13,11,2,33,-116.52749085257047,-117.38411396903462,-117.70863756261254,-117.74841684536521,-117.36441440387415,-118.21504085161678,-115.8352963240182,-118.48111754596215,-116.07091606272256,-117.33365913043339,-117.07769321315263,-117.41475885469423,-119.58066846818507,-113.80247172491688,-117.0516521756972,-117.08541448963541,-115.11995733664243,-116.27814049697498,-117.75247922802873,-114.47575958089328,-116.59520692125855,-117.580741788949,-117.6732101089114,-117.82107458007923,-115.70010339292651,-120.50357781055558,-116.32633035707485,-118.04672544882274,-118.05145512485903,-117.35551772038687,-116.26398584029089,-117.23588377395775,-118.27374999145981,point1,-117.14350490838069,-117.35551772038687,-120.50357781055558,1.6832611197924818,0.1908784293026352,1.3688845206009854
HDOK,PLOK,17472,22,22,-129,-13,11,2,33,-117.19883540782602,-116.16501228922158,-116.67984285256169,-118.44940800838087,-117.03559140235714,-115.9156468424431,-115.77894053611999,-118.00909980061546,-115.72786801628183,-117.84891712947787,-117.58227783320963,-118.37748659208414,-117.65607413159644,-117.28091919484694,-116.99605633702242,-117.29599176501559,-115.45008611692826,-116.7016077636543,-115.14234163178342,-116.88030344764807,-116.98017008806562,-116.12666849127856,-116.41734631444903,-118.09165188281774,-115.79875102295911,-115.95161542162059,-116.83058135887624,-115.24488941561312,-116.2666986741768,-117.49960604136056,-115.11734959145667,-115.0513546297829,-117.64573894970687,point1,-116.70287057518907,-116.83058135887624,-118.44940800838087,0.9494949894848654,0.0423806676261621,-1.0076973832340839
HDOK,PLOK,17472,22,22,-129,-13,11,2,33,-117.83124749423672,-117.16915156038382,-117.29192765068446,-116.2569631925064,-115.82291418563483,-116.00756589359959,-117.10520295933946,-117.82202938825623,-118.32883753751834,-117.63370877797097,-116.09596572548162,-117.04033652743267,-117.34523229764122,-115.34475277856949,-117.23212127228544,-115.99050348732332,-116.89636471990481,-116.26939089550358,-115.2956515964002,-117.15735335547619,-115.99218727260946,-118.07033690070546,-118.03679746045162,-115.73711586306202,-116.25679969977145,-116.84260743784866,-115.71823670770581,-116.68298363390694,-116.98021657565505,-116.80205947749492,-117.21773185000612,-117.79036486690241,-118.46041179302267,point1,-116.86439608591792,-116.98021657565505,-118.46041179302267,0.7332079418132895,0.028160608834527392,-0.9036079724528561
HDOK,PLOK,17472,22,22,-129,-13,11,2,33,-117.11693302569057,-117.62285534772784,-118.25032770358239,-117.88829100819711,-117.9800749500838,-117.03036177889146,-117.68933720356411,-117.41486124785382,-117.85296334814646,-115.50538432550897,-116.71465883751071,-116.965716280624,-116.54133059539,-116.2681705160721,-117.69427897200377,-116.21697747245842,-115.93407032871646,-118.36287117392675,-116.06846754247447,-116.54705268831985,-116.73054973229608,-115.56477119523073,-117.64096804175807,-117.92697721787971,-118.76472080469028,-114.63688526814713,-117.27832201022241,-115.90617989330094,-118.70586855234951,-116.12715569505278,-118.19218865036888,-117.89240233392869,-116.16964745280681,point1,-117.06671579378104,-117.11693302569057,-118.76472080469028,1.003685843181702,0.31995790023203347,-0.5629139622466459
HDOK,PLOK,17472,22,22,-129,-13,11,2,33,-116.13987961636265,-117.96682791956931,-118.4007548378013,-116.41326077662177,-115.64535729083231,-118.0835120954392,-118.35887591352501,-116.36062547063032,-117.56150928113671,-116.64836789873206,-115.10027276131449,-116.40948244284219,-116.44517893395432,-116.0472288461841,-117.34061965685083,-116.98983620188868,-117.63437705354677,-115.16508225198174,-116.92670413793947,-117.28146847010991,-118.55865809462445,-118.02242739964052,-117.32829398824913,-117.07325756591929,-116.88161379770764,-119.26760528615108,-115.74209589357513,-116.00241097997879,-117.57423441752788,-117.13427077118419,-114.57442709384738,-117.58231364950994,-116.530436570704,point1,-116.94518992017827,-116.98983620188868,-119.26760528615108,1.1163855185746467,0.11668191622901708,-0.18499353210280667
HDOK,PLOK,17472,22,22,-129,-13,11,2,33,-117.7641339621853,-118.1141894481395,-117.32006916062052,-117.93309801701662,-117.07594054786497,-118.02166725526635,-115.24950738504515,-117.10126750600928,-116.0866706346459,-116.69939821951984,-116.79118843714915,-114.6993307872877,-114.56939729232768,-115.24905751019418,-116.99601047358396,-116.79919503897966,-116.81996273649025,-116.99884415665612,-116.10242977935917,-114.90179806294931,-115.82081700013946,-115.98003510698099,-115.85652332904668,-117.15241027659059,-118.74719536798608,-116.25080807055055,-118.46125327901773,-117.29548109206502,-115.01150050724797,-116.46375929672561,-116.97709150848863,-115.24547896883384,-116.67971139756702,point1,-116.58288550341005,-116.79118843714915,-118.74719536798608,1.1732707003520348,0.0759586918194517,-0.6292066462029235
HDOK,PLOK,17472,22,22,-129,-13,11,2,33,-117.59439024770556,-118.86182609381963,-115.59825273612141,-117.32722453973376,-117.91106850192399,-116.12815268557429,-117.46333658179567,-116.87069583889551,-116.67375441564539,-117.15865566271795,-116.605532499609,-115.99966589839664,-116.84566524094222,-117.02268580521726,-116.0240619236266,-115.63823290260139,-119.04464520535612,-115.70978623285792,-117.55730207106868,-117.07330748134875,-116.444003936897,-117.34489112533788,-115.8742121568972,-117.79702219919567,-116.24665273103592,-117.12539813740192,-117.5086380393775,-117.10385780199802,-116.70687924730031,-115.93814266086251,-117.04687162334581,-116.32383957753026,-115.09000513638215,point1,-116.83814111934905,-116.87069583889551,-119.04464520535612,0.7767685807231614,-0.41299219167155826,0.34377746569212597
HDOK,PLOK,17472,22,22,-129,-13,11,2,33,-116.19603472188619,-117.02930142750651,-117.6824610509421,-115.72197420250832,-118.2353825956351,-117.50243955907519,-116.0668824737295,-117.75735773217146,-116.97472573161818,-118.03260457966172,-115.95771995136796,-117.08720648729334,-115.97663526671045,-115.9182537658971,-116.60750287843044,-115.57108852073964,-117.20780054458316,-115.2629351677705,-116.9674908890626,-117.81708269069111,-117.11450125247076,-117.07285518776473,-117.72272508038913,-117.88971482895789,-117.3836297867483,-116.07566145941175,-115.91634161278888,-117.52265154317428,-118.45199291141665,-117.092452200314,-114.7944409830566,-116.14466850019905,-116.84042378665184,point1,-116.83621028395831,-117.02930142750651,-118.45199291141665,0.8153675589638453,0.2760384778952473,-0.7162898104047293
HDOK,PLOK,17472,22,22,-129,-13,11,2,33,-117.50843731505758,-118.89372362425722,-117.36809357950547,-117.99364615608732,-116.32955414396336,-116.5514599197779,-116.43540590350854,-116.95797794339934,-116.22477885755072,-117.57389721255034,-115.67935068939049,-117.48075049205349,-117.35969199809715,-116.9614446986887,-119.35540837789627,-116.73780285637892,-116.37498679423265,-116.57676263753926,-116.49993274174301,-116.31794403883383,-118.55636167882214,-115.70758087539801,-117.7478572864887,-118.13962468001459,-117.65717237420658,-117.83952326970301,-115.86210541965424,-115.10135313411399,-116.65054725490651,-115.57152353191105,-117.52801978840286,-116.58163405166475,-116.71623775337031,point1,-116.9951694266415,-116.73780285637892,-119.35540837789627,0.9260646518502791,-0.38675958003677097,-0.012496668561162494
HDOK,PLOK,17472,22,22,-129,-13,11,2,33,-117.3450125997214,-118.02470572987197,-117.8881915026214,-118.18745004349793,-116.88977405559288,-116.24167902745475,-115.73721163841675,-116.5264261620233,-116.69647222275447,-116.87826670123482,-116.2232319686485,-116.65518593211793,-115.66773878916771,-116.81942073695816,-117.91943880233069,-117.81379128298535,-113.86810880434875,-116.1187108214094,-115.36228639124575,-115.80982662579082,-116.07415492324196,-116.23578029384937,-115.92947957739887,-119.36357398298057,-115.73434328254267,-117.5467049005372,-117.16053151443163,-118.34865790870174,-117.49121672454014,-117.0149610240577,-118.35219723331096,-117.93338828680378,-115.94467200234105,point1,-116.84250277251306,-116.81942073695816,-119.36357398298057,1.2047857324676259,0.13616112000240105,0.4290203467644642
HDOK,PLOK,17472,22,22,-129,-13,11,2,33,-117.3928529257227,-118.37943065069764,-115.96887659589845,-118.3881777660841,-115.90368334526107,-118.71464695036546,-116.56469939424274,-117.41968171273842,-118.17346188402662,-116.30344850037315,-116.66279975426733,-117.29268136802176,-115.90287648028205,-115.03485022807705,-116.57628561137466,-118.04755445219283,-116.0013090081719,-116.95291730140195,-115.14490314617765,-115.85230363786634,-117.33028816768696,-117.35180578625624,-117.0008373953447,-115.82885601003066,-117.79766742417787,-116.88283340544929,-118.02509099784285,-115.96030113657955,-115.39344378724716,-116.94805570415399,-118.06157442952536,-117.74512220606962,-116.57810249892593,point1,-116.89640665644039,-116.94805570415399,-118.71464695036546,0.9755472352402527,0.03699321286735893,-0.9458662654439509
HDOK,PLOK,17472,22,22,-129,-13,11,2,33,-118.23911037760116,-118.67112599258932,-117.56747578122416,-116.55345736625597,-116.87540667820481,-118.12155541243945,-116.48255539277059,-115.89317261657587,-115.79200143399247,-117.47742637247492,-117.99557258242481,-115.59998576009045,-119.6849494180399,-116.49967916346084,-116.29657913403665,-116.1599266985193,-116.25240772745637,-116.53072517169484,-118.29127997743377,-116.23825048075791,-116.21637117574328,-115.02853228323642,-116.08005327322476,-116.68074802723493,-116.23992695758513,-118.82445018504784,-117.33247328369798,-116.58951313990764,-116.27241665446485,-116.44748753354693,-116.4911769436407,-117.86002452844903,-116.68429428823883,point1,-116.90818520642614,-116.53072517169484,-119.6849494180399,1.0675670582748724,-0.8334366406444286,0.24964356061143445
HDOK,PLOK,17472,22,22,-129,-13,11,2,33,-114.2881188963695,-118.70348528735855,-116.8708810026893,-117.15070556706891,-116.59194927124621,-116.17732116644775,-117.81143083626095,-117.01147081427196,-117.72482460566484,-117.71228427559461,-118.53883787537906,-116.28469457698019,-117.4218904571762,-118.33056091495676,-115.68720352917562,-116.31255916396023,-116.67714511577579,-117.07647790758053,-117.13567523635064,-116.49630007535028,-117.52569842038942,-116.98546479762992,-116.82718595721221,-117.93057223410204,-117.50699698239114,-118.53559886548075,-115.98498320188094,-116.69418419710844,-116.45652654325589,-115.62212099036928,-117.05032130735648,-117.913606233737,-118.1896206160083,point1,-117.06747566432058,-117.05032130735648,-118.70348528735855,0.8922354102851471,0.5300296267915293,0.8458320184720107
HDOK,PLOK,17472,22,22,-129,-13,11,2,33,-118.42564187652403,-119.264956704298,-116.80728176140202,-117.92371958945104,-119.23478907322922,-117.11913010248026,-116.1284568670937,-117.50658160703243,-115.9703122687075,-115.77663959135664,-115.59581962854564,-116.40018182894572,-116.31040636375066,-117.34171260841286,-116.61589136255792,-115.2051731807185,-114.74286705017485,-117.77844134214486,-115.6258301267731,-116.48239427446045,-116.98783482858038,-117.61053253690613,-117.9436421963068,-117.83506241395747,-115.82808773682147,-116.58976769309503,-116.98064517105071,-114.53584048537046,-116.37786584888612,-117.3891221945447,-115.05770332442928,-117.04310921168445,-117.31813264777497,point1,-116.78041131810507,-116.80728176140202,-119.264956704298,1.3085363276559596,-0.13713513479678674,-0.14649273634386084
HDOK,PLOK,17472,22,22,-129,-13,11,2,33,-116.69346096213074,-117.3070325066178,-118.99384527464427,-116.53204909538096,-117.58989935177256,-117.16837136071518,-116.84771017865637,-116.9170886149522,-118.23553255926083,-115.06620123453642,-116.70475605571563,-117.1531255870092,-117.5233873883159,-117.74916353567833,-114.22499686478531,-116.60720979114242,-117.23208291701552,-117.4784423242196,-117.86220323392885,-115.60047694247389,-118.13604843006868,-117.02923794569764,-118.36585912556559,-116.78468203963727,-115.68476179582466,-118.14610326002263,-115.46789603686128,-115.49217440287359,-116.77419347512918,-117.31745348466572,-116.7310189633767,-114.753383193662,-117.33641489542984,point1,-116.89412917659902,-117.02923794569764,-118.99384527464427,1.1431233717529041,0.6043217942852375,0.2273369641040075
HDOK,PLOK,17472,22,22,-129,-13,11,2,33,-116.27428262119673,-117.175085427373,-117.29667293299576,-118.60969787313392,-115.70454093101296,-116.90708979454634,-116.65812983589909,-117.51268258359143,-116.60535736160895,-117.6745625934574,-114.62245493336911,-117.12196491302967,-116.083877001991,-117.64357417699462,-118.14586911703283,-117.45795903718572,-114.96248906400403,-116.23663785430021,-116.6143420641922,-116.94595180392668,-118.1641613754063,-117.68478731204641,-117.7268246081455,-115.86868996641134,-116.62715115638204,-116.48504875578202,-118.13115485199876,-117.93046841220321,-116.03687398763644,-116.2331631110956,-117.85200092271013,-116.64222913035628,-116.83883329729896,point1,-116.92347299419131,-116.90708979454634,-118.60969787313392,0.8371977121308277,0.44925446782486583,0.04698733859759008
HDOK,PLOK,17472,22,22,-129,-13,11,2,33,-115.50622021897317,-117.100694569605,-118.26306884184352,-118.21901989423024,-116.78812015058118,-117.28761563472332,-116.20673102834688,-116.5504267653112,-117.39656046352829,-115.41456096827847,-118.13864386385144,-116.49726719626321,-117.67646577942193,-116.43531792838701,-116.59185239771413,-118.44179483673392,-117.71483252698248,-117.73619593884267,-116.20830735899679,-117.30563124150856,-116.93542693453627,-117.25961514972843,-117.02755284559696,-116.31835453617559,-116.86232637932548,-119.3521943409985,-116.49034627804501,-117.4203770575448,-116.99597711003257,-116.4735007198859,-116.94970454666719,-115.43859600901129,-117.78382173825231,point1,-117.05415518939164,-116.99597711003257,-119.3521943409985,0.7593188107502863,-0.27878190120349033,0.3560594030804989
HDOK,PLOK,17472,22,22,-129,-13,11,2,33,-116.65563827061021,-119.88468481336574,-116.48387425819351,-116.23882096558337,-117.72159404886418,-117.19052041105215,-117.15591373303732,-116.77413739966197,-116.24115534474852,-117.93622522976246,-117.41376128479385,-116.77835298220907,-115.32253531082793,-116.81702427860213,-117.03304665824432,-118.33686623425551,-115.08852070922879,-116.36155750889876,-117.64092200551622,-115.42360160428358,-117.35661480775741,-118.12408736710739,-115.51994889226714,-116.29586764332547,-116.95031646709539,-116.20982699739949,-115.47216153717554,-116.3987025283435,-116.21497308178078,-114.81829927167111,-117.7077826557799,-117.83938377570549,-118.23147895409824,point1,-116.83752112215896,-116.77835298220907,-119.88468481336574,1.1457691834462618,-0.3906463364814776,0.6002081364323333
HDOK,PLOK,17472,22,22,-129,-13,11,2,33,-117.07717262320122,-117.89978065189105,-116.61847606205593,-118.75949906668569,-117.30553323178047,-116.9453742364324,-117.07348057717911,-116.3003024996102,-117.90652286193678,-117.31678583060273,-118.3345048446815,-116.84750199093078,-118.33430612234872,-117.98125334827519,-115.3738188825911,-115.98783724106998,-114.53207728223478,-116.77043348793967,-116.13704348577903,-117.32437575334188,-116.26894725615432,-117.55340330451125,-115.6712136040619,-116.66658666508688,-115.52858612189978,-118.00048739226575,-116.78073022131096,-117.50400113601788,-116.70569695819353,-113.73593196981264,-115.58618607333365,-116.86191677803639,-116.25726449012409,point1,-116.78627369852657,-116.84750199093078,-118.75949906668569,1.1748058998345976,0.654677837492558,0.7584002150535549
HDOK,PLOK,17472,22,22,-129,-13,11,2,33,-117.31889529015365,-117.54051673607925,-119.09726093670075,-118.08912407892153,-117.5080731731669,-116.82884493575229,-119.66346061204874,-116.82940429034558,-117.16636498101062,-117.02709332835956,-117.98399730857955,-116.12102916258232,-116.47750078563475,-115.99630358315105,-117.21773197168447,-116.96806336014293,-116.6962657593165,-115.42230126304408,-116.62423014859942,-116.38780448175005,-117.50646177972938,-115.74057747170322,-116.57102697367823,-116.2135976398569,-117.15666797095425,-116.82130928971966,-117.84474437030552,-116.17102506666673,-116.85663340590617,-117.86136603004508,-116.51871774885795,-116.80387219670878,-116.51707261256348,point1,-117.01658602253693,-116.82940429034558,-119.66346061204874,0.7558690210036957,-1.0335362294657149,1.8727252972506894
HDOK,PLOK,17472,22,22,-129,-13,11,2,33,-117.30433423287286,-117.09976723004903,-117.7142621875365,-116.66088613432163,-116.7136262503849,-116.21154005297161,-117.29900546224006,-115.10734541233586,-117.92604932065348,-117.21476302991839,-115.94397710810642,-113.97851701377348,-116.08206779662598,-117.98908317540145,-117.52247197660506,-115.83854874556891,-115.79923120448416,-115.11567947534485,-117.3949693831429,-117.61454324570803,-117.73440781890879,-116.69509180905455,-116.93199725140323,-117.4620272393931,-118.51601551727539,-116.62532865522468,-115.45805763281967,-115.60821911332262,-116.49989540231833,-117.67145475597792,-116.77321280841872,-117.4641526815634,-117.86096822489914,point1,-116.78277264692804,-116.93199725140323,-118.51601551727539,0.9992679481246907,0.7619449948526241,0.3515953149111488
HDOK,PLOK,17472,22,22,-129,-13,11,2,33,-116.98511348880263,-117.46312582341469,-118.06684710878527,-115.93777844305534,-116.38450338069221,-117.33218716099731,-117.12003512416955,-116.46374149634492,-118.40984479306505,-114.7945594935773,-117.20693263880555,-116.6022772256335,-117.08655555261427,-116.69223746916677,-117.51949139789691,-117.4498650228789,-117.14585549823083,-117.90869921484749,-117.98218009236764,-116.87980791269919,-118.04694608393945,-117.79755669072682,-117.96924108386114,-116.54329374062146,-115.6805890611384,-115.6681529918102,-116.41478858984489,-117.77207876788246,-116.7279699623463,-117.25732742089704,-117.93663758980053,-116.52910644202125,-115.71290443055936,point1,-117.01479488465134,-117.12003512416955,-118.40984479306505,0.6953835812671547,0.5848821337026376,0.03849276452927208
HDOK,PLOK,17472,22,22,-129,-13,11,2,33,-117.35156217510652,-119.76531394209762,-117.17292372601699,-117.51560008452621,-115.6890132599349,-116.39010100572766,-116.6143365884859,-117.39211107378884,-116.9014979359844,-119.44772710229753,-115.29169183047189,-118.05034896664961,-116.2739397067106,-115.50998804693833,-117.90117836651281,-116.02169649386194,-117.17003692571042,-116.55884719807727,-116.99234941192343,-117.08034727212822,-113.22490745349964,-116.87068752437223,-117.84035406593866,-118.37395645555999,-119.56420471374774,-117.35302358418504,-116.57587169530942,-117.68600370392612,-118.04940876828847,-117.82450607699447,-117.87440404563776,-117.1160711589787,-116.87850318223292,point1,-117.16128828914009,-117.17003692571042,-119.76531394209762,1.5501907995141595,0.4979281389830716,2.28185353738546
HDOK,PLOK,17472,22,22,-129,-13,11,2,33,-116.41790190129232,-116.33648378819117,-118.96861090154734,-115.72261931558076,-119.03588290963332,-116.41889128729093,-117.4983139069407,-117.79479032581884,-116.70732866610372,-117.21589961790274,-118.03214354760674,-117.06176958915498,-116.49034173284501,-116.77745251043225,-116.07843635560802,-116.2066167097145,-116.92964919361681,-116.90286557631615,-116.3455307977489,-115.53496212462474,-117.91869783510404,-117.16676736858626,-118.23429604161221,-115.98132270618025,-118.06763880615817,-116.26147891489246,-117.85189577944975,-117.19892235391737,-118.17236622028324,-117.41806711601332,-116.77896615260853,-115.25599627718191,-116.7921763388402,point1,-117.01742674753932,-116.90286557631615,-119.03588290963332,0.8419264896382439,-0.33338901652237996,-0.31936869282022373
HDOK,PLOK,17472,22,22,-129,-13,11,2,33,-115.49083463012687,-119.55420398163663,-116.53296271307394,-117.78686801442494,-116.79654520696961,-115.82739981151391,-117.12247938816051,-116.76077953408226,-117.47748837995792,-116.16664074683334,-118.37739285051488,-116.11144266174367,-117.1368375232982,-115.18906841456551,-115.31129629919148,-118.19204005918687,-117.46431224340743,-117.59330729035537,-117.42438037053941,-116.57858139330956,-117.94865839305625,-117.63490259082775,-116.61655029110281,-114.42464433801956,-116.53089653956289,-117.84312262979566,-117.13780824299148,-117.05937542157122,-118.15393792160016,-116.62064694855577,-116.27638479291673,-117.95043183924898,-118.97280353544087,point1,-117.03227348477525,-117.12247938816051,-119.55420398163663,1.182691235083796,0.1233832960670933,0.24363477189509952
HDOK,PLOK,17472,22,22,-129,-13,11,2,33,-116.8588787741164,-117.17535935818553,-117.17012299122219,-117.73595811333834,-116.36478286478363,-116.4815686042447,-117.08093541647946,-115.84414412432115,-119.27573921027805,-116.5249077969214,-116.65025655484145,-118.06198610541166,-118.45384567474389,-116.93504286838132,-116.34486206584542,-117.94331427491781,-116.57392576444384,-116.57084038113152,-117.22959453626812,-116.31554530893675,-117.80981308191264,-117.64174354277397,-116.21387173711717,-116.98195523952045,-116.46845993647744,-116.61478782418845,-116.25751479469446,-116.4070401132684,-116.32259373537347,-117.02942935905844,-117.14807037765773,-116.82351715461004,-116.70733122051723,point1,-116.97023451230253,-116.82351715461004,-119.27573921027805,0.5213256216613217,-1.2784976006145563,1.868853912927285
HDOK,PLOK,17472,22,22,-129,-13,11,2,33,-117.77621913553376,-117.87684525955493,-116.88577492143067,-115.40430497337515,-114.63511276399005,-117.44422943840317,-117.22865632294412,-117.60199552366004,-115.26684613226188,-117.35869212647937,-115.68649209411899,-116.56896242590945,-117.54312589220136,-118.54025304781146,-117.68185942423725,-115.67637524000992,-115.48285995611892,-117.34152403455323,-116.65376342190193,-116.08188443200856,-117.40935548185195,-116.47768296700919,-116.56991041873209,-116.0111385001734,-118.75014581848254,-116.34124872011783,-116.26090713260737,-118.61127643201117,-118.72961065346976,-115.00948505622443,-115.34887056836158,-117.5233794986528,-116.40115703357606,point1,-116.79333166205373,-116.65376342190193,-118.75014581848254,1.2300009159526852,-0.002643743074624192,-0.8288715650053242
HDOK,PLOK,17472,22,22,-129,-13,11,2,33,-115.57214923202443,-116.98745246942833,-117.14258235004142,-117.2177359064795,-118.05205613427118,-117.56270680276133,-118.32292557625186,-116.61689915973552,-117.84827695650804,-117.3093498249996,-116.4406812807899,-117.03228558943798,-115.4603327072655,-115.7984118423229,-115.72842220260387,-116.3937922353591,-116.67755278204928,-117.5854777083316,-118.76479429379829,-117.03502635667893,-117.27821782819409,-116.01350464882955,-116.05580891973172,-116.42555018319611,-116.21306755857078,-116.21593202072155,-114.8751200133471,-117.39523180048995,-116.17850372389616,-115.9884036608315,-117.53137801739557,-117.47380024210507,-118.13201086861669,point1,-116.8280436635474,-116.98745246942833,-118.76479429379829,0.8062289243917599,-0.031055716579957378,-0.49346974664582266
HDOK,PLOK,17472,22,22,-129,-13,11,2,33,-116.01523817892051,-118.67763897511843,-116.75539893364936,-116.40743524819455,-115.69783787884532,-115.7913068279407,-117.29684910365803,-115.22452795682254,-118.80866835078415,-116.32540110484031,-117.16801355490223,-115.50224585265518,-116.61623145929606,-116.1047901100438,-117.45517094834824,-116.99607086336285,-117.9162605673476,-116.91031540446623,-117.68580735203126,-116.27697725125189,-117.88195158901868,-115.90269370198972,-116.55518864615449,-115.5373046076862,-117.15118391325903,-116.49406216969626,-117.67621683676138,-117.89507252313336,-115.15744586553704,-117.90508863065311,-116.367616836795,-117.74930911227266,-117.18856876638706,point1,-116.82102694308556,-116.75539893364936,-118.80866835078415,0.8968842043222699,-0.15243822132165924,-0.6920546677220281
HDOK,PLOK,17472,22,22,-129,-13,11,2,33,-115.18025958602907,-116.75330169893284,-117.82932730736424,-117.67923408304662,-117.10827344983218,-118.00051155533207,-116.89621383854447,-116.84039684778804,-116.70532278869692,-116.66427249453749,-116.99788685082449,-116.50843985487867,-117.53902070094483,-117.71344843446518,-116.81907058161886,-116.86653563247235,-117.65328332493414,-116.78465630490851,-115.43074045386632,-114.56747201087244,-115.6076305182865,-117.33680625404557,-117.15554206388315,-117.35693008277343,-117.93174788839816,-117.24364662493069,-116.52522733798068,-116.4384391471299,-117.70826915011189,-115.22814038986975,-117.54372637787141,-115.0698585487841,-116.88380295865619,point1,-116.80507379220032,-116.88380295865619,-118.00051155533207,0.7820756437044453,0.955066312344381,0.23057270427845422
HDOK,PLOK,17472,22,22,-129,-13,11,2,33,-116.24651509190397,-117.09602537694047,-116.80862248210599,-118.2374639696464,-117.41048405842925,-116.65065378983398,-118.08085221671453,-117.88639955738279,-118.47375843341413,-117.57005513736499,-116.43668360425025,-116.04006450785616,-117.64681616668966,-114.92251864487503,-116.15635406610258,-118.2564931043157,-117.92844184107834,-115.40221171217664,-116.8149592085839,-116.88591741727629,-115.60471536429974,-116.09845328553504,-115.29732658530042,-116.67219009460536,-117.46557087517303,-117.95604982412304,-118.0133882299502,-115.70929585522539,-117.55140958395121,-117.30582857551542,-115.51666133137272,-116.94914167045249,-116.20073414202257,point1,-116.88763805468083,-116.88591741727629,-118.47375843341413,0.9401392950023273,0.22504673988604837,-1.0088748728744878
HDOK,PLOK,17472,22,22,-129,-13,11,2,33,-116.27303265632202,-118.00719525786887,-116.438863311225,-116.44682010597536,-116.62350029766746,-114.95423608913673,-116.45471409899557,-116.1729683900304,-118.61012687425064,-116.26788090097463,-115.74558200231972,-115.74064216463401,-115.88912290042408,-116.4842315171329,-116.63651842963479,-117.25498171387977,-116.82689204890772,-117.85685128300858,-116.83682930645126,-116.6897091373204,-115.87988001701603,-115.95944452498337,-116.95397834925515,-116.18864001147583,-116.76003825567071,-116.37503161099825,-116.28331894595769,-118.047042189792,-115.87927694113218,-117.73675726231781,-117.27878869089179,-118.70910604110333,-115.7584005894935,point1,-116.66728490655295,-116.45471409899557,-118.70910604110333,0.7298902356364106,-0.7444755781771023,0.31643397097979387
HDOK,PLOK,17472,22,22,-129,-13,11,2,33,-117.57560135162677,-117.10729424868379,-117.02376415221092,-117.68103586927364,-116.5480612915229,-118.09293198272324,-117.6137177834672,-115.68080388561465,-116.05346894081967,-117.9618977740068,-114.55319417723848,-117.15116003464306,-117.20178741803046,-117.29048797048037,-115.1299688246953,-118.33092798126889,-116.66901488839152,-117.01684320116371,-116.9732762948818,-118.70968184584348,-116.23603581183696,-116.41264965650532,-115.50646295207385,-117.82757139125532,-115.3521789554958,-116.80868355963462,-116.59247157913153,-117.72435431346047,-117.82265528160262,-118.57374352041613,-116.48922551941651,-117.78725225332356,-117.75353510630354,point1,-117.00762847930432,-117.10729424868379,-118.70968184584348,0.9838672963468644,0.5606201196344736,-0.08549977380230445
HDOK,PLOK,17472,22,22,-129,-13,11,2,33,-116.51095802862699,-118.64939829009279,-117.32667470226654,-115.90863192976468,-117.59806955684755,-118.19327577910742,-115.67836566327212,-116.60615816895712,-116.38076154672297,-118.00739626244632,-117.45592044158593,-118.3177169071009,-116.10811961548693,-114.62468544048585,-117.74845687169504,-115.297352994268,-117.32900880443157,-116.48850656503028,-116.84002204712502,-116.98285324102376,-117.46460576564327,-118.08075804107405,-115.47582318088963,-117.83604661523086,-117.30056670093337,-115.03977778878694,-116.3392862507436,-115.94009633925525,-116.67851967141924,-116.17785860734645,-116.00392700732091,-116.31883540847186,-115.66560871892553,point1,-116.73860736219328,-116.60615816895712,-118.64939829009279,1.0071501580947861,0.034846115730333936,-0.7504971295450678
HDOK,PLOK,17472,22,22,-129,-13,11,2,33,-118.43828810859969,-117.43684045938026,-117.28835069563036,-118.024051762279,-117.5068496666516,-116.66760920981334,-118.09282372835897,-116.74613044253822,-114.53516024876578,-118.50753398644915,-116.48580745582872,-116.15989722446815,-115.64433050771937,-116.38451709770825,-116.92655582225967,-116.36578386239896,-117.66610125772448,-117.88516084579298,-118.5447638183341,-116.8920639538222,-116.51929423973363,-117.46831347012034,-117.29104430198862,-118.35441569616454,-115.98588385637778,-117.35678998206205,-117.05275618756923,-117.65662219361988,-115.98887138978549,-116.97962801041628,-115.7740241640759,-115.59777208938999,-116.16608190709249,point1,-116.9815187164521,-116.97962801041628,-118.5447638183341,0.900622070266933,0.2907779744795948,-0.17769622279700892
HDOK,PLOK,17472,22,22,-129,-13,11,2,33,-118.26594056815387,-118.74743858619489,-117.71610952758023,-115.52481882078393,-118.30727670626521,-115.38307796721308,-117.39993564448987,-115.3690942279799,-114.8438195234591,-118.24326631097253,-115.60342488492643,-116.44063260445587,-115.37054431897947,-116.8355006329,-117.13562664130804,-115.65070523463298,-116.02624433304503,-116.55136242483474,-118.50419000255815,-116.42447795682732,-117.38220252566202,-118.5771407358954,-117.40571984287287,-115.41494372499282,-119.04147385554434,-116.38327252533048,-115.36843987852514,-115.0800883279963,-116.03672033889042,-114.82830044862327,-118.45082683412059,-117.74518102283066,-117.3406153431219,point1,-116.76964885824144,-116.55136242483474,-119.04147385554434,1.6389933784439532,-0.14737558566461892,-1.3443123973217883
HDOK,PLOK,17472,22,22,-129,-13,11,2,33,-116.80303127324298,-118.8436060880838,-117.71097150942752,-117.58637672036001,-117.48296315901412,-118.7179147903914,-117.78757493868873,-117.50247500989616,-116.28196524072627,-116.00280228877268,-116.0829656479814,-117.32395403207853,-116.55945390425182,-116.0786541561306,-116.63794697895325,-116.92357297425639,-116.73975855014741,-117.3857720069284,-117.008308644382,-117.27829134918024,-117.01583585728592,-116.77227131030757,-114.76443530608448,-116.65784206827912,-115.23435116055751,-116.92210795541368,-117.22789803525659,-117.00505786277216,-116.24420455616819,-116.93250036012002,-117.36463142778854,-117.93788587631734,-116.30230132554124,point1,-116.9430206777208,-116.93250036012002,-118.8436060880838,0.6843802699317223,0.17308091144728746,1.150982217069536
HDOK,PLOK,17472,22,22,-129,-13,11,2,33,-118.14909214401425,-116.85831879618509,-117.01284711923002,-117.35946699819041,-117.12419059149778,-116.64341220247047,-117.29542304171721,-117.53968607941295,-114.12639426734292,-117.15567278174733,-116.8221692938443,-116.11284230757289,-116.58803309967955,-118.25450960417965,-115.4417536036505,-116.5849056685017,-117.77267259470835,-117.75379056018666,-116.71901801397313,-117.28560953194335,-117.04201357417138,-115.07893063039207,-114.41857874240091,-117.31404785671691,-116.93366792726133,-117.08899468946403,-117.08308925243479,-117.37963020962991,-117.8049947674618,-115.00948290727165,-117.07614604966878,-115.52581822795962,-116.90853219731403,point1,-116.7655677373393,-117.04201357417138,-118.25450960417965,0.980699698341117,1.1570984553749473,0.9266550327907415
HDOK,PLOK,17472,22,22,-129,-13,11,2,33,-117.64884310360976,-117.03067793637466,-118.17477269730259,-117.36206737938313,-116.18235541527379,-116.22592069075849,-115.42431449875691,-117.97009310936753,-117.6671668324395,-119.01000909167735,-115.68095447401538,-117.19756863107591,-117.52871182954597,-116.13295278650892,-117.00286700247,-115.7948951308186,-116.1753628273971,-116.45103464659951,-117.46883389881866,-117.31236317454987,-116.79417579613022,-117.79577647454227,-116.94024179563948,-116.96773897459802,-117.34973918280141,-117.11444478061094,-113.85435051817055,-117.45245209940961,-117.50136529463344,-118.30032448039647,-114.08108089583547,-117.26876020270115,-117.25532630545564,point1,-116.91265278659598,-117.19756863107591,-119.01000909167735,1.1495355432924912,1.0779764989370517,1.8051580454354927
HDOK,PLOK,17472,22,22,-129,-13,11,2,33,-117.57962690700624,-118.44285365942986,-116.30601534626877,-115.77596796718655,-118.10285430728082,-116.81739313120335,-117.58839046230005,-116.34562884704073,-118.94380220177445,-115.9415289394422,-115.77536229938858,-116.96524039556081,-118.62946631862712,-116.34628057658784,-118.4674276531161,-116.42426716635671,-117.07066672467093,-117.80907769758687,-117.8145595718204,-118.0592824083323,-116.69295585672266,-117.66890664633509,-117.84457788737636,-117.74046904528741,-117.18427978429465,-117.79402092251574,-117.17108636828105,-117.57940490108835,-114.72694793240906,-116.59226747081206,-117.29799590138772,-117.8221783669553,-116.62275364753381,point1,-117.21041022157513,-117.29799590138772,-118.94380220177445,0.8619916576190093,0.46341809371619713,0.11004874619991512
HDOK,PLOK,17472,22,22,-129,-13,11,2,33,-116.5567665870931,-117.49166217229806,-118.11939988050567,-119.57166231875595,-117.53265820350582,-116.59633560567254,-116.48645660715599,-117.4025869702213,-115.92620856289224,-117.26817613810783,-115.36414476906216,-115.6763749669203,-115.76304009293978,-117.05847056278935,-116.73816494191847,-116.79092589338094,-117.06269261952069,-116.50952001508023,-117.60257860427875,-116.12201272452427,-117.53192938403126,-115.5344977074319,-116.33490019914241,-116.50885313709935,-118.10381273623294,-117.32294155572697,-116.54129524880443,-117.97226029039987,-116.99488561991494,-117.2501194036017,-117.15306765990466,-115.03583535032055,-116.30267076182531,point1,-116.85536082700183,-116.79092589338094,-119.57166231875595,0.8238427383927682,-0.46036937620567925,1.170615078419932
HDOK,PLOK,17472,22,22,-129,-13,11,2,33,-118.70215088014535,-117.46882425509942,-117.23616848088565,-116.48666334345289,-117.28012947869841,-117.210499923604,-116.98052019136558,-116.74124453753738,-117.53281374721755,-116.25385833458635,-117.15323062312842,-118.66781580260076,-116.2576169792864,-116.97917115086945,-116.9305671620388,-119.00157153509676,-117.90135128711465,-117.55402968298749,-116.86747497185063,-115.22181756744868,-115.67864903132275,-115.24035499600575,-115.52398309965655,-117.1179441032033,-115.25233053149215,-117.84662400891017,-118.4867682407882,-117.98863874982376,-117.5124181993889,-116.66318935584972,-117.80606386895023,-116.80516344535633,-115.13542318098393,point1,-117.01469911353777,-117.1179441032033,-119.00157153509676,1.0503295628535163,0.19636278879156907,-0.4185011825396492
HDOK,PLOK,17472,22,22,-129,-13,11,2,33,-116.3416968610114,-118.39571516419646,-116.72007833045555,-117.54485672230898,-115.18487516613644,-117.03463974928509,-117.27493594956843,-115.55025193190853,-117.99330786380257,-115.39266938470867,-117.42786517357138,-116.61119368077212,-115.10891413323093,-117.41176377879145,-117.0258495940269,-115.41410216353556,-116.1703646129277,-116.01741894192325,-116.70890254854689,-118.21496806731936,-117.35528866293728,-116.91954610766187,-117.78209157054509,-115.77886109280794,-119.46803536560786,-116.5390015709272,-115.42045594784052,-116.50254826052793,-117.06640415150848,-115.91811783483375,-117.8389197459828,-117.53343873311836,-117.65760725389981,point1,-116.82802079140076,-116.91954610766187,-119.46803536560786,1.0458096158723382,-0.21648846342478517,-0.16440426079722092
HDOK,PLOK,17472,22,22,-129,-13,11,2,33,-116.13489027779771,-119.0949851216805,-117.18987805362133,-117.76434829546068,-117.62765578158596,-116.92766948079726,-116.89119842527151,-116.86065074464585,-118.88059546597015,-118.4789839473878,-117.34225357986588,-116.81594142654056,-118.26926370792259,-116.58789074117445,-117.78964478207622,-116.84585805506397,-118.72873488014416,-116.89922425683811,-115.84875275085993,-116.45703451922934,-117.57737153524727,-115.91627434345548,-118.2902903505656,-117.07026105011059,-115.85270982528833,-117.84366956705801,-120.35066141842738,-117.65056008798899,-116.47390887789824,-115.57297248879821,-116.00379402608189,-117.45268010486271,-117.1990100335936,point1,-117.29362478797911,-117.18987805362133,-120.35066141842738,1.1112426688882715,-0.7072275070727703,0.7030072024611163
HDOK,PLOK,17472,22,22,-129,-13,11,2,33,-117.55314042920243,-117.12710702402117,-117.25193501654998,-116.77342841738236,-116.23572106841978,-117.23780246123624,-116.46540923303543,-116.95581124391352,-118.63501025985839,-118.68475647369706,-116.5983879657427,-116.33267933255061,-116.9136733318759,-115.82279483554127,-116.2116022645952,-116.57846510921371,-117.11762687376032,-117.398891952529,-119.34482549151086,-117.14272697475863,-114.31994899940383,-116.9958722173976,-115.80278132177301,-116.90227074953411,-117.71585699704508,-116.31761780545528,-116.02978521155515,-115.59565267045006,-116.69189443172897,-117.63065559512951,-116.76530444144174,-116.1725616061963,-116.69682390277806,point1,-116.84905520331164,-116.77342841738236,-119.34482549151086,0.8623415020212278,-0.2839234664708785,1.8698025769069155
HDOK,PLOK,17472,22,22,-129,-13,11,2,33,-116.31328537436437,-119.97647502342605,-116.82741966017588,-117.52234770511747,-117.6765699097172,-116.17132786370392,-116.8813916343327,-116.92473352223516,-117.9853837035569,-116.67751600812484,-116.80609209083832,-116.98708346362244,-116.94021915179282,-117.68718098193499,-116.03984238726511,-117.6443093302618,-117.0505384753407,-116.10747260158408,-117.04651895028522,-117.19286108212076,-116.63363034021116,-116.97221834633906,-117.69541335004281,-117.71245577253141,-115.047111490386,-118.06257080034985,-117.95745503134417,-116.95267303545795,-117.0697949204754,-118.02774197670838,-117.43637320411294,-117.09962368093244,-117.34075400419408,point1,-117.16564802645111,-117.0505384753407,-119.97647502342605,0.6673318445252908,-0.6546557566173391,3.8251190028517894
HDOK,PLOK,17472,22,22,-129,-13,11,2,33,-117.42996171775798,-115.74405075610186,-116.13129759252884,-117.39742032047293,-116.52319894007654,-118.61757687860992,-119.2611660284667,-116.9277546611674,-117.74567240176225,-117.253688500083,-115.63855165588907,-115.99968109833691,-114.78653916709325,-116.87098622075888,-116.56031358667539,-116.21662074551107,-116.59958210894933,-118.46892683353356,-115.97856407889074,-115.19482875311935,-116.42048830282248,-116.93807595574019,-116.48154330187491,-117.67648246003328,-117.94288047347771,-116.35222059168593,-117.57207585760393,-115.7108821868627,-116.23442467209682,-116.24323343988257,-116.85497099365607,-116.95987389630058,-117.7937160728218,point1,-116.80385606820136,-116.59958210894933,-119.2611660284667,0.950309062072125,-0.4027419137580031,0.18816046323957103
HDOK,PLOK,17472,23,23,-131,-14,11,2,33,-117.37318028486757,-116.88100493533234,-117.90209014106142,-117.57853133268358,-116.88013785244202,-117.15538393311043,-116.37061079458026,-116.08367312078839,-115.88144277035384,-117.14659899771289,-118.01047683481433,-116.52378373980656,-116.58131702628276,-117.1247534214032,-117.92197049976404,-117.6449489435224,-116.88991688436838,-115.83128588946352,-119.00911486105196,-117.71013877513099,-117.18280271093647,-116.30306969252513,-116.02360761020655,-116.47959947542225,-114.7432792492307,-113.86449216611315,-117.9714794154575,-117.56233240096103,-116.27497713943937,-118.0185400715598,-118.90571162053457,-116.62347548677343,-117.91573542678279,point1,-116.98089283346918,-117.1247534214032,-119.00911486105196,1.1079690569386245,0.6777248484054349,1.3677038937146668
HDOK,PLOK,17472,23,23,-131,-14,11,2,33,-116.5060991883171,-116.10091648224551,-115.70627363921533,-114.8083291793539,-116.5487814986129,-118.37456489555152,-117.24780902412073,-116.52471021515022,-117.02957378557358,-117.39803375290857,-116.31129051071056,-117.3704674594235,-116.46181174417053,-116.10610083379343,-117.07183919581851,-118.04060663163925,-115.49245615639147,-115.65248449190064,-117.46284035845346,-116.57657757545527,-118.33302178082452,-116.04787315746238,-115.93810638172435,-117.70154203588714,-117.17251633734415,-116.84037323616005,-118.35956941962499,-116.79371368444937,-117.41318156151056,-116.98738290705472,-117.44055447602507,-117.86302193180293,-116.91204486021884,point1,-116.86649904208772,-116.91204486021884,-118.37456489555152,0.7308554767970542,0.16459988774545856,-0.23868708722343213
HDOK,PLOK,17472,23,23,-131,-14,11,2,33,-116.25615882986332,-116.21433380608464,-117.04927888194194,-117.6663630257093,-116.49956284255194,-116.76472960512642,-116.97770744837312,-116.71088878081963,-114.78198511942435,-117.07178026847085,-115.34689818381564,-116.06535261230847,-116.53202419103859,-116.487644703123,-117.06668703962112,-117.58643803438407,-116.4711237278358,-115.18101421600802,-116.91909500030759,-118.12089262437026,-117.37841912811257,-117.97961447235481,-119.1872608546383,-115.79825910901177,-117.21633720231729,-116.6264058378149,-117.46545337507548,-117.15712024726488,-115.83572809732705,-115.27981090203237,-117.16756410208126,-117.86186185374187,-117.25888322910846,point1,-116.78735385915333,-116.91909500030759,-119.1872608546383,0.8375247847041559,0.0030564486635862643,0.5244735218019785
HDOK,PLOK,17472,23,23,-131,-14,11,2,33,-117.35476772107178,-116.11869739642496,-115.59290423413609,-117.78531173283434,-118.31400508306824,-116.70899426913385,-116.13459503020508,-117.02191507872672,-118.14711701848705,-117.28652579243607,-117.15223550210602,-117.31369053836058,-117.84592141844783,-115.74503212841036,-116.06539876002402,-115.86369374065674,-117.4293611132049,-117.1111987151056,-116.53791528295191,-115.57171393038693,-117.75850827191522,-118.67675342365527,-115.81863621577419,-117.0613665095791,-118.43869282902666,-116.27546514967734,-116.21901801614767,-119.55929209668815,-118.10781395276449,-116.45612258760886,-116.60032739434702,-118.93345890708696,-117.88410986032517,point1,-117.11789574850835,-117.1111987151056,-119.55929209668815,1.05363099542515,-0.3737174150811814,-0.5825383844813325
HDOK,PLOK,17472,23,23,-131,-14,11,2,33,-117.09973702758094,-116.39501351083355,-117.49933569520933,-117.0175734374583,-116.28305859838918,-117.77240419785126,-117.01297451055366,-117.20434482349802,-117.06691182614797,-116.84855788734635,-116.20324373716933,-118.56553564396766,-118.10029264117094,-115.01610459462879,-116.89810660849587,-117.47112226798282,-115.82081977343566,-117.55426275969334,-118.23133036363308,-116.83958817448156,-116.9052886602982,-115.81551580895963,-116.55346782444394,-119.07836198791827,-117.24850468035878,-116.91628704090967,-117.14203290484687,-116.39104510053193,-117.51098403166463,-114.96942293625186,-116.58886620211011,-117.40643897594015,-117.9283361215973,point1,-117.01075364713206,-117.0175734374583,-119.07836198791827,0.7720289235422417,0.18225467979113721,0.7049664664058874
HDOK,PLOK,17472,23,23,-131,-14,11,2,33,-115.7662019193926,-117.21414377975448,-116.77683895423093,-115.84338658182809,-117.68805589059066,-117.49471248374452,-117.50436225177407,-118.04026741943044,-117.84925965171327,-117.44261150620025,-117.2542095780342,-116.56510859130728,-115.95184366576882,-117.36956970493245,-117.4884342196255,-117.73263049215119,-116.09226963186006,-115.72627644903274,-117.85185441011076,-116.82129283906129,-116.95488355690682,-117.34702579419184,-117.22104189952415,-116.70270330302203,-116.28071178976109,-117.26512971886,-117.83657127586973,-116.26936695567284,-116.78105562033518,-116.23406664543175,-116.03303261679159,-118.07424088180717,-117.41633542362366,point1,-116.99665137885881,-117.22104189952415,-118.07424088180717,0.49616256212843646,0.35494749500067746,-1.108530182357367
HDOK,PLOK,17472,23,23,-131,-14,11,2,33,-117.1171187727712,-114.10070895859576,-116.8094153778112,-116.90863701243707,-116.430513218969,-116.58025119661788,-116.19708514017809,-116.6923202897027,-114.71416271736838,-117.12129887141616,-117.40153726746458,-116.34315133794244,-115.75280293209292,-115.45949293335293,-117.54121158048072,-115.89833850821178,-117.08637278394396,-118.11722181509123,-116.95399312166323,-116.9468204743893,-117.07483492151505,-117.09095108787606,-117.68804265943601,-117.16854883822744,-117.54369365753941,-119.69579044887327,-118.37278918129707,-116.38882472587933,-116.77046874452361,-116.57160905689095,-115.89035800487743,-115.75173284461297,-116.60271196693616,point1,-116.75099425602981,-116.8094153778112,-119.69579044887327,1.0214071033928034,-0.05981286001459723,2.133539638288347
HDOK,PLOK,17472,23,23,-131,-14,11,2,33,-114.6841083731974,-115.64731431865083,-117.51738374933815,-116.68560095211366,-118.70284835438386,-114.82798787837794,-117.00496572382204,-116.97789901143096,-116.52140079735312,-116.24392473410984,-116.61200623582037,-115.85340433053277,-117.04293092864947,-117.07077137811422,-117.42595372254301,-115.94151957451182,-117.59800807173752,-117.3793865118491,-116.26598938637498,-115.84657846066982,-115.61467318520799,-116.31358045936037,-117.31311159028627,-117.53697442434228,-117.69686407482719,-115.80362256332228,-117.72908667738353,-115.76934970550612,-116.21166386440544,-118.04639834708145,-116.62849219120217,-115.59128715862754,-116.62850310518407,point1,-116.62829060122174,-116.62849219120217,-118.70284835438386,0.8266623304154945,0.03164081539663668,-0.2659115990191543
HDOK,PLOK,17472,23,23,-131,-14,11,2,33,-116.47438096659089,-115.97230405546485,-119.09042717498946,-116.52241993851466,-115.76812753902144,-117.16818148094437,-118.60460297091146,-118.51671134328193,-116.16235339342917,-117.94183180370578,-117.71489245996696,-116.25915769165994,-117.35913948615053,-116.57569945928354,-116.71620779827163,-117.43041953750203,-115.24731211707791,-116.75882557508112,-118.53431745522344,-117.80603629469014,-114.80509603941096,-117.14644013697838,-116.49746542046026,-117.19713511050611,-116.70444696597123,-117.03597506814856,-117.94564170861422,-118.01061594103255,-118.07340681336792,-116.18212923136278,-118.16939735531392,-118.54785829021145,-116.2714452287248,point1,-117.12758793490498,-117.14644013697838,-119.09042717498946,1.0430739549640329,0.1177645918646049,-0.5226087774087302
HDOK,PLOK,17472,23,23,-131,-14,11,2,33,-117.36075093391884,-116.37751620562479,-117.53616200353535,-117.3192383918364,-116.22902323948081,-117.2540199089565,-116.76076439776293,-116.3498832298859,-117.30047643146617,-115.5070452265275,-115.95849407323044,-118.01869233984016,-117.75348774226029,-117.22802990013274,-116.5139165408865,-117.75204149187024,-117.5305283344527,-117.57588379423517,-117.896488148885,-119.16745416598215,-116.5550725445795,-116.50015927453904,-114.36922568640333,-116.85752554021192,-116.20975459557435,-116.99691331318382,-116.64762702693574,-118.01612876664979,-117.34885760369743,-117.74914233294228,-116.79029964917419,-118.29260731149542,-117.62664663893291,point1,-117.07120778136638,-117.2540199089565,-119.16745416598215,0.7823354138463623,0.5828558065886162,1.7485344422016724
HDOK,PLOK,17472,23,23,-131,-14,11,2,33,-117.72021520574415,-115.47533470603112,-115.83801678996483,-117.61902614337923,-117.8337475452572,-116.07371605937293,-116.89738936437264,-116.89328103944935,-115.64533584328841,-116.16049880339116,-116.8733775550699,-117.9576165422158,-116.2201532221527,-115.61068652127567,-115.86165852222885,-117.96649926679191,-116.9611926467795,-116.00250476990878,-116.99074530011075,-114.69522919581104,-116.3465000174463,-116.21387973116134,-117.90785345266923,-117.71376798778296,-117.48310448639975,-116.3522730249637,-116.44419396098698,-117.72374559580663,-115.89922305401086,-118.33893384412636,-116.7930815516189,-116.34452159677234,-116.61386806240961,point1,-116.71124761844699,-116.61386806240961,-118.33893384412636,0.7709237632586733,-0.0028831235704515875,-0.7066134137519313
HDOK,PLOK,17472,23,23,-131,-14,11,2,33,-116.51269633147058,-115.57927181773542,-118.91113164006593,-117.02045438700274,-114.95127829148143,-117.02090688078165,-114.85795039012686,-117.0327453759243,-116.2162844875183,-117.67683657860033,-117.79458448731576,-117.7946103486118,-118.9751570931391,-118.36301723552255,-117.93354523223049,-116.52572010688812,-116.60699104495681,-117.73117916065333,-116.65125166112658,-117.88707575288406,-117.00717726045433,-117.21404244370818,-116.84310373702084,-117.31231823168035,-118.74390647052329,-116.85919557516385,-118.75745704380334,-115.33141616225525,-117.02402340461845,-117.1287172886781,-116.94032638522545,-117.11424185979348,-118.65089852083477,point1,-117.18089432387258,-117.0327453759243,-118.9751570931391,1.098951149094507,0.3011365223717863,0.0044103710056200285
HDOK,PLOK,17472,23,23,-131,-14,11,2,33,-115.21903984640225,-115.43297757117365,-117.10583585468063,-116.19683533759424,-116.62792254381152,-116.8490818520263,-116.82451490659741,-117.30763764905208,-117.14894483451396,-115.01092018908756,-117.02767499178044,-114.83760033592958,-117.58262905215135,-117.55431602613305,-116.00840383607692,-116.46700973001681,-116.79526467404031,-115.90259720301856,-117.18980745073334,-114.65626548063632,-116.3718953544988,-116.58590353475999,-115.98800036239318,-113.78502169320213,-118.1661157030585,-117.34952178761174,-115.49412044142319,-117.55564386176654,-116.95225735825665,-117.14040681801566,-116.81899472328637,-116.53642132020678,-116.1792562298447,point1,-116.44451025920544,-116.62792254381152,-118.1661157030585,0.9290968176920715,0.8187997268630762,0.4509493880387305
HDOK,PLOK,17472,23,23,-131,-14,11,2,33,-118.5961230405609,-114.5094106576343,-118.40206630498606,-117.54910773199981,-116.03343470904224,-116.21662927642774,-116.65534928907775,-116.10215900140582,-116.50464850317184,-115.9314680061464,-118.93517277855585,-119.23612663534986,-116.15236433926411,-116.33310951807839,-117.71605440388751,-116.50784328057819,-116.71639730667835,-115.40448887625595,-117.05052672447057,-115.8263330670424,-116.80839887975029,-118.15680489848802,-116.27833588136575,-117.14990596377166,-118.06942103258645,-116.41072247228276,-115.28550005586713,-117.96811476957575,-116.59766768468006,-117.18750008845251,-116.66144628659333,-117.25417322705925,-118.14459680230154,point1,-116.91973943919359,-116.66144628659333,-119.23612663534986,1.1608181025233513,-0.22432540053726846,-0.23104042065266261
HDOK,PLOK,17472,23,23,-131,-14,11,2,33,-116.99805255089643,-114.96598967826029,-116.23694336194264,-116.8152956976107,-117.20559784687141,-117.04062617392255,-116.97544851994043,-117.56411565959101,-116.07922088993448,-115.73051431360936,-117.18160148583588,-116.98007750968046,-115.34839799281634,-116.99571853543661,-118.97410326594941,-116.06067305459129,-117.35564435698525,-117.75712661946186,-117.02544387861069,-115.95460075721024,-117.64048159595082,-117.26472449330598,-116.78615220365762,-117.00919616344011,-115.77755149239829,-116.70505425994455,-117.47614304505576,-117.19931725417895,-117.7690447334702,-116.9598358085493,-118.50487459699033,-116.52518127761537,-117.51599593503445,point1,-116.92056803056816,-116.99805255089643,-118.97410326594941,0.6795361183905858,0.11420677113552981,0.7197686508617189
HDOK,PLOK,17472,23,23,-131,-14,11,2,33,-115.9375257309741,-114.54832419644184,-118.0281164035998,-117.0187043054154,-117.7440721463535,-117.74133138177497,-117.90438122855367,-115.85041563855894,-118.07134713210995,-115.79198244072113,-116.57166879856814,-118.73573661703655,-118.53569445359518,-118.3548316933528,-119.2204724843384,-117.3788892459436,-117.65037723335195,-117.42782154198704,-117.6235933335102,-118.5914443536991,-117.59501306914797,-115.15852020533595,-117.3126769266183,-119.43244203965034,-116.9841094598594,-116.21569663727732,-115.8079695060482,-115.79510684400175,-116.79994453112022,-118.0298139515495,-118.1510739578311,-118.28888761490073,-117.88039073120198,point1,-117.33873866164936,-117.6235933335102,-119.43244203965034,1.3442882087261032,0.5079106994742985,-0.2757763833472828
HDOK,PLOK,17472,23,23,-131,-14,11,2,33,-118.52669801391525,-115.0559271286305,-115.73456403645004,-116.88766023964403,-114.88027658166811,-118.43559845877726,-119.43133859403189,-115.4765943463003,-117.5566489214351,-116.64432692940741,-116.10594445352577,-117.01375711972707,-116.14375986144071,-116.56718513359252,-116.75852315801234,-117.44073341385197,-116.40933702985599,-116.97559686506166,-116.53951014946213,-117.25733993555552,-117.02113628500918,-115.50847534460678,-116.7414942923166,-117.66635285073316,-116.59044072747248,-116.50095482969736,-116.64127589228521,-119.80219290992842,-116.6741552111827,-117.80635958488666,-117.5888781572437,-117.54575254672227,-117.40783173345518,point1,-116.94959456775413,-116.75852315801234,-119.80219290992842,1.1564964535679327,-0.5713051391144238,0.9403357457602959
HDOK,PLOK,17472,23,23,-131,-14,11,2,33,-116.25872098715097,-115.92178214603169,-115.59227068342335,-117.07623775931671,-117.3813281082664,-116.81429751512371,-116.88250653008961,-116.0150902208897,-117.60839997262033,-118.62715430921186,-114.9889485089382,-117.09894429339076,-117.76056837298927,-114.69060056215183,-118.81805862145053,-116.72030037190117,-116.33303012206707,-118.02585877602625,-116.68151755194444,-115.97226802597453,-118.27584976394202,-116.54010144720904,-118.84025443508426,-116.69009609544986,-118.50315957234862,-117.40284907009692,-116.60854879534368,-117.42793780572904,-116.17869854447399,-116.69044199846661,-116.72506253208952,-116.90901826463201,-116.3075813554776,point1,-116.92022676119097,-116.72506253208952,-118.84025443508426,1.0027016815689602,-0.11006615450278286,-0.05588755567630965
HDOK,PLOK,17472,23,23,-131,-14,11,2,33,-116.62242115296691,-116.1856524726061,-116.31226701730768,-115.97628511122291,-116.66304343832826,-117.57769120380105,-117.19181278957431,-118.14385383747192,-116.43542444370256,-117.13328704086304,-116.99216525805784,-115.77419876470506,-115.77124999554505,-116.794705349276,-117.84883604036283,-117.29792513761993,-117.28303127056948,-117.5383689210291,-116.33540783773672,-116.8347998662913,-119.02982827452017,-115.71495093429533,-117.18955915310681,-115.74396683775778,-116.41128630023756,-117.78923454050836,-116.04894363489841,-116.06547731402894,-118.95638221751413,-115.48219216072975,-117.32205803213505,-114.23336266914517,-116.77244586314863,point1,-116.77188226912317,-116.77244586314863,-119.02982827452017,0.9549887371375413,-0.13528074085978473,0.8020940038292417
HDOK,PLOK,17472,23,23,-131,-14,11,2,33,-118.98518969833366,-117.74330269995114,-116.47131333090785,-116.04704576554583,-116.93166070987454,-118.0471757398394,-116.1385038830054,-115.66470135355438,-117.45582122975478,-116.4937834859076,-117.56970173504627,-117.01343720692674,-117.14628609803636,-117.15024300137559,-117.86364547511891,-116.42731911506924,-117.30401890920719,-117.8108561279102,-117.93712805915777,-117.28289388270225,-116.7564182883864,-116.4773419111126,-115.38512275094456,-116.52754089004644,-116.83583363529586,-116.60837524541019,-116.43448322704799,-117.6681431099708,-116.30825589346158,-117.69830843737412,-117.2869199345857,-116.74808452968415,-116.97469808173632,point1,-117.0058652558267,-116.97469808173632,-118.98518969833366,0.5498128403298176,-0.20611073465051852,0.38337066468281567
HDOK,PLOK,17472,23,23,-131,-14,11,2,33,-115.2807431280539,-116.87952501592984,-117.12584017895622,-116.98559715169739,-116.588995489167,-118.76309052338837,-115.51571791860495,-117.66287002714063,-116.49536210729843,-118.09723531118783,-117.79903645421838,-118.05149425535923,-118.08716418650056,-115.65094884123853,-118.23933711190242,-117.12362507224177,-116.54789568774927,-116.13585121702995,-118.0408336095099,-115.62402777924295,-116.80704228154818,-117.30067491695733,-117.68593652317087,-116.73707591271435,-116.85669153933044,-117.13382895359477,-117.94950414069098,-118.00951581815251,-117.49817203316306,-118.36073897153882,-117.32731164972837,-116.99717852643921,-117.55304122085808,point1,-117.17914859255467,-117.13382895359477,-118.76309052338837,0.7475743915209971,0.47455488856812406,-0.33045074512742945
HDOK,PLOK,17472,23,23,-131,-14,11,2,33,-116.93554470846513,-118.2121586217252,-116.9232880108733,-116.90703959417347,-117.31201626301942,-116.19881045553208,-114.31911301327666,-117.78848398081857,-117.93299594647317,-115.84158755614172,-117.06375200014057,-119.00826686041555,-117.98753237219509,-117.54478864009174,-118.76619617255243,-115.24337607403609,-118.38129603943197,-117.36662805811616,-117.7216700616992,-116.84806269919031,-116.60698265238497,-115.56144861181772,-117.10679827744704,-115.92227892399958,-114.91798659054317,-116.81788347948485,-115.05963553836285,-117.17087074372841,-116.88069866039073,-117.75304841764492,-115.87766377018457,-117.94184334425817,-115.60088667291036,point1,-116.89456463065228,-116.93554470846513,-119.00826686041555,1.2796012319234422,0.3504664429804036,-0.41790255434460866
HDOK,PLOK,17472,23,23,-131,-14,11,2,33,-116.16444618197185,-115.18370796935825,-116.31347255794716,-116.78848045080213,-116.59624802746484,-116.94397699872411,-117.23895783185228,-115.42226923332677,-117.08188249919911,-116.99129847664813,-116.28715400370737,-117.3512742802616,-115.14925800644072,-117.58550424447144,-119.1677522319449,-117.98816151989257,-117.57979725185506,-117.03543533235998,-116.7681384028804,-116.15295628307251,-115.44746016062857,-116.58748495994305,-118.16696595148872,-116.43196554443546,-117.5408202092939,-116.16014079226714,-116.62801771803566,-117.16053456410145,-117.55094216914803,-118.14337017777189,-116.4979394770034,-117.96944221103404,-117.62301477559336,point1,-116.89994759075535,-116.94397699872411,-119.1677522319449,0.8092063099741612,-0.053682183052329815,0.15055260306027352
HDOK,PLOK,17472,23,23,-131,-14,11,2,33,-115.0588203688051,-116.46068689008328,-118.79447590817843,-117.82449722924578,-119.2289758134959,-116.60053534405087,-116.23635671310328,-117.49234176750129,-117.12746963983571,-117.11020409102673,-117.84883231431989,-116.80976953801785,-118.7192328157904,-116.12144218474339,-118.30603664505266,-117.67062045961069,-116.45196844087506,-116.60533414355798,-115.97604319114247,-116.48955825066236,-117.58243226347719,-117.14228434922553,-116.78143589451804,-118.43657895958377,-117.28654296313832,-117.13188346680805,-116.4949119378253,-118.09458245493816,-116.82470544184804,-117.3684679831744,-115.49655407522647,-116.05935813715153,-116.77129796678784,point1,-117.10315871644853,-117.11020409102673,-119.2289758134959,0.8903716726581581,-0.2531783855588384,-0.1001932448988394
HDOK,PLOK,17472,23,23,-131,-14,11,2,33,-115.89971687231798,-115.26695125905292,-114.72478384025038,-117.65869976846488,-116.48115129235354,-116.77709083144636,-117.43635076389356,-116.98898685186248,-116.34467496982028,-116.9668493265887,-116.71497001820833,-117.8953934702149,-116.02824023558205,-115.84351307470821,-116.1362124214883,-117.7212171177747,-118.5632297411448,-117.72892269080958,-116.91261536430002,-117.00011514870639,-116.7740707451584,-116.05546429944843,-117.71893057698476,-115.74917146178205,-117.06870814597077,-115.4221375484683,-117.8419075251358,-115.79589125952873,-118.37357027634157,-116.33184644431377,-115.95425490878317,-117.40196067738475,-117.04881767032361,point1,-116.74625504844282,-116.77709083144636,-118.5632297411448,0.8279338150044644,0.04955882556117585,-0.5315891252223937
HDOK,PLOK,17472,23,23,-131,-14,11,2,33,-119.77869853616775,-114.6227483849751,-116.45348283424228,-116.8900513478516,-116.42437818109919,-117.62170576321238,-116.25344754253646,-117.14887515030682,-117.98425972473567,-116.42327419637677,-117.08096494238877,-117.44774778327316,-116.05791810464183,-118.1427481904991,-116.83464146971444,-117.0081995483504,-115.31250414231243,-117.55074579835575,-117.35966678876132,-117.69129258350762,-117.35381393264082,-117.56214486536284,-116.83505076389346,-115.94269573647499,-116.30042153025491,-117.31444995090345,-117.58984758713369,-116.33967257037939,-116.5172419785656,-115.21998706298517,-118.00629990688344,-116.6766562115759,-117.6579385260785,point1,-116.95162338292243,-117.0081995483504,-119.77869853616775,0.9182098879468358,-0.11896045683994563,1.6457846537525609
HDOK,PLOK,17472,23,23,-131,-14,11,2,33,-114.0219311739972,-116.78237810604053,-115.55294215167041,-116.67660598291444,-116.87143754310493,-116.51558404447573,-117.4835639492619,-115.00473599111591,-116.7817873841279,-116.96778577604833,-116.15952903572105,-116.40177730189235,-117.72192686312576,-118.02415354695817,-116.33455027873605,-114.93826124531451,-115.3678709147814,-115.0390610319265,-115.76527993510521,-117.79538794973877,-117.4014368274873,-115.85746694608676,-116.94168367124377,-118.08847876296446,-116.92959234596579,-116.57859953316239,-118.05302235557126,-116.09828519605587,-118.34937988292462,-117.33566228009154,-115.59240932750207,-118.34138114395928,-117.96635095939735,point1,-116.6587969526809,-116.7817873841279,-118.34937988292462,1.1875482543599796,0.354862419638765,-0.4688336030800069
HDOK,PLOK,17472,23,23,-131,-14,11,2,33,-115.64348746655854,-117.52494599592936,-117.72289455339946,-117.82672864436158,-116.82417881953697,-118.34410804093662,-117.9147530916345,-116.95813613495937,-115.7390758140926,-119.10225718543576,-117.91056334181424,-117.14462743952687,-118.04520830068584,-116.50767435994904,-116.38175570806054,-118.0367294126245,-116.9085438886004,-118.28931980396975,-117.08506415889953,-116.95052088756275,-116.48276494459719,-117.0553600924238,-117.76944716550871,-117.09126994011385,-117.91686042001479,-116.77703608109762,-117.88929545338094,-118.89271868730091,-114.80079953015657,-117.47979862944626,-117.70180527013157,-116.29365415536586,-118.6745026772241,point1,-117.32381473016059,-117.47979862944626,-119.10225718543576,0.8747259355988292,0.4881071137206202,0.42098040543714976
HDOK,PLOK,17472,23,23,-131,-14,11,2,33,-116.15654809899281,-116.04920039284593,-118.28438734492981,-118.26424098199325,-114.86039837447339,-117.58946523447447,-119.25217011194229,-118.57473005982085,-117.1849053554884,-115.99818814733112,-117.20303972365781,-116.8731570112006,-116.90787800873409,-116.57256967079398,-116.6527024024185,-117.24886704681295,-117.13217061675587,-117.20990764673537,-115.3563220256162,-116.2807652438501,-117.48985983774683,-116.48078719936282,-117.46831341686637,-115.78948920944597,-114.65438345813922,-116.63698827628647,-116.8372881027596,-115.59670604582762,-118.21879233674257,-117.71828459329706,-117.70479613321396,-117.73728051523835,-115.18675049806865,point1,-116.8839797915716,-116.90787800873409,-119.25217011194229,1.1454287326315762,0.1222353119573666,-0.2429962101391996
HDOK,PLOK,17472,23,23,-131,-14,11,2,33,-117.5952257002854,-114.90009846940228,-116.19331774323265,-115.57126049436143,-115.72626385098722,-116.12490522065966,-117.91530270173514,-116.57322866418397,-117.0343600272749,-115.66054742566324,-116.65836563873458,-116.04275951294308,-115.6979801762965,-117.12705614518663,-116.7133361145182,-115.96637008447237,-116.01250054462918,-117.25726751217454,-118.20458614774147,-115.86573197480779,-119.32564527825521,-116.51241463304214,-116.55826045698025,-116.42298080870208,-118.26275790766991,-117.6807991261124,-116.50712871482489,-116.5534619393336,-117.4576407369638,-116.34189494528596,-115.4696616253013,-115.05489565055706,-115.99926396422356,point1,-116.57537181625885,-116.50712871482489,-119.32564527825521,0.9341589984635613,-0.7781896306556072,0.6543671230618524
HDOK,PLOK,17472,23,23,-131,-14,11,2,33,-117.26278735396855,-115.55700138084131,-117.99596911927279,-117.38199178024317,-115.49440253052268,-117.44597779251512,-116.19057276658943,-116.33631030717928,-116.4910244428334,-113.96998166259883,-117.72538214931305,-117.1646955946696,-115.97394159835241,-115.25743791880676,-115.76396857787563,-116.23605369614613,-117.34714500417269,-118.25724020507324,-116.51469924408335,-116.42918296134047,-116.93700395011786,-115.58956736646344,-115.21072579014586,-116.98135089998699,-117.20277617773796,-116.4695565992598,-116.79162775423238,-117.71906631713968,-116.60675521091794,-117.78877002458114,-116.75985128776057,-115.49194468151927,-117.4781092127502,point1,-116.60069307148515,-116.60675521091794,-118.25724020507324,0.8927519240065476,0.5443556844345837,0.2349898420231309
HDOK,PLOK,17472,23,23,-131,-14,11,2,33,-117.54235189975681,-116.67822652719343,-115.50662000357497,-115.80900066485691,-116.18626012788317,-116.40790628239347,-116.22138968165041,-118.72683483929359,-115.29496234311519,-117.470068033866,-115.98868394261385,-116.81901869140577,-117.6025561835949,-115.61671303332086,-118.06894850899114,-116.02566296526247,-118.9956930554645,-117.07382139580876,-117.60535395816406,-117.01642659396178,-115.46605102451268,-117.15479678319814,-118.31759726533726,-117.84782801520583,-118.26218892585399,-118.23072957847882,-114.92476306337002,-117.95063443653595,-116.9975482856307,-117.40880194574308,-116.37637136088804,-119.6187673144273,-117.5504804028758,point1,-117.0534259737645,-117.07382139580876,-119.6187673144273,1.2826425824498635,-0.11882489413831863,-0.5637804465268235
HDOK,PLOK,17472,23,23,-131,-14,11,2,33,-116.96058602608963,-116.88895156196858,-115.95605850640969,-116.76283293985178,-117.47635044160182,-116.10323557316526,-117.59063309861824,-116.57263761075637,-119.00799529706634,-117.02938150041169,-117.63373422634501,-116.56761620031259,-116.64876207876178,-114.92304053184199,-116.25093472473634,-116.15729947181107,-119.00897287455774,-117.39025724838042,-117.37087927556433,-116.40417973540126,-116.0302356207349,-117.68191244678309,-118.09208666827372,-113.88328074503131,-114.58629478169625,-116.1909779634162,-116.32862404919746,-116.33573869337582,-115.06300148999568,-116.81092048432627,-117.10029054211326,-116.94887771410619,-117.55172805926823,point1,-116.7063123691506,-116.76283293985178,-119.00897287455774,1.1720057031370077,0.3087136936776332,0.9675188942531325
HDOK,PLOK,17472,23,23,-131,-14,11,2,33,-115.97174615333353,-115.60644787619403,-115.10504387458619,-116.16187061037589,-116.92521787869435,-117.95953188815271,-117.2021468130123,-117.73863881451643,-116.6915885453934,-118.32363428066438,-116.97089295890895,-117.59236743565101,-117.43279611800637,-116.1828652699942,-118.15108031830245,-116.8319509510688,-117.47302849525269,-116.36675303433425,-117.61275133424704,-117.15978534857669,-116.420399907764,-117.16090002302516,-119.61546253702318,-117.30874038320421,-116.80744573085714,-117.79457188458443,-116.75485733505207,-118.16959423276903,-118.74438428003403,-116.00380526211599,-117.15878098960373,-117.9193272739047,-117.36987925908353,point1,-117.17237233631175,-117.16090002302516,-119.61546253702318,0.8392257447290874,-0.17426647405382792,0.5983108880751598
HDOK,PLOK,17472,23,23,-131,-14,11,2,33,-115.8348334079456,-114.2241052975243,-116.97069927875975,-116.81691493400861,-115.56132202454693,-115.81964285262423,-118.45716099994272,-116.02958971352254,-117.63541580459628,-116.38718698594626,-116.09031117166862,-117.6208848839269,-116.12545421344848,-116.93668829826842,-118.12897733833815,-117.77262752470469,-118.72758966156404,-118.30968881078155,-116.0738109213702,-116.76654624612786,-116.76714840039075,-116.67679843831777,-116.52313066083502,-117.11663956047947,-117.63603641614048,-116.97513307554878,-116.2215900581095,-117.05015015250147,-117.04887725875727,-118.7344456062397,-116.62114778440737,-117.58020065952645,-116.74553594174975,point1,-116.90867528432183,-116.81691493400861,-118.7344456062397,0.926187359019773,0.16774111099888553,0.6503773013156393
HDOK,PLOK,17472,23,23,-131,-14,11,2,33,-117.63193777334003,-115.72289108729748,-118.81839181082314,-117.80802601816514,-116.65400011336315,-117.52148022829223,-117.32067326803993,-116.4312267909749,-116.60231505321603,-118.57716585502402,-116.07946063064378,-116.5565324217037,-119.45273701625389,-115.7743677212518,-115.52362882811582,-117.64338486311391,-116.09658875436199,-117.66039014004967,-117.45136581071557,-116.75717488091774,-116.37573131385734,-117.24487485073617,-115.76893351897036,-118.2854588799001,-118.27720721975078,-116.63292207152055,-117.54764130564158,-118.79412183053485,-118.8518499904234,-118.43240948970706,-118.26079615090114,-115.95099926421345,-116.47547996696522,point1,-117.24188378541776,-117.32067326803993,-119.45273701625389,1.1376377285046513,-0.19717078097278798,-1.0258292734855274
HDOK,PLOK,17472,23,23,-131,-14,11,2,33,-117.27424965392524,-115.82097038010613,-118.46342589769559,-118.96223081290415,-116.2148594581145,-116.51708369935227,-116.35004083597296,-114.84336610986884,-117.08256069165654,-116.48024197951722,-115.71179091700871,-116.60610267167345,-117.44470984743101,-115.19200452058514,-115.11563492897652,-118.63198789780277,-117.10076197788109,-117.02409817065622,-116.76501401899915,-118.82417825933554,-116.79410930996906,-115.6208765497648,-116.40261218380356,-117.58973904958044,-116.14245041970611,-117.15747274137387,-118.5549154270335,-115.57456684733073,-117.0281392702275,-116.80190413399893,-117.6477114691414,-116.11306029954686,-118.12471514081524,point1,-116.84780562338652,-116.79410930996906,-118.96223081290415,1.1561256117309422,-0.2515380523128467,-0.5076795306715871
HDOK,PLOK,17472,23,23,-131,-14,11,2,33,-117.44650041569082,-114.2706317178712,-116.8258443107736,-115.84446514498862,-117.19291480485045,-117.51342441725916,-117.31053424629903,-115.54456687426445,-116.81621749604724,-115.4132487020048,-116.7819043882874,-117.62913306654464,-116.62499663194329,-117.08151461336242,-117.62575285254339,-117.74710432447233,-115.93022349756258,-116.71775297338158,-116.6656666488054,-117.80858996299548,-117.37838684546323,-119.14192656552336,-116.07212027827278,-116.6643625530027,-116.88401733983791,-116.9246077746915,-116.20180067978514,-116.16627701396341,-118.05436653441355,-116.3927647501534,-118.01326856449218,-115.66022222024655,-117.41451210922808,point1,-116.84120061572793,-116.8258443107736,-119.14192656552336,0.8578588364697713,0.2951464059825346,1.0333311869479362
HDOK,PLOK,17472,23,23,-131,-14,11,2,33,-116.4970052242739,-116.6922289070814,-117.45335890407496,-118.03256521191383,-118.73266261052211,-115.0809219923925,-117.20246401093266,-117.59015400199117,-116.36638706804975,-118.33772894071568,-115.51174250055668,-117.79246025494224,-117.24270594935395,-116.35677747390713,-117.32874467921489,-116.80877437989638,-118.50299525120951,-118.75269799429037,-115.99495884684673,-115.72122100815524,-116.70569709984186,-117.15521227263143,-116.36600540934046,-116.5062730258731,-116.51437844330104,-116.51663803980088,-116.8413741907655,-117.03935558797062,-115.88965676301885,-116.01357672651899,-118.12818379552455,-116.21547487227731,-117.0784270460523,point1,-116.93844874191632,-116.80877437989638,-118.75269799429037,0.8348212638318362,-0.3026524832987715,-0.4034916110126936
HDOK,PLOK,17472,23,23,-131,-14,11,2,33,-116.34687702291656,-115.93277675327697,-118.76128901733424,-115.88916237333216,-117.2595731553872,-116.1084440826259,-118.2950141548076,-118.45493620044047,-118.31475856716457,-116.85627701971757,-117.68938731923137,-117.02389174522929,-116.32804988772926,-116.98301732998323,-117.09461915927443,-116.13514853707184,-115.04960009135438,-117.09903981975997,-117.50595215982734,-116.59010628171085,-116.17721666184664,-116.36530977532836,-119.18005934826,-117.44449715936025,-118.18414934964008,-116.62451582430529,-115.28560004550042,-117.96368638774459,-118.38882966296094,-114.8517153943928,-118.6124313080651,-116.99698502132158,-117.55853176210083,point1,-117.0712560114849,-117.02389174522929,-119.18005934826,1.180571863767783,0.06587499922244712,-0.6253491583505908
HDOK,PLOK,17472,23,23,-131,-14,11,2,33,-116.50104573761269,-115.9974841202994,-117.78821208386192,-116.15271961182356,-117.47062517660436,-115.37882314152105,-116.61383823295432,-116.59061036955819,-116.04589026632999,-115.58083959249845,-117.09038330324289,-115.98014561561877,-118.72685226970528,-117.25799588429275,-116.5893062962322,-117.02709300189565,-116.58612439097331,-118.0232027043263,-115.61184531454023,-116.9424354644582,-117.68450506391392,-117.2603624692901,-116.04138713631667,-117.88742613954966,-116.31287435382406,-118.88250870926579,-117.66202959132589,-117.28617137763655,-116.62806121266973,-117.62535645205207,-115.61100227451588,-116.18313174355447,-118.30342539404037,point1,-116.88859740897894,-116.62806121266973,-118.88250870926579,0.8270613875520193,-0.34923890901182,-0.5950630386981617
HDOK,PLOK,17472,23,23,-131,-14,11,2,33,-116.79413431708312,-116.0486985882822,-115.02925954398523,-116.12613598235053,-117.71374975197566,-117.24804403911388,-116.31574913547504,-116.934764920865,-115.83213805503559,-117.13162686246264,-116.31841964133751,-116.70040981314804,-116.10000980430792,-116.86892468098019,-114.24852952379034,-116.96022741909069,-115.64325561103993,-115.57957731366939,-118.35653668102816,-115.39107249449012,-116.82961812715759,-116.49784308700418,-115.36318422272568,-116.14851146255712,-117.70565755261015,-117.12029937933292,-117.3283241473934,-115.48236377131951,-117.6290588786783,-115.9934862754856,-118.388461284429,-116.3746611895738,-116.87266832083841,point1,-116.51743642056415,-116.49784308700418,-118.388461284429,0.8463141174435449,0.08576616992388598,0.06684911204124289
HDOK,PLOK,17472,23,23,-131,-14,11,2,33,-117.240246904258,-116.78700647723694,-115.8762060569874,-117.12330259286014,-117.26682969361839,-116.73720363618634,-117.7520035482371,-117.00006175948603,-117.41657094016495,-115.08254928184934,-117.33949412353604,-116.55881750425687,-115.83015211671714,-115.3747345541181,-117.87482311781025,-115.28687995718809,-117.57488494979607,-117.12028673112023,-117.35126412572004,-116.583482817306,-114.8262206885367,-116.89300583528588,-117.61689840430185,-117.67698295725724,-116.52387393133438,-118.2552993360678,-117.88939563198123,-117.06407013363524,-117.32178172515502,-116.1303053171364,-115.49672529518232,-116.76856404525957,-116.96344322672087,point1,-116.80616264897905,-117.00006175948603,-118.2552993360678,0.7486956160040854,0.7198731474325493,-0.2504410354761273
HDOK,PLOK,17472,23,23,-131,-14,11,2,33,-118.07906417612176,-116.02294249689541,-117.34778857741864,-117.08358448377096,-117.80178086452253,-117.2357471802675,-117.20544196698737,-116.26416711903096,-115.41213667237709,-116.12756371007231,-118.48860588279996,-115.55602360003546,-116.78956971450387,-116.9655127780331,-117.65720267016934,-116.17866829056463,-116.28296093921273,-117.71392548538535,-117.96359322303994,-117.31676337042813,-117.15550832338792,-119.30732954041731,-117.65441462235455,-118.25488972116176,-117.18330234276802,-116.09898874747387,-118.79566450234468,-117.88491071001793,-116.19082938441642,-117.12018897995407,-116.36970053861984,-116.27105024886087,-117.94400974970546,point1,-117.14314638221573,-117.18330234276802,-119.30732954041731,0.8586011531753514,-0.17887617718565743,-0.4416919678237208
HDOK,PLOK,17472,23,23,-131,-14,11,2,33,-115.39795338612092,-115.86828988943503,-117.42447711089577,-118.20258913631675,-117.27628931674842,-117.0279634468402,-116.34309746498026,-117.68909186269991,-117.34384491971187,-116.59403767048691,-117.50198927114664,-116.92147732383364,-116.11507602944943,-118.24141731243284,-117.24462383940896,-116.32033518214931,-114.5010849800384,-117.76299533271865,-116.93406829640705,-115.9858233116333,-116.88572955096751,-115.21635512474064,-118.42965070999703,-115.1425070765705,-117.56105217999249,-117.60980921528015,-117.53769138661953,-117.29020430890715,-119.17634692152531,-118.38866186296869,-117.49873237223647,-114.94359328344608,-116.74736412562973,point1,-116.94315827885865,-117.24462383940896,-119.17634692152531,1.1682500800609947,0.414212670136387,-0.17028496372179314
HDOK,PLOK,17472,23,23,-131,-14,11,2,33,-116.48551084565456,-116.0691373351999,-116.5280054082917,-117.6182050980326,-117.60803257968409,-116.98274011361386,-117.90864658110335,-117.73489639501321,-116.96607315163378,-116.25443977983213,-116.67050649899834,-117.3557462174648,-118.20952350091359,-118.12380816129944,-117.15560667617508,-117.2432178963196,-117.21755856047234,-117.76836233727323,-116.90165561540296,-118.03953887820839,-117.0704953168719,-117.2507528398842,-117.49805121807584,-116.62538292155419,-118.07134419595054,-117.55287296465,-118.04160769287934,-118.19528862157459,-115.47625119084674,-116.35025392134611,-117.74990410571489,-116.58771579759272,-117.08526474815203,point1,-117.22413324744484,-117.2432178963196,-118.20952350091359,0.4560741142366047,0.48262051927295896,-0.24805016170555705
HDOK,PLOK,17472,23,23,-131,-14,11,2,33,-117.53284595277147,-114.86793321702703,-118.68613212403429,-118.35779572632525,-117.87933310669786,-118.83199146508461,-116.44118339288276,-117.910001536125,-116.97730279395192,-117.64575690503392,-117.29059669721252,-117.77177604603808,-116.87488736040132,-117.96201085205321,-116.33744258705013,-116.78366246152923,-118.4206113820014,-117.19528827776091,-118.75372684606067,-117.95024144981558,-117.23929084600844,-117.56471193986292,-116.37618516005021,-117.0819463006219,-117.75561612070494,-115.40829275155771,-116.48351811289741,-118.3051359144616,-118.5208216975436,-116.94386540019022,-118.20969198089713,-117.51673248956526,-116.63395190374156,point1,-117.40940244842301,-117.53284595277147,-118.83199146508461,0.8436752875525578,0.6975133086808581,0.5468212250437947
HDOK,PLOK,17472,23,23,-131,-14,11,2,33,-117.95500667710222,-117.25178013878912,-116.40071322995769,-116.53545166712743,-116.61193742270042,-117.19817588889096,-117.83886761092195,-118.08988959693767,-114.83773539933674,-115.82631701185524,-115.47370133215993,-117.70134631817756,-116.86494382870191,-116.28532137577132,-117.22499281927708,-116.62538715229434,-116.98513683001951,-117.2481041717983,-117.69300412663661,-116.96833911731791,-116.16191734394778,-116.57766780843819,-117.64165758888149,-117.13082548293998,-118.46263777947269,-118.81643010134356,-118.8945576467556,-118.52610425578898,-115.78707069942624,-119.48021058196234,-116.39384869838827,-116.90764385876209,-116.76675143429593,point1,-117.12616590897504,-116.98513683001951,-119.48021058196234,1.0291987898642243,-0.20694750789793165,0.07066713476525965
HDOK,PLOK,17472,23,23,-131,-14,11,2,33,-118.28781992228807,-114.83999226830997,-116.65038570057865,-118.68508381920181,-118.42596103494311,-115.21691197251764,-115.82014554100714,-117.34214839187092,-117.94428044399076,-117.03211988531116,-116.9847188315148,-117.72804561839098,-118.53976952091826,-116.0070801543243,-117.57967387698207,-117.77285920303648,-117.2093098017722,-117.71582360010215,-116.79368768821422,-117.02072423436594,-116.01676455145864,-117.36252509299288,-116.24486132160976,-116.4173751722478,-116.10531234036252,-116.74511310357504,-117.34106297659112,-118.0602412280783,-115.7897464848049,-117.46144417427104,-116.21677098629273,-117.14068887649228,-116.68542739890358,point1,-117.00557197628245,-117.03211988531116,-118.68508381920181,0.8740179282196855,0.2467259197608582,-0.3691393354158472
HDOK,PLOK,17472,23,23,-131,-14,11,2,33,-116.8521346772846,-115.6002936062058,-116.5034879777786,-117.93705169758087,-117.75888142701024,-117.58644923779052,-115.62865117890614,-116.51867442500603,-117.58295523440245,-116.92168360059247,-118.48361240401937,-117.68857980776025,-116.74431593259338,-117.34273319186083,-116.77615921536093,-116.62832454432078,-118.733426342355,-117.16558987125536,-117.18829886971469,-117.24586071214617,-116.9031245063615,-116.75715892172413,-116.6313968372779,-117.30890531327786,-116.5022834365661,-116.52029967198648,-117.61999651087363,-115.66839039847717,-118.0670733049968,-117.07520744411633,-118.09409620374836,-117.36798392894826,-116.16201395250862,point1,-117.07773013287294,-117.07520744411633,-118.733426342355,0.5628115688887,-0.010238691443018722,-0.06522033028559937
HDOK,PLOK,17472,23,23,-131,-14,11,2,33,-116.55176591349237,-115.88148175676298,-117.9190795441335,-115.91995228490848,-119.51807681499068,-117.29739605184187,-116.24769829850132,-115.31062123799575,-117.26467799213404,-115.05694466421527,-117.3704964914475,-116.50607461655555,-116.60102366089023,-117.37443989451103,-117.65361495491891,-116.99957408840346,-118.21192507867448,-117.67052708397412,-116.78170546209395,-116.14960453168509,-115.56554123625494,-117.9637825281414,-116.00920735626576,-119.51013493918721,-119.311904609143,-116.21995651489583,-117.90257992505347,-117.64146271258653,-116.49459111592483,-114.94776531917529,-115.42301672799343,-115.24643799175371,-117.30945560864642,point1,-116.90401566688338,-116.78170546209395,-119.51807681499068,1.4613348609433698,-0.44301227997407794,-0.22239109518756228
HDOK,PLOK,17472,23,23,-131,-14,11,2,33,-115.7786912443703,-115.92391761879273,-115.25006667853995,-118.23344923824499,-116.98104057325565,-117.4629853091779,-116.27319756552394,-114.59095991894105,-116.3575946564264,-118.99372480660388,-117.61435856870791,-115.88254747218267,-116.4780964650477,-117.71921663023642,-117.09996386427626,-116.09481364814555,-114.67561408064151,-116.09891759924858,-117.16107404187198,-116.89255878305109,-117.46122666435294,-119.12747834797752,-118.71120113915794,-116.81935735744665,-115.76719172972892,-115.57442527628939,-116.7967337154757,-117.04408895016061,-118.23707188827535,-117.43528090601937,-115.5732920071163,-116.53842965496872,-116.89981151052761,point1,-116.77419327002374,-116.81935735744665,-119.12747834797752,1.2501656893131738,-0.20761458310697206,-0.23065123341534388
HDOK,PLOK,17472,23,23,-131,-14,11,2,33,-117.49118392088752,-115.9698399802903,-116.73035111401957,-117.501436554332,-115.80203509071086,-116.74502873294837,-119.15209653921488,-117.44791821939772,-116.95439511865553,-117.36287081416025,-118.5932733903361,-117.02281418351343,-115.36981613495269,-116.41236067487513,-115.62324177145963,-118.37328038034202,-116.70671297995749,-117.95653164848527,-116.8376946263381,-117.92129065948022,-117.86100633853358,-115.90969576689453,-117.7325990927739,-117.11844829077249,-117.48039670352712,-116.70419825656396,-118.6194663049081,-118.02695651558605,-115.77302896849072,-115.63795132969106,-116.76363348188505,-115.60173423928356,-117.61879372841406,point1,-117.05521459247517,-117.02281418351343,-119.15209653921488,0.9521926022684136,-0.057304807893394684,-0.7146285766023612
HDOK,PLOK,17472,23,23,-131,-14,11,2,33,-116.08114559756952,-117.74332961218263,-116.52901139308993,-116.7067448604616,-116.1704076259287,-119.04730857917839,-117.98272078130178,-115.11961749189337,-116.04576038001865,-116.50133742244292,-118.01790413656215,-118.161176462732,-115.20456018165025,-117.73871631506012,-117.04267313370816,-116.15902957615764,-118.32309443424946,-116.96686095309124,-115.96049938666475,-118.22597241408663,-116.81062153993749,-117.54326366819333,-117.04758824026487,-119.201976557883,-116.10426231078482,-116.35303772007964,-118.30655943347573,-116.33398276582604,-116.21653590312098,-117.35731885460169,-117.3712133451722,-117.47301552208056,-117.07570348992087,point1,-117.05827121482942,-117.04267313370816,-119.201976557883,0.9998030265296584,-0.19774358836782027,-0.47018395605587093
HDOK,PLOK,17472,23,23,-131,-14,11,2,33,-117.57397635660931,-115.40568125876248,-116.07118245151322,-115.99273052167266,-119.54358675839501,-116.29492072256357,-116.83871228857244,-118.21576025866395,-115.89061769124092,-118.70035339490609,-116.5337737225408,-117.52454924911957,-116.4406171260706,-115.28999089160952,-115.57803206805266,-117.03665807047335,-118.10391867423417,-117.74029426167873,-116.3700592112721,-118.62764541202263,-116.56082757236526,-118.37449148728925,-116.86962919046628,-117.97873457115399,-117.07544361765652,-116.89281537808185,-116.52645511012346,-116.58539303476114,-116.66925451159206,-116.05376251808043,-116.17221299167954,-115.95252944948675,-116.13897392301153,point1,-116.89768435593099,-116.58539303476114,-119.54358675839501,1.0472920113322213,-0.718519532128154,-0.08016671483096793
HDOK,PLOK,17472,23,23,-131,-14,11,2,33,-116.79619337751105,-116.74898374050052,-117.12241209737228,-117.11834385496495,-118.71218148409729,-116.69220801040863,-115.90432837249978,-116.49117937755622,-117.87830876630083,-115.02576421081302,-119.0091499302501,-116.10876466587749,-116.67363663912359,-117.4081699727588,-116.88928733642929,-118.47984125648577,-117.79607380489117,-116.67300563917553,-116.0161632453423,-115.76098466911336,-116.66344719844473,-115.86469256580732,-116.51923462023403,-116.39697275257448,-116.53450172541895,-115.82742482052154,-117.42790592838182,-117.68001789695563,-119.28085403793952,-117.36248137809962,-115.6972466673433,-116.93941263197652,-117.39994107015171,point1,-116.93633678016127,-116.74898374050052,-119.28085403793952,0.9434288146663521,-0.6019196505373263,0.24434285178241977
HDOK,PLOK,17472,23,23,-131,-14,11,2,33,-115.31871594022053,-116.33914683446116,-116.95067475074804,-117.07091488034114,-116.9828263543495,-115.01577864691448,-117.26788785817901,-117.35199142300253,-117.4783738781644,-117.41402172905734,-117.01894973138263,-119.48416679722658,-117.89045388710551,-115.9598647063019,-119.8538583041946,-117.40406395299543,-115.36358314098338,-116.44637554577497,-118.26747564348518,-114.79942131875438,-118.5313018211118,-113.87835541567209,-116.43257302641035,-115.28249923439452,-116.75019364296239,-118.34738251086107,-117.33971025721343,-116.78293893482177,-117.5413486654336,-117.19795690597067,-118.31687111174605,-118.09093772275543,-117.04683409767257,point1,-117.00658935365664,-117.07091488034114,-119.8538583041946,1.6439592560162468,0.21857609666431502,0.37986974821168307
HDOK,PLOK,17472,23,23,-131,-14,11,2,33,-114.74685981681321,-115.9204348099874,-117.7198985501483,-115.99483241262334,-115.91429236019128,-116.5626333533678,-116.49498935261674,-116.1867545351221,-116.06076390057012,-116.4015582736117,-118.90482527769461,-116.42807008187266,-116.85367428245523,-116.07629333298895,-118.18209136757847,-114.72229087664961,-117.11658221560572,-115.57684161731606,-114.77907355902147,-116.22692426955655,-118.20788501325559,-116.90160101708918,-114.51807516006085,-117.12345018180118,-116.08427094449401,-118.26211248525246,-117.17286926425453,-116.8851414329121,-117.63106539285283,-116.22817538803648,-117.29037257633298,-116.74532462011419,-116.17469291298093,point1,-116.54832486773421,-116.42807008187266,-118.90482527769461,1.0755258014459663,-0.08972588685838619,0.009437688370097952
HDOK,PLOK,17472,23,23,-131,-14,11,2,33,-118.77828676729001,-115.64862241193572,-115.41639084728111,-117.8053771637589,-116.96499294308279,-116.46493234607013,-117.57974464180033,-117.29272770001329,-116.87833207479952,-116.76965077145488,-116.35260873709277,-116.71103889849681,-116.36873720360893,-116.80312718313809,-116.72201250062112,-117.25208093368367,-115.34553454498685,-116.87703283006614,-115.76539458534556,-115.52647680537144,-117.78931077793388,-118.91630863342277,-116.58157417972423,-116.34500778010695,-117.32990480889008,-117.83026601984142,-117.11181164374297,-118.26692253319533,-114.51285552322315,-115.92682040763489,-117.87860254393652,-116.53429691706539,-116.66484086097911,point1,-116.81853407635137,-116.76965077145488,-118.91630863342277,0.9429675503644237,-0.01600037090799399,0.15278717659423569
HDOK,PLOK,17472,23,23,-131,-14,11,2,33,-119.05380270021904,-115.39518641013125,-115.38859750267565,-117.62417559999493,-118.26547931242692,-117.90372974947901,-116.78965940197907,-116.78323140549969,-116.52352047623576,-117.53348101882851,-116.69564766830342,-116.23947666863836,-116.82248595469088,-117.73151400893896,-117.18069492049652,-116.56639749609494,-117.38948070261185,-116.94432715627664,-116.74944742055287,-117.04272852808539,-116.91238410237963,-116.68137372023975,-117.05354015922047,-116.48467363405547,-118.24576037489935,-116.68803871925333,-116.29988015118802,-115.63426257237481,-117.61796996506955,-117.38373534880324,-115.658164090089,-116.14924349002827,-118.66573506641168,point1,-116.97266137867189,-116.82248595469088,-119.05380270021904,0.747400530094277,-0.2955637558045043,0.10977133166645148
HDOK,PLOK,17472,23,23,-131,-14,11,2,33,-116.16369631871045,-114.60530235693837,-115.62268288171595,-117.47629204497942,-116.5673290734731,-116.10588836734675,-118.40391955113962,-120.86549429020208,-117.88779369225567,-116.60173333040481,-117.94068635210145,-115.93931108390069,-115.54099861770278,-116.4104335922685,-116.68086245274574,-117.15841844157859,-118.83819518984966,-115.41796616224066,-116.97317896023897,-117.25056041112592,-117.05802583266028,-117.13458746886015,-116.69409087686749,-117.76757650918141,-118.51549247052486,-117.0781461916602,-118.33901571852044,-117.02031550344952,-118.3872393226883,-116.72000129033792,-115.82459010158948,-118.14639008529089,-117.61962147195597,point1,-117.11381321256081,-117.05802583266028,-120.86549429020208,1.436918273320748,-0.6445219160311895,1.6181760074230804
HDOK,PLOK,17472,23,23,-131,-14,11,2,33,-114.96934083498033,-115.26147358534426,-117.90615570699678,-116.07230488423193,-116.77386566875573,-115.90000972444275,-118.29760468138872,-115.63431878463884,-118.08154376491879,-117.12865299382817,-117.35422448965176,-117.75245618272865,-117.66317939614717,-116.81889534346342,-117.88049257471214,-116.18722530211987,-117.47137785235127,-117.80523877414058,-115.47396732999704,-116.10096018221081,-119.17072328393424,-115.77837503096207,-116.74366806466435,-118.06226443844534,-117.06012535810036,-117.77995901149536,-118.30500871078502,-117.73649473137256,-117.24825375746697,-116.40431892793129,-117.19663658719864,-116.98700917819578,-118.47622315951644,point1,-117.07522267567022,-117.19663658719864,-119.17072328393424,1.0344120824908407,0.26801796694421937,-0.6367293100338833
HDOK,PLOK,17472,23,23,-131,-14,11,2,33,-116.94510806101471,-116.73644434106959,-117.36648669851353,-116.27070663976035,-117.0953603665711,-114.68239270610954,-115.35991026332204,-115.68306140461532,-117.6333739244046,-115.11612541214569,-118.50166194413077,-117.6918351387964,-116.3534700320599,-115.59689780878864,-117.48416277922686,-119.0917072654008,-117.62841524695956,-116.30655385873068,-116.1000911387449,-117.34599199065464,-117.67286381739228,-117.28666683072728,-117.18681726260047,-115.68937187432586,-116.66025049544344,-115.55196180416178,-118.85527302038705,-117.06412522403211,-117.926385568094,-115.97360630797655,-117.1454003983154,-116.98136548958055,-117.15843519596382,point1,-116.85279637303091,-117.06412522403211,-119.0917072654008,1.0672081758089609,-0.0005141822641298503,-0.23846263606843854
HDOK,PLOK,17472,23,23,-131,-14,11,2,33,-113.9757070676136,-114.54590915363174,-117.34439985615036,-117.11191436447264,-116.65864981548836,-117.4046157643271,-116.65628720997026,-115.76757706149468,-116.48534415580593,-115.63334244148867,-117.33614041990865,-116.87500751334494,-116.47584589785873,-116.7729758227246,-116.68057118092756,-116.35747584044718,-116.40092273551451,-116.51472286437011,-115.88403279980622,-118.91405699768244,-115.80721658848358,-114.78294658548249,-115.62355380568992,-115.8235768883515,-118.85043835013535,-115.30767769318729,-115.0777455501592,-117.35488517171163,-116.38950873234032,-115.11406749587805,-116.93450585607653,-115.98406200192858,-118.00957711444968,point1,-116.38955335748189,-116.47584589785873,-118.91405699768244,1.1889875617146841,-0.19380272270747387,0.42005571732649116
HDOK,PLOK,17472,23,23,-131,-14,11,2,33,-118.5310028215647,-116.17857890233788,-116.57084567448992,-117.66861232130212,-118.84933695790951,-116.64359111730678,-118.1892295581265,-119.30497878305334,-116.21569455587367,-118.46000687612982,-118.6544905647516,-118.5383409394672,-116.98374558242527,-116.99657776574794,-116.67646461470271,-117.27613988477283,-116.66776947826708,-116.6666617075625,-116.35827520143995,-118.54944782790257,-116.44628451998179,-115.20501985863714,-116.53402112637052,-116.19968627489023,-117.26718456254744,-117.55618430690429,-117.50725033081177,-115.83037321234474,-118.77944761299719,-117.30382943577575,-118.12669677248961,-116.90510357823261,-116.91172065314278,point1,-117.28947252667454,-116.99657776574794,-119.30497878305334,1.0049120312885789,-0.22946566830669593,-0.7966722950511542
HDOK,PLOK,17472,23,23,-131,-14,11,2,33,-117.6809311005895,-115.90568767905872,-117.49120101560325,-115.9714889009944,-116.95665419732745,-117.68173528649426,-117.62400729750503,-116.54761984477499,-117.41105026089245,-117.20028275281199,-117.65701201430082,-115.56240984909884,-117.73108738930749,-118.49009796162605,-115.56938757967595,-117.75736993745548,-118.34284970508826,-117.73922892039816,-118.61597871808135,-117.13079252883112,-116.37730713779497,-115.87558050550598,-118.23075715848645,-116.68645516697552,-115.52706397170448,-117.88359071998262,-117.35088494810142,-117.20762897758209,-117.0934237059521,-116.26008004007808,-119.2840810044739,-116.48996775202438,-115.95246237551443,point1,-117.12988352739676,-117.20762897758209,-119.2840810044739,0.9102232062949498,-0.011580014296865282,-0.6165548752278904
HDOK,PLOK,17472,23,23,-131,-14,11,2,33,-115.79219552938476,-114.20314453479533,-115.81641528828806,-116.42431772050517,-117.26810590645462,-117.60761500049595,-116.54650806454079,-117.90707310668196,-118.60550330409593,-115.9308558221528,-116.54206774194346,-116.24844531469219,-116.47565149343014,-116.73636816529931,-116.00433294404775,-116.77958195301723,-116.99258318925736,-118.6980382084996,-118.42290725736277,-117.43536443805911,-114.85548667959786,-117.1344293724891,-118.44908933031746,-117.53826540520465,-115.45154453585317,-116.90157917845508,-116.68703669263125,-115.79339484392939,-116.51227502134657,-116.99183276598981,-116.17893097096109,-116.10469379473834,-116.09295515779873,point1,-116.70086632522172,-116.54650806454079,-118.6980382084996,1.0306539661905636,-0.04894871276428143,0.2623239477719159
HDOK,PLOK,17472,23,23,-131,-14,11,2,33,-116.02441841695025,-115.56034387040157,-117.03362099085433,-115.98556548518627,-117.70265363977764,-116.55300877603428,-116.51003219950884,-117.21339420283604,-117.74685160898117,-117.56462402053972,-117.23662167105631,-115.99593924390554,-116.70515068266297,-116.64400236939854,-116.43828913998392,-115.7798654757323,-118.20623725805478,-117.33351754160562,-116.34306950766498,-115.72455133165217,-116.82985492608326,-116.81749183407344,-115.33439163354777,-117.19705696748535,-117.28044398872625,-116.49826592781803,-117.88720952970311,-117.9370380888218,-116.90161580188874,-116.61352971705496,-115.6373526788106,-116.61058771129058,-118.60957824829677,point1,-116.80170225716326,-116.70515068266297,-118.60957824829677,0.6348006430479726,-0.2006411589230084,-0.4666313532381823
HDOK,PLOK,17472,23,23,-131,-14,11,2,33,-117.17734692899403,-117.68530530304476,-114.44107959371206,-115.00793004442073,-117.12360944077953,-117.26067910811896,-116.29433001740931,-117.05448697009189,-117.20473353580302,-117.46549402432804,-119.16700356524359,-118.10337499594748,-117.04563550588664,-117.19937851907534,-117.19066662313716,-117.0873155837752,-117.38086545317924,-115.6683765368218,-117.408437727679,-117.21181364229791,-118.13552048978937,-116.88474577638058,-115.81448770981052,-116.50016196615877,-117.68197237120108,-116.91888544224703,-117.3350166743879,-117.72292837762352,-118.53859408161516,-116.16550249106898,-117.41433886678801,-116.92372161389174,-115.63005102121298,point1,-117.02556939399761,-117.19066662313716,-119.16700356524359,0.8833404889770817,0.6321451763773587,1.299116604053205
HDOK,PLOK,17472,23,23,-131,-14,11,2,33,-115.33165267483218,-115.74006577011231,-116.75671410489858,-116.94892077088556,-115.02071826858332,-117.57392597749198,-117.29336385814254,-116.96341157242152,-118.53024224607663,-116.22932335544147,-118.47814092023911,-119.00258728098626,-117.09244159036939,-115.73899056231858,-117.15673088734582,-116.60195650907237,-118.17613853358374,-117.6303131331219,-114.8603144021001,-117.27568564816717,-118.03411897902714,-117.14768267247605,-116.72663995684518,-116.47357273132653,-119.09271178392342,-118.37004056833989,-118.35395323145774,-116.31371865122158,-115.92246744972257,-117.87534830892835,-117.63321084213283,-115.5684870991743,-116.22388242954229,point1,-117.03446887182754,-117.09244159036939,-119.09271178392342,1.2442025987083234,0.06659443572804012,-0.7315474113924831
HDOK,PLOK,17472,23,23,-131,-14,11,2,33,-117.05562793164074,-114.63691637342193,-117.63102869644683,-116.91410832981781,-117.50287508007513,-118.21410875792107,-117.68176197507957,-116.6316674782109,-117.24502726008348,-116.08142746387801,-115.64436727575723,-113.45444753584569,-118.90388578368515,-117.04115115416032,-116.41471409341584,-117.70408305738029,-117.55259808287389,-115.76650937283345,-114.92323192015496,-118.00142807833338,-115.99652153544058,-115.90108036107904,-118.33619299409871,-114.64796156990462,-117.32522147174427,-117.02947388409923,-116.14787827135261,-117.59187178938099,-116.96509726209534,-116.80100045263708,-117.73036837938963,-117.78503815506383,-117.08865144803696,point1,-116.79840373561635,-117.04115115416032,-118.90388578368515,1.388260402887311,0.8873379923350835,0.7614653346360964
HDOK,PLOK,17472,23,23,-131,-14,11,2,33,-117.85870550641951,-116.94102814355239,-116.27411742697953,-116.30158484803115,-116.486288387922,-117.81764132909815,-117.70798753227379,-116.73562689721341,-115.81153813745254,-117.42231430351451,-116.45288766340502,-116.66587505370222,-116.63865890477543,-118.66766957117338,-117.2776864355299,-117.24962416649865,-116.65243097432091,-115.27090853858284,-117.58053743332879,-119.01548984427417,-116.96169115476789,-117.1007105450134,-117.98514696207911,-118.65879977478978,-116.86297258627306,-116.94244376177193,-117.48300911284231,-117.27309821373417,-116.60451116496047,-116.07812134908971,-115.00523285333578,-116.2494091759579,-117.97937910297239,point1,-117.03070081380712,-116.94244376177193,-119.01548984427417,0.7988582265453593,-0.07156895695146298,0.21511005697687846
HDOK,PLOK,17472,23,23,-131,-14,11,2,33,-117.44439892705313,-116.78296135553694,-116.2809263614072,-118.21523288329097,-115.88952719862745,-118.13324643056407,-116.85149143427572,-117.73087163282402,-115.44764412988856,-117.15410656235906,-117.39039107234805,-116.77679730368679,-119.30111102369436,-117.33946195464188,-118.07901321085673,-117.36198716637313,-117.43584904119496,-115.88799214943276,-117.80165103948822,-117.88782366201951,-115.26280425454317,-116.87814160096823,-118.18039962475878,-116.80585054185828,-115.14668343064677,-116.42884683971458,-117.91382978268675,-114.78615426750639,-117.48102809653193,-115.4201140970182,-117.65970165644056,-117.43766002089868,-117.3056567248154,point1,-117.02725319630154,-117.33946195464188,-119.30111102369436,1.057422454935508,0.4322941462218465,-0.15006534730702192
HDOK,PLOK,17472,23,23,-131,-14,11,2,33,-117.96266181343164,-116.66453149753504,-116.94890494653106,-118.15966863929181,-117.4627930300678,-117.97914461288295,-117.14386293296486,-117.44221887840193,-116.63364424638614,-115.46183318954407,-117.06335507826077,-117.16375046043245,-115.33055208669334,-115.59048449362317,-116.12080628682769,-118.0568001752001,-117.42757557786973,-117.57999446439415,-115.98590038389186,-115.66410640791632,-116.2432883303956,-118.69199157538667,-116.22668508342421,-117.57915696051249,-115.93530629284126,-116.93313202855916,-117.55476697949702,-116.1409533683482,-116.14844933511405,-117.80405542869588,-116.43556445180974,-118.55031449015704,-117.71879698036494,point1,-116.96378940931069,-117.06335507826077,-118.69199157538667,0.8309831142333768,0.04094119053214722,-0.9981677869118601
HDOK,PLOK,17472,23,23,-131,-14,11,2,33,-116.5939358350664,-114.96686095153048,-117.64248437536855,-115.79444204627404,-116.25982035653651,-115.6713800917236,-115.25129400234285,-115.8323228463785,-117.41094639967935,-117.92018512287453,-117.46997071904141,-119.0757366452395,-115.68412819498025,-117.54375339915897,-116.67772750532876,-116.99754323519689,-115.6356927976307,-118.2035251654706,-117.61270492439789,-117.72910945841576,-117.05142804367665,-118.7691402750026,-115.89267920967654,-115.73442376747242,-116.45382931434662,-115.89332248022836,-115.45563000190754,-117.46733162862941,-116.90082108604454,-114.50285504032315,-116.58123284854388,-115.86983416249292,-117.67290882776474,point1,-116.67330305329529,-116.5939358350664,-119.0757366452395,1.1972131595259126,-0.19539849581444374,-0.6008108543588837
HDOK,PLOK,17472,23,23,-131,-14,11,2,33,-118.06255586181223,-115.29647213482953,-117.14518026184622,-117.55442540880064,-116.70155496305321,-117.63693454196334,-117.77212649737365,-116.73362688962729,-117.11605518841003,-115.92737699746161,-117.20510625288057,-115.91804142025215,-116.46637765351525,-118.1144790543687,-117.21944533543459,-115.65248282878775,-117.23950898282447,-117.0987518814004,-116.87531344515314,-116.94144108731328,-118.23239693824895,-117.01690912014557,-117.90504986647414,-115.66719955463532,-119.00408628380524,-116.42618232415212,-117.70632249063995,-117.4618349186005,-118.01170401390443,-117.73159941539001,-117.20863777422319,-117.78579892945535,-118.86059599118049,point1,-117.20289619115042,-117.20863777422319,-119.00408628380524,0.753649109817675,0.24635007851290067,-0.04295476214688332
HDOK,PLOK,17472,23,23,-131,-14,11,2,33,-118.01332867650777,-114.62802402585356,-114.63531048962076,-117.36856594127028,-116.90998169906972,-117.22301987599194,-115.51900226321219,-115.35664318263632,-118.10692188498452,-116.92881970627852,-115.33965527289578,-117.70188369950787,-115.64672525901615,-116.50871202390934,-116.88144051595954,-116.91365272167216,-118.30526986017883,-118.06741902104221,-118.30787850369744,-116.7765882325439,-115.03250734793974,-116.78697527370312,-115.77998720206577,-115.78519419785245,-116.5708741527141,-116.53629979834007,-116.81504680756726,-118.99436238509799,-114.65439543564928,-118.90797260117225,-118.99286612042452,-116.1575464956425,-114.93538177788834,point1,-116.69964401369415,-116.78697527370312,-118.99436238509799,1.6639561866792074,-0.09589391141123041,-0.9084412599931571
HDOK,PLOK,17472,23,23,-131,-14,11,2,33,-118.56414226564927,-116.39632417819773,-115.93231445985214,-117.96871705292389,-116.66357852574944,-117.8577998362566,-115.70850530276276,-117.18839785268052,-117.12883561839149,-118.58561838429104,-116.29589277138625,-115.99551283826005,-117.57982784772655,-117.11377093111903,-118.93059166426572,-116.70533619341585,-117.997656241153,-116.28290847324203,-116.64742967515647,-117.73060738486048,-118.99048320699568,-115.77412767626187,-116.903444476492,-117.76279226884529,-117.78518758075869,-115.59969822781055,-117.21304781299273,-117.35327720351214,-116.73862869965849,-117.79646016638003,-118.08891407065524,-117.42236848127197,-116.23136044201645,point1,-117.17980478215127,-117.18839785268052,-118.99048320699568,0.8546167430726912,-0.11988236209440394,-0.7854714612744549
HDOK,PLOK,17472,23,23,-131,-14,11,2,33,-116.97357782199394,-115.03905702218478,-117.57602750279585,-118.40798147435505,-116.51494874375707,-116.36612997360288,-115.47165278748918,-117.19745092301012,-117.41344128353457,-116.31598339418386,-118.49509025000785,-117.42678174177404,-117.72246515294258,-116.57613314160766,-115.59637193810141,-115.67772045021431,-117.67060652936871,-116.6611218193117,-117.21169107288215,-116.1468084217212,-116.9322985206012,-115.77507015973019,-117.48673435956422,-118.2566999099318,-118.37791467869003,-117.81390743956676,-117.83522564212656,-116.32906406880598,-116.3813817389866,-115.05404200303286,-115.83370353870441,-116.45499278917819,-116.4082271468701,point1,-116.83031222547358,-116.6611218193117,-118.49509025000785,0.9164450462469171,0.027187495697303436,-0.8512594919243011
HDOK,PLOK,17472,23,23,-131,-14,11,2,33,-118.27752220392092,-114.92364246199013,-116.01967999272343,-117.18906104615183,-117.42936412971096,-118.03463585579576,-117.80775343371022,-115.52670763406431,-116.27146983150347,-115.90444972468465,-115.52231426589468,-118.40243747823007,-118.0093465838321,-115.96185607130346,-119.08639834419972,-116.6111210264023,-117.11819772558849,-116.87073277300445,-116.26047382530706,-116.17501018156327,-117.47352700259715,-116.19297761600833,-117.29852132290954,-116.33146882210052,-118.00769642483841,-117.79761214091253,-117.06430597921484,-117.72614492526465,-117.1604042064659,-118.15160925556027,-116.97335831957926,-117.50069344297091,-117.22299242694568,point1,-117.03949959014996,-117.1604042064659,-119.08639834419972,0.9077133633907147,0.15247328408317318,-0.4900951964323861
HDOK,PLOK,17472,23,23,-131,-14,11,2,33,-116.17812626397233,-117.41578026742185,-118.56937991123635,-116.43623261243437,-117.1265564504904,-116.53429653534866,-116.75439935539133,-115.76975864727005,-116.62737527666137,-116.00502892888503,-115.47015817553368,-118.05564061404732,-117.02049957729733,-116.09755250149352,-115.57053119408386,-117.67040657497739,-116.61709473316402,-116.77275154653346,-117.01318323436983,-117.02679360368451,-118.54819826104276,-116.29623697217002,-118.9703303108726,-118.4619662938861,-116.84979260824682,-116.39645621249478,-115.81712944682252,-115.73423337608823,-115.67347311909421,-116.04602964474223,-118.19550141180316,-116.83541386968265,-116.93227164303299,point1,-116.8329872477053,-116.75439935539133,-118.9703303108726,0.8798891251751964,-0.6849675334987579,-0.3250528447451586
HDOK,PLOK,17472,23,23,-131,-14,11,2,33,-116.16496575273813,-115.72242917087183,-117.14522748027983,-117.01223301126612,-115.924712096845,-116.47636449783673,-115.12039779835457,-118.19676181239309,-115.835815523828,-117.66318016987418,-117.24861430341576,-116.74474556522394,-115.26829628509054,-117.32737025211676,-116.05742588401452,-116.7206339312553,-117.69511127536566,-118.49903526132663,-116.79791118425138,-117.37119625885323,-117.43089076669649,-116.72396932107917,-116.67913277210154,-116.4781295289609,-115.78987287654107,-117.1167244625545,-117.15227699465673,-115.0483197917628,-116.42131739124497,-117.89737939074519,-116.58330087695967,-117.79976186513575,-115.00011187586291,point1,-116.7004125887728,-116.72396932107917,-118.49903526132663,0.8057072565588823,0.18003984831424194,-0.533560208558439
HDOK,PLOK,17472,23,23,-131,-14,11,2,33,-118.19955965368764,-115.50726004316073,-116.59290754608577,-117.5427035578953,-117.94165970763599,-117.60746109185227,-116.23283532718493,-117.02774199571992,-117.42517282474346,-116.04885559684062,-117.04987494836848,-118.22743407751804,-116.8102904556781,-117.41127024168392,-117.94303665990164,-115.84776204536904,-117.28995401481663,-117.06964840161635,-115.70702685255198,-117.46176728763265,-116.20144310109853,-117.67835567795458,-114.71638353866493,-118.18411257006632,-116.0985572228325,-118.22085762792048,-115.63849163179273,-116.8969380761987,-117.55122715196387,-115.65160496648633,-117.90782877624417,-118.062357804386,-118.29356513103416,point1,-117.0316953214117,-117.28995401481663,-118.29356513103416,0.926070263779565,0.5511980082882877,-0.6991415464709436
HDOK,PLOK,17472,23,23,-131,-14,11,2,33,-117.35115516423676,-117.49431668188852,-117.02588484385645,-117.44525676249941,-118.03333542500816,-115.43633861554169,-117.7814253922153,-117.07143705493564,-116.83666443793676,-115.30538428394308,-116.06335921015524,-116.94137633790338,-117.22129885281676,-117.75241299255285,-117.20672633758156,-118.09820704221156,-117.93808693322923,-117.00462768338463,-118.84920890986373,-117.2751068456305,-116.87284366879845,-116.89608276164422,-116.89822825405133,-116.11627857243879,-115.9678434204723,-116.77587729127882,-116.29979988994637,-115.61272042239376,-118.14168617841301,-117.08628880063891,-117.30003640586595,-117.80583537186602,-116.87487163613062,point1,-117.05393946913122,-117.07143705493564,-118.84920890986373,0.6373352982192774,0.3079472818547958,0.13489520528003407
HDOK,PLOK,17472,23,23,-131,-14,11,2,33,-117.37445794003295,-116.64801601028232,-116.77107831839537,-116.8716041977775,-116.43066620243201,-117.55383712126854,-118.2030533415001,-117.04652122044246,-117.7797142091717,-117.31254235694121,-117.3981353989951,-117.43735256867025,-117.11680865152384,-116.86604929423348,-118.14622509183269,-118.55623675834823,-117.2973370487751,-117.06233498060858,-114.21545689872197,-116.61235131837952,-117.37757619656185,-119.30591600413153,-117.59590796519424,-116.56253597364932,-116.80356029622617,-116.21520146577069,-116.12324589877794,-117.98860877191102,-115.08980316791988,-117.12502914209787,-115.50977677460864,-117.96457347751272,-115.85567366228649,point1,-117.0368844765146,-117.11680865152384,-119.30591600413153,0.9611945331541952,0.5434202116916705,1.4488657325547707
HDOK,PLOK,17472,23,23,-131,-14,11,2,33,-116.46201289622829,-116.50510965235158,-116.91389731759017,-117.23093407063993,-114.99870196713961,-116.56177103784594,-117.88338562373333,-114.96928595869225,-117.5572096280887,-115.70278052396448,-116.67672454476826,-115.70025618800584,-115.91463838290055,-116.28098637036084,-117.76197838703185,-117.16718064915668,-115.16371748096925,-117.22179231691052,-116.47110525988877,-117.12069714096754,-116.55990475221199,-117.17006414136262,-116.5960577381752,-113.74739433342847,-116.08248701745993,-115.66827099289496,-116.06404997038109,-117.82328170584228,-116.40963387451774,-118.20916359215374,-115.90542443958394,-116.96099592316848,-116.3937091353138,point1,-116.48044251556752,-116.50510965235158,-118.20916359215374,0.882021683710916,0.6039280828316933,0.875480720925434
HDOK,PLOK,17472,23,23,-131,-14,11,2,33,-117.14480193285847,-117.20000222367864,-117.34290162392595,-116.0774033561291,-118.47425305328173,-116.98027276684739,-116.53075612959925,-116.99741797877086,-116.12151155738961,-117.0758632478942,-118.14235198746789,-116.74403081960251,-115.85593487561233,-116.2318153313021,-117.24085513111355,-118.0318280182012,-117.17192893939557,-118.05696576823856,-114.53591161409872,-115.30629095072308,-115.67815271243632,-116.86478347146505,-117.38271467524422,-116.9705760250209,-117.56598411939407,-115.95935565605512,-116.93281043809841,-116.48956316343498,-117.48611187949801,-116.0734558742449,-116.64200967980533,-117.50706156769253,-118.08739534171556,point1,-116.87585066394655,-116.98027276684739,-118.47425305328173,0.7398670527927362,0.4890397717445044,0.3829457813402919
HDOK,PLOK,17472,23,23,-131,-14,11,2,33,-117.09211761969271,-115.26025364596636,-115.01913936477537,-118.92783966564144,-117.40155342598736,-117.75176885583014,-116.74981402257465,-117.06582795277959,-117.83051366827775,-117.0457971847851,-117.14457951522259,-116.46657343455107,-115.3308632573837,-118.59705772279735,-115.70590352802755,-115.72522827450462,-116.1683594686499,-118.33710261820768,-117.50410307736718,-116.62449173168513,-116.66891872164304,-116.80195042353745,-118.39881745531086,-116.58420451138089,-117.70275564314555,-116.6005866519464,-119.91930999761338,-118.22322966851664,-117.85352423448988,-116.01172018890536,-120.42195313941703,-117.17340641478462,-116.90341662875016,point1,-117.18220247618632,-117.06582795277959,-120.42195313941703,1.49352871537908,-0.597047544262776,0.5986192150833047
HDOK,PLOK,17472,23,23,-131,-14,11,2,33,-116.91789362485119,-115.14917984464971,-116.76905432934365,-116.33592596871662,-118.23815854482484,-117.72628279641843,-115.85204183612261,-116.68007851165804,-116.68883909044548,-117.69728090403785,-117.23767950057827,-117.9949975120649,-116.5963015108187,-117.7108662639623,-118.94910326232062,-117.75522290663764,-116.4503829203765,-117.43287987104705,-116.64996317627791,-116.91109055998673,-116.66262308539093,-118.39293208702706,-119.0538624447672,-118.34067513101277,-115.72843964909379,-117.17011576356501,-115.27348724110169,-116.57646262217904,-116.81835242728178,-115.9771303689981,-117.25794361670175,-118.58398246918871,-116.83266445254195,point1,-117.10339073618145,-116.91109055998673,-119.0538624447672,0.9363727214199195,-0.11049176824524583,-0.3451655116280645
HDOK,PLOK,17472,23,23,-131,-14,11,2,33,-119.55272732326264,-115.43436836802148,-114.54193455872345,-117.32702533302907,-115.0731648679452,-117.53486175618035,-117.2215956715517,-117.1720252813284,-117.69174040656118,-116.44405849196181,-117.84083984789142,-116.50214134832781,-118.53242706271838,-116.41325341870983,-116.24864492686875,-118.04284664305784,-116.19557280557086,-118.10945846070324,-116.20362559855089,-116.47390114417776,-117.72689184059278,-116.26012153274996,-117.35062150241899,-115.07360792010752,-116.02145433780917,-116.96969631577426,-116.35479919355676,-117.8318309316777,-118.9074436509811,-117.22832662114169,-118.01284443000448,-118.43745432542087,-118.8957632710671,point1,-117.07960815722559,-117.2215956715517,-119.55272732326264,1.3701220063138229,0.09647421825641306,-0.3470713605213138
HDOK,PLOK,17472,23,23,-131,-14,11,2,33,-118.71286212429084,-115.75827644383686,-114.11156618315272,-119.90652151511607,-116.7718934171365,-117.62422907344694,-116.99546105829087,-118.38511728800567,-116.4522294732508,-115.67820297952579,-118.29471260820728,-116.09012070160546,-117.19129196261324,-116.85587270783707,-116.3649057866359,-117.64461691255063,-117.33444672539541,-114.4813391587624,-117.25854415281465,-116.82492501536449,-117.06395319766685,-116.09420350973934,-117.00283436272008,-116.35427409061997,-117.11433464838304,-117.15271315757519,-117.55186101279752,-120.56919822820333,-115.0035268306507,-117.83144239954349,-116.41271928408712,-118.05818443300757,-117.42688141819988,point1,-117.04161399578888,-117.06395319766685,-120.56919822820333,1.7029134703682365,-0.29696287112834113,1.3420651348653077
HDOK,PLOK,17472,23,23,-131,-14,11,2,33,-117.19272071834175,-115.6589425886319,-119.43713993312406,-117.46696052518469,-115.16017168726619,-115.86000500056055,-118.11583883690047,-116.15647978999834,-118.01632851889684,-117.66653020978661,-116.71172502885474,-115.57594189075817,-117.9258467096832,-116.88544107240068,-117.52766217543638,-116.73396830075211,-117.26546118568228,-115.33568172072007,-116.78004359374745,-116.26604991918403,-117.29175958301876,-116.88240921459992,-115.6782201523024,-116.98908274510558,-115.61127659137772,-116.56094872623038,-117.31568191638007,-115.93964191087983,-116.73153990602229,-117.39414337542104,-115.45091512206132,-115.92808886620755,-116.54507785313166,point1,-116.72902198086814,-116.73396830075211,-119.43713993312406,0.897608203414789,-0.49064685306541556,0.4010994987865959
HDOK,PLOK,17472,23,23,-131,-14,11,2,33,-116.2355035011477,-113.56827975951576,-116.06299086088556,-117.74137548440893,-119.58547225592169,-116.95230331668718,-116.98239050607334,-117.38892467251817,-116.54434162709559,-118.84620480853911,-115.44675672210444,-116.18308587376748,-115.73180685405167,-117.31001961781726,-116.17120298033801,-116.33878452055609,-117.72016413596585,-117.47711796657465,-116.90407642079569,-116.59551847537935,-117.4554493487101,-117.18802222357297,-116.34379602270124,-117.21617615285636,-118.18522361071038,-116.21484292029649,-116.58515703666556,-119.12763129834364,-118.96464679756325,-118.14131351004147,-115.84428501605137,-116.92251351597459,-115.14222059010648,point1,-116.94295752738597,-116.92251351597459,-119.58547225592169,1.4654323844070367,0.0808816404348323,0.9520817831753603
HDOK,PLOK,17472,23,23,-131,-14,11,2,33,-116.37962539793276,-117.59129614862019,-116.114825917747,-118.59867545965959,-117.28002382858365,-115.42227347209776,-117.58066630743045,-117.6725051397029,-116.4289106435406,-116.18363963943258,-115.63002981628563,-116.69246795607253,-117.34950188673623,-116.28519377749103,-116.62321960770846,-117.14946354247115,-117.47970486352781,-115.47174630872217,-115.30196938898881,-117.75686210461862,-117.98556269528588,-117.55779392698857,-116.32343289617111,-115.01889676637005,-116.04424690519713,-116.90695227958527,-119.51197974694772,-117.24070845370413,-116.97422063489279,-115.6335597165931,-116.81933406259463,-118.66771177546312,-117.5185940046586,point1,-116.8847150021764,-116.90695227958527,-119.51197974694772,1.0509464280890666,-0.31349084645388187,0.009222538994752671
HDOK,PLOK,17472,23,23,-131,-14,11,2,33,-116.96393225694102,-115.9838912579669,-116.24638799792038,-117.40210170740552,-116.68246029988123,-115.62927092470812,-116.16271613738336,-116.0544078098548,-117.59093076929445,-117.74788992814824,-116.34240334972739,-117.6324798153399,-116.88564089118782,-118.75646902022334,-115.99498513968481,-117.82390280552059,-116.79198774414078,-117.10275468834615,-117.44835812172403,-116.94850463050835,-116.67681510635555,-116.99762035560508,-115.31361523916829,-117.90344277291486,-117.26172915939404,-116.38415817810149,-118.44194549054866,-117.37411163460592,-117.4966670094064,-118.61350047259425,-118.23110605420358,-118.56065716373047,-116.5051071599412,point1,-117.08945306340843,-116.99762035560508,-118.75646902022334,0.7678070040269378,-0.09317101495121181,-0.6254616514394349
HDOK,PLOK,17472,23,23,-131,-14,11,2,33,-118.50036581223522,-116.07984496205191,-117.29924062928158,-116.74741919521199,-116.44689848661595,-118.87045098450317,-117.80806069656211,-116.42175521684285,-117.16018024534837,-116.77567572332482,-118.23015283680344,-116.40139901069551,-116.45943421992091,-117.05014098710733,-118.11150988927153,-119.78390350379117,-117.7474329254309,-116.08072772341391,-117.12438556035991,-116.56258942592713,-117.41504739832696,-116.2634589990056,-117.15324693601555,-118.32815089428138,-115.94186631567248,-118.83404167735765,-116.0126280265182,-116.99788043195744,-117.4061824303885,-116.87481645490436,-116.70376331808482,-117.74427651576073,-118.39543160961698,point1,-117.26461694068455,-117.12438556035991,-119.78390350379117,0.8879001282992712,-0.7078950095486043,-0.03357714739790252
HDOK,PLOK,17472,23,23,-131,-14,11,2,33,-117.28757993660501,-115.95698863539612,-117.47063226005066,-117.46987720892477,-118.07763532468726,-116.07857615251608,-116.32803550406612,-116.92446721961406,-116.79545185608283,-118.20800558169266,-117.54698324663198,-115.3793608684501,-116.0030933238711,-118.84500922640642,-116.93731525245055,-116.44646939650808,-117.90196040972381,-117.23078196944095,-117.11092319138803,-117.26561697874226,-118.03335804685041,-115.8058001140577,-116.33401207686406,-117.43541459610827,-117.77981543423871,-118.22622586581878,-115.52617790411831,-117.80821271696995,-117.76283785556112,-116.65369738607724,-117.31911234737834,-118.6348145220329,-117.66168170475666,point1,-117.1589673973964,-117.28757993660501,-118.84500922640642,0.7669518474117729,0.2585509310910656,-0.6201856090535243
HDOK,PLOK,17472,23,23,-131,-14,11,2,33,-117.04762860212757,-117.28260034452948,-117.42698987095767,-116.2121291263208,-116.15403811494548,-118.69868767719323,-119.80195010102493,-117.11480217935517,-116.53145095734678,-117.79317811350856,-116.8153519001153,-117.04191568972887,-117.62206878855152,-116.33581549177097,-115.58373999430994,-117.4891065835513,-115.9468658119864,-117.98922479579224,-116.5740942080938,-117.0376244291607,-115.02396191447153,-115.76089598385575,-115.94835882421486,-117.3851418791119,-117.3945131815718,-116.07786417285001,-116.15310495379572,-116.35877346548045,-117.05476363336807,-116.45286146404085,-116.3778257674646,-117.37521123788935,-116.46386606139241,point1,-116.85837591878415,-116.8153519001153,-119.80195010102493,0.844338258335904,-0.9151612412825654,2.062855153794765
HDOK,PLOK,17472,23,23,-131,-14,11,2,33,-117.13300887715128,-116.01335073924398,-117.62035832408311,-116.52972259021858,-116.28257651520188,-116.65214392329042,-116.71929850363523,-116.27629184284093,-116.2902804343499,-117.22208527992962,-116.56782527015655,-116.8326300324392,-116.68635938087822,-118.98688443378079,-117.36063438818597,-115.63183007327365,-116.27239731871293,-116.97611128341104,-116.45653113232625,-117.34918035926718,-116.62231985288993,-114.24637304951675,-116.74234697788579,-117.70549088412422,-117.48254443023549,-118.72386782994744,-117.45414514474464,-116.34454020638015,-115.79745114314078,-117.40486991821092,-116.21180380983306,-116.76625203275789,-116.14311519556908,point1,-116.77286730841253,-116.68635938087822,-118.98688443378079,0.7286639886708397,-0.05837487136147039,2.367277195134721
HDOK,PLOK,17472,23,23,-131,-14,11,2,33,-117.7277841946563,-116.72952181465355,-118.34453939870278,-116.91321917042313,-118.42002931113923,-117.59359896061271,-116.67262930602443,-118.1007087586088,-116.72138990780259,-116.64260966746353,-117.3968798164574,-115.0965563142016,-116.9442879425051,-116.17505231323696,-116.67900808828392,-116.4656521748415,-118.54860375749294,-116.34256814847494,-115.74822701718122,-115.62538477301108,-116.4835031402463,-117.15671362117503,-116.55119235209341,-117.23799472551366,-116.97767428300563,-117.9622359951933,-118.31474731669365,-116.33138923189539,-116.01071378620301,-116.40251043388116,-116.28079446872042,-118.33545655368714,-118.06328268291975,point1,-116.9998927099091,-116.72952181465355,-118.54860375749294,0.7839129766504652,-0.14103930838902876,-0.7135203585643581
HDOK,PLOK,17472,24,24,-130,-13,11,2,33,-116.87285548757758,-115.275735502568,-116.62724455570596,-116.94160199222429,-116.33627217354267,-117.76368217771737,-117.64796648698017,-116.56605288045719,-117.32242305757677,-119.5383335269576,-117.92668698494649,-117.33963215447231,-117.07194018245686,-117.01862637552468,-118.50988557230181,-116.77245160113594,-115.98049868540869,-116.8565354482748,-117.11877598015104,-118.83371249312668,-116.83474955752818,-116.48609382593808,-118.51860728847062,-115.81659063491105,-116.46632188657767,-118.05263452038676,-117.38960976492521,-119.05430199321013,-117.87646149273974,-118.94240556572429,-116.23907136536053,-116.60358700119676,-116.98330084605986,point1,-117.26014088067079,-117.01862637552468,-119.5383335269576,0.9656220018259375,-0.4827021054971142,-0.14558525630231012
HDOK,PLOK,17472,24,24,-130,-13,11,2,33,-117.96164162732572,-118.5909218339432,-117.38621963811599,-116.48110933744292,-117.86619119204116,-119.36771388567985,-119.62688652723755,-118.23244386452328,-117.74518798419184,-117.19613606097644,-117.19038249431937,-116.95523116842584,-116.11167476143133,-117.50610060888881,-116.01504389474309,-118.11012217498339,-116.99534036072119,-117.77534512590948,-117.88766059147409,-118.39132147290863,-117.21543601477133,-117.80166189448224,-117.63783342625072,-116.69870103397936,-116.94209074201781,-117.39006771887077,-117.74072887002406,-115.99001716661378,-117.6400072067933,-115.79097451065616,-116.89798428876821,-116.18835768794037,-117.5484710815581,point1,-117.42045473478818,-117.50610060888881,-119.62688652723755,0.7810050827180411,-0.28713541998777325,0.38049578578358156
HDOK,PLOK,17472,24,24,-130,-13,11,2,33,-117.20896325309907,-118.15050254892745,-115.97219621546277,-116.43769248468077,-116.8138286522547,-118.357605718211,-117.25906632986634,-118.76626806797563,-118.40266519607641,-118.13639625530952,-117.32550754132279,-117.70184877177167,-116.34804320584455,-116.17049204337279,-116.72498343489968,-116.71792316898308,-117.62136141715864,-118.0246075671913,-117.59597836385605,-117.96519475810781,-116.48810872247785,-116.2944094007377,-118.2524027475341,-117.30267031237186,-117.52296980218897,-117.3016969550814,-117.48800330273072,-119.46977779588963,-118.59206001939842,-116.60735601471318,-115.7795354120928,-117.69859637154343,-118.44475748134792,point1,-117.42252937371153,-117.48800330273072,-119.46977779588963,0.7768965291084095,-0.08439844594885657,-0.5652842846479285
HDOK,PLOK,17472,24,24,-130,-13,11,2,33,-117.89618068478555,-117.46192907028824,-115.01688758186845,-117.25898441949138,-116.51606702431357,-117.94763160759196,-117.51506664480917,-116.77395348662075,-116.29693879316426,-118.31141615735977,-117.58982746927686,-118.83274033847731,-118.81117264527488,-116.03840372872195,-115.32407501162314,-118.15276988620462,-116.01309312648714,-116.94335654143204,-117.31931728089154,-116.4078749963106,-117.49062662651255,-117.15839115304443,-117.89640936471653,-116.50453900176424,-117.47031082676038,-118.20349394220302,-117.74879674142466,-117.54166186392415,-118.02342872938343,-117.52920005989549,-117.53978050701942,-116.30050338962826,-117.88962595980657,point1,-117.26437741397199,-117.49062662651255,-118.83274033847731,0.8057503418972696,0.6106637705520293,0.130508495878491
HDOK,PLOK,17472,24,24,-130,-13,11,2,33,-117.16234458094821,-117.24515041723815,-116.8120489333566,-114.51549821118971,-119.3933079794586,-115.3406161388333,-116.45727113780221,-116.4140153813282,-117.46619644734534,-116.40064655002615,-118.63026143436389,-117.39310365634489,-116.69567420833684,-116.76959302159601,-117.43495803373779,-117.82460051497377,-117.89904326948957,-117.77282147368373,-116.914650133717,-117.9577402783097,-115.2223370690208,-116.1087152870976,-117.755722607167,-118.34650123639061,-117.47897081820945,-115.02844699867929,-116.07621726775146,-116.02237435405495,-116.93843007334436,-115.54582404148023,-117.94605841479081,-118.89108972016325,-116.85779293419212,point1,-116.99145523104308,-116.93843007334436,-119.3933079794586,1.2430127544748013,0.1545604470026622,-0.15575341355780692
HDOK,PLOK,17472,24,24,-130,-13,11,2,33,-117.4837015033272,-116.19124250411069,-118.00933713239887,-117.0867078150211,-117.85102875812315,-115.21280512979693,-116.55544229680294,-117.93194453324412,-117.05906239259151,-116.00425559056386,-117.65583926358063,-117.21063219840653,-117.53581651518712,-116.47098614594962,-116.68350880912327,-118.84905261866746,-117.70315266680731,-116.31508513422794,-117.76451699898409,-116.20318654623827,-116.1952482339507,-118.98410364536035,-117.80077423558384,-116.8018756067105,-119.81505684680836,-116.34199087353298,-117.96008394728224,-118.72446579224139,-117.02682605812291,-116.3280429058231,-117.52526135925395,-117.195843273453,-117.44853366264087,point1,-117.27046699981567,-117.21063219840653,-119.81505684680836,0.9305709072446069,-0.42502191509046716,0.3796524859411754
HDOK,PLOK,17472,24,24,-130,-13,11,2,33,-117.02049803888741,-116.28785356175985,-116.12064105942495,-115.83181967042857,-116.5136315041323,-116.27504162187424,-118.1072391714899,-118.65177721163563,-115.43017403525529,-116.44010262569437,-118.35249520450036,-116.20644863487894,-114.90011236734821,-117.96019267176712,-117.72988079070389,-116.87100445701557,-115.9687646394703,-116.78141719963749,-118.06402275345948,-116.12812519818974,-117.7895788896687,-117.02525376076329,-118.19243933921013,-115.71327999040291,-116.36953548256379,-116.07774922369396,-117.35942265859532,-118.40547553656909,-114.59093950798079,-117.55915827303974,-117.31055568818424,-117.91450550940583,-118.61218940210395,point1,-116.92610077817379,-116.87100445701557,-118.65177721163563,1.15167590536347,0.16518192264966344,-0.8033067499041682
HDOK,PLOK,17472,24,24,-130,-13,11,2,33,-117.07459096082411,-117.47756383900574,-117.72541843258642,-117.7420985101211,-118.08428581906185,-115.36855525875478,-117.7920205056524,-117.92195395351432,-118.09421608019069,-117.92928406832631,-117.89365702719313,-116.50353201999205,-117.19076631908749,-116.51847675224603,-118.0956863597112,-117.39756729497797,-116.5452562011954,-116.05601641740932,-117.29253313890295,-117.6037409331379,-116.06210031791785,-117.61920643611695,-116.70176301259531,-118.61210051324503,-116.74857042593301,-116.17898567882138,-116.8769964041189,-118.07245221280242,-117.81582308254305,-117.21585016032405,-120.52294192860892,-117.84027382362494,-116.43968095761026,point1,-117.36405954079251,-117.47756383900574,-120.52294192860892,0.8645123057952218,-0.7342907827183692,2.8540857984689896
HDOK,PLOK,17472,24,24,-130,-13,11,2,33,-118.82383101852656,-115.77775622688988,-119.540323292171,-117.7759340447474,-116.53746964070825,-117.92452544989236,-118.6036966481421,-115.75080461333519,-117.61231171660987,-116.86610599809168,-117.17281356951298,-117.12815519551219,-117.03660476384263,-116.67944628452794,-118.69143071916278,-117.39960285447513,-117.91040131095302,-115.76741297807446,-115.81811603009444,-116.21583090686042,-117.7766141439681,-116.57540410647232,-118.12904393067828,-118.9191695290284,-116.49638966296848,-117.07219768321377,-117.43721072458821,-118.45053954803177,-116.80646708903551,-117.30589857872879,-117.63316122513154,-117.91417634843448,-118.36622873197554,point1,-117.39136589589046,-117.39960285447513,-119.540323292171,0.9538005049523276,-0.08133168541615529,-0.5812010006035435
HDOK,PLOK,17472,24,24,-130,-13,11,2,33,-116.92156959259844,-118.42875204241733,-116.22096920306855,-115.86736442662239,-115.78654912208614,-116.02940731149609,-116.52365699776172,-117.39166748526789,-118.17847091801055,-118.17915670614286,-116.51041606799517,-116.09696420963346,-116.01706271717639,-116.56114337921527,-117.84275682831621,-116.65177631671548,-116.43731463313794,-118.88203491694777,-117.22805033750433,-116.21193823978167,-120.04540435454786,-118.02307571403259,-117.9158631484847,-116.25372432522533,-118.50207631878696,-117.62309980038282,-116.85987181027097,-116.14950950689845,-117.65369155675887,-116.92781111541883,-117.30494528879377,-120.17971859204495,-116.1076971276404,point1,-117.19737909427826,-116.92156959259844,-120.17971859204495,1.2830140683696032,-0.9901321422986772,0.5657493685777757
HDOK,PLOK,17472,24,24,-130,-13,11,2,33,-118.7996238539079,-116.95316821459417,-117.00904867928489,-116.88010173523799,-116.63875550767013,-117.06813900421679,-116.62417397102064,-115.85839056677622,-117.7276470919952,-116.9560165483918,-116.91442845576091,-115.83479988208067,-115.73903562716495,-116.82052902714643,-120.07706397870489,-118.39639243376284,-115.91243638474509,-117.13746785884234,-116.93101790716356,-117.28607298398019,-116.18020329043235,-116.87149777170262,-117.97669738207996,-115.16320210284006,-118.36793284105485,-118.12044921967411,-118.01707024462239,-116.86028321792746,-117.83491759431007,-116.8791937672109,-117.07965832121451,-118.00945496317911,-117.55873045455914,point1,-117.16616972373501,-116.9560165483918,-120.07706397870489,0.9513659913771197,-0.575318856410783,1.2345293268436408
HDOK,PLOK,17472,24,24,-130,-13,11,2,33,-115.88217878731864,-115.43957843944483,-115.13612733684823,-115.99332844441932,-117.38080755011983,-118.30864651287224,-116.3466148724302,-116.51660101089625,-119.21132292250512,-116.69583780684908,-117.62720847129307,-116.92233775648653,-117.88939633311432,-118.14467064332024,-118.5890172659038,-116.86216550360041,-116.68715125594423,-117.64773994592662,-116.10931097147616,-117.94227035206205,-116.49709443851229,-115.63277636333231,-117.51260669070705,-117.65633823913637,-116.119135639705,-116.8137476129115,-119.62150970337977,-116.76115072640654,-119.29618867142753,-116.08571766952933,-120.25236060917682,-117.43287116283507,-116.50803821712707,point1,-117.19763175536416,-116.86216550360041,-120.25236060917682,1.4938867111232497,-0.6628193018662197,0.010170954737190208
HDOK,PLOK,17472,24,24,-130,-13,11,2,33,-116.69831600975006,-117.3941395146564,-117.87617530717218,-116.66704556615102,-116.44109087666635,-117.91996256277505,-117.9061308523423,-117.96228176261262,-117.15395724190628,-116.36195192687347,-118.69883389962718,-116.70659011387966,-117.57067870351754,-117.30446347845692,-118.85223435055354,-117.03956012387158,-117.25013930559668,-119.45928051443758,-116.38502908850337,-116.95400781643417,-118.25655793146264,-117.5842991887892,-118.92132498223076,-117.81386097746869,-118.05809097358885,-119.66405387937264,-117.22188113564566,-117.88653368500977,-118.45050797695635,-116.24536358437256,-116.52626264728029,-118.7022282326304,-116.26391669201331,point1,-117.58171972432139,-117.57067870351754,-119.66405387937264,0.8567124909494686,-0.4240368942560017,-0.5649296387678007
HDOK,PLOK,17472,24,24,-130,-13,11,2,33,-116.0558482031793,-116.95679748978681,-115.97504041874573,-116.81560839846671,-115.31077661891604,-118.64407938175727,-117.51970535943614,-119.37255757255527,-118.52907411800597,-115.88177241272602,-118.19037280705953,-115.96181125505255,-117.51569162144466,-115.79695282730201,-117.80160699886035,-117.44816326861687,-117.84102917275395,-117.41109600196448,-117.85335299341223,-118.19641365528122,-117.4529061821283,-116.76844832456295,-116.0434017148426,-117.42751258719056,-119.2966052356067,-117.65999284367562,-120.33336521331248,-117.76491628398831,-118.89463063668792,-115.57987736010504,-117.98240390258124,-116.69828256434506,-117.94044527417172,point1,-117.42183450601578,-117.51569162144466,-120.33336521331248,1.380217420105274,-0.20922865246897887,-0.16302108366261958
HDOK,PLOK,17472,24,24,-130,-13,11,2,33,-117.27176141858202,-116.95436065654317,-116.63145014738146,-115.80803345336571,-117.3518132455927,-118.301210280482,-118.54613921417149,-119.4339704881165,-115.96452899004552,-119.20871976848,-117.56396182423876,-118.20720361119575,-116.60817494642129,-117.53007499191604,-118.17761567083136,-118.88120066111527,-117.61990343295486,-115.64720147127805,-118.5065531652965,-116.82271997630473,-118.67781357036334,-117.57697550644049,-118.29645774170353,-117.4844450209381,-117.77468496289366,-118.16022239903735,-119.19210518814877,-119.22483787558744,-117.53364697047604,-116.31994730819152,-117.25019474293609,-118.25284372714437,-116.10471155252537,point1,-117.6631964842636,-117.57697550644049,-119.4339704881165,1.0544698098433933,0.21056535588957692,-0.7200080401000006
HDOK,PLOK,17472,24,24,-130,-13,11,2,33,-117.12257965035111,-115.957019053702,-117.75558182186059,-115.96929308556919,-116.82016493082965,-115.73227773879334,-117.6923251415299,-118.13027492259334,-116.42216442053969,-117.30051049500966,-117.38136739525847,-116.68042606789939,-117.55816706817217,-117.56686943464989,-117.73581547865835,-116.81531877291262,-116.52426592712432,-116.69368388004408,-114.99150829403115,-116.89447367265365,-118.97470386785606,-117.9080461962051,-116.36409289944224,-115.93712003568069,-118.36609149413786,-117.23832756802757,-115.75558437453005,-117.2613394349342,-117.11468527393244,-117.4022044036839,-117.49354851860978,-117.12653100894136,-118.28466809163928,point1,-117.05972819453947,-117.12653100894136,-118.97470386785606,0.7316075055038727,0.20699479655240077,0.044466508307065666
HDOK,PLOK,17472,24,24,-130,-13,11,2,33,-117.48453797462115,-117.67833365706007,-117.66452518881516,-118.12189629308085,-118.56710829581223,-117.22092474569405,-115.87081233252125,-117.47713937580355,-115.02648687771372,-116.44466436030768,-116.89148866132882,-118.18603889427305,-116.34754846618755,-117.46844101374155,-118.13235622407723,-118.20321217960398,-116.29091897734729,-117.18993998704923,-116.22000730203781,-116.78710247690061,-118.03916457978241,-115.82028379424621,-118.00640276113928,-116.54808277305436,-118.3685817017509,-118.73001061206311,-117.51691583574895,-116.97669645319503,-117.73138956111382,-119.29268088101512,-116.36454879810269,-119.72007177328634,-118.67753959867122,point1,-117.42623795173168,-117.48453797462115,-119.72007177328634,1.085661033361308,0.06725465466135465,-0.20570081499373272
HDOK,PLOK,17472,24,24,-130,-13,11,2,33,-117.17916128191627,-117.41827333770445,-117.6762550154796,-116.2649791292562,-117.27887048202119,-116.0964035625902,-118.96957413574918,-118.24988092952422,-117.11906984661327,-118.85421478516439,-117.08354706128176,-118.9964085356661,-117.28128119839442,-117.42123018207955,-117.40453034755059,-117.1755349671026,-117.41142162931553,-117.25975603784892,-117.93281801612616,-116.71538479871862,-118.83585920980984,-119.09379154271625,-117.06054195453521,-117.76675344355462,-116.92833076886551,-115.89825515751507,-116.57773181898321,-116.5335785629665,-116.08205070499979,-119.70284456398018,-119.09185601383625,-118.72860239042829,-117.32868156802984,point1,-117.558105241828,-117.32868156802984,-119.70284456398018,0.9674533070458846,-0.42345390002367855,-0.6245802897253161
HDOK,PLOK,17472,24,24,-130,-13,11,2,33,-116.57110356246842,-116.67752308169477,-116.71229824029284,-116.36917606808035,-117.25661775015752,-117.78550079274527,-116.37999616799262,-116.19028194056247,-117.33445900581033,-116.52248397034334,-117.10476320645728,-117.34082962278485,-118.89742675045349,-118.0172300908604,-118.29136577165809,-119.04960660381724,-116.52438478158508,-117.41894584947977,-118.94536922530774,-116.27999822943168,-118.73548422120736,-118.05245768198954,-117.867660718102,-117.84299801747481,-117.34003762091803,-115.61938774626164,-116.70304679528815,-114.84950545804432,-116.72652343317336,-118.29522269156323,-115.90145991858346,-118.19767308130125,-116.97373276409054,point1,-117.23559245030245,-117.25661775015752,-119.04960660381724,1.0014219105969764,0.039481113348327095,-0.36216686584182156
HDOK,PLOK,17472,24,24,-130,-13,11,2,33,-118.84002136651559,-116.68974255868697,-116.089059515535,-116.84093648841478,-118.41607357550265,-116.51661580331015,-116.67228039159535,-116.94737383427488,-117.35184178135869,-117.12974577619461,-117.15767421633342,-117.00420731984843,-117.08301249204634,-116.98204338368447,-116.78071052925714,-117.61079772427077,-116.65117372455666,-116.10302040666795,-116.3384750530689,-118.26508733929265,-118.60849464621485,-117.89135917356596,-117.48342053031034,-116.95958769423477,-117.39705382146512,-118.84731478110096,-118.31375957893839,-116.47146791816377,-118.33784973468023,-117.94684147369347,-118.64663837503377,-117.46390363077194,-117.66402927049832,point1,-117.37883678512388,-117.15767421633342,-118.84731478110096,0.6289338830580529,-0.35394487520837403,-0.9232745048353825
HDOK,PLOK,17472,24,24,-130,-13,11,2,33,-114.80579737636567,-118.20392687948008,-115.8315998839257,-116.50761289086665,-115.6568654610903,-118.47045422595538,-115.98882810638882,-118.13975307441386,-118.93903822421,-117.80006586973832,-116.91078641589822,-118.95964655204038,-115.1669503647436,-117.14820779853216,-115.95826278649517,-117.98930818072215,-117.25235538463774,-117.89445585953835,-118.24103342019853,-117.80386301358836,-116.67052034161854,-118.9072443413949,-119.03919215922113,-115.20500909599495,-117.5759841522155,-118.44523411653486,-119.95705132432259,-117.13095486561707,-116.93296273962132,-117.6457078380595,-117.62284032380023,-116.50662636385958,-118.25716428791954,point1,-117.38076677936392,-117.62284032380023,-119.95705132432259,1.5472889328583663,0.2684009029519687,-0.5133269230739161
HDOK,PLOK,17472,24,24,-130,-13,11,2,33,-116.21783609761385,-118.14479913578936,-118.17727933736244,-117.73937163121741,-116.10482799747285,-115.79472327863411,-117.20893930864251,-116.28436472699933,-116.06961381469947,-115.53337326640104,-116.2444053145854,-117.99749344686663,-116.56848178579477,-117.2410311018552,-116.90065575702461,-115.14254343769613,-117.15725648221277,-115.72992896687786,-116.72012663497719,-116.43930489852954,-118.38427489713632,-116.38966110201831,-116.5708688506667,-115.92886546935208,-116.40816518449576,-117.84458203395643,-118.10581472436536,-119.10200083247447,-117.71853047030918,-117.9861095199546,-118.04273196160922,-118.02115236618502,-117.49738469587018,point1,-117.01262116756502,-116.90065575702461,-119.10200083247447,0.9444876133620629,-0.09474274144739157,-0.9642842755052774
HDOK,PLOK,17472,24,24,-130,-13,11,2,33,-116.64924950322701,-115.8857732407912,-116.7553259772049,-117.11955913370171,-118.26229694420141,-118.62443999106206,-118.80658093679281,-116.49207016246793,-117.33497448518145,-116.55240085365554,-117.86584742451143,-117.16759817234691,-116.86648439861041,-117.06388780418979,-118.103944600987,-118.30459172048994,-116.12504220006103,-117.81342403630042,-115.40940748029824,-117.76784959426202,-117.92912788111494,-118.10914234450622,-118.26991821530414,-118.66382725411054,-115.99521455910684,-116.10068874491054,-119.33250484183851,-115.63689601599275,-118.79494451808705,-119.59433265592831,-117.02390973061054,-118.24378046102696,-118.32194952523544,point1,-117.48445410327625,-117.76784959426202,-119.59433265592831,1.1777669521774887,0.11029659568678997,-0.875819819238552
HDOK,PLOK,17472,24,24,-130,-13,11,2,33,-117.80812595539241,-116.36895657105963,-119.06724792356134,-117.55365292092598,-117.4499800193346,-118.91078650082964,-118.10150878380759,-117.56153968200097,-117.66072054208601,-116.51673432580255,-117.83420716477626,-117.41227245113447,-118.01014511453486,-117.32970236206332,-116.75480892503927,-116.90839749967758,-116.94543208365604,-116.67473312315498,-116.68714856826244,-117.53250941245038,-118.14979456311453,-118.6813129333894,-119.77233104106078,-117.61105050866303,-117.75197846399774,-117.99960549641229,-117.79573609553407,-118.60036910983335,-116.00008833213732,-116.16080224369142,-116.20597773415606,-117.0326267005633,-116.06402498061323,point1,-117.48225176159748,-117.55365292092598,-119.77233104106078,0.810345996402636,-0.36402191279706947,-0.03887642043080364
HDOK,PLOK,17472,24,24,-130,-13,11,2,33,-118.43125941417263,-116.03466558357778,-116.68060750514357,-117.6536005697913,-117.64091939093264,-117.3542705145962,-116.23430663634511,-120.05109929360871,-115.99366042333206,-116.97496613770177,-116.0727412997463,-115.90799509108578,-116.55637316049226,-118.42107924503091,-116.46232244049023,-116.97440641350191,-116.80814719141479,-116.0414221703987,-116.56677292065328,-117.39070908867403,-116.18510304721254,-118.35561023628814,-116.93029744477077,-117.35493285529125,-117.25843409366122,-115.57318154823483,-118.3886077961603,-117.34397248083886,-117.45949019273988,-117.3935713227724,-118.43295453314671,-119.27070734059964,-117.29686843756333,point1,-117.19681987333243,-117.25843409366122,-120.05109929360871,1.0295764646555203,-0.7749649733969531,0.5535147494552293
HDOK,PLOK,17472,24,24,-130,-13,11,2,33,-116.41719270651672,-117.62205829032307,-116.20574697357463,-118.42922017733662,-116.87242247181673,-117.58505215181172,-117.35821709182565,-118.24508321016518,-117.4855755587044,-118.54896037286244,-117.79997555405623,-117.68137358779948,-116.43518213688613,-116.73934009235953,-118.97032642375892,-117.47500328713865,-116.5359974659507,-115.7762088341279,-116.85813685337914,-118.51358970570183,-117.52797138417488,-115.50016766690985,-115.06815080953618,-118.62927628126126,-115.62162617909935,-118.25496367193593,-117.09740584322145,-115.70581671522572,-116.32524852442567,-116.62989713462274,-118.93049411153025,-118.73519504530572,-115.86097643305412,point1,-117.19520765898179,-117.35821709182565,-118.97032642375892,1.186038947696583,0.07668845170735497,-1.0378949535854
HDOK,PLOK,17472,24,24,-130,-13,11,2,33,-118.49636104461297,-116.71376052969156,-116.89417652059905,-117.57440620947406,-118.48630864109126,-118.35283802377934,-118.26263881708033,-118.02484665748281,-116.8292907436147,-115.63034337417224,-116.43312069155381,-117.61064693896995,-118.25763256946885,-116.41307110650585,-115.27193801973486,-118.13180983034711,-116.46646589812885,-118.05279745771222,-117.64070991956947,-115.64657396133155,-117.33965534221136,-117.49125627786331,-117.03952829533988,-118.2405040411478,-116.8483317211707,-117.75134819599836,-117.50958359309074,-119.7569370726944,-116.58643415835823,-116.95229140745623,-116.45832349282279,-117.32912976268595,-116.77582367929142,point1,-117.31117830288035,-117.33965534221136,-119.7569370726944,0.8954201199716323,-0.056247631546099804,0.2411254531926259
HDOK,PLOK,17472,24,24,-130,-13,11,2,33,-118.63443388905438,-117.75446283979267,-114.8894923177481,-117.38639041513011,-116.94911699589646,-116.64598190919452,-117.99674687372381,-116.90491762139382,-119.41297381832247,-117.81548544284536,-118.07489018446515,-117.85007702769276,-116.676564877696,-118.19884344632915,-117.1042768147733,-117.48507299155465,-116.45785997248895,-118.28928964103704,-116.56287576189327,-116.67355207749091,-117.03423354880171,-117.00259882282924,-116.03216519384927,-118.21545918425377,-119.28080898163134,-116.0523698922197,-116.91612533831368,-115.59503659721021,-115.47346006241168,-117.2281380974455,-119.87711316655589,-118.65188985802298,-117.05907129383756,point1,-117.33884166533045,-117.1042768147733,-119.87711316655589,1.257021464368597,-0.15714529364018923,0.00205341018390115
HDOK,PLOK,17472,24,24,-130,-13,11,2,33,-116.14843605471309,-117.83857723915555,-117.16266972218445,-117.5574395277159,-117.8103101665526,-117.5511745003958,-117.53096365067053,-117.90675822913559,-116.81537427872287,-117.85676469746767,-117.28646367362767,-116.2164005922802,-118.9356657520252,-117.42173309412284,-117.30546578321768,-118.35088316059384,-115.06909475650932,-116.64337839030425,-116.91585313872463,-116.53477066983676,-116.57194317398222,-116.78172319465766,-117.91318551540715,-117.51370285566493,-116.5639300955311,-117.12264921679413,-116.93401842760191,-117.82033704733136,-117.5915616885511,-117.2548945143764,-115.03820724522406,-116.47212946794245,-120.91275695412816,point1,-117.25300655985303,-117.28646367362767,-120.91275695412816,1.0656639190296324,-0.8912702145868423,4.204667348776013
HDOK,PLOK,17472,24,24,-130,-13,11,2,33,-117.5618382517833,-115.89363886856452,-116.28981643209215,-118.73360616215548,-117.50545261610115,-116.97873774333901,-118.9020825535467,-118.90018679402904,-117.69046892939829,-118.18342032840825,-116.0873787254692,-119.12311753589239,-116.5707133265706,-116.09321366250502,-117.94474494341463,-119.14971570909911,-118.84866601925286,-115.33581567472518,-117.70780512959493,-116.04571738988096,-119.14822910592065,-116.79450579177563,-120.38372034043829,-117.31660837735706,-117.32600941852395,-115.69026320472858,-117.99675221601645,-118.62451538508846,-118.17803276556944,-117.97684946762679,-118.41632945516393,-117.05630132148652,-117.06725337749803,point1,-117.6218638491823,-117.69046892939829,-120.38372034043829,1.4280638842534712,-0.014703411252524895,-0.5654645945216461
HDOK,PLOK,17472,24,24,-130,-13,11,2,33,-117.2867680480401,-118.19750942202494,-116.85092271948373,-116.34560454747759,-115.98158761176754,-117.0737695216857,-117.3262668077082,-116.31992501681314,-118.0797644672767,-117.63086501288781,-117.52888278835195,-119.25047395521928,-118.96070895609982,-117.70164267457258,-118.67394225373766,-116.9243504486012,-118.53713023759387,-117.42770571488336,-117.675345199742,-117.2847271183983,-117.3418352364467,-118.27049098460965,-115.47122751007582,-116.95582039623548,-118.73963663885581,-116.32875221013207,-118.41491953159213,-117.01066073237286,-119.43205187672521,-117.36090040113069,-118.77957754995113,-116.69871646296518,-117.98788987153505,point1,-117.57122339166646,-117.42770571488336,-119.43205187672521,0.9022401265681754,0.002382952343683905,-0.460067251713248
HDOK,PLOK,17472,24,24,-130,-13,11,2,33,-117.4218120094937,-117.20988437961918,-118.30738794234752,-118.18496901143374,-115.6595139647004,-118.9833551098458,-116.03084466291408,-120.1999865638835,-117.11795111647191,-117.77258856681709,-116.49096228569749,-117.76597002157426,-118.65068535527412,-116.53272753131787,-116.35926183106672,-118.54081480287142,-116.3830587913815,-116.4207652956073,-118.08013378368668,-116.28624651269645,-118.39518755300135,-117.64397808345052,-117.47764360302534,-116.05403104523582,-118.90267373355836,-117.25587859856836,-117.28109746312239,-117.0580256419811,-118.66448193130796,-118.93522087632346,-117.5852250941214,-117.3881620086675,-116.59332440025398,point1,-117.50405604761572,-117.4218120094937,-120.1999865638835,1.0867829722665723,-0.3655142039491811,-0.24156794591111108
HDOK,PLOK,17472,24,24,-130,-13,11,2,33,-116.06757764912612,-115.06555223812194,-117.79884569281708,-117.41585920750117,-115.26038567587925,-115.86654056280676,-117.75844339601402,-116.93065070474088,-117.73911370618185,-118.91114665224946,-118.56086775106073,-117.66596956004018,-117.60337139423085,-116.5435499208072,-116.73273896663873,-119.93336252350386,-116.66453524944615,-116.34125341863518,-117.73394543427692,-116.69682793031134,-117.13328964203838,-116.85585634599722,-118.32785798546884,-115.99532329162791,-117.39318366505873,-116.01920876047146,-117.01184234729016,-117.21079848314383,-117.73010957545343,-119.67407343315035,-117.86359134824995,-116.76234470495841,-117.7249860191378,point1,-117.24221221928589,-117.21079848314383,-119.93336252350386,1.177745121405912,-0.38236378497041856,0.5166669016751104
HDOK,PLOK,17472,24,24,-130,-13,11,2,33,-116.0378624538567,-117.15048005896243,-116.60201082872325,-117.14933903529086,-116.36633086961405,-115.04103700435931,-117.90506870944813,-116.70577615525956,-116.8155271875046,-118.44653745572055,-117.96734033081391,-116.71639801195202,-116.16210846526639,-117.95688313546955,-116.16571801423821,-116.11325985618502,-117.83551869366227,-117.27765025053121,-117.25509328428377,-116.79802655518341,-116.99393610097972,-115.6563724226777,-116.79654797113811,-116.39262286204553,-116.48502622757726,-116.29877352223195,-117.23887457745322,-117.18512921124996,-118.47964242355086,-116.95269418089839,-118.06416014670269,-118.32845418392064,-116.91282184272731,point1,-116.97736430392358,-116.91282184272731,-118.47964242355086,0.6527578155842919,-0.039430867407222465,-0.17977296481707095
HDOK,PLOK,17472,24,24,-130,-13,11,2,33,-115.30415604404277,-115.4736463673799,-116.1024137573053,-115.66598549767859,-116.56935496212554,-117.63319234057529,-117.61219885727827,-118.67350995404398,-118.20661292916526,-117.15695000243207,-117.77071380918201,-116.94246445131132,-118.41608331645087,-114.88422089336747,-117.52427620409402,-117.22398152784308,-117.56394439633627,-116.58646139476387,-115.6141939184606,-116.87604020379584,-118.74506988486398,-118.18151694841337,-116.94260958917052,-117.98755383309341,-118.3427841991722,-118.6222804876855,-116.38997680433528,-114.64891599595525,-116.45542173743108,-117.21504787989194,-117.16556812358016,-118.01930882901222,-119.18828386687387,point1,-117.14256784870034,-117.21504787989194,-119.18828386687387,1.3376889832478527,0.39920917923423693,-0.5501957115333971
HDOK,PLOK,17472,24,24,-130,-13,11,2,33,-116.73182669500946,-117.6476089418087,-116.22164604874528,-115.82864833254516,-116.45213509711947,-120.48275076116538,-113.78540500612691,-118.86839246660892,-115.88912027582012,-117.25760212577507,-118.36276096870984,-116.92483063245426,-115.73026463025295,-118.39983097421279,-117.6447690644261,-117.62665790228924,-117.36945445837213,-116.69004292873444,-117.1051828477223,-116.99400574581229,-117.18401010618767,-118.41740225967858,-117.1243937867311,-117.63291786158686,-118.02886047449022,-115.43053805891952,-117.84793184090833,-118.68211100908856,-117.10789237091561,-117.42366649992402,-118.06559431043956,-117.02844791184071,-118.56983642866216,point1,-117.289592085548,-117.25760212577507,-120.48275076116538,1.4261814266636978,0.2772629424652378,1.9429824110663838
HDOK,PLOK,17472,24,24,-130,-13,11,2,33,-115.61482706094353,-117.13061329289829,-115.86137507094449,-115.40106593812209,-116.16716626400081,-117.51562532839353,-117.63133909561695,-117.28668661791828,-116.17792872274002,-117.49642835953459,-117.54126559577894,-117.44592799602295,-116.21064317435032,-116.52661395253135,-118.42343042626517,-117.13654048444099,-118.10885292646809,-117.01239434941644,-116.66822479163169,-116.79491623882028,-116.86227466102775,-117.95067622369166,-117.58988849053594,-119.50659724856231,-118.84202956871187,-116.64913693996506,-115.71540793951749,-118.27141446330387,-117.47122866647986,-115.680764416192,-117.86282031665414,-118.27004135417125,-119.26391300677416,point1,-117.2147896661341,-117.28668661791828,-119.50659724856231,1.0659492709716039,-0.20489328170990243,-0.39521747888944514
HDOK,PLOK,17472,24,24,-130,-13,11,2,33,-116.42781918010417,-117.82958096116738,-118.13102081922945,-116.24777741692522,-117.33910439578861,-117.88622077130194,-117.52482428820397,-116.0516946123771,-118.2496749614964,-116.03348907599877,-115.23074334120666,-116.59668513123863,-117.69602899441207,-117.78502156187497,-117.98960459338223,-118.09203077934423,-116.69933178632608,-117.51847787488484,-117.42144854227337,-117.91671039385704,-116.9417514437824,-117.6468386475066,-117.31653824849734,-117.17535014501156,-116.8395547290483,-119.91804851537282,-116.79519925227986,-116.59015201770373,-117.64955112419275,-116.680329382775,-118.6634765157257,-116.12577082531648,-118.40999881136896,point1,-117.31575300424166,-117.42144854227337,-119.91804851537282,0.8312487772291929,-0.2496260333665694,0.8960454043328157
HDOK,PLOK,17472,24,24,-130,-13,11,2,33,-118.1871546111238,-115.91242333025177,-117.8233380278023,-116.69360572741223,-119.1979679842769,-117.53745631715755,-118.82958273389002,-117.06291741342119,-117.17005182558145,-117.95910563092765,-117.17259615103076,-118.14465644609467,-117.8027117323301,-117.92346280495987,-119.31752721731338,-116.34313650395073,-115.83972225837537,-117.44722306413017,-117.52480987245049,-118.48055826740381,-117.01745136495947,-117.11549276559829,-117.51390901008484,-118.03485398332077,-117.6876719382711,-116.58728791699069,-116.51654595308244,-117.76853333003984,-118.90748059067188,-117.14867688050592,-116.80270197566234,-118.12350552542466,-118.56224468571835,point1,-117.5804958739459,-117.53745631715755,-119.31752721731338,0.7435069136108436,-0.02065657343922886,-0.33431449115774914
HDOK,PLOK,17472,24,24,-130,-13,11,2,33,-114.05258765896566,-117.22484537155687,-117.26975646115916,-117.9129041203564,-116.60419493253463,-117.56813394093568,-116.99950265797357,-117.92181756817969,-116.52944083929427,-116.87242781260467,-117.96230537881934,-116.23685520985951,-118.10102724931548,-115.44429637410606,-117.60466245578127,-116.28686648324424,-116.85421174674929,-117.67292380586183,-117.0750026283051,-117.46438001490745,-118.23242379904171,-117.37203909838318,-116.99505109307373,-117.66787457039813,-117.61169348786417,-116.73552130556351,-115.24473476924379,-118.647103386284,-116.98124507598412,-116.99531241426126,-118.04028354245843,-118.4180065527377,-116.15880098429055,point1,-117.11388584212403,-117.22484537155687,-118.647103386284,0.8980475586571532,1.1585018452700004,2.116880042291982
HDOK,PLOK,17472,24,24,-130,-13,11,2,33,-116.86175269287115,-116.31677880529874,-118.09204305616652,-116.10543934686008,-118.14581415427487,-117.82601152876289,-119.2337764214289,-115.89523533065936,-115.4284114113574,-118.61553153489419,-117.47050597158025,-118.88680251869214,-116.14162857129804,-117.29210775833454,-118.23539657427526,-116.52835577563006,-116.04780276817182,-118.89303517861438,-114.06292335275549,-116.44966794231249,-118.57054845048877,-117.81867437776415,-117.81050494929195,-117.22982776604762,-116.73143233924893,-117.65414853067625,-115.81740041486408,-118.00314410826286,-116.708157652002,-118.36274440676488,-116.55025551873236,-117.79497333961483,-117.57708324866469,point1,-117.2472095695958,-117.47050597158025,-119.2337764214289,1.3145449383946146,0.5079529408755733,0.17467956876261015
HDOK,PLOK,17472,24,24,-130,-13,11,2,33,-118.27291093877564,-117.10067800227985,-118.59845038949754,-117.1980199433751,-116.91160276649205,-116.18566607002623,-117.6779188833858,-117.13228286100009,-117.17595659733028,-117.54498369668397,-117.9917018363223,-117.04417316838236,-117.32250212938386,-117.26233424076923,-117.46190396795038,-117.91169519049704,-118.17896086632005,-117.1078204048229,-116.43942601694175,-117.85027601112665,-119.04637729850357,-117.09700319355608,-116.42925836927496,-115.34454622667904,-117.64884541047705,-115.9894056521618,-115.61535028564732,-117.81261917416127,-117.43101276101893,-116.97722956322805,-120.12986950831076,-116.66768979995075,-116.13114867833828,point1,-117.29362484553549,-117.1980199433751,-120.12986950831076,0.8978215463933281,-0.5280675986172866,1.4928422338663148
HDOK,PLOK,17472,24,24,-130,-13,11,2,33,-116.8756813781517,-115.30315500669404,-117.69968870711946,-116.27202973341728,-116.5609166143082,-117.50055259681717,-117.61219964603325,-117.12857573148561,-116.91369523152096,-119.0730514029171,-118.51803371634901,-117.63000613632656,-117.91167523385639,-116.67369426561646,-117.06400511640423,-116.13537073660741,-118.00749281306805,-116.10821712376764,-116.243589618597,-118.5314130763526,-117.3458449109695,-118.29706184741403,-116.50826457801607,-118.96596105241481,-118.43064164909894,-117.56488727714232,-117.89797244264776,-117.97386483314004,-118.14278347366454,-116.07492431792517,-118.80331158578336,-117.6757945559794,-117.46632054035729,point1,-117.42153566515042,-117.56488727714232,-119.0730514029171,0.8613814328197971,0.21606026123613586,-0.6031488225200996
HDOK,PLOK,17472,24,24,-130,-13,11,2,33,-116.32250667525783,-115.89419902107389,-117.19659353744211,-116.52124963058391,-116.72561771586794,-117.37260273669105,-116.8025520194788,-117.56476472717564,-117.392632020302,-117.53837017142146,-115.8437956971625,-116.80385219951154,-116.66370790739181,-117.3310072188467,-115.6894292933122,-119.29707277577882,-118.38373926027089,-116.71164815866402,-118.00995369328,-117.8110841516442,-116.32625187358032,-116.38531530652554,-119.40533015732295,-117.75167392689832,-117.93264365620261,-116.78557995836186,-116.9996835024068,-118.30130343304305,-116.68040730216167,-117.89566778527407,-116.5978243087562,-117.68299169733858,-117.24546829008113,point1,-117.20807635785182,-117.19659353744211,-119.40533015732295,0.7633091859748742,-0.614449180833954,0.41291995735159936
HDOK,PLOK,17472,24,24,-130,-13,11,2,33,-118.08237965959505,-116.83138009241102,-116.88613487805621,-117.41803006985779,-117.10902439072028,-118.539207770278,-117.09313995432615,-115.90335525449032,-117.24399728394837,-118.30407425636837,-116.95436252139251,-114.94406383911534,-116.09844492285855,-117.82447291517154,-117.41108835593108,-116.78723585586486,-117.89190167719866,-116.22848274692625,-117.94980810083447,-117.07735906880363,-118.22382815760953,-118.018945597752,-117.06617379503842,-117.4442265408603,-117.82732912091323,-115.64088448700534,-116.42339374052185,-116.74224913435351,-119.65672922254477,-118.54182724700465,-119.80492041925916,-117.63752701788866,-117.4503201683052,point1,-117.3653423716123,-117.41108835593108,-119.80492041925916,1.0348692270631579,-0.14554686707733677,0.7393771670644749
HDOK,PLOK,17472,24,24,-130,-13,11,2,33,-118.08372405121314,-115.69384095247486,-115.89810156804317,-116.19954440058262,-117.19562967500718,-115.09174630582739,-117.48504815308,-115.64524855453162,-116.25902736940833,-116.00177807321282,-117.5255412203115,-117.75862747763155,-117.77188427746214,-118.70258354651156,-118.14924605734257,-115.53874663270952,-118.41003244021876,-117.44869793827858,-115.59133164759436,-116.10781284588228,-117.49363104451953,-117.94638867609112,-115.85281958067446,-118.12557333500213,-118.24673300708888,-118.17058172623676,-118.91806810115769,-117.6822594729105,-116.17537684582163,-118.00036695351366,-116.20664746408207,-115.21094191508129,-117.75272952328018,point1,-117.04061547978131,-117.48504815308,-118.91806810115769,1.2611454409393976,0.1881826626943702,-1.4351609756532415
HDOK,PLOK,17472,24,24,-130,-13,11,2,33,-116.17631740352256,-116.85718253214318,-117.38753706640797,-119.4523777072517,-118.39215447025585,-116.57275711746905,-118.9565853656744,-119.22902913742954,-118.71983806452366,-115.76808798906777,-116.75277976585495,-117.6048843529306,-116.86080864927222,-116.86221770054925,-118.9290025255783,-116.51773772609411,-118.09620083313042,-116.77605912618326,-117.25212448620258,-117.97756722233026,-117.09090547293327,-115.84262208687693,-118.1022443286432,-116.82203984609775,-116.27620121092022,-116.02337563252203,-116.87699761687614,-117.89349216520317,-118.03248536100203,-114.99803197805646,-117.38212446881997,-115.89878574138699,-118.27269025908747,point1,-117.29252258819083,-117.09090547293327,-119.4523777072517,1.183640840054349,-0.15073990796042552,-0.6158867227245319
HDOK,PLOK,17472,24,24,-130,-13,11,2,33,-116.12572418275327,-117.11541001098753,-117.25100656356186,-119.06760613193794,-118.50877672995632,-117.99648950343713,-118.1875680051333,-116.2993512972359,-117.1256844895749,-116.71200260783422,-116.65267656977704,-119.92215681522862,-117.15991466691545,-117.66743290124415,-115.95787103133961,-117.2887312106773,-118.61155823861955,-116.55809365820417,-116.8061589235198,-115.52307644869123,-119.3195962888087,-117.31178346769687,-115.87073563835102,-117.85425780213185,-117.20051855067184,-116.80351673057531,-117.82272753305408,-117.1601514558214,-115.50115972264491,-118.23174833625016,-117.71668650553998,-117.77173190378295,-117.24095291428786,point1,-117.34372293443172,-117.24095291428786,-119.92215681522862,1.0603835911012152,-0.38025589732984033,0.14727178948978237
HDOK,PLOK,17472,24,24,-130,-13,11,2,33,-117.7860840784556,-115.12392172603103,-117.5669546461403,-115.49943015597822,-116.7262371296925,-116.22824414454873,-117.30988573872293,-118.24148768104236,-116.64927524255472,-116.99256406332003,-117.12122100000784,-117.43252911887905,-119.18258792757757,-115.84839343938724,-117.83345487830577,-116.79692923233766,-115.68862376550182,-117.34899826140048,-116.63332831710926,-117.1940006303318,-116.08535775384966,-116.72882107358713,-117.17774044727118,-117.98276982707242,-117.14186220569133,-117.82154533243929,-117.36308845770087,-116.84105193094062,-117.8360701009571,-117.69925997072825,-117.82585544462928,-117.769956356817,-117.66437787910797,point1,-117.12551236236718,-117.1940006303318,-119.18258792757757,0.706875871724643,0.3454993766629484,0.49615142361588926
HDOK,PLOK,17472,24,24,-130,-13,11,2,33,-115.20135484748496,-117.03582587830313,-117.11873170599122,-117.68627436794388,-117.39514291209751,-116.89908481875315,-117.01911836596295,-117.41864635511666,-118.4559089040921,-116.11512700847278,-118.25442000963838,-116.91775412517039,-118.66797412703609,-115.73665541326974,-117.51253092068774,-115.38868715988029,-118.22159483783115,-117.19579176858507,-117.57275948456369,-117.89697602042011,-117.78344570350733,-118.27193467748293,-115.79178800218995,-118.77210690126404,-118.12725116390124,-116.00603452432617,-116.1366845364566,-118.82657772411319,-116.52695836648654,-116.05179802135972,-118.30258200989365,-118.05099736501003,-117.05637563899789,point1,-117.2549967777664,-117.39514291209751,-118.82657772411319,1.012138217876169,0.3469680600785767,-0.8530258868490268
HDOK,PLOK,17472,24,24,-130,-13,11,2,33,-117.74427838866548,-117.4018211974223,-114.27710199054656,-116.91771393054788,-115.20527704731519,-118.94436419377148,-116.92492544750549,-117.61756386680722,-117.777010921393,-117.62984873164348,-116.7992453214591,-115.33892481145517,-117.31179754563716,-116.29691759131158,-115.60211213320311,-117.13694335841501,-118.85396151617971,-117.55759988042995,-117.43682210253299,-117.51020783993413,-117.5017675233006,-117.6000937037001,-116.01030325121276,-117.39934780461438,-118.526982746975,-116.44223301165741,-119.7003931083216,-117.14306367628642,-117.50228472040716,-116.70682274771553,-118.35611372842607,-117.33251937185248,-115.98530093178198,point1,-117.16641406492205,-117.39934780461438,-119.7003931083216,1.218130398020052,0.33499351347799605,0.7938328133861652
HDOK,PLOK,17472,24,24,-130,-13,11,2,33,-117.473366772417,-116.63701432137307,-118.40078214730578,-118.52129149215783,-117.20103297328339,-116.92638441286869,-119.26745211666896,-116.98867523347589,-116.99763491770695,-117.02489463883235,-117.81555290228401,-118.4265613724381,-117.73174320209975,-118.11531979906108,-116.45677158472178,-116.48079669925434,-118.76389784850413,-116.32612116542464,-117.672998853748,-117.7272159506808,-117.7686116460483,-118.16935042113272,-117.71003048379802,-118.04387465323714,-117.85926401652328,-118.06746632270693,-116.43151204102992,-117.91544451647654,-117.73376208333644,-117.71366807753212,-116.38505034796954,-114.75945308708651,-115.27554414853579,point1,-117.41783455302178,-117.71366807753212,-119.26745211666896,0.8988217433567698,0.7703592298361972,0.9168018077543469
HDOK,PLOK,17472,24,24,-130,-13,11,2,33,-117.52814608078764,-116.50800185279775,-118.17469750799836,-116.4214938773036,-118.50046330957097,-117.62037498543513,-117.94298711761763,-116.88583167540779,-116.38017124398824,-115.25287024320912,-117.53528396997528,-118.04453550903541,-114.74133207542853,-119.10031268345168,-117.6085171885999,-116.97432094936471,-117.1693004234128,-116.87199187140328,-116.88941032985325,-117.8864508015234,-117.95892709677162,-118.05194716863535,-118.18044909519861,-119.03976516514257,-117.21898833243293,-117.48982141416437,-117.27701827908174,-117.44294794141548,-119.61078772821192,-116.98796208731842,-116.84356528501743,-116.82640369039977,-117.88848591261366,point1,-117.41980493613846,-117.48982141416437,-119.61078772821192,0.9485118008710566,0.36668781433680664,1.324270851023568
HDOK,PLOK,17472,24,24,-130,-13,11,2,33,-116.00538517549269,-117.7879487040678,-117.3199924235735,-117.9146346118265,-117.78939399246228,-116.96226152614939,-116.57594599175779,-116.58267987301176,-116.37904289240701,-118.98326674166879,-118.00386426017765,-117.11722836862741,-116.7019109307084,-117.62145427252857,-118.18070143746253,-116.46507414468468,-117.67932934050529,-118.61314918417104,-116.5466241496138,-117.92220961401212,-118.38032055200416,-116.13777803556741,-116.94975862100279,-118.32033331750385,-115.91798290175903,-117.08828595691833,-116.69391918856641,-117.83394167891262,-118.73331329867382,-117.92205687549837,-115.82428538695784,-118.46220698219287,-115.49099376712266,point1,-117.30022043022997,-117.3199924235735,-118.98326674166879,0.8540281530031023,0.10120566713257619,-1.0136380865775059
HDOK,PLOK,17472,24,24,-130,-13,11,2,33,-118.21670614542307,-117.80625477198744,-117.42034801108484,-118.71111828570533,-116.6217252776252,-117.30788347887673,-116.95800782557502,-119.52226945858759,-116.73675450010641,-118.05510777055053,-120.01446117211052,-118.27002334559175,-117.09363124508022,-119.47525029134013,-116.62416494173671,-117.98254688835594,-116.33845462505353,-116.2608910273593,-116.13980438020494,-116.02900946339174,-116.1222433204665,-116.62171167312782,-117.10440641382917,-115.03470533258606,-115.18600826779188,-118.16824939118158,-117.50130069620256,-116.30716299225378,-117.36553594152323,-116.97755955932071,-118.56096848064652,-117.44138063411995,-117.77491565050316,point1,-117.32577458361516,-117.30788347887673,-120.01446117211052,1.3231913689399792,-0.3241304461633864,0.037955393811830884
HDOK,PLOK,17472,24,24,-130,-13,11,2,33,-116.07978178090708,-115.84052501233278,-117.50309409647016,-116.32908297704647,-117.51132314881151,-118.38847597181316,-115.73267008316958,-118.32609809750667,-118.27433046432809,-117.82119742467525,-117.30188209728644,-117.30454823842699,-116.43080781470856,-117.966361654283,-115.86759730403845,-118.12270914781885,-118.27202785176333,-116.89509901330287,-118.48057739534129,-117.0393478899662,-116.43040607763268,-117.85537402486662,-118.00884510530454,-118.1515542862755,-117.84589067116859,-119.46556638053414,-117.59810287013346,-116.79239392810585,-116.49247803987622,-117.3957147339548,-119.35645730639425,-119.13150470971064,-118.4374297654682,point1,-117.52876531404307,-117.59810287013346,-119.46556638053414,0.9848261552430133,0.0881224479915615,-0.653422490909628
HDOK,PLOK,17472,24,24,-130,-13,11,2,33,-118.48912900597205,-115.53540694297963,-116.92398503721826,-118.38869790537962,-119.44964997683961,-115.24430678902885,-116.75223266891392,-117.02281956615033,-116.41502578766296,-118.72207372573311,-116.33675739655521,-118.84635695138594,-117.38093750190598,-116.16505889772016,-116.29100457319973,-117.5320514795052,-118.0138169088666,-117.19825781945015,-113.93728232415951,-117.36988920526466,-118.46423598857675,-116.33263176376921,-116.94601796246181,-118.14434019778507,-117.42260978081521,-116.09806329925964,-118.06346371658202,-115.7945851164509,-117.51871255102367,-118.01886280080687,-118.13001789143719,-118.85634708093278,-117.37086447708303,point1,-117.24774221487502,-117.37086447708303,-119.44964997683961,1.4069966702633552,0.5354053479044492,0.3733773482570113
HDOK,PLOK,17472,24,24,-130,-13,11,2,33,-114.64886869552764,-117.31207963122172,-116.18123894083978,-119.639877478785,-114.74909014227862,-118.308263273133,-117.22061899463864,-116.28424345331636,-115.6412805348353,-116.606814395654,-117.86315466823562,-119.0752327843577,-117.9212968127783,-118.33563124873221,-117.39170296609937,-117.72398481456271,-117.01701646263326,-117.47059171418222,-117.2696085819298,-116.21495937906427,-117.44467075276067,-115.14000831064877,-118.63928372255648,-116.322467605434,-118.52984718525144,-117.40773554338175,-115.31157082515834,-117.31559824113197,-117.28578887323731,-117.77095121402103,-116.43939669040236,-118.00687629144237,-116.05995885891737,point1,-117.10756694203486,-117.31207963122172,-119.639877478785,1.4134440188554842,0.233791041810064,-0.23257172278935245
HDOK,PLOK,17472,24,24,-130,-13,11,2,33,-117.2033477419189,-116.27968003242327,-118.45028053035558,-117.02671920800185,-115.28377078954298,-117.03154724560424,-116.36623441018791,-116.83824168629219,-116.72529207119885,-117.93209522529817,-116.63005061433556,-117.55480044088159,-116.97878227047603,-117.08126954394636,-119.70001863599543,-118.40258756741423,-117.8797464059697,-115.57812183151675,-117.41845238795818,-116.03747468567408,-117.50479421267922,-116.54049367966996,-115.91225733439333,-118.03881716661907,-118.02138420674089,-118.00232701505374,-117.06904036550215,-116.23198108983767,-118.43883265550606,-119.74583217863126,-118.12769967434171,-116.24002466555108,-116.59604262227107,point1,-117.23842546035723,-117.06904036550215,-119.74583217863126,1.0820068437358819,-0.5029499370082009,0.207733645832489
HDOK,PLOK,17472,24,24,-130,-13,11,2,33,-116.70248565891191,-116.84194796974101,-117.43444666721264,-118.26531529062353,-115.3604380759174,-117.90374274730036,-117.9950111618885,-116.9473688807724,-117.17185850527333,-115.86605823228554,-116.65907322864123,-118.45302972944152,-117.85961870119232,-116.61656966089183,-118.49261568940184,-117.21474415942916,-116.35412198222726,-118.05253416184938,-118.62830875567286,-118.82985600984199,-116.65865694682951,-116.90666850143351,-116.89431396893423,-117.57480351532357,-118.33533989072406,-117.28033148881163,-115.63603013306646,-117.57199599039797,-118.97276973400461,-117.6474913600101,-117.1323509951114,-116.45849607669108,-118.32470752088093,point1,-117.36494246638591,-117.28033148881163,-118.97276973400461,0.8220101105324473,0.20292529008619448,-0.5311908479341043
HDOK,PLOK,17472,24,24,-130,-13,11,2,33,-116.61751829183721,-116.3655917544674,-115.2808787983649,-116.18808952933502,-117.63014762211793,-117.29190971830916,-118.56885231810604,-116.49650422839987,-117.18110264696594,-118.04636429868414,-117.44427807041681,-117.12917740271097,-118.44129349184959,-115.97948279280449,-116.50883086232092,-117.86652140842598,-117.10869331453358,-115.87690647627417,-115.38005632208124,-116.88518320470163,-116.89858676896144,-118.64967110830018,-117.79983234296259,-117.34602117871114,-115.40865678354099,-115.9225891584273,-118.73363057402196,-119.51926633042027,-118.47420379122413,-116.46299302780373,-117.57450465296843,-118.37356793556509,-116.94580805047113,point1,-117.16353679563895,-117.12917740271097,-119.51926633042027,1.1229980059655245,-0.12233352299070238,-0.6105317635673035
HDOK,PLOK,17472,24,24,-130,-13,11,2,33,-116.01073420443811,-117.69811080239258,-115.87885102348618,-116.41021856896508,-116.70454369363875,-120.40571907648919,-118.45077591947714,-117.25551884690105,-118.10128154920903,-116.93078374864758,-116.91754957817942,-117.95589543346472,-117.69565133762465,-117.70653180260376,-116.03964396500095,-116.66397544009385,-116.93625907776061,-117.476935716439,-117.79905446270459,-117.90090968498387,-115.58872299690807,-117.08702973025453,-117.77410634268732,-117.27438361899469,-117.3463389138409,-115.8826053829245,-117.01956995169908,-118.62542142392573,-118.56713240411487,-117.87923637838637,-117.59353818024846,-116.97907265886444,-116.31583848668686,point1,-117.29914970915262,-117.27438361899469,-120.40571907648919,0.9256507707570744,-0.7263295679391369,1.8880362397412234
HDOK,PLOK,17472,24,24,-130,-13,11,2,33,-116.01704613643949,-117.87103551877286,-116.41074852228934,-119.18134757255524,-116.86556051492401,-118.0181142636585,-118.96745691701084,-119.08570095445099,-118.63891312389167,-118.35087201579422,-115.84277856061932,-117.68860473738386,-116.88260285415355,-118.00676517608157,-117.1375535126019,-118.02545678398785,-117.9685580485608,-117.2570479495319,-118.90377107786261,-116.47855169869578,-116.96607672027888,-118.36611542456961,-116.6486664820505,-118.34337197474743,-118.23212499515374,-117.9365349499523,-116.20159131502044,-118.42428546499337,-117.241843226629,-118.96785703524291,-117.13217411630606,-118.16173277311229,-117.53841044904522,point1,-117.68967487473843,-117.9365349499523,-119.18134757255524,0.8538416540185281,0.26994826183230825,-0.8759296641787997
HDOK,PLOK,17472,24,24,-130,-13,11,2,33,-117.26337656937214,-116.11197774989884,-118.04257309084105,-116.70289954688546,-117.35237348138675,-117.61078005789352,-117.71194600597234,-117.32950572209715,-118.22502390173263,-115.72562689182975,-116.0247964603611,-118.09883918875468,-120.36498494204581,-116.57249324843566,-117.1216113756399,-117.74940077199913,-117.91481418354313,-116.77116686186851,-117.68323085867105,-116.07436757848593,-117.0449132142134,-115.11509176887793,-118.1624063497716,-118.2218951907681,-116.1969427273504,-117.30513827857136,-115.7066684234577,-116.28690383658217,-117.06795061395762,-117.81829730646389,-117.49915203797337,-118.34376037898916,-117.0981295394714,point1,-117.22178903497463,-117.30513827857136,-120.36498494204581,1.0047848331318618,-0.4525204982397039,1.6494321574047857
HDOK,PLOK,17472,24,24,-130,-13,11,2,33,-115.1782760128649,-117.24759345826547,-116.69496353631716,-118.0169618541984,-116.23976296431817,-119.14527942371363,-117.78823979964751,-118.27194752414403,-115.96337125056989,-117.68894744342069,-117.6692408521612,-118.5285000175296,-116.76529391326427,-118.40918612182583,-118.5044137708814,-115.71765708408624,-118.08169759682957,-118.0827767881266,-117.76359281340385,-117.58052304754685,-117.31464953062816,-117.67442516712991,-116.1885675752446,-118.30846480563874,-116.30137018297097,-116.36738621196402,-116.3115392214236,-116.87023616428019,-118.90845887452525,-116.85228843494326,-116.10747434477155,-117.89981639842708,-116.48164412847915,point1,-117.30074382768306,-117.58052304754685,-119.14527942371363,0.9796624780073312,0.15734416079726388,-0.8867264614101358
HDOK,PLOK,17472,24,24,-130,-13,11,2,33,-115.23343960115004,-116.72144181983771,-116.73232954119646,-118.72932836683574,-117.34512426947387,-119.13266588111186,-116.28841808207147,-118.48197243200713,-115.91801812410175,-118.38717566816948,-117.1088485709422,-118.86453837739646,-118.87280997600492,-118.04525432252088,-116.72764546842612,-118.73441956593584,-118.80904799068641,-117.37318852087137,-116.02738841743015,-117.47547552161679,-116.77075795786217,-116.90010194730723,-118.49937242478963,-117.24206191300327,-117.03697408843252,-116.6329627214569,-117.13486997435173,-117.30965175546487,-117.84208852834116,-116.96615685581088,-116.45226586107377,-116.25846050613377,-117.63881823403116,point1,-117.38463858441958,-117.24206191300327,-119.13266588111186,0.9753195389399973,-0.09333944656077778,-0.7554808661987855
HDOK,PLOK,17472,24,24,-130,-13,11,2,33,-115.06429913692904,-117.79386871317743,-115.69967638007398,-118.11649605439769,-115.91825105034137,-117.03311794892709,-116.36842082236151,-118.41439574060001,-115.7264582574389,-117.81231225369973,-119.84995383810006,-115.54421756007973,-116.5759500450154,-117.02459686658095,-116.22536712605152,-116.70592312445886,-116.18701541860335,-116.97185627742707,-119.46619814674985,-115.77006101221423,-116.37100841601001,-118.50845316649072,-116.69457104613517,-116.37873696660962,-117.14874530622328,-116.9087611199843,-118.34688169650785,-116.42344998310794,-116.62972136812321,-116.35298525912316,-117.16242848356552,-118.2030060782816,-118.74141725033883,point1,-117.03450308829481,-116.70592312445886,-119.84995383810006,1.2994542469084938,-0.6809648388335519,-0.07600043625657849
HDOK,PLOK,17472,24,24,-130,-13,11,2,33,-117.04822548431643,-117.13738612396506,-116.4324620001362,-117.68617099587317,-117.80166637939266,-118.42137576567694,-116.02154795370139,-116.05155334961543,-116.95038601428818,-117.44048706509592,-116.73050866078175,-116.82067304865154,-118.705515509055,-115.56475634825289,-117.72040334236159,-117.00156729157133,-117.44437316168113,-118.38862967150727,-116.72003912517506,-116.2569270527099,-118.15155522756224,-118.00886738185999,-118.48935238383156,-115.91035659077676,-117.5523689087166,-118.3868281782149,-116.36307356127855,-116.2411541010654,-118.4493794956759,-118.13840139730604,-115.94197834690857,-116.88022566174077,-117.71037708440723,point1,-117.22935068676223,-117.13738612396506,-118.705515509055,0.7920543499949488,0.06643187823015921,-1.1752414579083443
HDOK,PLOK,17472,24,24,-130,-13,11,2,33,-116.97641433743424,-118.02460115027247,-118.65054796748088,-118.45335898361074,-117.39753761131341,-116.89344328085839,-118.62573540765194,-116.95380598062398,-114.22669581280746,-117.83984030161496,-117.37455521625255,-116.86848641477435,-117.38251040814438,-117.45560833972034,-116.02070189251663,-118.15688582151677,-116.40093820637341,-116.97780531622165,-116.62608371411463,-116.4096217903699,-117.56753586396212,-118.6362766315591,-116.91551729290813,-117.56287150733988,-117.6959037310606,-118.69967884074737,-118.14309001395421,-117.57129831016383,-118.424159202363,-118.04879555459333,-118.09112342471538,-117.74812015179242,-115.59993933992999,point1,-117.40665114602311,-117.56287150733988,-118.69967884074737,0.9232082466837301,1.149579583636335,2.206512361753975
HDOK,PLOK,17472,24,24,-130,-13,11,2,33,-118.66679631190038,-116.79161414049196,-116.08169900956952,-116.94476246163256,-117.20094020329532,-116.62205429050984,-117.25935603505829,-116.79543379729756,-117.47445562061874,-116.06626843061503,-117.16987122907825,-116.69680443251849,-115.94990226436816,-117.84383374611774,-118.0742692545082,-116.18784454348068,-117.33297818384817,-115.30450613832527,-116.95430416427504,-116.78049638848334,-114.61991259572508,-115.83015323103919,-117.38712920455116,-114.72214584716954,-117.16269911658682,-118.88113347198372,-117.35178392504824,-117.51438525729067,-116.40094635694305,-118.65012256546956,-118.58019926327906,-118.29192775616428,-118.54711040096238,point1,-117.03447998903653,-117.16269911658682,-118.88113347198372,1.1445398884354039,0.29703586451317576,-0.10532975068953787
HDOK,PLOK,17472,24,24,-130,-13,11,2,33,-118.51737937397611,-118.10759406657498,-117.57058093492437,-117.06335127051511,-116.79241096410539,-117.21325807685382,-119.6595084219634,-118.59522356577213,-118.070799865783,-116.20027681775481,-119.4993684610085,-117.07125125158367,-115.94072294635517,-117.12264905979967,-116.66305142002659,-116.77329109314307,-118.37283088887189,-118.1832487955365,-117.42135214464795,-117.42085478733858,-118.03226350778203,-116.34015398412716,-116.32162845914986,-117.16285022447525,-116.80361610860362,-118.54552293036048,-116.57904315206227,-119.59695871272847,-117.74232239022027,-117.74172201040639,-115.9096031740226,-116.70871262905104,-117.83388375337623,point1,-117.50234197705758,-117.42085478733858,-119.6595084219634,0.988599674554393,-0.5090573285761848,-0.2875127765870791
HDOK,PLOK,17472,24,24,-130,-13,11,2,33,-116.99141002232717,-118.56594304889434,-118.41947691953747,-117.59044669817989,-116.94832081336251,-117.82793753969116,-116.51482285295067,-117.89348581311455,-117.10614160554945,-119.22087501641364,-116.23293719981926,-117.35048604027904,-115.31887611110223,-117.58048091757672,-118.44994055152208,-115.81504812423437,-116.91867883247679,-116.59236330126308,-118.38712564973804,-117.84444442452164,-118.35873672074327,-116.9550091188483,-117.35481378924301,-116.58848895046852,-118.49777846513649,-117.3296695907864,-117.48705102710309,-118.16146184815256,-117.17351663219947,-117.04542973715299,-117.65457506993776,-116.15450947932703,-117.51727690553108,point1,-117.38931996415712,-117.35481378924301,-119.22087501641364,0.7331791681476012,0.21117776879309685,-0.028506520908101685
HDOK,PLOK,17472,24,24,-130,-13,11,2,33,-117.29216246318423,-118.05828696038955,-115.89496198717042,-116.8947001786019,-116.96609434086507,-118.0013383552802,-117.89346102903339,-116.54540288457076,-117.48874916054406,-118.76344348301247,-118.23684210053365,-118.09753645509888,-117.91898758356865,-116.93543278321695,-116.34913692421831,-115.75631164629063,-118.04374464399982,-116.8480500653541,-117.76064311921513,-116.91390874558189,-116.14402330220695,-118.31287612095952,-118.24796604189675,-117.51726978407535,-118.48568493701235,-118.49025778650696,-117.77433712561236,-118.04369229455119,-116.51440589619995,-118.34193728539282,-116.41204029938386,-118.67666135608744,-116.09021471225924,point1,-117.44577460157197,-117.76064311921513,-118.76344348301247,0.7548115160514764,0.37880136414494603,-1.1211792549919486
HDOK,PLOK,17472,24,24,-130,-13,11,2,33,-117.19060434470288,-117.46960375395851,-117.79596917412344,-117.4511052360974,-118.01243447572215,-117.66287892914227,-117.2898986330262,-115.82286306153588,-115.78053437808485,-117.79686420977048,-118.55828079536013,-117.4077122812448,-115.56881094382587,-117.42006352087576,-117.34106744388542,-116.74394763526261,-117.87339316047017,-116.85615094939772,-118.32695516395258,-117.33345837077312,-118.55402485650755,-117.80565914761003,-115.71280781861378,-118.4772027494635,-118.44410433512319,-116.71580663376878,-118.38671446148368,-117.95851731212987,-117.63825091305627,-116.89086584903328,-118.90585794689837,-117.50993851835658,-117.00626929316795,point1,-117.44571564534624,-117.46960375395851,-118.90585794689837,0.7113197841167348,0.6310328361421417,0.07338665402513733
HDOK,PLOK,17472,24,24,-130,-13,11,2,33,-116.93871293911394,-118.5082966741862,-116.4799262445204,-117.51590472922287,-118.67084912472242,-117.35892884769537,-118.04301083746246,-117.07476771150452,-116.83013114795664,-116.76049996377154,-117.20015652943553,-117.81360801664711,-118.43921565494267,-118.23335744889035,-117.43246332591329,-118.82110369661913,-117.29990010475794,-116.38708757596929,-118.39692122228313,-116.95926944951148,-116.66196464056756,-116.92508571533716,-116.5808054502074,-117.51882791318596,-117.14241640694607,-118.19626005661134,-117.4418663346836,-118.01878586321129,-118.75776589821419,-117.05995197253526,-117.0799590217348,-116.25074984828804,-117.12159370143257,point1,-117.45212557782062,-117.29990010475794,-118.82110369661913,0.5245941695848874,-0.3903606564982111,-0.9279806690948931
HDOK,PLOK,17472,24,24,-130,-13,11,2,33,-115.62199619106056,-118.3555798036013,-117.22143992317999,-116.32897532989176,-117.11090913454726,-115.29017637347071,-115.8451159606713,-120.165248856728,-117.06424680121378,-118.37042617748632,-117.02297891014139,-117.7373596299359,-117.15609384710834,-116.0446590128206,-118.82726905737553,-116.80824850622241,-116.13423625025376,-119.9180933284467,-118.98229786096582,-119.1690238002461,-116.80077423601016,-116.66032492725317,-117.15985978001615,-117.09648158999411,-119.00028452708612,-116.42452360740909,-117.85077427182335,-118.80773275727262,-117.21042947020248,-117.15746918633918,-118.01878483120653,-119.21420559937388,-118.38808427350135,point1,-117.54436678220775,-117.15985978001615,-120.165248856728,1.510111161539207,-0.2968133843785776,-0.6410072287294697
HDOK,PLOK,17472,24,24,-130,-13,11,2,33,-115.44082631601802,-117.89119761358039,-116.38856233101775,-117.79177071816332,-117.28489867900284,-117.22923606086371,-118.0264340033246,-118.6406578107345,-116.92751412862007,-115.28548060241393,-118.48489272716921,-115.99590276897175,-118.07738799507734,-116.32952496962056,-118.32499324568265,-118.29107840398902,-115.82345907642404,-117.16731012856611,-117.42904839802891,-117.21516663630288,-116.2403965831936,-117.5592315828531,-117.10880499936776,-115.55799999746448,-116.52030182878629,-117.90393043452235,-117.8951408088002,-117.72513120454185,-119.05276152470493,-117.11186246516486,-117.53349004912502,-116.92043802120415,-118.69254859142436,point1,-117.26870850620377,-117.28489867900284,-119.05276152470493,0.9482700864346254,0.34113883117942767,-0.5952006493227122
HDOK,PLOK,17472,24,24,-130,-13,11,2,33,-116.06940629920929,-116.3841912220931,-117.20497591266916,-117.12913072332003,-117.52012577412123,-116.08622831116682,-118.25406129890538,-117.25247192191779,-118.56303749399652,-117.37195243801885,-116.2063714678872,-117.64090260647697,-117.47435120654238,-117.5299577565201,-117.09637007897494,-116.71627474814504,-116.27802730870766,-116.07254138110314,-118.31771743506981,-118.2992772223561,-117.08729447253333,-117.58795691754307,-119.23181236034162,-117.31549602459405,-117.00016817783373,-115.51272620688306,-118.69698838827614,-118.14370960696412,-116.26233328443428,-117.19919534875265,-116.46046471015005,-117.00907917155774,-117.06319507900439,point1,-117.21326643503242,-117.19919534875265,-119.23181236034162,0.7357937122424975,-0.2793996572358712,-0.2584494644234909
HDOK,PLOK,17472,24,24,-130,-13,11,2,33,-116.97439010628536,-116.8958938617192,-117.52073461383421,-116.76882387477644,-119.23722533806455,-116.28909249465065,-116.4750570744348,-116.89775282964408,-116.92997551536156,-118.47209375084,-118.03384450303803,-116.91126576280739,-117.84991479389967,-119.78025009254593,-117.02728198660687,-116.69191317054707,-117.15667892720745,-117.21331621649531,-116.71033222487596,-116.36036282386948,-116.21755338073349,-116.83485265110069,-118.50373919505532,-117.07304658999642,-119.88749789245034,-117.4456518982672,-118.73707720457763,-117.65828341534004,-118.31985998696776,-116.51914817822501,-116.7262454993112,-118.3325562928213,-116.76988805814828,point1,-117.4309575819545,-117.02728198660687,-119.88749789245034,0.9434330605331672,-1.0799420159785023,0.3932924656432455
HDOK,PLOK,17472,24,24,-130,-13,11,2,33,-114.71628502634711,-115.15379328488723,-118.73935628659711,-114.73140702437178,-118.10546652591727,-116.49829330741738,-117.99923264059184,-116.68698647545084,-117.86026955095564,-117.78335076397725,-117.4982843443956,-118.17870895821555,-117.70755589709015,-118.11967013433174,-116.0984777561006,-118.27957256573455,-118.54075985401707,-117.69786265536445,-117.28842409707899,-117.52514472640617,-117.58395131990953,-116.34863019752362,-116.49897273342675,-116.86924208711226,-118.01239680012458,-118.34442545544982,-116.54083404471277,-117.02772652239476,-115.61367351628897,-118.39302354231944,-117.97240893941311,-117.86518558394424,-116.45185416236416,point1,-117.23427959940098,-117.58395131990953,-118.73935628659711,1.1486272014840797,0.8958557458680246,0.048419557959164194
HDOK,PLOK,17472,24,24,-130,-13,11,2,33,-117.24100848046879,-116.9493979506462,-116.60170660352492,-116.60269136386802,-117.22040513984521,-117.58922178331055,-116.22859185455216,-117.95296152457877,-116.24755710999872,-117.27104857219855,-117.79814377537414,-117.53891181255771,-118.63786296957332,-116.80796118110595,-117.11816983208254,-116.01738334605358,-118.56999663176258,-117.66705038997445,-117.76236717032924,-116.98073853893914,-118.23725632191518,-117.84363923011168,-116.92502610598297,-117.38399199549255,-117.53220677243317,-116.90676421171092,-116.21017426245692,-115.74397947233349,-117.2779006065881,-116.4708542327248,-118.59979349369948,-117.63456172406488,-116.99590321378568,point1,-117.22924932345589,-117.24100848046879,-118.63786296957332,0.5305294290926734,-0.06815261230299925,-0.3851830116516597
HDOK,PLOK,17472,24,24,-130,-13,11,2,33,-117.00379859814802,-116.9146085570224,-115.59343126476472,-115.27168535988156,-117.74694498765878,-117.22195516893156,-116.88941509474525,-116.9929100761047,-115.92074614605403,-116.14870352204034,-118.48966491686747,-118.93973765146602,-116.62071305738498,-116.8000230083659,-117.41603550342381,-117.64361115986044,-116.89081015126486,-117.04130969931875,-116.84547626560983,-116.31889244000479,-117.0179693029259,-118.74125079693391,-116.64611225307627,-114.35082710414196,-116.90886849200814,-116.69156978589783,-117.27529006010988,-119.98684144306382,-115.3593580310122,-119.19995976646115,-116.98858370166447,-115.76758797561288,-117.17047530064652,point1,-116.99439898916584,-116.9146085570224,-119.98684144306382,1.305777051630967,-0.4158555780554532,0.9804381550605767
HDOK,PLOK,17472,24,24,-130,-13,11,2,33,-116.2992761687731,-118.3834015539402,-118.47126364969482,-117.90363989692999,-116.57612004084835,-116.30366423409004,-116.71202354173474,-116.37182083128566,-116.89715318592191,-116.7590067685502,-117.88915023713933,-117.17793134582763,-117.98003165358394,-117.7355380573373,-117.75370442985849,-116.17602535872639,-116.33857205098671,-117.05438341114368,-116.89733084471054,-117.7097982097326,-118.14837705236575,-117.3107145847426,-116.27958077412367,-116.86626198426313,-117.62214859544146,-115.95269606588646,-117.21585052439339,-116.35872363961883,-117.21776610718516,-115.82541094457031,-117.9433986616068,-118.09092011191012,-116.61461585513479,point1,-117.11625152642598,-117.05438341114368,-118.47126364969482,0.5523017041857801,-0.12213361784479153,-1.1856389539332102
HDOK,PLOK,17472,24,24,-130,-13,11,2,33,-117.53615462024615,-115.43771943874367,-117.29639414435097,-116.01501134640988,-116.14238046587644,-116.29382402481188,-116.3022310518858,-117.45587555487297,-116.94778581174917,-118.63218797890012,-116.32308426696477,-116.27171399978694,-117.08722807673746,-117.83915540470215,-118.49089801423996,-116.81580324675177,-117.38779446088355,-117.04767242355899,-119.40714887503437,-118.60122674239358,-117.41716183567323,-117.03726515818019,-117.22568340491195,-117.32280329642295,-117.22608218891448,-116.32379173342053,-118.39666063807586,-118.07098251889958,-118.69534728884912,-117.44253121847801,-117.48996965448032,-116.60471390957042,-117.52532026918037,point1,-117.27604857769566,-117.29639414435097,-119.40714887503437,0.7883081349755688,-0.29689324094569886,-0.12105682517329663
HDOK,PLOK,17472,24,24,-130,-13,11,2,33,-116.9049413241929,-117.4405203012041,-117.63899536854558,-116.88894382974041,-119.59098246183025,-115.31387912471868,-117.36496413623078,-116.7621117914774,-117.05358172264455,-116.60694011153245,-117.53615794008367,-116.22680913665687,-116.97576717870568,-117.65057013724366,-118.30363814129034,-118.14474681248866,-116.42791706095576,-116.93513870668329,-116.4460256352155,-119.88465730217537,-117.06122918396932,-118.82783319420615,-118.52476382166887,-118.8820636542889,-119.72186582695927,-117.77600190191366,-118.12866830093644,-116.74987201599241,-119.30605600618078,-118.16515578462139,-118.53031215249482,-115.81231956740805,-119.56722085923073,point1,-117.67123183313595,-117.53615794008367,-119.88465730217537,1.3489410340441823,-0.23670515707853146,-0.639777330218525
HDOK,PLOK,17472,24,24,-130,-13,11,2,33,-117.26628946172137,-116.26626912679889,-116.79492030812253,-116.71161345493059,-115.81860790659151,-117.15414256598876,-115.8694482291143,-117.98584748276771,-116.56804882336881,-117.81637745408035,-116.6869410116338,-116.3040524434915,-118.98607545951647,-117.79625574535382,-116.96293926922151,-117.28908654244357,-116.74742708406409,-117.3972732438798,-118.449531029193,-117.80729844801031,-117.99231700939865,-117.02346020501456,-118.99341946996773,-117.58944129688919,-117.85470853183946,-117.45518502180946,-118.55466787340559,-116.68321056516231,-117.25114575288056,-117.07884637928245,-116.51473281998275,-117.79340783966792,-116.8626799241861,point1,-117.28259599332664,-117.25114575288056,-118.99341946996773,0.6229256635247039,-0.3431248901630876,-0.1885627335433262
HDOK,PLOK,17472,24,24,-130,-13,11,2,33,-116.63097639136082,-117.04921394534342,-117.5443504435723,-116.76818529101837,-115.79365158089772,-115.44918337250768,-118.48328510773507,-118.32280230735297,-118.60107695874925,-116.76427841521972,-116.0942026176444,-117.32663760618344,-116.5196464452899,-118.69150774866064,-118.40044209712543,-118.22046308197349,-115.23946603040903,-120.59110880686941,-115.37026630295581,-116.06099102733276,-118.02362874479378,-118.1218930570174,-118.59052693856606,-117.94179683291681,-117.5074285149636,-119.37896659989008,-118.08239990576647,-116.27697175324508,-119.18407225646875,-118.84160658042245,-117.9934062156399,-115.76365786505093,-116.13717993284794,point1,-117.44743244775125,-117.5443504435723,-120.59110880686941,1.699112738043902,-0.10450876661778796,-0.5864402597805136
HDOK,PLOK,17472,24,24,-130,-13,11,2,33,-115.81206313001148,-115.76493377425722,-117.06712573034847,-117.53054817114378,-116.11677248930295,-116.10973358352301,-117.26706795919857,-117.16655515175138,-117.61417142736322,-117.4917259629624,-118.39704730255266,-117.17452323112266,-117.5293436990067,-116.51229709844034,-118.46603955603737,-118.18425878285804,-117.29115104986313,-117.42292641489021,-117.14375405282568,-117.59849272497345,-118.16221850010409,-116.23044846677905,-115.85798820367319,-118.18538701363288,-115.06383602509636,-117.8019399952723,-116.83380264618238,-116.56354645321848,-116.0364347387213,-117.81595523666275,-117.22140379819936,-116.42151589098025,-117.77967673398683,point1,-117.07983893924067,-117.22140379819936,-118.46603955603737,0.7225906669812519,0.4067616477958967,-0.5681966336013207
HDOK,PLOK,17472,24,24,-130,-13,11,2,33,-117.46854073882596,-117.97785229864115,-115.65666635313289,-116.57434641565987,-115.59936420703549,-116.36418015024876,-118.38235489928942,-118.47657870572635,-116.47059333557921,-115.80543093816415,-117.61414590732556,-117.30070702768222,-117.16657141244676,-116.10883660545652,-115.62719227536667,-116.83716854917027,-118.12426270515,-117.17182184828474,-116.93780956910656,-116.91220025183918,-118.93523368166494,-119.29939865659446,-117.2315545952718,-117.58599619726256,-117.76890343452858,-119.40190735031426,-115.55789949382445,-117.7284023788952,-117.21507507347421,-117.1777225803578,-116.9333417411347,-118.01921958342245,-115.88921867721012,point1,-117.19153023145718,-117.1777225803578,-119.40190735031426,1.071999576627004,-0.24017227983541065,-0.42185027006932563
HDOK,PLOK,17472,24,24,-130,-13,11,2,33,-116.51836223672314,-118.74559328982458,-118.14517185571059,-116.963223200841,-116.73510963766098,-119.85978040568217,-116.77396620064562,-119.76100343387967,-117.3207064619474,-118.54129363494629,-116.11678657348831,-117.03746965813785,-117.2172097781695,-117.05739221283375,-115.89808100328032,-118.01800270436544,-116.91187889736308,-117.37723630165196,-116.65410353786,-116.92642286847652,-117.30786078286764,-117.35472965969294,-116.43180160255976,-118.68419580393338,-117.17121620419918,-116.9444208251804,-115.84894427724595,-116.31868551230647,-116.90977352255837,-116.72966774794735,-116.2279065663046,-117.68935046516667,-115.43529984736992,point1,-117.20098929426729,-116.963223200841,-119.85978040568217,1.0248454394215611,-0.9811586788388984,1.0044973634122676
HDOK,PLOK,17472,24,24,-130,-13,11,2,33,-116.83409003236986,-115.84293276849851,-116.78949517046419,-116.41283226644379,-118.37181710020234,-117.30686786789636,-117.15749929264116,-115.55533691786232,-116.26507794492895,-116.8061741974811,-117.63527290183958,-118.09889640322629,-116.42407902083544,-117.68441639725174,-116.36923847881437,-116.46213686986282,-116.07832625847482,-117.57106732506047,-116.15375618199768,-117.32980101158567,-118.81845546858726,-117.47033989844167,-116.10102909892213,-118.1342182242199,-118.14816913671028,-120.2299965631038,-117.304517981105,-117.2206361021376,-115.90218387130557,-116.75833198336069,-116.13517486485438,-118.04624647872956,-116.30844224361667,point1,-117.0826320097828,-116.83409003236986,-120.2299965631038,0.9816415511425081,-0.994565858504382,1.464467216025692
HDOK,PLOK,17472,24,24,-130,-13,11,2,33,-117.29679729030082,-117.48481380542201,-117.41104902212443,-115.5734289818569,-116.0426109594573,-117.61222004183308,-116.73331830363003,-117.64262625573537,-117.62849681014112,-117.47321721386088,-117.71247978222897,-116.36271409199819,-115.9598989048673,-119.05097660040875,-118.34761195752112,-115.3252396935811,-118.44635180946052,-117.41058021544252,-116.12984141053525,-119.12031898962917,-116.33446981186708,-115.15894975366052,-117.97030851826621,-116.54892305322153,-119.06921863980017,-117.68281015406959,-118.13433326244642,-117.89941942261039,-117.07396289412068,-116.86598186046898,-117.4715870384726,-117.4211372713863,-116.008512061898,point1,-117.22436987522192,-117.4211372713863,-119.12031898962917,1.0552699782780082,0.1282226170212487,-0.467262891741393
HDOK,PLOK,17472,24,24,-130,-13,11,2,33,-115.8413132764192,-116.21068556982073,-118.04760637807297,-117.0411374982527,-116.16951671591187,-118.6146113643196,-117.69292495710943,-117.50513882628398,-117.56000348783279,-118.16812055765257,-118.96950568869384,-116.54213281277103,-118.23645695222247,-117.88356073408319,-118.28413792085426,-116.95198075894824,-116.86302798790672,-116.82090265721887,-115.54220444743383,-116.91849695135346,-116.00239826296774,-114.77032337792471,-116.25361602342416,-117.09918333908568,-118.74517390743945,-117.6721911849187,-117.43055748575527,-116.79079263181322,-116.86497738496458,-117.49611859336478,-119.0160002353509,-116.8529742006357,-116.92306343374605,point1,-117.20547986680462,-117.0411374982527,-119.0160002353509,0.9766650355999993,0.14951757113281744,-0.11369600809983238
HDOK,PLOK,17472,24,24,-130,-13,11,2,33,-117.69559625127695,-117.67009119844371,-117.72098708916351,-116.35920318454762,-117.9106799524106,-116.50598867588214,-116.68551512117737,-117.15253370910179,-117.31669032199137,-117.45514910444037,-118.68053628279803,-117.91510680590797,-117.65876783366147,-118.55830845977991,-117.56674156464354,-116.28010046555308,-118.6783445970335,-117.22649376408046,-118.21727215875026,-117.74966233907823,-116.59774271611074,-117.06483966038878,-117.76897736727413,-117.39671870997441,-117.59691231635472,-118.32733528545852,-115.92105468762009,-117.18939844785646,-118.22637699119213,-116.68986083172977,-115.69303221156729,-116.2311970439442,-118.86615305002061,point1,-117.41131418785494,-117.56674156464354,-118.86615305002061,0.6567711403121143,0.22805200788844357,-0.5692918236360738
HDOK,PLOK,17472,24,24,-130,-13,11,2,33,-116.13662462046038,-116.63512405018636,-117.39261559444218,-116.50035869155035,-116.28269823480379,-118.10984292686462,-117.75156146721079,-116.13135379465663,-117.73816886009357,-118.44212424306185,-116.4603590918922,-117.00492491108909,-117.71746064844812,-117.80087228881729,-116.57571207441421,-117.17844303406923,-117.46920342074914,-116.77671539790076,-118.4400285115341,-118.73246773583492,-117.24129207440483,-118.74257287061434,-118.8074849116845,-117.05961674680047,-117.08639891782342,-119.06567941231361,-116.91572858974033,-116.30146621432367,-115.65750399142031,-117.58936674208077,-118.66728752278621,-117.61962856278407,-118.56470167843209,point1,-117.41198144949362,-117.39261559444218,-119.06567941231361,0.826441329471274,-0.10585179581156073,-0.9759422575240007
HDOK,PLOK,17472,24,24,-130,-13,11,2,33,-118.02649999534695,-117.17293796921517,-117.78338458008244,-116.08363957308917,-117.85509947708749,-118.10105476900546,-117.14016687225013,-118.01098684483415,-118.0471043911861,-117.59435178819207,-118.23400289677143,-118.8281549266648,-117.48883865596567,-117.96974725231352,-119.58239507016403,-117.71762104703559,-116.8893024554172,-118.22266174573112,-117.89672418192544,-116.14541284538998,-116.15299788619649,-115.23188935567235,-115.60906622177714,-115.84992797931775,-117.90887707964131,-118.43952982453371,-115.81131178752779,-118.63958596219321,-118.6526730411465,-118.32104184420308,-116.50846526736957,-115.55371219966634,-117.33412718066656,point1,-117.41828160507816,-117.78338458008244,-119.58239507016403,1.1663607512226497,0.4338035600713184,-0.6594757288494901
HDOK,PLOK,17472,24,24,-130,-13,11,2,33,-115.42021634082087,-116.5606592141959,-116.41238959686615,-117.7112592421511,-116.29676037727899,-117.07659786524452,-117.58026931143873,-117.40663707741068,-116.88348333764561,-116.19492384140337,-116.71908587046414,-119.56343450919974,-118.23837639855971,-117.30497619833565,-118.56256076345153,-119.146975173707,-118.11253476875926,-117.99813417240516,-117.30334595585529,-115.99221979124808,-117.73780167685591,-118.30141867411322,-117.44814254860876,-116.86856526259209,-117.90089478554815,-117.35233357890411,-118.62669958260526,-116.32573756496824,-119.04026298050276,-117.18356400861755,-119.3763618975151,-117.60202708906758,-118.1986524193282,point1,-117.52870611744447,-117.44814254860876,-119.56343450919974,0.9934669445377309,-0.12214037833317357,-0.4062016974818632
HDOK,PLOK,17472,24,24,-130,-13,11,2,33,-117.86141520084854,-118.56824415730952,-116.26413266604212,-115.20035341581837,-116.36494066183137,-118.3979105499887,-117.12758795970097,-117.70834735878374,-115.79950182607496,-117.76566876217316,-118.39839743658185,-117.14317244622315,-116.37023203145563,-117.3898978650559,-117.25293642008928,-118.74468045556196,-117.26835917374063,-117.14327905787812,-117.45268808502132,-116.6983917333328,-117.38428822682037,-117.34609804591962,-117.24200824605735,-118.0393534840237,-116.80654125383501,-118.16066388483264,-116.33323711683813,-115.68177396402515,-117.61949658406277,-116.86625801687788,-115.80582235330284,-116.74976380781327,-117.9389521328105,point1,-117.17861801153731,-117.25293642008928,-118.74468045556196,0.745388725823459,0.29802335271081554,-0.3591770721234573
HDOK,PLOK,17472,24,24,-130,-13,11,2,33,-117.7938396386861,-117.76724248764951,-116.10405795956704,-117.18987046273831,-115.36443783920488,-116.89598418254535,-118.84116210907142,-116.48789938527932,-116.44971388394588,-118.7066553036346,-116.09235134587541,-116.505117074959,-116.94158936774532,-118.32411260857192,-118.43232177280473,-116.85762819283131,-117.07577407411995,-117.70251268904681,-117.35918529165444,-117.66755668515552,-117.03874751058665,-115.32391261449494,-117.46087292858732,-117.47503466790654,-118.76375543860662,-116.62098108053652,-114.51759217048544,-118.01684027899014,-117.72199553316021,-116.99216635057014,-117.06095318797794,-118.42012248657045,-117.70947380109128,point1,-117.20246849711064,-117.18987046273831,-118.84116210907142,0.9992197588491007,0.577813643228515,0.4261097965381029
HDOK,PLOK,17472,24,24,-130,-13,11,2,33,-117.85326962463036,-116.25679489077507,-117.72211677432533,-115.7483738793966,-119.24334960822307,-116.32747845773844,-116.01036760212182,-117.17154387020517,-118.6033469941227,-118.15794518236534,-117.26973556168575,-116.07826622081406,-117.16320188752844,-117.5822025178629,-117.1826993954348,-114.9842743181593,-116.31805858419791,-118.66336872744321,-117.58520751965953,-117.82518650769165,-117.08620701097732,-116.9537128957495,-116.9667998981969,-116.17873595333296,-117.38885934160528,-116.93276338666537,-116.56719568706362,-117.80424089728167,-116.04266877766993,-116.0894708065161,-116.1525200430909,-117.18990259684645,-117.6063422005825,point1,-117.05170326121093,-117.16320188752844,-119.24334960822307,0.8444754922946532,-0.17314246220505686,-0.019584665131016532
HDOK,PLOK,17472,25,25,-129,-13,11,2,33,-118.64475918235384,-118.20748613872023,-116.76647904185465,-117.07592114799891,-117.85242062920486,-117.48177554034457,-117.51948429059885,-117.50489851258817,-117.65300903069836,-116.41008132572134,-115.01151443610918,-116.13112273817505,-116.5336556162579,-115.64135183487303,-118.88976067586707,-116.11421349947695,-116.01635270602856,-115.71490450109495,-117.52334620633077,-118.24780123817757,-117.90974365215551,-116.16747682661972,-118.04475772790367,-116.92874407747055,-116.89042168382137,-117.36998750308818,-117.33009298358726,-116.11781623874703,-117.85853100628853,-117.32364986117311,-117.89682474376036,-117.17903401916344,-117.80810504988057,point1,-117.14440980806468,-117.33009298358726,-118.88976067586707,0.8289730549615646,0.34114929417430784,-0.4386405304180232
HDOK,PLOK,17472,25,25,-129,-13,11,2,33,-118.63698317282018,-118.88030860834388,-117.26661352494432,-115.96135627330062,-116.7060095805192,-115.97901630998346,-117.3568680922646,-118.50742771189353,-116.99700246160643,-117.81912573603469,-115.86823826734471,-115.28932269934819,-116.20256413445176,-119.11559157648439,-117.20618780161706,-115.33684216972925,-117.35442744596595,-117.06319967497267,-118.27679750562369,-118.44381800050147,-117.68367082399196,-117.82066506407601,-116.09467628610466,-115.91127553033043,-116.13230364042742,-116.78415141139881,-116.89985490173981,-119.2399133337149,-115.65820642113825,-115.92109591867141,-113.66391099740282,-115.58408094277819,-116.14007689399237,point1,-116.90307827010655,-116.89985490173981,-119.2399133337149,1.607194256806272,0.05450521360681061,-0.14580545353244734
HDOK,PLOK,17472,25,25,-129,-13,11,2,33,-117.20563290219977,-116.35109287298935,-117.73673558406283,-117.09880446716906,-115.9631907849181,-116.41063864296022,-115.12385521968545,-116.42475354143382,-117.66298933249684,-117.63364944723564,-115.10162653058258,-117.26039507883604,-117.54810540507937,-116.49050777821738,-118.04518127588729,-117.03850257328922,-117.2157842136585,-116.15426373682482,-116.58998026540644,-117.50605803145044,-116.99045234852332,-118.027987020292,-117.41589465553132,-117.32827281698674,-115.9302482333265,-116.29247225392982,-117.86242432063241,-115.69118734075343,-118.3850626801878,-116.36945111439441,-117.48396586805427,-115.47194532722315,-118.66238026092822,point1,-116.92343914924685,-117.09880446716906,-118.66238026092822,0.8041282474460684,0.2618820430289907,-0.5626326074088972
HDOK,PLOK,17472,25,25,-129,-13,11,2,33,-121.41235728653825,-117.90574460649745,-116.31026015004257,-116.28357478929277,-114.81467845384056,-117.27660253482904,-114.76755548820333,-115.92410057221315,-116.49456018491826,-117.10496345325883,-116.4502198672336,-117.79260326284947,-115.92988721920008,-116.44963753221516,-118.03679324101624,-116.54081085640061,-116.05496235300868,-115.6385631543773,-118.53410213177315,-117.05435447598026,-116.31300288399936,-116.90362514469398,-116.61076734576143,-116.81835589615969,-119.64936459338331,-116.88220184450157,-115.56774029285435,-116.30629404983878,-115.68223837128195,-117.6217569931426,-114.73104234081758,-116.50921910079187,-116.25207887537111,point1,-116.74618240443293,-116.49456018491826,-121.41235728653825,1.7418938011006706,-1.4952234697105027,3.8662889898232184
HDOK,PLOK,17472,25,25,-129,-13,11,2,33,-116.67105967733018,-117.88234318721464,-118.51922551765466,-116.88230131361915,-116.57238911059041,-117.17299363467,-114.92997478076427,-116.51514670694993,-116.90036243159628,-115.04162991876397,-117.16008568897283,-115.58817020335208,-118.06942249019264,-118.91553049186393,-116.18947625920552,-118.2908715625766,-116.22173633319238,-117.52320224584491,-117.54639084580451,-116.06585107686567,-119.13083304397023,-117.34777321128463,-118.16411121864833,-115.20581294568741,-117.084632741018,-117.78248862990463,-116.21308087714235,-117.21062969171372,-115.64800647806648,-116.04577627505954,-116.71194479818035,-115.56695001522698,-117.41298657317556,point1,-116.91464212048797,-116.90036243159628,-119.13083304397023,1.1610979667596653,-0.07067507584581013,-0.5779358774287626
HDOK,PLOK,17472,25,25,-129,-13,11,2,33,-116.64619404318351,-119.39731017704912,-116.16811729247453,-117.01376435979532,-116.62097624931896,-115.97847443372818,-116.26991655272931,-117.20391608811425,-116.06427687954879,-116.38372582434161,-116.39125019921367,-117.79408019381935,-116.96759235388896,-119.22095089214957,-116.3445848662088,-117.07361959239904,-116.2136276212757,-115.78940261171638,-117.76455917050444,-115.34362533448585,-116.00649810647766,-117.94817922296208,-116.62652741622313,-117.42375410851042,-115.78608448438645,-117.44239815990393,-117.3516400368486,-116.35628908669038,-115.11315472376072,-116.96588497956112,-117.07072306300975,-115.44321153576203,-117.36903555488801,point1,-116.77434379439178,-116.62652741622313,-119.39731017704912,0.9158092035294608,-0.8540418675202208,1.1784363193802077
HDOK,PLOK,17472,25,25,-129,-13,11,2,33,-117.35161900384523,-118.50170894747853,-116.65488383781359,-114.93556169041888,-117.88580141613593,-115.30609859260422,-115.48929161674462,-116.738263703339,-116.31627581260159,-117.90799833856052,-117.46354344107495,-116.02208161215829,-118.2230825294807,-116.99990489408472,-117.6192577883458,-116.69338516973575,-117.64639588858462,-116.81742368197604,-118.8864457683818,-120.15370334888856,-115.27068234588845,-114.85415980091993,-118.44533325003263,-118.82709622893832,-116.81526645717402,-115.96167637884842,-116.62710584953521,-117.4000957125772,-115.9088584176062,-118.08960507545807,-118.37755042359598,-115.06538697442352,-116.76564642248226,point1,-117.03094516423438,-116.81742368197604,-120.15370334888856,1.625213424372541,-0.15734063618355948,-0.36282519233714927
HDOK,PLOK,17472,25,25,-129,-13,11,2,33,-117.91455648595021,-121.32969919280647,-118.12524792219877,-117.52212412689154,-115.75979168695594,-117.15321338260678,-116.72088016708565,-118.57500600169904,-116.98535400239173,-116.5634587849582,-117.00270774162968,-115.97540811003364,-119.55494120135958,-118.40206753210639,-115.67035994482681,-117.59152896075715,-117.34036959939056,-117.07955680530544,-117.5009569281662,-117.70830399658216,-116.7487215343448,-117.07652741804108,-116.16613638997079,-116.9421034350581,-117.55673449514138,-118.08091599397575,-117.2463943755937,-115.66617584521993,-116.55229827306566,-117.98134033838575,-117.04627489834462,-115.63712897243965,-117.83414737046837,point1,-117.30334642162885,-117.15321338260678,-121.32969919280647,1.29504339463289,-1.2868918958997315,3.613453919251405
HDOK,PLOK,17472,25,25,-129,-13,11,2,33,-117.54233736269484,-118.81045399953452,-118.4699292762933,-118.07135729072121,-115.30928017091516,-117.90184353662012,-117.09071458324215,-115.07803309321307,-115.87090273957503,-116.50426994544739,-117.72531796494657,-117.3337881831199,-115.36192279333488,-117.7439105764461,-116.39027423594395,-116.53901446544685,-118.4191348650256,-117.53767115944599,-119.03950997026959,-118.15711582340597,-117.54260662183307,-116.3243314689802,-116.94442870565926,-116.7071509645429,-117.7682908866226,-117.52714179883372,-117.80848795465398,-117.37046363520561,-116.16197061993205,-115.79410531342872,-116.02942011169874,-116.52180265164372,-117.97299169561109,point1,-117.13242346861477,-117.37046363520561,-119.03950997026959,1.037245178925067,0.24710583907780637,-0.7148352496776953
HDOK,PLOK,17472,25,25,-129,-13,11,2,33,-117.49246454570316,-117.71567558334726,-119.18074102773969,-115.52170030151687,-118.27266441107146,-116.2523339619263,-116.73312308906368,-116.73317101458652,-117.93886007182199,-116.27133354084853,-116.62025403008816,-116.57072645252805,-115.61586787365884,-115.92175833245626,-117.56074764203306,-117.62160485691966,-118.32729427350621,-116.47108302501829,-119.7674097343794,-118.13666465440285,-116.31913716503232,-117.82972805701715,-117.35829929109312,-117.49667184832974,-118.17479309494631,-118.41097440191356,-116.74128799710496,-116.93699240105927,-117.7952847041321,-116.66287831713396,-116.45246499002819,-116.7342492014503,-117.10223444767352,point1,-117.23455982847064,-117.10223444767352,-119.7674097343794,0.9336170336214222,-0.49005267177244166,0.12812818760474176
HDOK,PLOK,17472,25,25,-129,-13,11,2,33,-118.44331930361841,-120.13802327033304,-117.46551845025235,-116.49921304954378,-117.06646227280544,-116.67621718369907,-116.41641621025454,-115.47168679331928,-116.80528411334639,-118.36245347641513,-117.15610069635339,-117.70121568657353,-117.37997891574597,-117.98027920125084,-116.3897209425376,-116.15951930429384,-118.77557183606638,-116.81993544921156,-117.24770839124206,-116.51340268383237,-116.89009826698306,-118.6908696884882,-117.09303037856097,-114.78630890321445,-117.53051328582742,-117.48993876628997,-116.04734953959792,-116.17294260216947,-118.02936042805415,-117.30875128212196,-117.29923478144926,-118.14773788435072,-117.45878253369784,point1,-117.2246347142879,-117.24770839124206,-120.13802327033304,1.0382230899035316,-0.3222976675714388,1.2586672209706298
HDOK,PLOK,17472,25,25,-129,-13,11,2,33,-116.71272962515224,-116.98977590786343,-117.87208038647329,-117.07802069475261,-115.12436067546264,-115.70935925664237,-117.4482805983468,-115.40873372669901,-117.22869794850301,-116.95051104385743,-115.55403279476441,-116.32167614890744,-116.03410047772591,-118.45419058828453,-115.14040962544418,-118.24735039866547,-115.97334947207979,-116.89189423751154,-119.89085538851816,-117.84777623876616,-116.78080600416432,-116.13691264071713,-115.69868025324087,-117.26040813027726,-116.64597976265189,-117.72068281216511,-116.63862398202467,-115.32654622971287,-118.75495598814675,-115.17528388503955,-118.29057048109587,-115.71945595270726,-118.48657196909988,point1,-116.83374737349888,-116.78080600416432,-119.89085538851816,1.4156795262686106,-0.4690396907726913,-0.3098372137313614
HDOK,PLOK,17472,25,25,-129,-13,11,2,33,-116.51905108445439,-117.81276851793866,-116.23274748346965,-116.9270590079494,-118.6406123238346,-116.24998360715772,-118.99056957750442,-118.55323431106686,-118.66058849115738,-117.87733358406115,-116.60814688456087,-116.5604985438699,-118.28663937291421,-116.69659528102076,-117.24920321459473,-116.97679249307498,-117.4933031141848,-117.15509507916104,-116.81030743020021,-115.47145507824102,-115.50142483431677,-117.32167663903681,-117.20634685475794,-118.85157517833623,-119.16532149006272,-117.82510098647055,-118.41921888345463,-116.57473287423612,-115.04880544466776,-117.99211707120494,-118.60429262035447,-116.49674747330543,-115.78058780994084,point1,-117.28969492850186,-117.20634685475794,-119.16532149006272,1.1866491411133708,0.07873113794657365,-0.8380188617117836
HDOK,PLOK,17472,25,25,-129,-13,11,2,33,-116.72334175928205,-118.23487415774056,-119.92551517724917,-117.00043579258752,-117.0754073974369,-116.8030011213861,-114.8471377586172,-116.78129333939498,-116.61809155724903,-116.96323930246915,-115.98473740791087,-117.81643505195923,-117.23961049434054,-117.24221897135413,-116.50065512058129,-115.75349538497105,-117.33754310983285,-117.17288680842901,-116.22391137185888,-117.97066030512029,-118.66473373298768,-118.24113347286419,-115.81190325584193,-115.71515451155724,-116.81751468620728,-116.77688502248255,-117.62011283569356,-118.74203470555034,-117.88204899497782,-118.91619636560112,-115.04119698921001,-117.08453163703578,-117.0398503383754,point1,-117.10811478600472,-117.0398503383754,-119.92551517724917,1.1856205576367165,-0.2587098317858669,0.42899517626012873
HDOK,PLOK,17472,25,25,-129,-13,11,2,33,-119.07304665461022,-117.2652650579656,-117.14168299237868,-117.28904170627543,-115.44105121351639,-117.08553883270758,-117.34321264616969,-115.48489291833607,-115.54385905428653,-116.18774147265454,-117.30887035269329,-116.43253940201677,-118.00780752979824,-116.07161830238834,-117.4565070510608,-118.2021010857306,-118.12790766973903,-117.73584969307888,-116.76990511187998,-117.18562413463351,-117.21354639659836,-118.38396724385639,-118.82811979634943,-117.3838976454482,-118.61622671618902,-116.38559928803198,-116.88639384419409,-116.57125258416531,-117.4116173885013,-116.88953796346662,-118.24568657515717,-114.22855808097559,-118.12213124157492,point1,-117.16123023170996,-117.2652650579656,-119.07304665461022,1.1031650080068292,0.5770333083405869,0.5796130366010495
HDOK,PLOK,17472,25,25,-129,-13,11,2,33,-117.3961522822803,-119.47634135469784,-117.93770791633446,-116.89085601101515,-116.46269255487711,-116.77937139846753,-117.3737367658716,-117.4190354856849,-115.41782083692782,-117.89786969090993,-115.52485554279191,-116.31413449166125,-117.55914501980206,-116.43624180140962,-116.1303432179836,-117.07637336618842,-117.09197378943216,-116.87663650474266,-118.14390139573008,-117.88342615415931,-117.94790358811413,-119.31263316233114,-116.30899384732128,-117.3835565429389,-117.93940932293653,-116.78527981421612,-117.88145818077199,-117.18700869499959,-118.04662949038888,-118.43124477340106,-117.36669377317965,-116.35662705455226,-117.44164812162961,point1,-117.28720308932571,-117.3737367658716,-119.47634135469784,0.8203473703533868,-0.21730982652374536,0.42182296138668063
HDOK,PLOK,17472,25,25,-129,-13,11,2,33,-118.15897188276473,-117.78787704101973,-117.83665484616243,-115.57669426197369,-116.32912979276594,-116.74469870762366,-115.63486083360704,-116.5528105854183,-117.74069747496135,-117.60108895373938,-116.0287701229515,-116.68750730367539,-117.63669405215252,-118.76668739758152,-117.75266697459215,-117.95729903548806,-116.63831719693725,-115.96712682743245,-115.27182258622375,-118.11829810499226,-119.26800636358143,-116.69103836618541,-116.67700785428717,-118.99037971480196,-116.23404806651116,-116.90835069914131,-116.94174085268475,-115.31264103134009,-117.52480074355202,-117.36000164881374,-118.34874072982593,-116.96073917628576,-119.33292014249189,point1,-117.19209361732017,-116.96073917628576,-119.33292014249189,1.1777323315220276,-0.13870505432771144,-0.6131949813791171
HDOK,PLOK,17472,25,25,-129,-13,11,2,33,-117.8929361808282,-118.12264491389287,-116.55151532937778,-116.56403554871741,-117.08391446177704,-116.89689391544653,-117.1552653887293,-117.66002149724645,-117.43555688621936,-117.21810423332491,-117.04740891988345,-116.9726061026543,-115.41346206593417,-115.93987503826567,-115.75008490097959,-116.18364403178717,-117.6229504412594,-117.23299101968051,-116.71604249506977,-117.19740312582371,-118.0435539579477,-117.31963123742689,-116.4680127510563,-116.69285029761369,-117.54082670806173,-116.34115974746143,-116.83815170646832,-116.44196067030374,-116.97500405891955,-117.40092205981868,-118.48294161070926,-117.44861972023143,-114.13781468356797,point1,-116.93299411231772,-117.04740891988345,-118.48294161070926,0.6920171996210004,1.0954351592076899,2.6862777840829986
HDOK,PLOK,17472,25,25,-129,-13,11,2,33,-119.57206540560018,-118.55237246415477,-117.15863175080834,-115.74430516362898,-116.44392922753245,-115.23510180875462,-117.59125084804799,-118.55215484127784,-118.65805802964931,-116.93926437150557,-116.01098666624958,-115.7117550791485,-118.77758368979946,-116.08027255861106,-114.64557270018577,-117.06620920267137,-117.48326763850153,-116.78290743071463,-117.06694085145446,-117.95770331859248,-118.51046280366157,-118.10698244615025,-114.76691809714266,-116.91280696221871,-118.60136362754015,-117.91188723275053,-117.74687215575001,-116.40988056328497,-118.1110092528049,-117.55893942353767,-118.04072359343459,-118.22613154001137,-116.97292909062773,point1,-117.2699163586607,-117.48326763850153,-119.57206540560018,1.4390727912903685,0.45202088394577167,-0.37089909766748397
HDOK,PLOK,17472,25,25,-129,-13,11,2,33,-117.4288189013214,-119.63283234695623,-118.34901554812966,-116.49578622800351,-117.55138259237341,-115.64305956223312,-116.02490367496743,-117.35933340198723,-116.57904684001271,-117.87725390413921,-115.54693565079153,-116.40441665041104,-117.85532468850624,-116.3043223915819,-115.19190719728414,-116.47869220631881,-116.2354385526243,-116.57625057311658,-115.61869210265351,-116.73444687079726,-117.15178652873318,-116.34327425055027,-117.18709413774752,-117.53611502501721,-115.68646086870486,-116.44445487063648,-116.68412382396136,-116.6077596354324,-116.90363507106959,-116.53103637659105,-116.94039610622713,-115.41745465918304,-116.1819334852936,point1,-116.71222377949566,-116.57625057311658,-119.63283234695623,0.8201516179260482,-0.971389528286183,1.9269603722841988
HDOK,PLOK,17472,25,25,-129,-13,11,2,33,-117.65190352823585,-118.41921440892199,-118.01313302316458,-118.14282655142117,-116.68393870755722,-117.6043371938916,-116.0025734595112,-116.51280452444651,-117.74027028625042,-118.05708661370957,-118.68495332909534,-115.95983997734405,-117.45733790957131,-116.29714315594052,-115.14518716310386,-117.43877483074851,-116.29241246764538,-118.13724703404836,-116.8919794535362,-117.56987098355829,-118.48607787366721,-116.78160750193604,-114.5913068910691,-116.4007295901556,-116.48157492901312,-115.81668161147427,-115.9524587904521,-117.10853617799695,-117.46411124368406,-117.1523056143215,-116.25850838384784,-118.56836500903236,-116.71976436338097,point1,-117.0449958358101,-117.10853617799695,-118.68495332909534,0.9993010632157602,0.31923625841825415,-0.3611108192834762
HDOK,PLOK,17472,25,25,-129,-13,11,2,33,-119.26871465515441,-117.45934578373233,-118.59479689040556,-117.13234829157211,-118.1486379248142,-119.01751024891188,-118.046593300891,-115.62740707924235,-118.35111751906028,-116.6307064793808,-119.93024112583498,-115.91970671990325,-117.0273490553377,-115.62559675987022,-116.22779394120869,-116.08522683054827,-117.45067416746431,-115.2197723490842,-114.48801014117025,-117.93808959438996,-115.39041673825245,-118.2874069579712,-119.60922733367846,-116.4369495914154,-118.69583539593309,-117.10969965068918,-118.22243801542221,-117.61134183026472,-117.49441955553716,-116.48024038668771,-117.60259608618071,-115.95005687497347,-116.87973313973505,point1,-117.27151516408234,-117.45067416746431,-119.93024112583498,1.7448363122889774,1.578902041480832e-05,-0.5994964603975075
HDOK,PLOK,17472,25,25,-129,-13,11,2,33,-118.40061134986847,-118.81203234121567,-116.24526806924155,-116.30437626065304,-117.60041674998176,-115.70805710876472,-117.9646249047425,-116.04413714445049,-116.11854888649852,-117.0470970249624,-116.329260933773,-117.29742093851027,-115.31546355025039,-116.13685565151363,-116.2585128075034,-115.57444897743802,-117.7197480420606,-116.89362197404135,-117.44430398755247,-117.51500067036547,-117.10428030597728,-115.77080921772581,-117.17944844960954,-116.872792576689,-116.80715885479249,-117.78738199843401,-116.10243586964552,-117.17204832512422,-115.03065898438601,-117.35579914612698,-115.72819752852429,-117.38647179999388,-115.19131007963473,point1,-116.73389698515305,-116.872792576689,-118.81203234121567,0.8610774800011112,-0.10459189075807848,-0.6106064486020486
HDOK,PLOK,17472,25,25,-129,-13,11,2,33,-117.39331601177513,-118.06802277061087,-116.75165214741845,-118.63408227000627,-116.53862034859064,-117.92662158546068,-116.15594545927591,-116.41975999530322,-115.71251414633274,-116.26606318630422,-116.61692969506426,-115.82444458940311,-118.00236000076772,-118.32732061135806,-118.3100746027676,-116.28131282983246,-117.6182749218009,-116.86871753167931,-117.03089753078612,-116.79602799316994,-119.0017316054802,-117.32356637740257,-113.99429397733505,-118.77226037298794,-117.6201951130241,-117.72732052117662,-117.25996782047262,-118.1658835211113,-120.8677875968613,-117.04684369862171,-117.84180375274917,-117.79841428371853,-118.82231620950368,point1,-117.3874346387319,-117.39331601177513,-120.8677875968613,1.473240440164127,-0.036419871182999886,1.926172922053055
HDOK,PLOK,17472,25,25,-129,-13,11,2,33,-119.56559373024243,-118.33947373176034,-118.54781421002029,-117.13352365395598,-118.20445733726868,-115.32301640193688,-114.97059285587413,-117.02654388194046,-116.32705279629235,-117.3565033103187,-116.82361858751659,-117.44407980874009,-116.52497526405025,-117.27570272160018,-116.70539549569159,-116.11154871650254,-118.1926385923222,-117.47436828435573,-116.54985871836728,-116.86411745469083,-117.93103821955363,-118.03674038672261,-117.70556512034315,-117.31161938149411,-117.30226396019309,-115.62908920950161,-116.81165641947399,-116.7483380603801,-117.26163754174723,-116.99391982924682,-115.10291716773403,-115.6022708904854,-117.62772204134212,point1,-117.05532284186867,-117.13352365395598,-119.56559373024243,1.0165767641999317,0.08496420293181838,0.2971464662051173
HDOK,PLOK,17472,25,25,-129,-13,11,2,33,-118.92802075975864,-118.94408467611541,-118.00225224875814,-115.62584594125329,-115.90519788734439,-114.05573970954869,-117.02825575189219,-115.49190733722995,-116.39677504767315,-116.85666231318129,-116.74599172531465,-117.10651664218287,-119.20646298039384,-117.35313036317392,-116.22568895742758,-117.17438312912279,-116.14112475480995,-117.80448383852925,-118.24824284471104,-117.11224269949712,-119.04858894601323,-116.7095248305848,-117.66691406774008,-115.60383921483789,-115.86030226543096,-117.40632304668482,-116.50787900755131,-117.01908830738472,-117.63625637212398,-116.26426782830137,-118.53096166440726,-115.83630199506462,-114.06109005533202,point1,-116.92437415785987,-117.01908830738472,-119.20646298039384,1.6074319417534206,0.1911411639606039,0.02099109254008491
HDOK,PLOK,17472,25,25,-129,-13,11,2,33,-117.74314432460346,-117.29066401653243,-117.51297495952468,-116.69979287335745,-116.68054406696018,-116.96808395111186,-115.8579742157892,-115.70213599495537,-117.49765129975287,-115.84109071394371,-115.23540166531143,-116.00457114848564,-115.61953121328311,-115.72215715423528,-116.86493808133476,-116.5487366929225,-119.10986065424008,-116.60254122074417,-116.6319152507026,-116.46339424017894,-114.3692396778116,-116.90609751925547,-117.92756288478503,-115.62644817852573,-115.84597890931413,-117.98820518832636,-116.69788359481988,-116.68786306268161,-115.480368978596,-118.10853439891822,-117.93235431754047,-115.62537117627494,-116.82151540228615,point1,-116.624682637185,-116.68054406696018,-119.10986065424008,0.982566413698635,-0.2255612823561553,0.08240353881772622
HDOK,PLOK,17472,25,25,-129,-13,11,2,33,-118.135056693108,-119.76747388936272,-118.63097335569522,-116.0644164812352,-118.2930244294302,-116.7489965187946,-117.28191068747853,-115.47519863124936,-117.41686547235699,-115.91241276870704,-116.94959855322836,-117.4682415013435,-117.12277677291455,-117.06778608542051,-117.41432194990905,-117.77803959503909,-118.74490703068037,-118.90899062403751,-115.17799441324836,-116.53053805147431,-115.3277592645572,-116.80560663717736,-117.26129313775277,-118.9502354766239,-116.91373435185515,-118.07374552224218,-116.284386585576,-117.92650869018632,-116.90033152985427,-116.0746189386424,-116.34285760310632,-115.91612472442148,-114.29800030035807,point1,-117.08984018991109,-117.06778608542051,-119.76747388936272,1.4536453935024234,0.0047278354205777555,-0.11800497668070165
HDOK,PLOK,17472,25,25,-129,-13,11,2,33,-118.22855387876709,-117.15706675308601,-116.89698138345253,-118.38416991159458,-116.65125090514222,-116.91710673712463,-116.29253479518844,-118.55166826191918,-116.24895238227391,-115.52528324490419,-117.49790508798328,-116.75999711482172,-117.7608935145585,-117.09969323656414,-117.5039936147679,-117.90808906654061,-118.41517278228191,-116.78502544863177,-118.00423632440494,-117.58388925831926,-115.35875389264477,-115.1804687091681,-116.50681622425859,-117.72062635164922,-117.14283148018437,-118.50572719611769,-116.90791210691894,-115.82517022210222,-118.35502485689842,-116.37210504406517,-115.94656471411432,-116.3788478978788,-116.40515016787228,point1,-117.05389280503636,-116.91710673712463,-118.55166826191918,0.879836962854357,0.10751680055690631,-0.8270343126122173
HDOK,PLOK,17472,25,25,-129,-13,11,2,33,-116.25936150489042,-119.48908843518893,-118.43967079870603,-116.08927785674337,-116.99801277488658,-115.8337934025182,-119.53311685140883,-117.79421968974988,-116.6862185582155,-118.37014406618053,-117.45298542515334,-115.08593494788524,-116.04985170119346,-115.91251911239824,-117.12786861678283,-117.54590781960954,-118.06972537761196,-117.09727427989256,-118.18470650423754,-117.87604122446008,-116.99812242092378,-116.93247557036285,-116.71957436476396,-117.56162002860407,-117.43884951715664,-116.40448846458264,-117.41511666978846,-115.83847962736397,-117.03441758000287,-116.6998809230196,-115.26827091583752,-115.23886635930037,-116.03456907046338,point1,-117.01455910484495,-116.99812242092378,-119.53311685140883,1.1880872236660653,-0.3643362699825737,-0.014298037437450173
HDOK,PLOK,17472,25,25,-129,-13,11,2,33,-117.50387887323785,-118.08611078497385,-118.55477735886939,-116.63875209674963,-115.81097347961918,-115.97009171695255,-116.20118641419107,-115.72726531756614,-118.218714460191,-115.83888427577261,-115.78718422619966,-117.03952496135688,-115.794972748,-119.33367988582218,-116.99017825918669,-117.83035310557007,-117.46256989267698,-118.04837945855516,-116.55280073664863,-117.16083605050143,-114.92378019005191,-118.47265554948537,-117.80245015348883,-117.69457030329949,-116.24912249624924,-116.06985659452064,-116.54319407414432,-117.00133285222716,-116.43387192282634,-117.79756511183717,-116.55843285487555,-117.38513973951501,-117.22044529905351,point1,-116.99101609830957,-117.00133285222716,-119.33367988582218,0.9919905305867847,-0.18958237513495577,-0.4569766435889808
HDOK,PLOK,17472,25,25,-129,-13,11,2,33,-117.46180511883213,-116.42986489264932,-117.3582283235211,-116.54401606173444,-116.40997023769705,-116.9813854415498,-116.52175440963214,-115.0700867041731,-116.67530456692528,-116.21598515842747,-117.01440212394431,-117.82519139591024,-118.2030135984401,-117.64415328468154,-118.0852424619516,-116.43404355421119,-115.85081561962933,-118.93884750829126,-116.5704653666296,-116.54317319779186,-117.42377812503014,-117.56077103883274,-117.23371621918457,-117.66393406302232,-117.10876358605398,-116.4754842795707,-114.84190182100903,-117.03216651136283,-117.47069331014393,-117.4730005852938,-118.13510311402744,-118.4897436769213,-116.06098319708678,point1,-117.02266025921703,-117.03216651136283,-118.93884750829126,0.7928334100037392,0.27699023834812436,0.3544199809731663
HDOK,PLOK,17472,25,25,-129,-13,11,2,33,-117.14266515910315,-118.26235070142637,-119.04333522483053,-118.18967191495231,-117.64819937351334,-117.81227243129571,-118.15533842669866,-116.66352848476743,-116.60684075346275,-116.63816846203359,-116.70279879705353,-116.6198510229911,-118.26685524428436,-116.0096954611654,-118.4943680381717,-118.69840458878434,-119.50558819193587,-116.69714693280635,-115.57098986337442,-117.79104527259118,-117.57005358705396,-118.2587699250883,-116.10562450194794,-117.7590620419429,-117.6042981889792,-116.9058021056769,-115.3397281879753,-118.60260197960422,-118.60639626982042,-116.69444898680277,-117.01997228064289,-119.60986892632309,-118.45236684484672,point1,-117.54691236884686,-117.64819937351334,-119.60986892632309,1.1424343441377456,0.09641918344608312,-0.6357547845120339
HDOK,PLOK,17472,25,25,-129,-13,11,2,33,-118.31212111255611,-116.39657899066898,-118.39419105990622,-116.21582480031556,-115.43326023644686,-116.85098352322377,-117.60622170875297,-117.40718334112546,-117.80881098976147,-116.46304700820305,-116.540478444932,-117.165763205836,-117.90395540542524,-117.1321964718969,-115.87054527286313,-116.83978598750734,-117.40132554127287,-117.05159986608602,-117.64509133836995,-117.18340620176151,-117.23941297211354,-117.72025154517912,-116.82992004296848,-117.85519333507693,-116.42948931417867,-117.05325784489548,-114.72287193658411,-117.24275018779285,-116.5345630957692,-117.87124542213095,-117.12550441460064,-118.05509915027343,-118.40613901570397,point1,-117.11236572073268,-117.165763205836,-118.40613901570397,0.6714975827611468,0.7703773790859324,0.9726482105027352
HDOK,PLOK,17472,25,25,-129,-13,11,2,33,-118.2871679386696,-119.25667363658198,-119.64943657479651,-116.11172284936325,-116.48311780670265,-114.99422565767424,-117.70787868975954,-115.54194530758801,-117.61968036920426,-115.56938948592843,-118.02717082266541,-116.28060632195523,-117.5754752840774,-119.18111503293468,-115.83422835197896,-117.38440455475289,-116.3401699276348,-117.05044753711901,-118.58228787884352,-117.3018288396105,-117.06010702108041,-116.8675301724913,-118.16988332227216,-117.54058987408072,-117.26996860049128,-117.19300465653444,-116.96655749872065,-118.69668970612953,-116.24805238437055,-115.62464415526124,-116.24417690730627,-116.41548762102728,-116.83889169467321,point1,-117.14892595400848,-117.06010702108041,-119.64943657479651,1.286133838927158,-0.3324705627047525,-0.38350977141964426
HDOK,PLOK,17472,25,25,-129,-13,11,2,33,-118.31683264534529,-116.27238341686598,-118.47784683605391,-116.19918553955593,-120.55279496499703,-116.38730962116338,-117.14167309249326,-116.58889515818333,-116.45525493815809,-117.85067537178158,-118.35776299372111,-115.02790106641302,-116.46643800243388,-114.64067203741638,-116.29500314255455,-117.64050497209553,-118.54438018365136,-117.13568949053831,-118.04855986176356,-114.88887125048403,-116.91237177081595,-117.20168477576144,-115.83086763022018,-117.3298324302506,-117.06465482955561,-118.09046364238138,-115.95128621593568,-116.86139866510833,-116.55622409659729,-117.32896725398703,-118.0299924817889,-116.29639438076437,-116.45989150220512,point1,-117.00614134124372,-116.91237177081595,-120.55279496499703,1.385904838883146,-0.4825232602444501,1.3246149901093056
HDOK,PLOK,17472,25,25,-129,-13,11,2,33,-117.57497584345265,-118.18283821375675,-115.48181927696501,-118.39035036470852,-116.62673027497414,-115.97375931547124,-118.31901551953392,-118.10671778399175,-116.10196449302643,-117.73973029365973,-115.67006770226003,-115.91445112563733,-117.5026412216537,-117.79913776477478,-116.0903806457246,-115.54405205125103,-115.97762848972981,-117.47828574238827,-116.52648022475431,-117.61133300746654,-115.89524760002554,-116.51336215197347,-116.30702732654693,-116.52413241965152,-115.78277133970184,-115.37231610087616,-117.47557689085133,-116.80296854249447,-117.37103159619284,-115.75899750695322,-118.9038785596679,-117.54186604807107,-115.975345619168,point1,-116.81323881991983,-116.52648022475431,-118.9038785596679,0.9754834084834804,-0.3302585115283097,-1.152016726467969
HDOK,PLOK,17472,25,25,-129,-13,11,2,33,-117.85438344394359,-116.77433826448002,-117.71098568274822,-118.03258728132946,-117.02255013674443,-115.87825459119715,-114.84140349019354,-115.77267797002415,-116.68009319507006,-116.3875600457097,-117.34318240830135,-117.68106452099661,-117.08274881084834,-115.57618582570791,-117.98222063138194,-118.56089804002225,-118.10266553211265,-118.129045008044,-116.60062744679809,-117.53932669456688,-114.71377369037639,-115.86353571870347,-119.20624799305656,-116.54146870264366,-118.70970416422583,-116.42006674733612,-116.73540916073138,-116.43643427610908,-117.67610953338401,-117.5232828847371,-117.18296830388545,-116.3893878458116,-116.49216082338876,point1,-117.01343481407909,-117.02255013674443,-119.20624799305656,1.0862122247999781,0.16636237039392066,-0.16870378230311145
HDOK,PLOK,17472,25,25,-129,-13,11,2,33,-119.61793287664204,-117.34121104524183,-116.0842906160992,-118.34588136385842,-117.71782137718192,-116.84499225260687,-116.20271527894973,-118.01232545358697,-115.42902783061342,-116.20042089147083,-115.6628861675529,-117.27379233139314,-116.25281450513239,-117.41765499799142,-117.12841395639386,-116.56247690180899,-118.00560750021306,-116.45698015466552,-115.30189947704183,-116.78411012856066,-116.65173783674734,-116.98471229354139,-118.28278719292899,-116.6405321362488,-117.29261858713693,-118.08829833190633,-116.70536402698269,-117.16474139773298,-116.78633967053537,-116.30068225108188,-118.6891583909529,-116.27606405628316,-117.90028167044755,point1,-117.04262342271308,-116.84499225260687,-119.61793287664204,0.9063497764670655,-0.5014369250439344,0.27957893669523015
HDOK,PLOK,17472,25,25,-129,-13,11,2,33,-119.72556016975615,-116.29368462653247,-115.32966048047491,-117.98030351613986,-115.75552155737648,-118.74300156487952,-116.76556493765683,-117.89790686028972,-117.2864522286629,-116.37812593639504,-115.30564666794328,-117.99562552574332,-116.7000328793682,-113.70057771411017,-117.44087098942015,-116.02077044469584,-116.83044471352557,-116.72173395464303,-118.00601756371573,-115.90422715343544,-117.21516329637582,-117.90016774840953,-118.27363553518802,-117.02424915980885,-116.73056006352209,-117.10568900664845,-115.58624572133776,-117.45634060844779,-117.33326660199435,-117.60168891683414,-117.18074315853718,-118.11626812787046,-117.02179818894034,point1,-117.00992562480846,-117.10568900664845,-119.72556016975615,1.285604224103664,0.44708632332880666,1.3635748425693257
HDOK,PLOK,17472,25,25,-129,-13,11,2,33,-117.80038428660224,-118.90977366435412,-117.08705056135564,-117.76311894353323,-116.98592735034774,-117.9290258386834,-119.05420192424867,-114.68909411792612,-118.88290478888717,-118.32885760973468,-116.70815034199786,-117.5513195967857,-118.31179341517783,-116.35190143126881,-118.15453080237145,-116.00799312258484,-116.99500977529787,-115.90062105091305,-116.80249412887837,-115.29675721594036,-114.88035756055724,-116.79595266151973,-116.83399462923823,-118.16485156302465,-117.91028985413134,-116.86395918477719,-118.42116677658383,-116.12108929032357,-117.94005265499663,-116.1734692724606,-116.422230006582,-118.71173150569531,-117.86675443404711,point1,-117.23081240487352,-117.08705056135564,-119.05420192424867,1.302732435008203,0.40503736704483506,-0.4990618536801743
HDOK,PLOK,17472,25,25,-129,-13,11,2,33,-119.18537901744506,-118.89237113240046,-117.11659988540423,-115.95687843726029,-116.13180245155867,-116.3427387788908,-115.71369536126751,-115.1240570187539,-118.15855955579161,-116.84642186513797,-116.60621425264004,-116.75733078076327,-117.76744171563512,-117.93536559791322,-117.02003338225566,-115.68166274958679,-117.38932364132748,-116.44963396524766,-116.06576157813268,-117.19194805981333,-117.14134383097134,-117.32203819756398,-116.9807493771218,-118.01364205785275,-117.19236316832847,-117.24335367569606,-117.92993405773298,-116.59742494321002,-117.45418396932554,-118.01373303715862,-116.35155960608148,-114.31688999849591,-116.97679411580722,point1,-116.96567361401736,-117.02003338225566,-119.18537901744506,1.0016395449982751,0.2300069645846763,0.6985853110343343
HDOK,PLOK,17472,25,25,-129,-13,11,2,33,-119.68572823072991,-118.93228190678379,-118.46332662071461,-117.90423712947683,-117.39962383557294,-117.18890613378116,-116.96075029489758,-117.60113765011481,-115.44714428992135,-115.12588744572284,-117.93132828293156,-117.63503512960689,-117.71978786997518,-116.8125256042496,-117.60987985593256,-115.9566066734999,-118.01919192696744,-117.29959164030282,-117.59647026246981,-117.04361009942352,-116.13463647560918,-115.08132641700388,-116.09920097716115,-117.66000615989981,-118.24474686602275,-115.35600326357957,-116.53452975518444,-117.8568384722028,-116.35664577505045,-118.84311488850739,-118.63133043068459,-116.16638620394228,-117.63176771176424,point1,-117.2402904327178,-117.59647026246981,-119.68572823072991,1.2636206419630263,0.18807512905273607,-0.38430423311040895
HDOK,PLOK,17472,25,25,-129,-13,11,2,33,-116.99698642834663,-116.01538786333506,-116.55817053542836,-116.46383468999436,-115.79812444897638,-118.07956986228952,-116.62749307018687,-116.88466879928133,-115.78599422159468,-117.01761315445634,-118.06664317258009,-115.17381339951552,-115.8866006696863,-115.98617200035588,-115.8359584479389,-116.81411970787624,-118.00005231779288,-116.93916292818513,-115.61892941076779,-117.32656254506348,-116.62010723602691,-114.53236680085307,-117.11733885673782,-116.22022725878271,-114.88098548152756,-117.15505636632784,-120.11471509887222,-117.6195732238985,-116.23011153128962,-116.01061323415631,-116.49266218715205,-117.12840316053162,-117.4040492100655,point1,-116.64854749454159,-116.62010723602691,-120.11471509887222,1.0976792107689672,-0.8156812014043856,2.45358266337286
HDOK,PLOK,17472,25,25,-129,-13,11,2,33,-117.57558952912694,-119.84024389964763,-115.57651581071555,-116.39466997907046,-117.57103212653345,-115.8227601126548,-116.30069500836737,-116.60347336919314,-116.38655595309841,-117.3703570613384,-117.85201556690696,-115.10750909976242,-116.14134993746941,-115.56598204254256,-118.13548876166007,-116.9941093534671,-118.41661082288432,-115.6740926379448,-117.96438860073161,-116.8040992466557,-117.11367965554999,-117.8939296467078,-116.15453205715201,-119.25344793339248,-117.5167177345326,-116.8835952886449,-115.69560147571264,-117.40972820788959,-115.9511159840006,-116.77916253778757,-117.37744654357216,-117.45882044841248,-114.79110590442289,point1,-116.9204976465924,-116.8835952886449,-119.84024389964763,1.2640538555562588,-0.4203145225054425,0.22591105584143856
HDOK,PLOK,17472,25,25,-129,-13,11,2,33,-118.92604282351655,-117.17542264511077,-118.57332360470632,-117.89597951556343,-117.00615554286551,-118.09683461470425,-116.63479331589782,-116.56749136584037,-117.111436224,-116.55780397146214,-117.548109264772,-116.68926573454128,-115.80239899239534,-118.54535322597782,-118.14906719493591,-117.24032611930502,-116.2966028006674,-116.8658687188828,-117.91317159709244,-115.13636829454397,-117.3472281460651,-118.61747712776379,-117.42742972209454,-116.96903244621454,-116.7698334126764,-116.3603200434947,-117.4539610613711,-116.6545871078109,-117.06140499944267,-116.11306029624802,-118.03459141544086,-116.58754284289559,-115.53533706345362,point1,-117.14132185611372,-117.06140499944267,-118.92604282351655,0.7997682339364153,-0.021809503016798,-0.2690614629742649
HDOK,PLOK,17472,25,25,-129,-13,11,2,33,-117.53141674135367,-117.24527473732549,-118.2041871646026,-117.13193377547265,-114.65643217225015,-117.21749276973698,-115.84861409290275,-117.7512703955241,-116.64012930815078,-118.0764847341064,-116.36988208819717,-115.7382605123677,-116.17343938962068,-117.08530781674558,-115.85397051143042,-117.39230153429048,-116.93407412449166,-117.47709747072864,-118.21779961141469,-117.96228452910003,-116.10040146714493,-115.54037149383667,-116.6876094761928,-116.24466213758141,-117.03774811497597,-116.43702067747918,-117.46279278892439,-116.61410328054299,-115.97954879468799,-115.69378589538852,-118.62874707716739,-117.12238292559024,-117.56435174364734,point1,-116.86730846524156,-117.03774811497597,-118.62874707716739,0.8108490546613872,0.20917398470003823,-0.32417692285533617
HDOK,PLOK,17472,25,25,-129,-13,11,2,33,-119.84222786851657,-119.02668471681082,-115.84589952210652,-116.58084320417078,-116.33596600814425,-115.24974235640344,-115.34637532573834,-115.02251064954966,-116.17328741767625,-118.1338373880339,-119.3319559355489,-115.97520514168315,-117.13220059275932,-115.23731750197156,-115.90297099343654,-117.38424904087003,-119.86878118443433,-117.88474437495475,-115.96720260336097,-116.70213452909631,-116.65677327045036,-118.99507244216898,-118.82137929019409,-118.36199985612483,-115.75471473921257,-117.88135997671922,-116.96692847081313,-117.55826683727415,-116.21379548960083,-117.53696398412384,-117.01651809339275,-116.06144498988857,-116.28442334630022,point1,-117.06223567095542,-116.70213452909631,-119.86878118443433,1.8492825494879046,-0.5452875830914826,-0.6863713747436662
HDOK,PLOK,17472,25,25,-129,-13,11,2,33,-117.45786975725538,-117.77254399764465,-118.80632284879815,-117.05229338086178,-115.62215633775203,-115.90435490205597,-117.82413916129504,-115.8028344795652,-115.26898873283398,-117.97354144361,-116.96196094791533,-117.00813188502536,-114.68597477234687,-116.77710481248377,-115.24983323743893,-117.46178466802706,-116.88889734337286,-116.96643347354951,-118.29270567207645,-116.38179046448766,-118.26483545757775,-116.21399425905933,-117.17768663127586,-116.48012599744231,-118.85236585286474,-116.27350809979237,-118.85535176953003,-116.18629677269861,-118.34401527034288,-114.9740157927513,-116.54414019630491,-117.76930772199483,-116.74057345354532,point1,-116.93442059374473,-116.96196094791533,-118.85535176953003,1.248346340052087,0.06490091186501147,-0.6739364305583737
HDOK,PLOK,17472,25,25,-129,-13,11,2,33,-118.9341272485128,-119.57560271139636,-117.05740147335435,-118.39305972479919,-116.59162374536476,-115.80651116366887,-116.84951197240979,-116.79646951405194,-117.87993900460206,-118.86318047572587,-116.73757277209533,-116.38787631291201,-117.09380512545641,-115.90407941389729,-118.8573847530354,-117.23472153391371,-117.52965568108091,-116.784844473244,-116.2419909631525,-116.46577831559314,-115.40676820883556,-116.53219190227848,-117.25738269915578,-117.62959562037224,-116.90897691452655,-115.02094161560281,-115.56601954561751,-116.19291713464955,-115.48215182472835,-115.53981704322312,-117.54701584500116,-116.30775617910768,-116.83603451690087,point1,-116.91553652812928,-116.79646951405194,-119.57560271139636,1.1946378325168925,-0.6063106684092145,0.025672232198161726
HDOK,PLOK,17472,25,25,-129,-13,11,2,33,-118.31447863708031,-117.50089954755319,-119.39557660850889,-116.62433063862436,-117.71453465787134,-116.83990576092192,-117.49697585920953,-117.54648163306975,-116.82233212192577,-117.62816283416926,-116.89169149671908,-115.26099770505623,-115.77914803050038,-115.91778939446962,-117.50294910423392,-115.2903442633055,-117.59800704268334,-118.11505650668889,-116.39421458584826,-116.94157534260984,-117.3011652189256,-116.82017673148324,-117.5777373290828,-116.25533460275683,-115.84512923258032,-118.63049577166728,-118.03586257205785,-116.53844594380408,-116.4740232633234,-117.60210243663468,-117.22371271410323,-116.9497443638438,-117.24590952353667,point1,-117.093190650753,-117.22371271410323,-119.39557660850889,0.8171714656200141,-0.05516269067980592,0.3346881083328106
HDOK,PLOK,17472,25,25,-129,-13,11,2,33,-117.21711747794537,-118.13686335623575,-117.22232151211139,-116.97672973991024,-116.24780683799908,-118.85960172592313,-117.54727328973189,-116.95412691824613,-115.99416964719508,-116.25777860208933,-115.88143451022421,-117.70970107863398,-115.68525484758581,-117.95781046041348,-116.08408150074362,-118.51118280229609,-117.75263573111161,-117.07558606560023,-116.63547071921575,-117.34517519503936,-117.95791698472429,-115.56156257350412,-115.6269014231006,-116.97808104274614,-117.05178152801544,-116.41625688250842,-115.15702934659913,-118.43482021845703,-115.66036859138002,-117.4041427229964,-115.12215839295159,-115.16647274655418,-116.79198098927755,point1,-116.82974531700201,-116.97672973991024,-118.85960172592313,1.03725220444175,-0.03672934688410453,-0.8748844384065015
HDOK,PLOK,17472,25,25,-129,-13,11,2,33,-117.72419389716934,-118.23231456428395,-117.39644918080468,-117.01382584861953,-114.26317705323287,-115.72109021731943,-116.27863096093226,-116.0718624620581,-116.96658024008347,-115.00635856369917,-116.3777059987837,-116.88129494801409,-117.13579953044595,-116.4119372307807,-116.91654953228226,-119.56198694874176,-116.93423822957642,-116.34473050955692,-118.37607203957458,-116.15192410230543,-119.05780728146043,-117.02141548003306,-116.87901032727325,-116.14453367214769,-117.0944990329787,-118.9106735893782,-117.15132196150657,-117.08923694799293,-116.38701220927467,-117.39080920943697,-117.52646153800511,-116.84009413728587,-117.21182740193427,point1,-116.98398257112039,-116.96658024008347,-119.56198694874176,1.1092785869103676,-0.14997515163714953,1.2537795935390093
HDOK,PLOK,17472,25,25,-129,-13,11,2,33,-119.00008955881093,-119.33822530930246,-116.29082265112791,-118.3486541378862,-118.848682128056,-117.19111778663537,-116.84718094284727,-116.41352650681904,-117.26108557960666,-116.65736583636495,-115.73123095456322,-116.93089763731196,-116.89402445863016,-118.56420512478346,-115.12582468886357,-117.93345934586483,-118.44979230569558,-117.67478850453163,-118.9494022246515,-115.93091890263781,-116.77928196601628,-116.981915012793,-117.07449330251633,-116.30716566570746,-115.79463351616828,-117.39998170504379,-115.88011999872829,-117.84995376955095,-116.97549356260306,-115.81314529130803,-117.20014293781983,-117.52431292236462,-118.12449947475385,point1,-117.21474041546557,-117.07449330251633,-119.33822530930246,1.1316428805651901,-0.1907704504968526,-0.6779323137074833
HDOK,PLOK,17472,25,25,-129,-13,11,2,33,-117.58506602718462,-119.21167750398916,-116.56399325573858,-116.27040932972352,-118.01096514987412,-116.88415864150318,-116.10322024211848,-117.48840770354234,-114.52797236373401,-116.60349328578829,-117.54593650164716,-116.63576211380773,-118.0222240243004,-118.49695341138157,-115.16913568701462,-117.24260807410816,-118.1924504670781,-117.15334094036866,-115.43632974132797,-118.52890126031257,-117.92140439962894,-117.49467091285301,-115.83663177448068,-115.7520609050108,-116.25662831486892,-116.90369096716101,-117.95865238618865,-116.35834376591295,-116.30363942243238,-116.83706833629275,-117.645628731323,-115.6756141785049,-116.38650813304325,point1,-116.93950145309832,-116.88415864150318,-119.21167750398916,1.1058502849972587,0.07473466310398467,-0.31946869290489444
HDOK,PLOK,17472,25,25,-129,-13,11,2,33,-117.8836160613988,-116.99384155376522,-116.98061273483104,-117.19480481218886,-116.79019119149721,-116.93433213070955,-117.091293734686,-118.06081359997462,-116.68986078670092,-117.08492210409595,-117.1991882365794,-119.69826337409535,-116.43561292871401,-115.81448938452131,-117.72905456476182,-117.01478697467572,-117.79465887387906,-117.27161865758634,-116.90596488083276,-116.21373269454176,-115.40287307939363,-115.77675578166694,-117.56491709403885,-117.95382288858329,-118.23857347367522,-118.00096225665364,-117.03900802296728,-116.50931424768224,-118.59417975414176,-117.74972854574207,-116.90603421982917,-115.64754733240365,-117.27718028100706,point1,-117.16492594720667,-117.08492210409595,-119.69826337409535,0.7632685174427816,-0.3534726140210816,1.0921391562860774
HDOK,PLOK,17472,25,25,-129,-13,11,2,33,-117.85099633993116,-116.97713680289665,-118.46660620069768,-117.10469755966328,-117.33225908943477,-115.61495886772038,-116.03803920496453,-116.10218300050515,-117.01485557829217,-118.75880487116733,-116.1344894250171,-115.99378639130491,-117.2388136388975,-116.89165012234488,-115.9064924954859,-117.02125701528625,-116.95184570163487,-117.77662000204715,-117.0025742119356,-117.05351875089225,-117.38794719775716,-117.11213077840308,-117.57578287944193,-116.33382788863753,-117.13239701749652,-117.66604366894173,-115.40670808360902,-116.98995174912356,-117.28408005249885,-117.66100428425925,-117.39640575027472,-117.3337706007511,-116.73189473783488,point1,-117.0073796957318,-117.05351875089225,-118.75880487116733,0.5505986204752985,0.10244268889460462,0.26875676351130284
HDOK,PLOK,17472,25,25,-129,-13,11,2,33,-118.42757124047522,-117.29303435262725,-116.64353597805317,-115.78770253511962,-118.70649897618169,-118.08142970952578,-118.69070598122343,-116.76529955938405,-116.39449887549628,-116.62335009284662,-116.19437085395911,-118.621579670258,-116.8522601593486,-117.69106121838574,-118.16895579526732,-117.02542325361968,-117.53584098834166,-119.10713476280989,-116.71704208977303,-117.79174866853522,-116.3975100522958,-117.16281276222419,-116.12907878659252,-117.66313467721443,-117.9313809251622,-117.10101773403156,-116.8587594968493,-117.318069845031,-117.01336709651436,-116.58922140233399,-117.31324146499081,-118.35980216800449,-115.07297227974364,point1,-117.2736185894612,-117.16281276222419,-119.10713476280989,0.8408743225215135,0.014178489491765962,-0.2558962035657184
HDOK,PLOK,17472,25,25,-129,-13,11,2,33,-116.45350859906706,-116.35117637310239,-117.49175451410476,-117.6876997277475,-116.82690276502032,-117.25782763210127,-117.0133301789814,-116.27231589493387,-116.48165630251769,-117.55037581058501,-117.09806215417085,-115.65353776418041,-116.60164573150074,-116.5101032919374,-116.24836349703111,-118.00445254306989,-118.96945954695882,-117.0097890309551,-116.91808007544184,-117.27446640761875,-117.5294065343694,-119.390163245643,-115.18882960732866,-115.9017640473589,-116.48322569695632,-118.16564834736967,-117.64686735332238,-115.62292061375965,-117.06470329477973,-116.77550920672253,-115.78093150682159,-115.030142732402,-115.58322439845517,point1,-116.84357104322166,-116.82690276502032,-119.390163245643,0.9523983222889578,-0.4612658925286744,0.4676886052665057
HDOK,PLOK,17472,25,25,-129,-13,11,2,33,-117.03165272000682,-117.76013161133035,-119.11483360289226,-116.7351505099406,-116.53823137534549,-116.16985051077599,-119.08364469373586,-115.49041283329923,-116.92312653669343,-115.85227221065678,-117.0690313840999,-117.93112231703967,-116.81312317902194,-118.43660980833033,-115.02072072726106,-117.30492748008524,-117.53608850840541,-118.54345662364315,-118.35444889190045,-116.49241614911114,-116.91814871941497,-115.84372048379701,-117.1864105022161,-116.12554062814053,-116.80034439274131,-116.48626994700643,-115.63533193731269,-115.98272584347946,-116.74830312090306,-116.51008166101974,-115.983230622992,-117.94963345170142,-115.43368702627264,point1,-116.9031721215325,-116.80034439274131,-119.11483360289226,1.073858492825785,-0.4491485336464264,-0.3752468680640604
HDOK,PLOK,17472,25,25,-129,-13,11,2,33,-119.20057653797357,-118.04431304108716,-118.37555031679324,-117.00438301005488,-115.97294750703387,-115.3587667592863,-117.14134873527316,-114.58463094310729,-117.00843819855385,-116.96001459572173,-117.72028679458266,-117.2678861188494,-117.28544237760693,-118.2723073662802,-118.6043982575283,-116.25244728188477,-116.64883422362635,-117.11702351100305,-116.39948117380676,-117.30099820682163,-116.23046574376177,-116.54855738916409,-118.7509516261218,-117.44220973901123,-117.96177696466799,-117.62679208318376,-117.79045648619024,-118.10808058048653,-116.9735577950383,-114.66924135599741,-116.04513259850286,-115.47759271757309,-120.13760041590098,point1,-117.16007546825679,-117.14134873527316,-120.13760041590098,1.4645724215783895,0.015385058519504636,0.3176786434329242
HDOK,PLOK,17472,25,25,-129,-13,11,2,33,-117.51654733577277,-117.99121509742213,-116.49932855438696,-116.26023088039129,-115.87948768824371,-117.02631818313564,-118.15218070446564,-116.63017399027031,-115.30684838587533,-116.23189218263964,-117.40617831327599,-116.0860157193814,-116.86347279488461,-117.1155437545281,-115.68861529113983,-116.62793845152014,-115.95068209431744,-117.46904673683889,-115.97012613964331,-116.64052216646395,-117.61321491609714,-118.52295383049265,-115.12028238473806,-117.36489977310798,-118.35892246140868,-117.39218489074776,-117.61093213435556,-118.30151352612693,-118.17640778071431,-115.97305304949805,-116.97789908118285,-117.02268321307892,-115.70994702736795,point1,-116.89264419798528,-116.97789908118285,-118.52295383049265,0.841788030936155,0.011960547317872883,-0.9198179123034231
HDOK,PLOK,17472,25,25,-129,-13,11,2,33,-117.03505486612868,-118.52475449520689,-116.06652744496594,-116.55171522304984,-115.52915438294232,-116.35230224100142,-116.01351400008417,-115.21669282576343,-116.86334857184849,-118.02928735311951,-118.53978972850535,-117.2968403791386,-116.43784622519318,-116.57544582716368,-116.6517915797078,-118.10179912867751,-117.92726425166947,-115.44873552073608,-117.33264750404939,-115.21632706972363,-116.47931844332243,-118.41494816718716,-115.55762611571672,-116.33312358325622,-116.05870627792838,-117.67312383749683,-117.96522875127347,-117.52809355902836,-118.04481109174998,-118.80062193908708,-115.96028415543508,-118.90115744904153,-116.5750386031633,point1,-116.96978547249581,-116.6517915797078,-118.90115744904153,1.169378216497794,-0.146925142607307,-1.1211848067511894
HDOK,PLOK,17472,25,25,-129,-13,11,2,33,-117.83521133693529,-117.57954627225976,-118.74209444975341,-118.72865478807812,-117.59085254465022,-116.34368136849749,-116.49749650157206,-115.51642398248558,-118.14602619600487,-116.37896105754699,-116.36804890093043,-115.6926994048454,-116.96923897399925,-116.06517771798583,-115.68163346002004,-116.61204401985393,-116.38727554035079,-116.84358024246227,-116.33044516273358,-115.56624158167588,-117.0222623866201,-116.07262697297676,-117.07109732811901,-115.91741948356764,-117.44272191424795,-116.12368188320892,-115.34804703672512,-118.67149186619125,-117.5710576287057,-115.95486239004845,-117.71258926611081,-117.28485887822563,-118.09672532689468,point1,-116.85347805649347,-116.61204401985393,-118.74209444975341,0.9330526248962049,-0.4155034559953191,-0.810372154922999
HDOK,PLOK,17472,25,25,-129,-13,11,2,33,-116.91037021811864,-116.23697115146034,-117.88088743769852,-118.24461738155247,-116.59062622990103,-117.96904446840905,-116.62411689624376,-116.33750843386194,-115.85339869109112,-116.50745485841482,-119.21244436701359,-116.42576620306217,-118.03412110372805,-116.7604724238131,-115.80804437268746,-117.38419149588456,-115.81633213767054,-118.15070508157808,-115.93773239841961,-117.83211597528161,-118.25297919823656,-116.6773638164162,-117.46702825553137,-117.20963089887944,-117.00221151599789,-117.0422689895584,-117.8014558300111,-117.8667106338542,-116.61480879714789,-115.64804185263317,-116.58996988064457,-115.98678684373058,-116.48120930635964,point1,-117.00476930742094,-116.7604724238131,-119.21244436701359,0.7695731767126852,-0.44445073907945026,-0.5011191084074129
HDOK,PLOK,17472,25,25,-129,-13,11,2,33,-119.47687369424743,-119.00815515510976,-116.90360640412231,-116.44547368251963,-117.12620759427027,-116.04181156850265,-115.79021303007528,-116.2028933938999,-116.03375932639919,-116.0710127862139,-117.55044175970383,-119.28124393538451,-118.26436802919748,-117.93005612133273,-117.55090045256381,-118.38058166106262,-116.37624696355854,-117.24702571721971,-116.53684426511947,-116.1857835603875,-116.23360788575638,-119.13943284621064,-118.06852953951316,-114.65039412809085,-117.5948199583277,-116.99915529687807,-117.8730502495472,-115.60963970227427,-117.21121974311644,-117.93780409315237,-115.46563979125851,-116.32040945493414,-116.40389975717066,point1,-117.08821519839762,-116.99915529687807,-119.47687369424743,1.379895932170318,-0.30299722449506233,-0.5023558462944919
HDOK,PLOK,17472,25,25,-129,-13,11,2,33,-117.57392301124949,-117.47973186088085,-117.15671247420391,-118.08041734677927,-115.9151035967257,-116.93264704914843,-115.07861552082545,-115.17510134293083,-117.03043602932118,-117.94886798555355,-116.94852898335303,-114.87901602317501,-117.12523290469409,-116.31730829090235,-115.83408887664484,-116.01910232038976,-116.26720749239693,-117.82828667986944,-117.97488694342441,-117.4046819860784,-116.69987083467844,-117.2674724899419,-117.79804480473922,-118.5835936225876,-117.920558684589,-116.88403628834106,-117.0964498672548,-115.4119629851978,-117.46789664398915,-117.17948884837685,-117.08963979587304,-117.98923621980985,-118.20769601199302,point1,-116.98684375199751,-117.12523290469409,-118.5835936225876,0.9056595184377716,0.6627992095973616,-0.30796691918652686
HDOK,PLOK,17472,25,25,-129,-13,11,2,33,-118.77074752219117,-119.71076824231116,-116.62421940935279,-118.24750815230307,-116.67793792720083,-117.2929394487728,-117.2314487943076,-118.17194176651945,-117.46291731900874,-115.49372294648273,-115.8499730810739,-116.20768996185886,-116.0607642066998,-116.64542464943689,-116.55066411019011,-117.28023391155826,-117.31573173239128,-117.51950412975816,-116.24152955463585,-117.38622195235725,-116.17901693066203,-118.55801436802864,-116.07621160445943,-117.34472022212327,-118.62268144487653,-116.70598972869604,-117.69913840994428,-117.40488179158604,-115.43642999786415,-116.5765556049903,-116.88344951788879,-116.63985377966016,-119.78279738633444,point1,-117.1712615031977,-117.2314487943076,-119.78279738633444,1.139483939673683,-0.7244976545827594,0.28529156178125037
HDOK,PLOK,17472,25,25,-129,-13,11,2,33,-118.80857293325326,-117.0238021981592,-116.46134339763992,-115.6614681271112,-115.80978031141174,-116.49170213434861,-117.40741490223019,-117.77423977084239,-117.10710785201395,-115.45050590244674,-115.50786743478503,-116.54249036196686,-118.05690546593289,-117.3126576626358,-115.9470955458154,-117.53878285612488,-115.95647057374931,-118.71212765286324,-117.83816167697452,-116.83756168398041,-116.31057851752068,-117.97062622027798,-116.73672655629618,-116.54346480448457,-115.48657621483949,-117.06151147230568,-117.89092399550124,-118.42703367438801,-118.97123160594067,-116.43795973205951,-115.98212209972247,-116.70364403107148,-118.17712649948866,point1,-116.99835102630855,-116.83756168398041,-118.97123160594067,1.0162273134870643,-0.26123759829140997,-0.9173184653953323
HDOK,PLOK,17472,25,25,-129,-13,11,2,33,-117.3147744663158,-119.60294113824305,-118.73218889425374,-116.51031949807172,-114.82614977420924,-116.84089328945883,-118.6581456880478,-115.76686472594042,-116.23931444920724,-116.92413333718002,-117.31154327686346,-117.17168149683062,-117.65191985433174,-115.64832286233677,-117.06394719642032,-116.60984790509872,-115.648832288127,-116.56812039713746,-118.09950928187016,-116.84327024370388,-117.6510487913578,-117.65809845116014,-117.62792060815129,-116.6375599181861,-117.12168049497132,-116.90791946305315,-116.14647534175914,-118.77959400606024,-117.45121266073161,-117.31408252879268,-115.66670257714098,-117.08821347132987,-115.98552675925404,point1,-117.03238651926047,-117.06394719642032,-119.60294113824305,1.0267935237952237,-0.31956418027798705,0.38538542565750245
HDOK,PLOK,17472,25,25,-129,-13,11,2,33,-119.13504546109813,-117.18310452601094,-117.27762327469804,-117.4915505689361,-116.65416161734608,-117.6044438594002,-116.58681681508662,-116.44968333371149,-117.30791921387758,-117.1714764686781,-117.12508716475719,-117.88940684150101,-118.39526230114319,-116.6869663727536,-117.84485891659112,-118.67388296839113,-116.95156268952113,-116.24192885824563,-116.79539292462496,-117.04197611027041,-117.57573234374507,-116.84912491229454,-118.10083901859285,-117.19049979306659,-115.8241701715299,-116.41007066172536,-116.9357934741208,-115.87333933709183,-115.66323081422581,-115.57550947175436,-117.49808063707633,-118.91896971756402,-117.99142514660292,point1,-117.17924047836463,-117.1714764686781,-119.13504546109813,0.7653626946536629,-0.2597957953450911,-0.1238295643328362
HDOK,PLOK,17472,25,25,-129,-13,11,2,33,-116.72333878175783,-117.7123033296906,-119.32022909659483,-118.40941080388795,-116.495208228997,-115.44003873809466,-117.75184308898487,-115.28303055041563,-116.91073682241607,-115.92157756161242,-116.32948322531979,-117.57986535570726,-116.65233322622973,-116.65108433233193,-115.8355551781862,-116.39931647850979,-116.43229340132102,-116.78636244527121,-115.28686855264245,-114.84111573676485,-118.17050237994813,-116.7862875045692,-116.29896773579789,-115.88740528039548,-116.98371859310774,-118.02690575258997,-116.54925860612187,-117.36975310951267,-118.63416522075666,-118.60733791396709,-118.57199921884904,-116.79212744111928,-116.6683917367955,point1,-116.91238834631109,-116.72333878175783,-119.32022909659483,1.1575726660842252,-0.3029479293185693,-0.4075675741591498
HDOK,PLOK,17472,25,25,-129,-13,11,2,33,-118.66290230453492,-117.6875269985516,-116.38691728206344,-117.7733271070776,-116.29812746051091,-115.4120642085743,-118.48797111190864,-116.72587683753243,-118.42818943517746,-117.23123591872034,-116.42782583600706,-118.87027665469355,-115.03458973512673,-118.1016194289869,-118.74125010456478,-118.21713284852538,-117.03072905091163,-116.38090054415957,-114.64690293756927,-115.85320183297152,-115.71657913576499,-116.3004204513347,-118.10821722539671,-116.60729058062064,-116.3025821153124,-117.0657031763082,-115.35622648324907,-115.35284191798983,-116.40724281764882,-116.901904867077,-115.6320594756425,-116.04609192318078,-116.84364029607497,point1,-116.8193747910233,-116.60729058062064,-118.87027665469355,1.3265060612730444,-0.19297058472260584,-0.9129851360577401
HDOK,PLOK,17472,25,25,-129,-13,11,2,33,-118.91289262560264,-118.2168523855888,-118.06458217370042,-115.12275874701248,-114.74126478702074,-115.08308551401383,-117.11720612237913,-119.28684731842047,-116.95924572906976,-117.21932254411858,-114.86839083632094,-117.87771526515962,-118.58980328676577,-117.18002274863319,-119.02212100197134,-117.07139498606665,-118.27916521603838,-116.48558674832438,-115.9709353173582,-116.40450184417479,-115.94675236543817,-115.44284954250557,-117.12530636448658,-116.17222678634255,-117.05532540984652,-116.4931910008076,-116.70990110088951,-117.5498655556276,-115.75010158940529,-117.94002379623338,-117.39149457557886,-116.12171991270048,-117.54880811165987,point1,-116.9612503427049,-117.07139498606665,-119.28684731842047,1.4440304606033993,0.014539652950643434,-0.6572656271010882
HDOK,PLOK,17472,25,25,-129,-13,11,2,33,-118.65702716059941,-118.50448069668344,-118.64809621540036,-115.01547278885995,-117.81895627876882,-116.57819963205411,-119.27589467195267,-114.72750527641568,-117.46055090656962,-116.37595361564674,-117.23101934289436,-117.71203998849829,-116.82032962818865,-116.31845017391022,-116.03746467822674,-115.66019384734854,-117.37342767467928,-116.43231852016523,-117.97607286347325,-117.02155241579831,-115.21982914831074,-116.16703537520941,-116.65679830145253,-116.70672585999995,-117.21376560349191,-116.4925224562581,-117.65334086232525,-117.38222292097839,-117.14390924481565,-117.26073936940683,-116.69644180190714,-117.91132927248928,-116.93955419597306,point1,-117.00270366026521,-117.02155241579831,-119.27589467195267,1.0487589431304767,0.09025865467859708,0.14128689557920504
HDOK,PLOK,17472,25,25,-129,-13,11,2,33,-117.24775540271477,-118.73159096624484,-117.65434175240965,-117.32178737978857,-116.9446082671818,-118.08615333104632,-115.79008882202591,-116.15530482344454,-117.30178557240572,-115.20942479896901,-116.27398723313682,-118.33149019934308,-116.0841442173636,-117.72612510455761,-116.75090087927745,-118.79887401364478,-117.32570645473108,-118.01564499851959,-118.68166689628016,-116.83265568901787,-118.32662248027407,-116.74182217153762,-118.02256908839041,-116.70455004937126,-117.46149898836198,-117.42652869177347,-117.50851102307864,-117.35987339272998,-116.38478426186757,-117.98950931721262,-117.0093039465986,-117.61912931734,-117.31743385407331,point1,-117.30715676923374,-117.32570645473108,-118.79887401364478,0.7174994046244905,0.3192447917017183,-0.07334238694497586
HDOK,PLOK,17472,25,25,-129,-13,11,2,33,-116.8862588369979,-117.55343655940406,-117.68040035062658,-116.62183687304963,-117.54285571734133,-116.53744900841322,-117.27743170374744,-115.40008562313058,-115.23181862165367,-115.13491085521679,-114.63199482498058,-117.41634338727059,-116.28036391245648,-117.47456974140302,-116.66461934122614,-117.38784199310084,-118.65674484993782,-116.7451004618564,-117.17234806017858,-116.37306649454483,-116.5899658791599,-115.89812848597481,-115.401073776313,-117.673079925174,-117.20859768249129,-115.68396905483336,-115.6601296001944,-116.01557358951473,-117.49454287259447,-115.64997098084214,-117.26096847259882,-117.77277461202776,-115.94092579139871,point1,-116.63391448301981,-116.66461934122614,-118.65674484993782,0.8805443814000421,0.1959556152065406,-0.6786886439397835
HDOK,PLOK,17472,25,25,-129,-13,11,2,33,-118.4092271382751,-117.54206548987756,-116.87574977796409,-118.42609254187757,-118.33511767753784,-115.82750475459574,-118.58290430056503,-117.80164948072341,-116.41689338996744,-116.30120512414379,-116.17051948924278,-114.10430489085773,-117.12037772724285,-116.28611196000367,-116.25904617436655,-116.72919383061037,-116.83541213881009,-118.33750481495235,-118.81058420840105,-117.43756017893512,-117.77710300407156,-118.01507106574208,-117.49634672084701,-116.76086767997798,-117.4963894599482,-118.02604924615508,-117.17819070729448,-115.0664722798402,-118.04793213071338,-115.48111593814265,-116.64546126173578,-117.80989470331619,-116.2174722179316,point1,-117.10992095468687,-117.17819070729448,-118.81058420840105,1.1629001405935633,0.6613150713058745,0.3220462768631709
HDOK,PLOK,17472,25,25,-129,-13,11,2,33,-118.34111551523928,-118.49628671018347,-117.088644514971,-117.56824627739734,-116.30090935254837,-116.81878106842402,-115.74960127738468,-116.83347992305292,-116.56437293437534,-117.75816065000443,-117.97432159512724,-118.4687346627882,-117.61334825516767,-117.31180803194476,-116.66254796998281,-116.15272293302606,-118.98175221645678,-117.6665179457168,-116.57153690229524,-116.61960294913072,-117.62230320501148,-118.02364895803251,-116.22138235593712,-116.61567906116288,-117.41942328846194,-117.62648486554862,-115.8593889041278,-115.58323732869177,-117.78143117839244,-117.56952859415232,-117.44616289991257,-116.07148528894099,-117.28529406554041,point1,-117.17175580845849,-117.31180803194476,-118.98175221645678,0.7129360958323365,-0.005575613397017203,-0.6626263430617834
HDOK,PLOK,17472,25,25,-129,-13,11,2,33,-117.8311227602653,-118.66054161206193,-119.29517478843323,-116.20753593004963,-117.36289108826075,-115.87118388697553,-117.55649986453504,-116.77467037439722,-114.45226593929833,-116.72184944493472,-117.33527192688007,-117.41449589298948,-116.07563027754098,-116.32173719080862,-115.79742074165895,-117.6817582174246,-117.22505724998331,-115.19095058409397,-118.7967622588478,-116.97190491554655,-115.73561572628479,-117.59613764430652,-116.0981550211673,-118.04503932878784,-118.0978478408411,-116.6760791468162,-116.34728935458146,-116.77201577750054,-116.82152878081497,-116.54321136713374,-119.68461674953754,-117.10160353414217,-117.46423715734771,point1,-117.04630613255294,-116.97190491554655,-119.68461674953754,1.2421600975021034,-0.22215873304215172,0.3827610229403242
HDOK,PLOK,17472,25,25,-129,-13,11,2,33,-117.93855987153623,-118.3084905949807,-116.71216722819771,-116.51295610610083,-115.444814942618,-117.57049627588489,-116.77382714199511,-117.31815312338529,-117.13193471525202,-117.64994456613717,-116.8851326588597,-118.8941805634764,-117.27459850809754,-117.4738234135962,-117.33274190319858,-115.28007290247335,-117.95242412299008,-118.2597171088172,-115.05656930391439,-117.2135796009503,-115.65805062648363,-119.26533696524315,-116.8901382184751,-117.56209231725819,-116.08011304343552,-115.80966084648574,-115.75368389888712,-117.05159498704076,-116.31551073350155,-118.09479773488145,-115.60820974727075,-120.4774755290474,-117.01375449582011,point1,-117.10801829685735,-117.13193471525202,-120.4774755290474,1.3917467658768878,-0.5312757431815555,0.7341897051052286
HDOK,PLOK,17472,25,25,-129,-13,11,2,33,-117.72415183603019,-119.24532987223007,-116.36763225997342,-119.00161542937649,-116.19062864214136,-115.87887356054463,-116.33976963826574,-115.87279965285133,-116.35142244072944,-115.80190314291717,-117.16926230138921,-117.84841847008877,-115.5241684119558,-118.93933955950594,-117.23041040413723,-116.81731612278722,-116.42772329018027,-117.12252167887034,-115.95042775974058,-119.06936096802356,-116.35107107769853,-117.23295603161947,-119.4801568777566,-117.35112862670367,-116.92474854064075,-117.3332075294966,-115.76895187100641,-117.36308653359387,-117.23829439852253,-116.30368348056217,-116.44533814468365,-115.00346789551752,-115.70877781743039,point1,-116.9508467959688,-116.81731612278722,-119.4801568777566,1.2995167258486913,-0.7508009319320464,-0.09872135286200923
HDOK,PLOK,17472,25,25,-129,-13,11,2,33,-117.60044737235923,-116.81013086955376,-116.81263407805663,-115.88192556471773,-115.65440374981847,-116.01505762953946,-115.97110355640609,-117.08099663613912,-116.26875761448821,-115.90932481882851,-115.40623016638155,-116.14679293651795,-117.54996662446442,-116.43007260904537,-117.05373731011633,-117.98974047352887,-114.86201908456528,-118.19202013626705,-117.49840242211998,-115.26409621054714,-117.35605215880037,-116.43137358735845,-116.93613205493263,-117.06275948759428,-118.51209894207958,-119.03638137500239,-117.12189614931253,-117.67233666540007,-117.60595348891825,-118.17029688840267,-115.24567265061008,-118.0809460721259,-117.76236500535167,point1,-116.89067043604089,-117.05373731011633,-119.03638137500239,1.05792156919899,0.07512399466306857,-0.7301817344788564
HDOK,PLOK,17472,25,25,-129,-13,11,2,33,-118.16072356121771,-118.62618503166627,-117.98322466527125,-117.88943669273911,-115.67729796966259,-117.63071085446754,-118.37202448339505,-119.51301877679079,-117.04637788853763,-117.84326463049388,-117.24156747532352,-116.81929553893238,-117.027551931288,-118.48779055673334,-117.30584594828075,-115.30194043759833,-116.7435180507398,-117.27934038668728,-115.90177656899546,-116.1869846739599,-117.16164314959597,-116.61259309160134,-115.98568411668133,-115.01238534169042,-118.84016602182538,-116.70904859380147,-116.62997616940568,-118.17288031636609,-118.0128862275477,-117.05884871181448,-117.02687012744435,-115.90848373278283,-116.59535359120815,point1,-117.17468773680443,-117.05884871181448,-119.51301877679079,1.0793442991325384,-0.02082025447942475,-0.3162845631179936
HDOK,PLOK,17472,25,25,-129,-13,11,2,33,-118.42804409559349,-117.36166270262586,-117.02019080549988,-116.83723377023563,-115.85873976013252,-115.17173812386167,-118.20631443700736,-118.75605114513111,-116.87760182418218,-116.22374037024092,-116.59619473792054,-117.28135946545684,-117.66562793483247,-116.64538549110429,-116.25190102289409,-116.85193955906968,-116.69103289309226,-116.90622815105463,-118.44838150578965,-115.97321084398033,-117.04894159653321,-117.0473505840961,-119.08992224588084,-117.53549516532671,-114.81848681355379,-116.62237293262166,-116.61267772263747,-117.89525825183928,-117.51586735448971,-116.34505217702831,-117.64600496974037,-117.21213058985717,-118.54681897988704,point1,-117.09057448555139,-117.02019080549988,-119.08992224588084,0.9223958290178468,0.0424586501715989,0.14239639591342135
HDOK,PLOK,17472,25,25,-129,-13,11,2,33,-117.98038960363219,-119.22919222609555,-118.03005943025659,-117.76050122411887,-116.26161812551432,-115.86071248329918,-116.00001496782535,-116.58933914469114,-116.55811628671412,-117.19673875574203,-116.40520039940826,-115.50093881327871,-117.12239858043353,-116.54036411307884,-115.72871382297642,-117.13575079971064,-117.09344195891968,-115.85897342803273,-119.00211656088293,-117.37577011085669,-117.95121869366406,-116.52879067545798,-115.62624909740481,-117.0521382922209,-116.02375553918685,-114.83902249617786,-117.79885095958278,-117.267670198694,-116.57321317685772,-116.25789477752822,-117.89772176087362,-118.33020090326289,-116.27535370640535,point1,-116.89855851856922,-116.58933914469114,-119.22919222609555,1.017604832297708,-0.35665963295182174,-0.21201977731762467
HDOK,PLOK,17472,25,25,-129,-13,11,2,33,-117.92628491530222,-116.56818101725779,-116.53836428253274,-118.0667824365846,-116.51767534884692,-117.09208590923568,-118.61395429758693,-117.46475512239367,-117.42428404658136,-117.22020385463262,-116.68376995955745,-118.21182757728697,-116.97406338548747,-118.35917877018166,-116.78156976553394,-117.47325074369947,-116.9330295338111,-117.48236674293759,-116.5968840393429,-117.69879499774012,-117.82179026894183,-118.8016511352144,-117.3026604412127,-116.61942185592498,-116.6003615040016,-116.95068698619119,-116.86347768386382,-117.57899121773494,-117.34338195288798,-117.43832102635551,-115.79663603372806,-116.0165441417546,-115.09264448406086,point1,-117.1773901660123,-117.22020385463262,-118.8016511352144,0.6139675985727787,0.20595571734082949,0.5354050169661968
HDOK,PLOK,17472,25,25,-129,-13,11,2,33,-118.33284598193019,-117.90583470861701,-118.30747445908645,-116.37140863725831,-116.35120703578093,-117.08383551207162,-116.94631886549033,-116.69776353856987,-118.04861789555612,-117.46032279852098,-116.6827260270645,-116.56540201208706,-117.23882408541985,-117.30275883202411,-115.72468758259521,-118.12281074879652,-119.20975481546411,-116.88955750579397,-117.20171296830883,-117.74951751414879,-116.22149075169258,-116.63400483472344,-116.19726856499594,-116.97594708671188,-115.85872018815834,-118.34843234758841,-116.00098955319287,-115.31285290101557,-116.32687941098634,-115.80780210288218,-115.8210293399199,-116.07027911266282,-117.84168132487196,point1,-116.95790178921173,-116.88955750579397,-119.20975481546411,0.863252861126462,-0.412578401334512,-0.5173872158346775
HDOK,PLOK,17472,25,25,-129,-13,11,2,33,-118.97481902379064,-118.60787656146827,-118.05936151198148,-117.34675330467832,-116.55615925400176,-117.30186612637016,-117.0147007202726,-116.62552942430834,-116.79106963397967,-117.09893135222404,-116.3150123171383,-116.99842696114138,-117.13231754613487,-119.16951601173874,-117.91459046686077,-118.50734453884799,-117.95618166228802,-113.77342854041203,-117.90383408481323,-118.74795561753878,-117.3963206171106,-117.62910469944717,-116.87407213757375,-117.7125164034981,-117.24995354010235,-116.61574140464731,-116.61197699288353,-115.29229596620415,-116.95470366126456,-116.44235698175501,-116.49642407365143,-116.02131696282315,-116.56464440941694,point1,-117.17142734879901,-117.09893135222404,-119.16951601173874,1.1153503677656122,0.658335433900889,2.140467294901456
HDOK,PLOK,17472,25,25,-129,-13,11,2,33,-119.00517059645276,-117.66715041780871,-118.6031034712594,-115.56972954052691,-116.92502787614005,-115.69234145968989,-115.96430412320615,-116.22209117950982,-118.2058722833896,-117.71536065421586,-114.75093246641853,-116.22348647901504,-115.62465474182255,-117.77955234856536,-118.15812343167413,-114.25504258335474,-116.07865777162301,-116.95511410511605,-118.13889386428414,-116.23678153064432,-115.07256983405105,-115.54722858281768,-117.1269403922757,-117.4314221554747,-116.806402265588,-116.03813579830604,-118.01656601376588,-117.02166306704338,-116.45159757380475,-116.20276192768641,-116.61890427431064,-116.75259367761171,-116.50093209756655,point1,-116.70785177530362,-116.61890427431064,-119.00517059645276,1.2365858062612922,-0.01695912657781657,-0.3890417863295417
HDOK,PLOK,17472,25,25,-129,-13,11,2,33,-117.93670851618802,-117.11709540593027,-118.12398899823934,-116.32961088869672,-115.98738803976497,-115.77024533925855,-118.07279289787985,-116.57037233606295,-117.94447107476176,-117.39432181053456,-116.04516869630281,-116.25190263288742,-117.61158945082363,-117.8787357340361,-116.14905372593981,-119.02864778146638,-118.34223770321825,-117.19614472350898,-117.55423011643364,-116.84032239281967,-115.97092479161351,-115.39379954276501,-117.59762906591158,-117.15450094284844,-117.18638247569895,-118.02846850808588,-117.16206684897544,-117.62701573785526,-117.47693165577414,-115.95599195417223,-117.69124941442739,-115.54934676256909,-117.37015824066322,point1,-117.10028770321559,-117.19614472350898,-119.02864778146638,0.7997260874758747,0.1909923156175007,-0.7537603143601506
HDOK,PLOK,17472,25,25,-129,-13,11,2,33,-118.33889005068437,-118.77933323257471,-117.90582623163749,-115.65652426490531,-116.62214897779974,-114.89135094663996,-114.92667789888806,-116.13771002546298,-115.859423453298,-115.8912887096337,-116.59510797989105,-116.82696207026584,-116.0977378374836,-117.05112519145258,-117.17864422802666,-117.83926132649364,-116.94620588476627,-117.9281617772959,-116.1885841106938,-116.50689700686713,-117.08404393048225,-117.26316402818566,-118.19873776828207,-115.83109906500295,-116.877336663463,-115.53529568011159,-116.47463501186681,-116.6946456941848,-117.27852800009902,-117.0943232701204,-116.88427946402344,-116.99325444539431,-115.48694458107242,point1,-116.72315602445605,-116.82696207026584,-118.77933323257471,0.8644764808894838,-0.08832813001194163,-0.23634571637746538
HDOK,PLOK,17472,25,25,-129,-13,11,2,33,-118.41559846469559,-118.68731785155822,-118.52992430718244,-116.95614854191165,-117.75083400488896,-116.53648877553968,-116.96588602237233,-117.82193119961981,-116.3318147191165,-114.38730121428073,-118.30346925777337,-117.59111949972417,-118.35745085711685,-117.54001505507992,-115.79008350952832,-114.65420181238254,-118.00759091807743,-117.4355818944084,-117.56848307994055,-116.51615345653921,-115.74147376198113,-117.05825152809359,-116.75507295813053,-117.45715472666168,-117.68354582134118,-116.798705275139,-117.29284479989451,-116.50942002582886,-115.16546029030162,-114.94236018640105,-117.4852233399641,-117.61990510219587,-117.98829250549234,point1,-117.04985165948976,-117.4355818944084,-118.68731785155822,1.2314395267519485,0.8321870574486997,0.08982043112556548
HDOK,PLOK,17472,25,25,-129,-13,11,2,33,-118.94735992015293,-119.54290290224759,-118.59574572949238,-116.0845453250433,-117.13457066502892,-116.19358903223754,-114.73278051434505,-115.9994145088296,-117.1761670194462,-116.57364287619534,-116.96404979038358,-118.84035708790593,-117.41865889316357,-117.11543577767308,-118.00549268552915,-117.29660607227379,-117.7990302219675,-116.2819106534175,-114.4996194241234,-117.049883503003,-117.16370971791062,-116.12654663707589,-118.43154805830652,-117.13136404322023,-116.26579437149451,-116.5586189589689,-116.2831099862323,-116.09900139339531,-116.58288663321257,-116.2623374823262,-117.41117325523294,-116.28227983446394,-115.76480504803784,point1,-116.92772539461629,-116.96404979038358,-119.54290290224759,1.2248955299422575,-0.293915430098181,0.3567171756224914
HDOK,PLOK,17472,25,25,-129,-13,11,2,33,-118.22161461126137,-117.89161769564026,-118.71723263709988,-116.91604397998682,-117.23615132090035,-117.66160436494306,-116.26657095470189,-116.32210266061128,-117.07444855822592,-117.09586751268905,-116.78471141721094,-117.55693474357139,-117.08382706240559,-116.58782139915706,-117.21331695938854,-118.45408988012474,-117.34657079039786,-117.51347282769242,-116.7296193352448,-117.42572391973478,-117.49935172112276,-116.22749338246044,-117.6113879602443,-116.14582690126679,-115.71629592979559,-118.04466733628573,-117.42169327896589,-116.84497936414976,-118.03576982755742,-117.48263232271113,-115.16401419460088,-116.76627564839856,-114.06879032539588,point1,-117.06450063102862,-117.21331695938854,-118.71723263709988,0.8532398065804793,1.0741153087641873,2.275688612144364
HDOK,PLOK,17472,25,25,-129,-13,11,2,33,-116.90388350363727,-117.0824547961509,-117.37723793774015,-117.50329215869779,-116.79363800492078,-117.11034037953067,-116.7368753717164,-116.10299880489555,-116.8263704669929,-116.8694497804269,-115.64133256237783,-116.02567056731644,-118.63951799161796,-117.66380128006203,-116.58191147728267,-116.89093276338326,-116.66071904214445,-116.6031167352869,-117.72018097812469,-116.96326674028562,-116.64859819035772,-116.26803756626663,-115.73601059588562,-117.48875882247715,-118.03595452198904,-116.45627541573356,-117.76671413661626,-116.34888283267834,-117.14488836515831,-117.13531229233388,-116.09862655948415,-117.280024897986,-116.05416753844682,point1,-116.88361342660622,-116.8694497804269,-118.63951799161796,0.44075602182933327,-0.35357688323669184,0.21477747144742576
HDOK,PLOK,17472,25,25,-129,-13,11,2,33,-117.70521126591709,-117.84045251252996,-119.1765459548437,-116.8460870668378,-116.00894720437104,-115.94310104000895,-116.29272859657053,-116.62339815146093,-117.25197737467626,-117.12867361038758,-116.95861169750563,-116.5223213674209,-117.44336781248784,-116.75455320917402,-116.24001263008645,-117.63602641177367,-116.50436503565793,-117.69377301800355,-118.58764585354693,-116.12613436405424,-117.61394411864036,-116.04833510586684,-116.73335216423277,-117.53895171514101,-119.23166202344242,-117.98966313042519,-116.09715464263809,-118.14791357993754,-117.49613068850827,-117.39412086136112,-116.00709600880506,-118.27037587809419,-116.9588103151351,point1,-117.17610437604677,-117.12867361038758,-119.23166202344242,0.7873431918645468,-0.5343507992516738,-0.25920785993372997
HDOK,PLOK,17472,25,25,-129,-13,11,2,33,-117.39319248746766,-119.13041472997551,-117.52314422644245,-117.98095833601836,-117.4968164123074,-116.85471236016164,-117.6984704333403,-116.62373861667166,-115.39376793991717,-116.7101841587168,-117.78017194909317,-117.51119523688905,-116.87602061034805,-117.12813058590564,-116.6356507631476,-116.96936893921203,-117.71243295261243,-117.06151308809449,-118.8231857672431,-119.01850133697866,-116.80512336997238,-116.58129460805097,-117.76033585440263,-115.76234580215265,-117.98922608859579,-117.64431741889219,-118.34322086663708,-116.54452422990713,-114.80454429450418,-116.11843251024624,-118.29610505572106,-117.4986947093599,-116.69174217610392,point1,-117.24731751257846,-117.39319248746766,-119.13041472997551,0.9020198642075521,0.2703148980583665,0.4877207996376618
HDOK,PLOK,17472,25,25,-129,-13,11,2,33,-117.2133141775775,-117.21247453673574,-116.83166313619614,-117.66233064259482,-117.8182938644067,-117.85377365053546,-115.1608004932732,-116.08946416157379,-115.69977725974505,-117.84148287503133,-117.4486761187843,-116.884388181704,-116.34042732995327,-116.81126783106318,-116.0621715140772,-117.46211307690746,-116.42058661972878,-118.05843727900796,-115.47385991350001,-116.73690891688113,-117.51797760191562,-116.39074999772947,-116.55934689141604,-117.89331826285682,-117.79447189323906,-117.18322602146579,-117.3773936116894,-115.25874501482986,-116.44141112667376,-116.92991934866677,-118.94087784326504,-115.58726865777786,-115.15761427918903,point1,-116.85195551909064,-116.884388181704,-118.94087784326504,0.8612435452088161,0.15899502125961698,-0.4985663351002807
HDOK,PLOK,17472,25,25,-129,-13,11,2,33,-115.66891992268673,-117.6908432162975,-116.49557412962025,-119.78679007021574,-116.03247814237521,-117.02505455472179,-118.02576661407063,-115.04408369820594,-117.49815252786016,-116.18228153589912,-116.8694018719153,-117.82707483499043,-116.01005465623925,-115.4529408400743,-117.86416772514595,-118.14801696280354,-116.55568035923066,-118.10308373241814,-118.22197332592575,-117.5498942999132,-116.80928573381314,-117.88936491952164,-115.93815842184834,-116.1742622652844,-116.6113487337341,-118.74078248492852,-116.03230266114143,-117.66340033362881,-114.8418767820966,-116.13788102725508,-117.66922626927548,-116.97382905521181,-117.59683227466236,point1,-117.00396315100035,-116.97382905521181,-119.78679007021574,1.2045351442811087,-0.14258798298919567,-0.1444343532244723
HDOK,PLOK,17472,26,26,-130,-13,11,2,33,-114.53484427506359,-119.0552170560111,-117.71749456895975,-119.09852863982974,-117.39310532439397,-116.74316837208484,-116.16621587970818,-115.63532721636442,-118.71689633604562,-118.16021843611156,-118.9887013767769,-118.01047989237136,-115.80128059589751,-116.87245472578952,-115.83300939223874,-118.07118308905547,-117.85731685563337,-119.83832695011853,-115.7871105932793,-117.1286532572428,-117.38699375208738,-116.61637870303483,-118.80567083006903,-116.9987002322068,-115.0650347071772,-118.20918546212022,-117.25356137646536,-116.67818947398186,-117.30720258518721,-116.95648986428769,-117.23271894230533,-116.57612905872978,-117.31049459490974,point1,-117.26685704289513,-117.25356137646536,-119.83832695011853,1.4701990823172593,0.06584280226056964,-0.2134985131898306
HDOK,PLOK,17472,26,26,-130,-13,11,2,33,-115.74492523169933,-115.9479550993248,-118.9256884612561,-116.75471529591877,-118.00881191430946,-118.596303845269,-118.80983023289355,-117.30854685726128,-116.65258813960554,-116.02075782715787,-117.76456197151722,-117.07123736062604,-116.92217822175891,-117.17536506639777,-117.75721796354601,-116.63595779553398,-119.56945420975187,-117.83332236363782,-115.29157184400881,-118.01533019766723,-115.73875965299165,-116.89684664631652,-117.61548828457222,-115.75853521057229,-118.37665429973978,-116.38425530509343,-116.03949842429815,-117.12939741196868,-116.72175373740822,-116.02890800076452,-117.46943622781964,-115.49255844130444,-116.8028099186352,point1,-117.06852186244322,-116.92217822175891,-119.56945420975187,1.1265851509917844,-0.3820190020930148,-0.4608932791769762
HDOK,PLOK,17472,26,26,-130,-13,11,2,33,-114.48614994302432,-117.56461270476866,-118.51696125226019,-117.27337913636558,-119.05512999886176,-117.37363639200495,-116.78299836735854,-115.82406442897715,-117.24979761627434,-116.37001139634586,-117.23243753940076,-117.21830075268365,-116.15355356576913,-117.38729483042036,-115.35198388023032,-118.42218537805915,-119.19999518395134,-116.7364854509216,-114.83419842479682,-116.13862402341903,-118.6962605132716,-115.95564763302707,-117.43846448526155,-116.66376234899057,-117.10653142663826,-115.53917612632682,-117.4595302866496,-117.48981065806049,-116.77267466991613,-116.69293000959556,-118.19854987666797,-116.47175344420067,-116.4046082589832,point1,-116.97156060616615,-117.10653142663826,-119.19999518395134,1.2234653057851392,0.04630628774814289,-0.004182041938201486
HDOK,PLOK,17472,26,26,-130,-13,11,2,33,-113.79489820344925,-119.22475720282522,-118.31422559514778,-118.32890224758242,-117.84281744107155,-116.58791226338904,-117.80189660004146,-116.44249694044723,-118.71617412365964,-118.00798607000112,-115.22238603098263,-116.37134943736456,-118.45670589691304,-116.78778291102343,-116.83157275407423,-118.21426604693708,-118.19096030165244,-116.04378759246367,-116.50485362684161,-117.58843529991245,-115.78423689272422,-117.19651477544372,-118.87836528073076,-115.99313279110527,-115.48057412375441,-116.23580221430542,-117.46690413267807,-117.48485437192342,-118.13259323114727,-118.29971860139175,-116.9053249394931,-116.95930380949474,-116.89599795901357,point1,-117.18143908209046,-117.19651477544372,-119.22475720282522,1.3930718800838269,0.6171210898692893,0.4732500616776627
HDOK,PLOK,17472,26,26,-130,-13,11,2,33,-114.402614648026,-116.85455266478363,-117.9903586569123,-116.2661085612127,-118.44290040757863,-117.31182832539663,-117.51335070073713,-118.7079777952326,-117.76665948837146,-117.69153189689882,-116.04957317869543,-117.21838487341775,-117.35082942659649,-116.96926711273814,-117.10785859218032,-116.86705751979967,-115.77944109038808,-118.15471212926371,-117.05869643094594,-117.08898215184499,-115.7677429782603,-117.37536734938396,-116.28050009108773,-116.33538317054675,-115.89761640558486,-116.19532967778284,-117.69217020010419,-116.40432320966666,-115.9421513814592,-117.220168389966,-117.01483282586523,-118.11977144424847,-115.88564170528763,point1,-116.93102074182615,-117.05869643094594,-118.7079777952326,0.8325310400320182,0.3672313797093621,0.3434587932934874
HDOK,PLOK,17472,26,26,-130,-13,11,2,33,-113.74234685833814,-117.37394194741121,-118.32625960232868,-118.59437493972135,-118.41565638111494,-116.76761891975616,-116.70888122979945,-117.81135620184516,-117.73337049045371,-117.69449018947994,-118.81765887696015,-116.98503680829603,-117.4705541153032,-117.62311185911737,-118.12525013670171,-117.91924347764672,-115.3429740607078,-116.88812901528202,-116.80007224317447,-116.89533201271499,-117.87074024847927,-118.30307350841318,-118.55888203746682,-117.26515054760743,-117.39856397829544,-116.35176530199523,-117.65282696056128,-116.15323535138623,-117.50084823041526,-116.47737495492025,-117.25042597378756,-117.65092294764968,-116.79348367659775,point1,-117.31099857829479,-117.4705541153032,-118.81765887696015,0.9772342928942177,1.4714795386550075,3.949960899581112
HDOK,PLOK,17472,26,26,-130,-13,11,2,33,-115.88741946173077,-118.62570940146063,-119.31527928776067,-118.85535132352918,-119.3610448332696,-116.54214312900383,-116.84725890619957,-117.71266208492753,-117.2349669094922,-116.59406317897557,-118.17797545958358,-115.53149881758063,-117.4051419849171,-118.3289475749831,-117.44318210565417,-118.45659271447605,-117.56565790122016,-118.57035990260663,-116.4929844193255,-117.59099255241789,-117.4244662112585,-117.9013216038315,-116.89599693164357,-118.31279090707484,-117.52446993640706,-116.10946907917516,-117.86948783781723,-116.04462721425998,-116.48964643635155,-115.79097936216887,-117.44345814563619,-118.32304849168061,-117.14274140559273,point1,-117.448840470061,-117.44345814563619,-119.3610448332696,0.9972419530095924,0.03895993693951052,-0.6903045457880861
HDOK,PLOK,17472,26,26,-130,-13,11,2,33,-114.71101051375766,-118.20885564294947,-118.51372842999073,-117.03304201228143,-118.5857391963927,-117.27533473844275,-117.241996634721,-117.68179328257149,-118.09888298829522,-116.20558538811802,-118.27547327190584,-117.90158213794746,-115.37662823965486,-119.24712330450132,-117.0038216321518,-117.5078958492063,-116.92906625869303,-116.84935867086955,-117.46278237028378,-117.40899261609545,-116.81410657566973,-118.26804398957384,-116.76709665466025,-117.1398807571363,-116.417354836113,-118.51291513141106,-116.85349821594153,-115.07530571127849,-116.65919747171739,-116.36451299228165,-117.9240825822631,-117.24486220570837,-116.80584682590026,point1,-117.22319385237833,-117.241996634721,-119.24712330450132,0.9889598075927243,0.48402436824089945,0.5119761583905609
HDOK,PLOK,17472,26,26,-130,-13,11,2,33,-115.58612960379413,-117.23167214675094,-117.07987085277001,-117.9283224613858,-117.64398252429193,-118.12157834760328,-117.26422263148804,-116.6270847611856,-116.64553743556324,-116.67722302115043,-118.51174831955707,-117.59123174166136,-116.03508173124864,-117.61552491800276,-117.76588640961035,-116.1313037218141,-118.10972128932542,-117.9612557064947,-116.91650203810647,-116.59152721477022,-116.14702536826542,-117.8115941879556,-117.32591655440471,-117.55489111266826,-117.26498802011788,-117.60009471386527,-118.73000138639681,-115.20148431149967,-117.20861552536104,-117.86771159980572,-118.28183688488723,-117.73731296080722,-118.55566180961347,point1,-117.3128042821886,-117.55489111266826,-118.73000138639681,0.7054615490827292,0.6261008218026921,0.036856908561870405
HDOK,PLOK,17472,26,26,-130,-13,11,2,33,-115.41811380021954,-118.05741189300478,-118.0427168728155,-118.60301335425119,-117.36737030561817,-118.46142960332648,-117.20764701375276,-117.05528731586061,-116.5003232702681,-119.19794126392955,-115.5391826746897,-117.93650823006809,-117.30525608391773,-115.33625125364,-116.06840724910205,-117.36344488003913,-116.67510258108516,-117.75917559269321,-118.11941409810328,-117.81625787094121,-117.04201635964712,-116.83762593654464,-118.45412497006606,-118.24194309585965,-115.51234489820288,-116.3062307128732,-115.90318842133753,-118.76304655030839,-118.81591796849874,-118.39301992496878,-117.6823854600248,-118.8824752678528,-116.37055157837528,point1,-117.36470079854203,-117.36737030561817,-119.19794126392955,1.2149587304684288,0.32376980143366796,-0.9641711428497803
HDOK,PLOK,17472,26,26,-130,-13,11,2,33,-114.218910252159,-116.6117591347135,-119.59246178167767,-117.0189049173565,-117.67124828492653,-119.56060081589088,-116.80279357603172,-118.77117287794525,-114.95857375800344,-117.26458351654217,-116.2406038904342,-116.78307356904112,-116.60704811672211,-116.79247415461306,-117.94071094470915,-117.57345358762575,-116.9987130415377,-116.93406208377334,-118.93163320504445,-116.01960517001007,-119.10771854027348,-117.54023202740112,-116.56648792657532,-117.41920880494635,-117.5056625733928,-115.3117187005692,-117.77384795785518,-117.09411652865167,-116.99349683285023,-116.60221287309174,-117.22880845741632,-116.66474923876547,-115.45652007614143,point1,-117.10779294596023,-116.9987130415377,-119.59246178167767,1.4209806253467863,-0.058091442943119444,0.5780056834255509
HDOK,PLOK,17472,26,26,-130,-13,11,2,33,-114.75373583185984,-117.98442013567178,-118.34276940954527,-119.78156048316332,-116.15505864951562,-118.96143998536371,-117.20942148128414,-116.8805112229606,-119.22996192709553,-115.13270827589456,-116.85115256741919,-117.25013164207031,-118.46429199703158,-119.30176634816758,-118.35805482056684,-115.78150588496568,-118.54211969522517,-116.54789289068219,-116.59303033822776,-116.52540226787217,-116.4302511261646,-117.78951178468911,-117.91869830197054,-116.87727835446677,-114.90613812523827,-117.76410574465136,-117.23326896406712,-116.28659323105538,-116.29619146915645,-114.92194588085526,-118.52847772064473,-117.66064071919564,-118.59882040230275,point1,-117.26845023269821,-117.23326896406712,-119.78156048316332,1.7444258101315202,0.16330924795393745,-0.675826462051079
HDOK,PLOK,17472,26,26,-130,-13,11,2,33,-114.20115854692806,-118.50824474853485,-117.78224811024403,-117.71605125628737,-117.97722873941889,-117.48027734276587,-115.25031063319017,-116.54507379300901,-116.89073816330848,-116.63197518812639,-116.74867908435914,-118.23995653651289,-117.1992216104031,-117.06420844654488,-115.9023522509468,-116.04046102116868,-118.0662373228015,-115.12735991301307,-117.32427825323433,-118.9609388291466,-117.85071314507681,-119.5414952176512,-116.61125249036391,-116.37547221452347,-117.08978095996119,-117.67422834297251,-117.16552030534288,-118.03456956546752,-116.90825116506194,-117.97488718364181,-115.98894783419524,-116.7443280028621,-116.28140036018101,point1,-117.08781353264379,-117.08978095996119,-119.5414952176512,1.2057946044168466,0.31297098811842705,0.5824881571981462
HDOK,PLOK,17472,26,26,-130,-13,11,2,33,-114.39157446239065,-116.00834134686158,-119.22643882815925,-117.17881003674256,-119.49807767414893,-119.30026144376295,-117.62195784024773,-117.52621839830232,-117.6869265172509,-119.23670569695885,-115.65398924853913,-118.05503152502543,-117.31663906158734,-116.71993299432692,-118.17724190380166,-117.53622475593407,-116.89728851765811,-117.33744667988813,-116.67889951478097,-118.03779982107207,-116.84645214774133,-117.74996463056463,-115.95181087616413,-116.64442247448324,-116.70332278178482,-118.19542161504663,-116.80582553043268,-115.53261073738742,-116.93805004292409,-118.61890151164582,-118.10324621253264,-115.43734822219461,-117.17793161844736,point1,-117.29670044450873,-117.31663906158734,-119.49807767414893,1.3774951193174707,0.16068500025742694,0.058942025439472356
HDOK,PLOK,17472,26,26,-130,-13,11,2,33,-113.78522486323682,-117.42504701476659,-118.46449997982033,-117.91348789837647,-117.11053704491013,-116.88686362624965,-117.11556671942657,-117.26404687593205,-116.77484066565485,-118.3232660855762,-119.30841548873506,-116.70098910969605,-117.00747227895992,-116.26309908653793,-118.62432828744448,-117.30553962762174,-117.22159752628035,-116.146645374579,-115.79263658986116,-115.16761665372506,-117.67318068420622,-118.80975571681324,-118.21272851780938,-116.08573436708325,-115.7603145119254,-115.50453823192348,-115.28215494906541,-115.58133882283204,-116.86266260910178,-114.46403164107427,-117.94998396848305,-116.78275252881328,-118.46911971594243,point1,-116.91030354734741,-117.00747227895992,-119.30841548873506,1.6289243052754228,0.3511306336034584,-0.16719661723113788
HDOK,PLOK,17472,26,26,-130,-13,11,2,33,-115.3923170163009,-117.79083373719148,-117.48655745763655,-118.51733825397305,-118.68193357592779,-115.52629098010539,-118.9901661079834,-118.03456175317432,-118.72489942076858,-116.9691638039663,-118.63341140801123,-115.62567757854534,-117.79254341971614,-116.74583387976284,-118.4270052810418,-115.79959256142268,-117.18222321215399,-117.6176287059949,-118.55095998044143,-116.83578266177686,-117.27312905915642,-116.12618151859076,-116.13324213233224,-117.8576992785733,-116.05274567381443,-117.87541436718438,-118.11585368359309,-116.07864856753207,-116.45904913565228,-117.65634958206209,-116.0073051625527,-117.22168677101,-118.09458329175976,point1,-117.28110936423359,-117.48655745763655,-118.9901661079834,1.1140065536105674,0.22939604316411621,-1.1886331084604564
HDOK,PLOK,17472,26,26,-130,-13,11,2,33,-115.1038410151807,-118.6884797405633,-118.74589205528821,-117.03810410923032,-116.52677483363917,-117.72984918108276,-116.23018566919436,-118.23545941402622,-114.7620018350205,-117.44549436260321,-117.54145789652654,-115.90492555424865,-116.5943629037527,-118.504917609094,-117.23001409936684,-116.84332501420518,-114.96742420568144,-116.93741616766417,-116.25667151085102,-117.02807666415934,-115.24946776452846,-115.61968379602398,-116.91337824803698,-115.26497205473314,-117.0634675216713,-117.91812837877042,-116.02046051570834,-116.46123446079994,-119.56479365392559,-116.47969873267792,-114.75775992584173,-117.70941881183028,-117.40638820665262,point1,-116.81040987613878,-116.91337824803698,-119.56479365392559,1.4457397024034806,-0.1278999712879023,-0.4161004267934052
HDOK,PLOK,17472,26,26,-130,-13,11,2,33,-115.12638943925062,-118.5689952218142,-118.63532965070513,-117.58052324462443,-118.46961779953345,-118.23594605668468,-118.80968719048988,-118.11679699366832,-117.96199095524332,-116.73935768358231,-117.85178045107189,-118.11974222779934,-116.95134007869272,-117.71101037954645,-118.45687916341524,-116.55244687872276,-116.37643633188183,-117.34624481451392,-116.1414446439003,-117.3200098463086,-115.7308420001296,-116.57070486712075,-115.89903350448627,-116.5497184635761,-117.48197150255976,-117.43415279118646,-116.32553513209895,-117.5046058778811,-118.79027425575961,-117.25136221731998,-116.25750539344877,-116.45546620268578,-117.26644636021015,point1,-117.29059356423977,-117.34624481451392,-118.80968719048988,0.9116765860235345,0.2072042270018488,-0.7567332684365398
HDOK,PLOK,17472,26,26,-130,-13,11,2,33,-115.38656312320227,-118.05252514631123,-118.81162827859208,-118.36310204588769,-117.7474735734145,-117.04866305838483,-117.65831194997082,-116.69858751394153,-115.565306012473,-115.72090337552383,-116.58675903501819,-115.9986436942559,-118.41584424521629,-115.80634388033526,-117.20000676481264,-115.51154230985094,-117.30658058333998,-117.67696104600803,-117.46273948903249,-117.76163694626617,-116.8163897458297,-115.24757555452014,-116.2721824385694,-116.36280561391891,-116.48460333412243,-116.76054410188364,-117.79033858481677,-116.28370302924317,-117.48752070798677,-116.22662292592308,-116.79482192384054,-118.41140353509289,-117.21382929550036,point1,-116.93734735948745,-116.8163897458297,-118.81162827859208,0.9128165228552184,-0.029384788260194524,-0.8896693140642498
HDOK,PLOK,17472,26,26,-130,-13,11,2,33,-115.66394827303088,-119.01234245383068,-119.92311418386888,-116.69367176207018,-118.2615949851107,-120.07325329090811,-117.41535183626279,-114.86596542847397,-119.15767647105888,-117.81279463966217,-116.77859576941779,-117.2251552500521,-116.87739816922924,-118.42324948951841,-118.30966030583191,-117.17204160876443,-116.38797732676319,-115.30439385093018,-116.84945929256034,-115.27448983591387,-116.96867883048235,-116.89779112071074,-118.65186058594358,-116.31172053778333,-117.5416891403603,-116.71935475023444,-117.68061286254503,-118.2137066471855,-117.99138845046242,-117.64864168024839,-116.12904741730146,-116.65318755011012,-117.59960626812426,point1,-117.34816424438638,-117.2251552500521,-120.07325329090811,1.5106444690822554,-0.19313104039408743,-0.023938978854611825
HDOK,PLOK,17472,26,26,-130,-13,11,2,33,-114.03977539774806,-118.96503552114348,-119.04551589467727,-116.82141933969604,-119.6298186746813,-117.69802047118772,-118.36105751120249,-118.48333570701843,-116.4260581981351,-117.29700955762883,-116.29946116234616,-116.90002443945309,-117.09142527657437,-115.67815766700463,-118.40397553974907,-114.57794076511226,-117.4073394294587,-119.05977824428419,-117.70220169498516,-115.71007439110751,-116.18641922015864,-115.97773381365101,-117.3042960163588,-118.18958842124475,-118.84431032396381,-116.65383013474832,-117.20154424663158,-117.56158169619901,-116.80690654965056,-116.5205177868638,-118.11765534558253,-116.13985277203297,-118.58633938494364,point1,-117.26327274530982,-117.29700955762883,-119.6298186746813,1.6651729458339553,0.3782253719420207,-0.030798732129874384
HDOK,PLOK,17472,26,26,-130,-13,11,2,33,-114.67676911212004,-120.68985777952653,-118.19950029070044,-119.38391497100197,-118.037721003278,-117.59649001056177,-118.92170406435095,-118.3372598492355,-117.00119963606129,-118.0918466981636,-116.98799373836188,-115.86619916347966,-116.16536304431234,-117.73298000580635,-116.96568578696602,-117.9542578906154,-116.96996001415876,-118.83362323792574,-117.8140352085703,-118.1557559711156,-118.07292204101681,-117.92418071878937,-117.1063289016985,-115.65721158920812,-117.23471100447561,-116.78450766670078,-117.91315723415305,-118.34721588487507,-117.9863346987708,-116.23683632779203,-116.33441731846989,-115.75762233734567,-118.13330602950806,point1,-117.51123846148836,-117.8140352085703,-120.68985777952653,1.388008437502628,-0.00923597640855284,0.8362023755996462
HDOK,PLOK,17472,26,26,-130,-13,11,2,33,-114.96147956672438,-118.01054340380747,-118.06246829964331,-117.15940297265279,-119.09433017669787,-117.97948927609372,-117.61972757457553,-115.73931373787528,-116.27083138913446,-116.24088717457006,-116.89153589180292,-117.61930363341878,-116.54725356514778,-117.33864970617684,-116.56499110525364,-118.04146839908255,-116.73058978225686,-115.84498756296847,-119.38270279441875,-116.28438849108142,-117.79268907392971,-117.44006188214011,-116.91195785700147,-116.76875511726963,-115.38454955908189,-119.45466901428705,-118.55579825175997,-116.82824873273026,-116.07692240124769,-115.83956268242821,-116.08624273397638,-116.44060496739863,-118.37117170049049,point1,-117.1010781356704,-116.89153589180292,-119.45466901428705,1.2485050153726327,-0.3597294821687599,-0.4355113302779339
HDOK,PLOK,17472,26,26,-130,-13,11,2,33,-115.9291218686895,-118.32466316102416,-117.88293905874451,-118.35006563791914,-117.55675476220097,-116.84760689085583,-117.53470656042023,-118.17208296341951,-118.22357571411767,-117.14990567462837,-116.28060794846252,-117.25965568876376,-118.82217685030618,-117.4958424178449,-118.039492711509,-118.05846907306955,-116.7245380975886,-117.36029046170658,-118.5474051949111,-117.59481622212607,-117.49882389735124,-116.0554655996713,-116.15598721091632,-116.7590460276499,-117.32390019364574,-115.94794916796934,-117.6424329844439,-117.8231125638036,-117.03612341555069,-117.39328296936164,-116.52659957011534,-116.81226268365289,-115.52097137827677,point1,-117.29244468547627,-117.39328296936164,-118.82217685030618,0.6762476842650478,0.3000034855015626,-0.6024836614844036
HDOK,PLOK,17472,26,26,-130,-13,11,2,33,-114.97279750054462,-116.32876501123772,-118.29326075738845,-118.7274996822336,-118.18642666219408,-116.18008497988421,-118.35498144009608,-116.82765149549684,-116.89425856648248,-116.1599034900931,-115.44551025159225,-117.40458677692999,-117.41707948277599,-117.5649366663448,-118.7100840005076,-115.41088093017257,-118.48804860332996,-118.20429327070097,-117.01263357264109,-117.65232275833945,-117.9290226830899,-117.2007508628956,-118.2491016389389,-115.9555148874257,-117.83482755377061,-116.32732896160721,-116.06427631725512,-115.59607651105283,-116.48093270185716,-117.69046915572567,-118.26288744470153,-117.30735960989281,-118.88009962734617,point1,-117.21256526831952,-117.40458677692999,-118.88009962734617,1.1673461549390212,0.3307342118719589,-0.9897383355278055
HDOK,PLOK,17472,26,26,-130,-13,11,2,33,-114.83232988750932,-117.8728866939117,-117.80448260764409,-116.92761605275017,-117.49631112345499,-118.32302619586716,-116.24774826778629,-116.74952404879076,-116.8933527245515,-116.88093599034245,-116.39762878940441,-116.17946697204486,-118.48337714653194,-118.53983529455822,-116.7474867663273,-116.2151198622927,-117.93524682818637,-117.0522158488962,-115.97833259815285,-116.78692092240706,-117.0838027982834,-119.19778852305797,-116.42630077235356,-117.13659946083807,-118.06770530147853,-118.53634263583272,-117.0817576309787,-117.44827774750598,-118.64894100020405,-115.84340447923225,-117.78819649338908,-117.99069135082665,-116.75099536915151,point1,-117.2225650965013,-117.0817576309787,-119.19778852305797,0.909028727505307,0.08304534510317148,-0.1403337261277784
HDOK,PLOK,17472,26,26,-130,-13,11,2,33,-116.93909876999649,-118.41835900163031,-119.5766323209792,-118.27303338920217,-118.16269551754681,-118.92788794654837,-118.58965373440817,-115.50579057245271,-115.8160964719176,-117.60334625990247,-116.77751375073967,-114.97730417166595,-116.33156687664801,-116.87753561995893,-118.20594856975029,-117.84664188245796,-117.50771216938283,-117.43038948762052,-118.57730203570189,-116.75299828599879,-115.9587520800407,-117.241027453266,-117.91643210752405,-117.58289184068556,-117.59969720493233,-116.9942371215889,-119.25176833537815,-117.72475436187074,-117.12382261229406,-118.12269188515609,-116.6051384693592,-118.26417834283181,-119.55068645066096,point1,-117.54647227576054,-117.59969720493233,-119.5766323209792,1.199785430980981,0.25532196125447837,-0.11300372992634156
HDOK,PLOK,17472,26,26,-130,-13,11,2,33,-116.18388723349766,-118.52021167257799,-119.12569519011893,-116.49481270727084,-118.96539181431334,-117.10705733169104,-118.5871184797452,-117.26528101792643,-118.34018946172856,-118.93883340618235,-116.2473814702532,-117.41804505796726,-116.51536035423523,-116.12088516968711,-116.51662534982327,-117.12362265110417,-117.36045701044655,-115.957037341155,-118.82368521704471,-117.50454791925819,-116.4720555285932,-117.53674684561774,-117.0610391467494,-118.47434346034271,-117.02220989474851,-116.98877979149368,-118.08662143761663,-115.8065088000818,-117.23862157100572,-117.2724872787052,-117.82481410263999,-117.19480414021642,-116.4658293560596,point1,-117.35033294575449,-117.23862157100572,-119.12569519011893,0.87879317268977,-0.3449753286684114,-0.8816120658192035
HDOK,PLOK,17472,26,26,-130,-13,11,2,33,-114.35099640795562,-117.30753706938049,-118.43516777009836,-118.52140714713259,-117.33552348760448,-118.69818069859085,-116.77517004464133,-116.98788472696333,-116.74607960280859,-118.24482822957386,-117.56338517277815,-116.16941491066228,-117.03603438198935,-118.02407996820479,-117.73981741082484,-118.42527648691403,-116.21427831006766,-117.80339295986903,-118.11350560002907,-117.35206425967675,-117.5306775946622,-117.46071110577607,-118.12473965459205,-117.39677671886396,-117.66122274445011,-116.22393450757535,-117.37009087770504,-118.00509984434466,-117.58381587842253,-116.21229686806693,-117.42080068697246,-115.12941719145869,-117.40290162543494,point1,-117.31413666497245,-117.42080068697246,-118.69818069859085,0.8804962265299399,1.2414119396516994,2.057525854961457
HDOK,PLOK,17472,26,26,-130,-13,11,2,33,-115.19730155620358,-118.29819847438775,-119.41387087421668,-119.68716496954343,-116.90221338981632,-118.79648801253491,-119.32402767638588,-118.82472003893464,-116.44522303765183,-117.8004606963866,-116.52571819887663,-117.0091943476392,-117.22811051768012,-116.32846393416601,-115.435315903495,-119.12181885433395,-118.06497710611225,-118.66006231132695,-116.39804564441764,-118.21924840384561,-117.55277228337937,-119.00727273515594,-115.35568970253098,-115.1126499124063,-117.08757682029008,-116.93531628511936,-116.44554868528051,-116.61329216545428,-119.61647390614829,-118.65839903726672,-116.83442230688976,-116.88455886507728,-118.27841116148416,point1,-117.51706084286175,-117.22811051768012,-119.68716496954343,1.752549838756322,0.07653497587501164,-1.0133511141784162
HDOK,PLOK,17472,26,26,-130,-13,11,2,33,-114.0679674893129,-116.69030444256556,-120.20505883513246,-118.62939414967009,-116.35594156204367,-117.71903204419819,-117.80409627012128,-115.78680302937009,-115.49885349607786,-118.36502014158685,-117.14194129337346,-115.76458391571246,-116.86860476135313,-116.64046331936879,-116.40339047631112,-116.74122056034992,-116.65198799961884,-119.73641697184898,-117.87073385118745,-117.56717973466844,-117.69158708028743,-115.66734953230238,-114.83207050888664,-116.02570357125174,-117.94505115809406,-117.58461354357826,-116.26628623905235,-116.11852568678864,-116.82199607587685,-117.1909136070183,-116.17854833874883,-115.47585067000882,-119.18235069499775,point1,-116.95423760759893,-116.74122056034992,-120.20505883513246,1.7516652982298542,-0.4137426781894655,0.38038362874972576
HDOK,PLOK,17472,26,26,-130,-13,11,2,33,-114.53987270374229,-119.26115634592315,-118.66798272984776,-117.67963254349868,-117.89465836410405,-118.88027201382872,-117.60106408513593,-114.61495510961792,-117.25400813231064,-118.26133593521641,-119.59293596906586,-117.88752451554625,-118.17156471977847,-115.6268266741692,-118.76601983530882,-117.97446005161773,-115.5723189536631,-118.03196452138256,-117.57812674391512,-117.21911370111847,-117.7448348119645,-117.59839296259314,-116.35146122571848,-115.71439828221561,-117.3342535445569,-115.2231507826843,-119.22640401897506,-118.56218647775495,-115.76626741109513,-116.72115989986717,-117.14796445528086,-118.14290143940853,-116.785062700132,point1,-117.37558277760722,-117.60106408513593,-119.59293596906586,1.7195382743349015,0.5487569333190943,-0.37891462729233405
HDOK,PLOK,17472,26,26,-130,-13,11,2,33,-116.78742248585355,-116.92461572360857,-119.32240590405823,-117.61197043768453,-118.8899834386067,-117.83477055551724,-117.94070155412817,-117.71113110543503,-118.6854247701774,-117.39648182447732,-115.17674844045776,-115.97060386660478,-118.05387961051197,-117.20334071082219,-118.00209580610972,-114.83882575303532,-118.29653801369801,-117.02835026515186,-117.78948950716703,-117.64159874764486,-116.60793700034695,-116.5897459296039,-116.837744290043,-119.16068916286412,-117.6162302215337,-117.23946433961491,-117.72166143368023,-115.39630621943643,-116.80886266318464,-117.79983356010224,-117.61990355574744,-116.49928279739783,-117.39863295577986,point1,-117.34553553485108,-117.61197043768453,-119.32240590405823,1.0448676499904808,0.4751367591510533,0.5175554121453647
HDOK,PLOK,17472,26,26,-130,-13,11,2,33,-117.03945127474316,-118.54436985354415,-120.6037712219437,-118.67033076169922,-116.57102949008872,-117.24545081269956,-118.13859372499438,-115.97961126194124,-117.45566348003449,-116.24360778904088,-118.17531892933381,-116.83668298577577,-116.51634413256097,-117.76301979707101,-117.16641957705808,-115.57112323616165,-117.19146451742299,-116.4591543498625,-118.65759965166068,-117.80629030071688,-117.07877617135729,-117.0854829118434,-118.8484914477206,-116.18691231174812,-116.55620889905359,-117.39585806889426,-118.65940071024148,-116.86802870730807,-117.2961601498104,-117.75481769404269,-116.77237286601891,-117.77284353925018,-117.70012409737842,point1,-117.41244771887942,-117.24545081269956,-120.6037712219437,0.9983367131281563,-0.8793527044866252,1.6905699631604505
HDOK,PLOK,17472,26,26,-130,-13,11,2,33,-116.1483932496915,-119.12772849887406,-116.85969650339251,-117.28217396463165,-116.82004377476585,-115.21316811869706,-117.86794844419825,-118.25855780801028,-116.96481913761666,-116.7495665451734,-116.4355708329193,-116.95965804539898,-116.45871678680112,-120.03752379826348,-116.54692051729751,-117.31121651313849,-116.80455708634537,-117.7573825443622,-115.29215340252416,-116.83745412717215,-117.71525523673017,-116.62505063653995,-117.14944496803618,-117.96769672298942,-117.7942235729412,-118.42063792983909,-119.00039834059729,-117.50961514793592,-117.41788815028767,-115.90478093897498,-115.86254759200733,-116.45584492876333,-119.11400865286178,point1,-117.23244371265996,-116.96481913761666,-120.03752379826348,1.1771630152764385,-0.5178332067025796,0.313654414991984
HDOK,PLOK,17472,26,26,-130,-13,11,2,33,-115.43423168937855,-118.06115508116456,-119.4346079188266,-118.3681568434126,-118.32969878864908,-116.54803722468003,-120.37935606278072,-116.89797802350901,-114.99236939820562,-117.53489260296298,-117.14777865644045,-118.09177719310881,-117.43852820478845,-116.8862934739741,-117.16743024930501,-115.84062599121734,-118.37230535231429,-117.88806925393894,-117.41510635353477,-116.46182635549974,-118.47782053022397,-116.53748742117386,-118.74724516345228,-116.63988987782919,-116.13632232972748,-117.38178797072916,-115.38571511876064,-117.60076778233986,-118.38367042431256,-117.39841384990775,-118.34754407791162,-118.50736958225026,-117.25585791309099,point1,-117.43909444725459,-117.41510635353477,-120.37935606278072,1.3431707757877078,-0.03162879049419276,0.2722980105469479
HDOK,PLOK,17472,26,26,-130,-13,11,2,33,-114.6554630754868,-117.68568463122674,-119.10236221313481,-118.54362963852668,-118.2083502613507,-117.32226224630094,-117.25477245646273,-116.86477726558746,-118.21794936226986,-117.54748075513963,-116.44193138997376,-116.37522695930579,-117.87708881106413,-118.03120665340064,-117.62959728462982,-115.56681720148728,-116.63494373694124,-115.69091229717073,-116.53670553367114,-116.97861495337919,-117.33935591538732,-117.19182587441166,-115.34604238293589,-116.76269534948062,-117.0194566366176,-115.48840764518955,-117.26085784109299,-115.03129916202224,-115.62643552866543,-115.1018519159455,-115.28228908489513,-117.15863207952104,-118.9015060707521,point1,-116.86898279434628,-117.0194566366176,-119.10236221313481,1.3313496209992357,0.11122541727862383,-0.740089141312648
HDOK,PLOK,17472,26,26,-130,-13,11,2,33,-115.1658390564665,-117.64358792891228,-118.48487550488781,-118.28278419124861,-117.88394118923394,-119.46701290813452,-116.14060923164045,-117.78406533603454,-114.34275752600735,-116.71722715655171,-117.10656450621353,-117.35603459411197,-116.19221200314787,-116.97186888853327,-118.00049815415973,-117.9590686198308,-117.76606363190818,-116.97432530014133,-114.96414613881959,-117.68528001274585,-117.18386298138552,-117.10368379513703,-115.76371694026248,-115.99362681996278,-116.624553599763,-116.06963786246584,-116.06833728092411,-118.91076809052107,-118.14699241780794,-117.27490517806854,-117.06960858218248,-117.70033974429488,-116.8685355715593,point1,-117.08082820433526,-117.10656450621353,-119.46701290813452,1.2334543155954933,0.3622888017162226,0.2194506233095539
HDOK,PLOK,17472,26,26,-130,-13,11,2,33,-114.73495176887239,-118.37933845654409,-118.1948040346077,-118.65166854616267,-116.91460142907489,-119.27162866179259,-116.73713417496833,-117.57272512117721,-117.34508909525712,-116.87953371162396,-117.95875269674828,-117.5665149205948,-116.93981499596302,-118.07653723627509,-116.19763913242231,-116.09534113351594,-117.21069590647362,-117.76096201867334,-117.41360811900189,-116.4949910153552,-117.18646049548192,-117.36862524809646,-117.96321952493696,-117.19687065768038,-116.15804921962825,-116.8525831044795,-114.30802356709202,-116.44950468990022,-114.99699497377377,-116.85931852995007,-116.2456243413177,-116.95527662808904,-117.40030203353444,point1,-117.04052076330498,-117.18646049548192,-119.27162866179259,1.0887241109790038,0.6011873592477863,0.9902330106644048
HDOK,PLOK,17472,26,26,-130,-13,11,2,33,-115.0990583875467,-119.32241456494403,-116.86237323035945,-116.87488291127184,-118.26294065182938,-116.35533887528045,-116.74184556208974,-117.91453260569313,-116.26377082234033,-116.4397320770275,-117.74603766283703,-119.1751680607426,-117.27000047248127,-116.82964492782382,-117.70415961474959,-117.12276579501582,-115.78986281520874,-118.01916745042568,-116.083953779689,-116.42279902007084,-118.19249345579885,-117.92073229152102,-116.73813686978367,-116.7313245732881,-118.50250522109663,-116.0279993019014,-117.1944040098421,-119.05245707653204,-116.00434029215916,-115.85993844393133,-116.82341571845865,-118.11965582975867,-117.63972793589788,point1,-117.18507819113323,-116.87488291127184,-119.32241456494403,1.0638037860261629,-0.2902564055733589,-0.5097891036544371
HDOK,PLOK,17472,26,26,-130,-13,11,2,33,-112.74565183038202,-118.77930973826041,-118.93822767280886,-119.02041912173681,-119.19106105648704,-116.73495266625709,-117.96624460436304,-116.4146857454092,-117.17719833030152,-116.52580615310877,-117.78362596037611,-118.1225386920549,-117.33524581562793,-117.13058011613577,-116.17350779732561,-117.7554267695076,-118.46111860981297,-118.25687178943977,-118.01290423168594,-116.66671149678017,-115.32820129663814,-117.0510909418329,-117.6531668394169,-117.34752922839537,-116.18476197840846,-118.29002733435057,-117.3576844686735,-115.72427140872698,-117.68029421840608,-117.15532579752839,-117.54896164667103,-118.48538481256175,-116.9602013172454,point1,-117.33209059050658,-117.3576844686735,-119.19106105648704,1.527355255592796,1.5022653306155365,4.405470875159768
HDOK,PLOK,17472,26,26,-130,-13,11,2,33,-114.4879484589229,-117.3368405449711,-118.74368461304327,-118.21532717657983,-117.47534550643302,-118.45006711004913,-117.05683299864465,-116.75564359945467,-116.63063937847194,-116.9740095257993,-118.25348491139452,-117.58282903892737,-119.46423083475645,-115.3139232862993,-117.20848589577858,-117.74154231306952,-116.98496787716286,-118.44114430796431,-115.40276010063165,-117.26293069100625,-115.82056066298406,-116.7044928262006,-116.53784941896218,-115.99004271032167,-116.3492165756239,-118.60487432224645,-117.48712487244649,-117.0959087506803,-117.06114744591498,-117.79229636745234,-116.65322003409268,-116.96902865747997,-117.14546325683143,point1,-117.15132921426053,-117.0959087506803,-119.46423083475645,1.0776592248007069,0.24293402578525133,0.5127733660223259
HDOK,PLOK,17472,26,26,-130,-13,11,2,33,-114.60152136224734,-116.97274153459895,-117.01602061812237,-116.47695924939657,-118.14761238917536,-116.9872347012987,-117.67012810178498,-117.18452945860811,-116.50101789781804,-116.89240584659188,-116.35489075181941,-117.97779040758633,-116.10540223567202,-116.93740867721318,-118.98700618292368,-117.60978731305737,-116.28804863287215,-118.70490900915233,-116.81737431493715,-119.16485838322161,-117.95364412684897,-116.64496468376029,-117.45784569941533,-115.8577433309267,-117.83556154957634,-117.24675366598277,-117.96775657621721,-117.40935150845488,-117.19694666602497,-116.70329509073882,-117.82558595237948,-117.84043348705065,-117.23675802421616,point1,-117.22952386150577,-117.19694666602497,-119.16485838322161,0.817076674900731,0.271123907508857,1.2331311270696443
HDOK,PLOK,17472,26,26,-130,-13,11,2,33,-113.50147934368619,-118.75564034417766,-118.6554075373959,-117.37758286232346,-117.82006509704513,-117.77176967271674,-116.85574046799904,-115.70513831395319,-118.234223507946,-117.38839440987915,-117.70173257991004,-116.46729799148547,-115.8879981089639,-117.40926701858785,-117.03070244498363,-117.7814383837326,-119.2877755543956,-117.86224569016439,-118.656589905505,-119.13710988991132,-117.60848212468525,-116.75225263640029,-119.0049196975102,-115.50677355013468,-117.71937743769956,-117.40032777153392,-116.3363720124802,-118.04495582834687,-117.70362392639589,-116.85797297860078,-118.15075412127118,-117.60167041078246,-115.75630405693646,point1,-117.38579956598606,-117.60848212468525,-119.2877755543956,1.4137290547031756,1.044261261247736,2.0490759951274584
HDOK,PLOK,17472,26,26,-130,-13,11,2,33,-113.51172900091542,-117.1214000127341,-117.75900032484815,-118.21086194362431,-118.35632944673662,-117.88888775388584,-117.20161988761943,-116.28382174475826,-116.53337037714154,-117.21585292062083,-116.82341554043934,-116.9485288627207,-117.94091513233421,-118.75334194520929,-116.53785560199897,-118.05433099262697,-117.08235726162505,-118.96957165009975,-118.18252684329819,-118.79767723585637,-118.76923978302014,-118.087731400672,-119.06380477495574,-116.93233573597412,-118.88911028005398,-116.65604595318904,-116.29773767677051,-117.89784608160733,-116.13285038901462,-116.03803572758844,-116.20144263541495,-116.95743984730065,-119.09257547889239,point1,-117.42998758313776,-117.21585292062083,-119.09257547889239,1.3837934115478119,0.9135378849280162,2.0017783657774832
HDOK,PLOK,17472,26,26,-130,-13,11,2,33,-113.55726386868652,-118.11900214850344,-118.06390888688443,-120.16786023236952,-119.09686699968307,-117.21513313079784,-114.7283370761074,-116.86967575455519,-118.75212925655234,-118.06209221085254,-116.82134595745643,-116.59331038534816,-115.54261128411552,-117.07074680034457,-116.08125387941081,-116.7980427551105,-118.58512445742093,-118.52819123960782,-117.75084004669952,-114.62828835635258,-117.3371093994054,-117.46395718389408,-117.70388231285835,-118.75125543435732,-115.57684008996605,-115.95515230395026,-117.20527508438629,-119.46859045009802,-117.63423047585214,-118.11522109688092,-116.4268746435308,-116.20794206784107,-117.68890504401199,point1,-117.22931091860279,-117.3371093994054,-120.16786023236952,2.024966495167636,0.4392139769284043,0.3247190946478997
HDOK,PLOK,17472,26,26,-130,-13,11,2,33,-113.64456503343409,-118.68706028572862,-117.58968835656238,-117.17120680660462,-119.24513610354526,-117.05468184568728,-114.16937553962795,-117.07738201376942,-116.87501926836016,-118.18666682537308,-114.77504388387037,-118.08002039359688,-115.8930371281533,-117.21540230355832,-116.71979544573716,-120.03224623945584,-117.1590269946094,-117.0454448894856,-117.3641895126816,-115.18253692777591,-118.51341055021055,-116.57428387694145,-118.47000246050521,-116.62201662779718,-116.69079081199433,-118.94290271121712,-116.82057957347325,-117.63992943359521,-116.39570469059967,-118.40341277634121,-115.9389232442988,-118.02833282191312,-116.38292227299443,point1,-117.10881023180299,-117.07738201376942,-120.03224623945584,1.8996549876847644,0.4353890086525608,0.5430478516256114
HDOK,PLOK,17472,26,26,-130,-13,11,2,33,-115.0148000471218,-118.38058989788227,-119.04571194780056,-116.82426508101895,-117.99251323807424,-117.40864314737814,-117.28095665356183,-115.58652310278127,-116.11378161010822,-116.10349873493342,-117.69196917713572,-115.2801816131738,-118.55091836813895,-116.69169385978525,-118.29356466753286,-117.00731008709695,-118.86103444435346,-118.78828644257617,-117.71284073111443,-116.00915205355518,-116.82566413200693,-116.5311308186088,-116.14914193073366,-116.06674018940893,-118.04765608775564,-116.18314426874544,-115.53991614446868,-116.17287315267652,-116.5189100527921,-115.8986663352425,-116.64841309983721,-118.28499033948182,-119.09890563884477,point1,-117.04861779077957,-116.82426508101895,-119.09890563884477,1.3519749842821753,-0.23462134873478585,-1.1167430197325428
HDOK,PLOK,17472,26,26,-130,-13,11,2,33,-115.61817742708394,-120.2123788202039,-118.42365843746266,-117.21194936950208,-117.4444347869556,-118.11549949604976,-117.64139139436135,-116.1504420892139,-116.4123560995565,-115.29969465622777,-116.59366310305114,-116.29594729735076,-118.17636933679779,-117.03981937226519,-117.13300693956357,-116.28544510137806,-117.40990067055989,-116.602127376511,-117.37040347807094,-117.0488459826756,-117.87170138752397,-117.52322716868629,-115.13910018438673,-116.38952818153977,-117.26002473832607,-116.20784595538971,-117.83686364851094,-117.87834177872836,-117.80536214638545,-115.88056625169844,-118.14298658280988,-119.37725844036883,-118.85512801861165,point1,-117.23192259750931,-117.26002473832607,-120.2123788202039,1.2337732854694032,-0.39245111159588936,0.4307036198303109
HDOK,PLOK,17472,26,26,-130,-13,11,2,33,-117.4285227272576,-117.98508241702794,-119.01356926463573,-118.26724034225018,-117.6288631623132,-117.87007112403056,-117.53987226497485,-116.16571510951488,-117.2225307071368,-116.94651572764717,-117.35986507034079,-118.19217548471903,-117.42773550977626,-117.8562034612584,-118.67636776157563,-119.50591257660467,-117.81349561232614,-118.51655511758375,-118.31223218596796,-117.66252215141473,-117.52811625537062,-117.87364079948172,-117.64284678447996,-115.70055544304755,-117.5258014251013,-118.3777958995406,-116.36071085969091,-116.13137809975952,-116.59201329405548,-116.75112436555663,-116.66409430977737,-116.67141828053106,-118.7462462097645,point1,-117.57444817589433,-117.6288631623132,-119.50591257660467,0.750812183332644,0.09068306611555331,-0.20983255718268845
HDOK,PLOK,17472,26,26,-130,-13,11,2,33,-115.78171239796093,-118.32283497927682,-117.95334739347881,-118.01367294146625,-116.77018864268221,-118.0089807344062,-116.92023592747259,-118.04860442970825,-117.35832994386459,-116.34056315813329,-115.47620265431796,-116.91938760443416,-117.46795683067167,-116.45270875564233,-119.43975561718678,-116.94637823976136,-116.31692071511596,-116.50550974732607,-118.50804429504433,-117.86883839859088,-117.01765352382064,-117.42522028044583,-116.79369037753418,-116.39409789921935,-115.42376156953694,-117.95298596510682,-117.19921686884861,-116.3596602288789,-116.4722715282622,-117.81848985143566,-116.75173818028966,-117.51049705989189,-118.18127748491823,point1,-117.1733555825676,-117.01765352382064,-119.43975561718678,0.8048669833168783,-0.1597746353004884,-0.06762933931408899
HDOK,PLOK,17472,26,26,-130,-13,11,2,33,-113.44461766293023,-118.14956122425221,-119.25438765021937,-116.92911601753988,-117.97439783316166,-116.13647984173396,-119.99895548493829,-120.10043358227546,-118.52847270613313,-117.57216313723809,-118.09444062423894,-116.54409814083705,-116.23728669698856,-116.46980884070906,-115.89499505279744,-117.3456773172633,-117.16427154176125,-116.88200900549462,-118.70013966448239,-118.20919031926016,-116.2684028022481,-117.62864321433217,-119.02039164245215,-117.36366951423527,-115.14799596155086,-117.12873172641333,-118.13564908805088,-114.69553644212145,-116.4205264568266,-116.5664276397206,-117.5754836456525,-118.61512106631453,-116.43849390961502,point1,-117.29198713496329,-117.3456773172633,-120.10043358227546,2.0052727104994803,0.32395367251540275,0.6395808149346829
HDOK,PLOK,17472,26,26,-130,-13,11,2,33,-115.31910221771153,-117.89093410929861,-119.62391105861941,-117.82405192172051,-118.4406220966661,-118.59589680836302,-117.15576279311834,-117.24901298298114,-117.21931387209824,-116.40032824364117,-115.85019550758676,-117.20120329758024,-116.62396931991493,-117.18777937164708,-117.85259876121039,-117.9622869149645,-118.18456856897234,-117.59470765093543,-118.93836408837934,-116.98244894741903,-116.40845157308759,-116.30034012716723,-118.67241408894796,-116.04128219184014,-116.7487333539672,-116.48848680104821,-115.92785583271996,-115.1146482434453,-117.06455212114122,-117.17364172151211,-117.82044392520854,-115.82608544815794,-115.97950339934869,point1,-117.14131810183089,-117.17364172151211,-119.62391105861941,1.1229772126662119,-0.2080914951578366,-0.3680749320770462
HDOK,PLOK,17472,26,26,-130,-13,11,2,33,-115.31543045006133,-117.59409679450721,-117.76502041110753,-118.38795635699832,-117.61278376202988,-120.5024628990344,-115.30406412950806,-117.6540549610444,-116.82296553924976,-116.08940634702866,-117.02520847568026,-117.65490769177653,-117.0818800783007,-117.74759147894363,-118.23317965974522,-118.06906517581525,-115.9091412712809,-117.3836541525349,-117.07857928545378,-117.13795703430716,-117.3090464638732,-117.82510508287429,-116.54941459847639,-117.81156629080785,-116.501708866044,-116.4474530121661,-116.13425761611508,-116.3582095512852,-115.08829557861958,-117.16393180214095,-116.4854565196684,-119.70747653171678,-119.78664105730779,point1,-117.25872633107586,-117.16393180214095,-120.5024628990344,1.445964473561768,-0.6491777138148502,0.948680249863036
HDOK,PLOK,17472,26,26,-130,-13,11,2,33,-116.61329525220079,-118.71454911341505,-117.72109997484786,-117.12801748277904,-119.28333246084311,-117.38663297883,-116.55446179419985,-116.03207714145097,-116.46317347615042,-116.05074491927596,-116.19920394358068,-116.2874531334402,-116.20136807433103,-118.35241516392703,-116.5116577083043,-117.72119092461541,-118.82758377709209,-118.84848962336478,-116.63726289258707,-117.62921579744182,-115.27230622508432,-118.79205847015984,-117.2185454355399,-117.74091151101095,-117.84844091813994,-119.17035726569978,-116.8735944459828,-117.20337333222675,-118.09083116113749,-118.77981885826857,-116.10331409920306,-117.15949482087225,-117.62245059865725,point1,-117.36480978105031,-117.2185454355399,-119.28333246084311,1.1041132307695172,-0.16765321351050375,-0.9309996942369314
HDOK,PLOK,17472,26,26,-130,-13,11,2,33,-115.40986246367599,-118.82503056643482,-117.25449765480484,-118.12527572678557,-119.2385713487263,-117.3868606797546,-117.08219651767199,-118.03438419781371,-118.48265749865031,-117.35839158277302,-116.95651820355336,-118.23282560537858,-118.02496959993891,-116.07507346116805,-117.05931090020279,-118.28804281478402,-117.96588649891851,-116.84278798035257,-120.22777781579846,-115.2795653585941,-118.02005388932966,-116.78080143659442,-115.95835471628169,-117.0995642783128,-117.55026669224475,-116.15571048730493,-115.83047654136517,-116.34406026726514,-117.63510457987013,-117.25016039497622,-116.79807310969832,-116.83455071061655,-118.42327369762165,point1,-117.35851325082609,-117.25449765480484,-120.22777781579846,1.1665590687628324,-0.27075459967997006,0.3140577245058558
HDOK,PLOK,17472,26,26,-130,-13,11,2,33,-114.10200092284143,-117.66406361189684,-118.21392455642095,-117.28361890521421,-115.80463221125142,-117.32289634266246,-115.68825830565807,-116.16805298068401,-116.04107281298668,-117.07585164172605,-116.64501913270037,-116.64897924824056,-116.41768650716776,-116.50955847333303,-118.2426768659971,-118.16292961308135,-117.19908973472678,-119.3469357529781,-118.0955931867155,-116.916585761054,-115.40546775081195,-115.99235028352717,-117.92434373301201,-116.24956987627061,-116.27329431274319,-118.37775122873708,-116.41379245402108,-115.7789660058184,-117.66592809829574,-119.306977226062,-118.12023420624197,-117.67282662799269,-117.00256248647699,point1,-117.0222269956772,-117.00256248647699,-119.3469357529781,1.2860139297761546,0.07257054058431063,0.14109484619473678
HDOK,PLOK,17472,26,26,-130,-13,11,2,33,-114.75779588560523,-119.1711385360945,-119.07402447110772,-117.39576956976983,-119.39266398694316,-117.39967886757667,-119.30756101613667,-117.86420992513277,-118.24703480275402,-117.90888446217411,-116.79047799512789,-116.55814892041222,-118.38822283403597,-117.18370577920741,-116.99795879262011,-116.28659632381853,-117.4042106696154,-118.70793341987303,-116.86960440890849,-117.4879866251232,-116.92905067568475,-116.3448403533899,-118.56293891959245,-116.58792810184254,-117.846240466998,-116.60574386527729,-117.89230981239191,-117.21364791294094,-118.59753439856097,-119.46692533637798,-116.079172269844,-116.97027614232806,-118.25817795584716,point1,-117.59237556070039,-117.4042106696154,-119.46692533637798,1.1767110921743267,0.15232580499741294,-0.07077179567703551
HDOK,PLOK,17472,26,26,-130,-13,11,2,33,-113.86766216446296,-118.1463286974229,-118.79819783971043,-117.36019462267237,-116.88050053804318,-117.7856768129323,-118.37577960263557,-116.87383766603783,-116.14947155869312,-116.86312607875458,-117.21795977380727,-116.00553111500635,-118.61360878764548,-117.4882795179596,-117.35502541320322,-117.26972510117689,-116.92170822011266,-116.19375128742175,-116.31175707990674,-117.90873529080977,-115.07217295160555,-116.94923007181875,-115.82296959054703,-116.71698448806269,-117.24825376960764,-116.81122475438494,-117.64277339066294,-119.16990755865085,-115.71877816200895,-116.41435807585987,-116.34868357257861,-115.37155575601354,-118.43942051754858,point1,-116.97312635841713,-116.92170822011266,-119.16990755865085,1.2520146009264872,0.37415340158250004,0.599559185902744
HDOK,PLOK,17472,26,26,-130,-13,11,2,33,-116.21017548003773,-118.8228859932169,-118.04833969594961,-118.20992772789768,-117.94794641260745,-117.31451026891658,-117.52181761934862,-117.01262267005747,-117.61418161524111,-118.24238010989174,-116.41655805191097,-115.2879763472521,-117.88709508423484,-116.60471493038628,-116.55493529887408,-116.26673928050708,-118.84432623052626,-116.8152669139582,-117.93609395646034,-116.65520649880187,-116.05445946588289,-117.96214731100143,-116.20398113698649,-116.29200679672378,-116.3493609799341,-116.88932545283592,-114.81900519244289,-117.56473277419498,-116.51337797983327,-116.87518653084479,-117.87124465690364,-117.92850397607518,-117.31720264853912,point1,-117.11679500267503,-117.01262267005747,-118.84432623052626,0.8809549321423995,0.2497561445415883,-0.22054014716167414
HDOK,PLOK,17472,26,26,-130,-13,11,2,33,-113.67604792953605,-116.65340711262968,-119.35665879930374,-117.6277744251293,-117.20660142570037,-119.99792753647735,-119.07454526477079,-117.47108180460911,-117.27676467670739,-116.95470118333516,-118.99034090039464,-116.44045211441797,-117.01763232461184,-114.5461551212244,-118.28069408539416,-117.13311251521759,-115.08710766446781,-118.06747765031241,-117.04989542179288,-117.86954841900253,-116.40142085759926,-118.16621347790249,-117.48206491438309,-116.88759071518693,-117.86106112033492,-116.68454336319806,-118.59659349766814,-117.58736398943495,-118.01547352305124,-118.19532656216866,-118.87322862324234,-117.51167015395492,-115.28969870367246,point1,-117.37364169323733,-117.48206491438309,-119.99792753647735,1.7730283157238704,0.7265457637491346,1.0581460031785705
HDOK,PLOK,17472,26,26,-130,-13,11,2,33,-114.01887847686113,-116.6719757116474,-118.89411230723856,-115.82375066208583,-118.55248917999276,-118.26161065489698,-118.12038440298409,-116.56043852354837,-116.89666940919047,-116.65189121829732,-119.03863242244813,-117.96352672052038,-117.04388376274684,-119.02294729918636,-116.21621728464925,-117.04994014525103,-117.24913400027447,-119.23744571041232,-117.47232244461269,-118.74213344711127,-119.65087025753611,-117.22612170427671,-116.61762190694402,-117.49522341541082,-118.72093897723367,-117.71290949614968,-115.88702105009249,-117.73933433670523,-118.45535529330915,-118.42870823387656,-118.03756643272457,-118.59653521339077,-115.57696853802958,point1,-117.56465329211017,-117.71290949614968,-119.65087025753611,1.5055483729718924,0.6735121069762044,0.5151265352683354
HDOK,PLOK,17472,26,26,-130,-13,11,2,33,-114.08375685981922,-117.94281403643777,-118.06432406758243,-116.96997969673721,-118.12225528759866,-117.32516784586998,-118.5778746339137,-117.48349653535081,-116.6326630206666,-116.55821810493651,-118.73076676288824,-118.3378230189109,-117.05091201829313,-117.34879997206139,-118.32235560239378,-117.7622604305879,-117.52770176875497,-117.32208399257773,-116.02820130680435,-115.52563813714768,-115.46455267400918,-117.1271530800513,-118.35917726854831,-118.58884982526816,-117.08039998583713,-117.3450617997324,-116.305803793637,-117.30005807998612,-116.80246785142732,-116.47232801489426,-116.88700827331738,-115.3936541309421,-117.04861032936316,point1,-117.14824903655597,-117.30005807998612,-118.73076676288824,1.0701853385435718,0.8162027017257568,0.9724299316979796
HDOK,PLOK,17472,26,26,-130,-13,11,2,33,-115.66486894415189,-118.35808274440608,-117.8920807942339,-119.2397065066916,-118.24497903234261,-117.9763797788789,-117.09428863177018,-117.33410802288421,-116.57628090859775,-117.95707654288059,-116.54231191796491,-118.24610165119931,-116.64064054684378,-116.99188210559237,-117.85256057706543,-115.4500205638471,-117.68516835020543,-116.88213211544787,-116.22269655745845,-119.19113301037542,-116.02488253173378,-116.31082499428899,-118.49453924626798,-115.9383418150209,-116.09950154447517,-117.19507254839198,-116.46493143242225,-116.42615416772641,-116.39362647990023,-117.85075423215754,-115.77244308801458,-116.8055499913705,-116.64766418905187,point1,-117.10505410798969,-116.88213211544787,-119.2397065066916,0.9913639331763746,-0.41169980321437366,-0.6837947089236538
HDOK,PLOK,17472,26,26,-130,-13,11,2,33,-115.81444650802169,-117.60968528968411,-117.52055018358847,-117.30436487730208,-117.0525680428566,-115.21333027267397,-117.34515561885465,-116.4925819354682,-118.03849847346335,-116.99162936296536,-118.80014709161566,-118.16923600735096,-116.33905821612372,-117.11661086849195,-116.95054197655152,-117.54682477225835,-117.2704940395598,-117.19882926292081,-118.86028128299996,-115.45905408385065,-117.21148904212963,-118.15875221016879,-116.27610741246718,-116.49735568078938,-117.38596975325447,-116.03885855091269,-116.83189796043202,-117.04771255784237,-117.77050955933012,-119.15671608479231,-116.84720563255853,-118.89629169755788,-117.51391388771493,point1,-117.23414146050155,-117.21148904212963,-119.15671608479231,0.8692465871466851,-0.04950054647251481,0.03703629443820855
HDOK,PLOK,17472,26,26,-130,-13,11,2,33,-115.9713159216397,-117.91136056328837,-118.94093176341117,-118.90848425659114,-117.8594966904636,-117.1859322296562,-117.25513643023932,-117.6897116975815,-118.49522142040969,-115.62813134826717,-117.83630998739208,-116.77564796674808,-116.88723235420208,-116.54654338455238,-119.04223426672,-116.75835652176288,-116.75037635322529,-117.17703425872769,-115.71418189776853,-116.0096506366521,-116.54252806474561,-117.11607402841379,-116.48420180774002,-116.79461773265673,-116.84526548047265,-115.94989903018873,-116.63431381213101,-117.45813973489737,-118.17999609697372,-117.76061111639389,-117.54120336829466,-117.90947541959224,-117.1963255114518,point1,-117.20472548949247,-117.17703425872769,-119.04223426672,0.8000829393310784,-0.29746745340717123,-0.3972211085537012
HDOK,PLOK,17472,26,26,-130,-13,11,2,33,-114.77553327454329,-119.56287046561613,-118.7188607490211,-120.05038966220508,-117.85762031476084,-116.8870592032559,-115.7147877198062,-116.47417893876734,-118.242865309528,-117.46762931385854,-117.15030898365828,-117.11226581005005,-117.0247197468842,-116.13940312316325,-116.43803731792364,-116.71142522642815,-117.80170033330849,-115.10193600564834,-116.80735053689587,-117.25720311788331,-117.26430087967458,-118.75355959075922,-117.2611184980203,-117.010288523691,-116.99739686743563,-118.15903400939345,-118.48244648044529,-117.05880122253619,-116.68057557814753,-117.38790593576286,-117.82969394008147,-116.4014437607783,-117.6770979531386,point1,-117.28060025433545,-117.15030898365828,-120.05038966220508,1.2017240122789226,-0.22542464525827338,0.8769596691015367
HDOK,PLOK,17472,26,26,-130,-13,11,2,33,-115.87748789707264,-117.61901198405188,-116.73427364243796,-118.64918136138645,-116.30858070831292,-116.42168647166112,-117.600658410293,-117.01012075845016,-116.57359697734331,-117.45791425287346,-118.21887967253656,-117.41765731221649,-117.37834427874279,-117.88405485969498,-118.08718178943275,-117.70555394040294,-115.79309885805651,-116.75640574447849,-117.99015371987163,-117.2318233552436,-115.88300910724291,-118.1993512274166,-117.77104842012211,-115.34724494425896,-115.39060061169538,-118.31897669151135,-117.5504277761842,-117.32496385629402,-118.77409074672303,-117.60102977168161,-117.11854581119766,-117.64906155580022,-117.74140958264906,point1,-117.2541038211314,-117.45791425287346,-118.77409074672303,0.7856589562513339,0.5812799373315006,-0.3250905563659616
HDOK,PLOK,17472,26,26,-130,-13,11,2,33,-114.16481733707786,-117.75289290462618,-117.01457607089682,-118.63560527010982,-118.41241592840767,-119.0021107745939,-117.16430465264816,-116.67498746455965,-116.42890576939776,-116.07084485803387,-116.06914239458463,-116.66229975399673,-116.4096565926252,-117.09664410099495,-117.59666434778448,-119.09688678491251,-117.42719535652066,-117.69411136883784,-116.54825847446658,-117.80019598931155,-117.86018782982957,-117.64272028141377,-116.91809053346483,-116.90295050361627,-118.40192484959175,-116.77458212578011,-117.83385055148817,-117.68872374865846,-116.86988085465502,-116.40461242064956,-118.67228691174778,-118.06046937792888,-115.85393060528017,point1,-117.26080990268156,-117.16430465264816,-119.09688678491251,1.0279484912309167,0.5295324418100738,1.206564470388622
HDOK,PLOK,17472,26,26,-130,-13,11,2,33,-113.54266606245555,-118.45189807905778,-119.18598659050967,-117.11242749724524,-116.38342964634685,-117.36426099832815,-118.08457339535734,-116.3937121357286,-115.7277819097213,-117.69969837845618,-116.40131859107854,-118.86899467212432,-116.98980308513181,-117.58084950252197,-118.36437754131792,-117.56682238755704,-115.52802274232847,-117.0578370234775,-116.92003839994534,-116.86071575598089,-116.73259453855465,-115.92052172590375,-117.4949354362229,-115.78289477716027,-117.72611234879231,-115.5823883033774,-118.21159161244155,-116.24169313694215,-116.90693669109936,-116.59159128080867,-116.02029353090055,-117.64814627236552,-115.34493906742568,point1,-116.91787433686865,-116.92003839994534,-119.18598659050967,1.3090870206671026,0.45214579569448105,0.9520603325873096
HDOK,PLOK,17472,26,26,-130,-13,11,2,33,-113.9548611942559,-118.55272535793371,-118.47715010095966,-118.07324772373035,-118.05965988836998,-117.20809713492622,-116.96303188776257,-118.18771946495391,-117.37886495047249,-117.00278933669985,-116.62293138386833,-117.56143516873315,-117.79935492021036,-118.73912994239495,-116.37128891227671,-117.87922643030687,-118.49476754657597,-117.73647597283406,-116.72185023756579,-115.31273458875421,-117.68560383880177,-118.07323475285267,-117.49543275159796,-117.00024470282449,-116.50575598114322,-115.76282593496107,-117.99419889561689,-116.94082624913523,-116.4349592164498,-115.73956280995235,-114.69301389222305,-116.57033944600533,-117.4604182889795,point1,-117.13496239103421,-117.37886495047249,-118.73912994239495,1.2239227442151266,0.9875362455106061,0.9401837298584623
HDOK,PLOK,17472,26,26,-130,-13,11,2,33,-117.41261914698866,-117.34866422120993,-116.79174572429142,-118.17344692095477,-117.72223472178001,-116.9317861626713,-117.05248323327248,-115.48494835040991,-117.93593821802686,-118.94261630337886,-116.68502540068249,-116.94744945020423,-118.16860132546968,-118.37537934591808,-116.53930203064395,-116.29818813172444,-116.51272841768285,-117.04160852989887,-117.38141778249873,-116.66613382897057,-116.0134997904814,-117.50328664914295,-118.73134522499275,-119.17692909114878,-116.78870652899917,-115.2265499010408,-116.274708665078,-115.77222684658975,-117.46676485952658,-116.65771497175777,-117.959615285717,-115.70855846381053,-115.58387680344336,point1,-117.06897273722444,-116.94744945020423,-119.17692909114878,0.9910578609694302,-0.20677544955168997,-0.47973880167257654
HDOK,PLOK,17472,26,26,-130,-13,11,2,33,-115.96353100843966,-118.23443012350424,-118.81623925109383,-117.26326322152204,-117.58013640601234,-118.42872618597174,-117.18762133136612,-118.37213321979192,-116.2337836330631,-117.14203104327066,-116.7606441215459,-115.32723104405679,-116.36674252661798,-117.14409806059814,-117.74519052556657,-118.1811213141262,-117.52854150359784,-118.2287031421207,-116.90216690637084,-117.50574664364633,-116.34198116192059,-115.76785911715712,-118.19275485424286,-115.68396634427096,-115.71230983358788,-117.00104369366001,-116.11580538278173,-115.96181194986191,-116.08650800368406,-119.34021315975244,-115.87990091104622,-116.26515071727401,-116.28230164339472,point1,-117.01647539348237,-117.00104369366001,-119.34021315975244,1.0723188665950651,-0.3641323642127579,-0.8624374275176838
HDOK,PLOK,17472,26,26,-130,-13,11,2,33,-114.26320095737032,-119.33976840145411,-117.7684056986792,-116.73022605317833,-118.77111524004627,-118.08239029916447,-117.58652755232355,-117.8555701137244,-118.29168504890147,-117.40933386858016,-117.03806259564817,-117.3528897391797,-116.55007759910134,-117.44562749115093,-118.0471687024108,-117.47812281890651,-116.8597839917639,-118.87400355869983,-118.10256032265866,-115.62398028449726,-117.69779541667404,-117.8263242236921,-119.00178348470853,-117.34256164639734,-117.71626754474879,-116.28509779639518,-117.21839735804105,-117.27999427897156,-118.16739550790793,-117.74367188007501,-117.22299587983323,-118.31497283071702,-115.74529507307126,point1,-117.48585009874766,-117.58652755232355,-119.33976840145411,1.008024966053282,0.9957660839115414,2.191646025431005
HDOK,PLOK,17472,26,26,-130,-13,11,2,33,-114.91421021729204,-117.70322606265897,-117.34552882853919,-118.72591892282495,-118.78651106237716,-118.38708957990987,-116.54200478567795,-116.69920458676664,-116.8472246248047,-117.41180226609154,-117.01039306309129,-118.11623021437511,-117.91169153598173,-117.5632275181423,-117.57777231829375,-116.29580744892634,-116.21812440578844,-116.42212286099662,-117.9064964749856,-118.32266714381795,-116.86803374533048,-116.2063739434798,-116.59227410363677,-118.20147183499142,-117.97604548740136,-116.28880580836656,-116.02989408481893,-117.85239314749606,-115.63093019888505,-115.56017699172642,-116.03643824419382,-117.11150423358653,-116.22583187658245,point1,-117.06931598854055,-117.01039306309129,-118.78651106237716,0.9395442558525524,0.09059771570451747,-0.777362307501221
HDOK,PLOK,17472,26,26,-130,-13,11,2,33,-114.7664577328703,-118.46553598438882,-116.80896965947086,-117.0887912037167,-120.18999693966815,-117.26881281888127,-118.08028322994949,-116.60245569938809,-117.21085734211435,-117.51741071531268,-117.88161101714175,-117.68913763979026,-118.67335287698107,-117.31172734750257,-118.20852129796043,-118.90326634408741,-116.6000166701384,-116.7516633759122,-117.49682329917194,-118.3721243222081,-118.36545245027492,-116.77464737137795,-116.32398427622745,-116.1406536079342,-116.07129213450052,-116.64168902653428,-118.04709307137233,-117.58395183077454,-116.82003587400726,-117.51222010944207,-115.44174465694005,-116.2149328928782,-115.39979310523196,point1,-117.2492516946712,-117.26881281888127,-120.18999693966815,1.213296695496745,-0.14842357101864823,0.5505750767299924
HDOK,PLOK,17472,26,26,-130,-13,11,2,33,-114.21969039242298,-118.3429926648828,-118.58880929570483,-117.25593173540268,-117.76276074207986,-118.20328877393283,-116.86871787797983,-118.3119658719673,-117.48095541652303,-117.37885573884131,-117.51880032339191,-115.57526188420655,-118.87192620634899,-118.3678585056694,-118.4945718589367,-117.80292280435282,-118.14089946139265,-115.07120602848849,-117.88441257453354,-117.72201511953375,-115.41830295129746,-117.13155255243693,-117.12865849360678,-116.69180924419909,-116.75525896453846,-117.53231146727789,-114.99991251873497,-115.78104407932331,-117.57118346397921,-117.8581536666707,-117.21007463024448,-117.29222621338336,-116.47891241170332,point1,-117.20343163436328,-117.48095541652303,-118.87192620634899,1.2637189526749608,0.9729131214697693,0.4026707096587998
HDOK,PLOK,17472,26,26,-130,-13,11,2,33,-114.06487926903718,-118.84978776409588,-118.4598043227091,-118.22956983866423,-119.50941793788661,-116.89088733023902,-118.74668199568282,-115.59012570880844,-116.99929393750733,-118.57286972996157,-116.07577848125793,-117.36774957516761,-116.13967584197962,-117.38509016047772,-116.28887835973349,-116.25678727854735,-116.4689972765684,-117.6349206630475,-116.14911929638981,-116.76457365477555,-118.14845716275991,-118.2336814860704,-116.92644067867171,-116.17645380012866,-118.03935821567092,-117.09298282467724,-117.9076077451589,-119.58209448344407,-117.35674991052913,-116.54358798489068,-117.64682833439475,-116.13727283611041,-115.9200372764199,point1,-117.21686185337767,-117.09298282467724,-119.58209448344407,1.4278388015135153,0.09555663767194453,0.14813070237768677
HDOK,PLOK,17472,26,26,-130,-13,11,2,33,-116.02705569682715,-117.7162471912363,-119.3267326032336,-116.77182321245905,-115.78035000416737,-116.98581578475827,-116.67875863948649,-114.12742858463464,-119.21902539127737,-117.58235585528472,-117.72602243656841,-117.36797952007322,-117.19615243368287,-118.09379993635818,-117.24567406182257,-118.14008888751994,-119.2461075088549,-117.52690499913606,-118.33021284348978,-118.37973021628727,-116.75088821329233,-118.36243224911613,-119.4846160889916,-116.0749396800109,-117.75485832644978,-117.20382737199712,-115.16119471294205,-117.12084294784631,-115.08245983891256,-116.25289885074935,-115.68376941726416,-117.61511372480703,-117.61178351204099,point1,-117.26145123459331,-117.36797952007322,-119.4846160889916,1.566771288470449,0.3537392667530418,0.06889635122983861
HDOK,PLOK,17472,26,26,-130,-13,11,2,33,-113.90199262046033,-119.43708151969487,-118.57752713562725,-115.5286030341115,-119.15605033016367,-118.8229124130711,-117.73054310597662,-116.796939137152,-118.49117353958472,-118.6881451969253,-119.02656966669181,-119.15486091748026,-115.63221728934913,-116.59057804128409,-116.59051345677709,-116.79012110129634,-117.81540483395582,-115.87085153195802,-115.73688096477645,-119.08728390319213,-117.14335563501764,-117.16686828673792,-116.83484100882916,-118.10297050341312,-117.57931800979222,-118.35061055637621,-116.02828449252353,-117.16323832365607,-117.53624348073419,-116.85274526210063,-117.02535655249838,-117.19636492560983,-117.59026260371846,point1,-117.39383967819806,-117.19636492560983,-119.43708151969487,1.5971001646084928,0.45576039433310594,0.19437987656217448
HDOK,PLOK,17472,26,26,-130,-13,11,2,33,-114.68689450049067,-116.79960306392381,-118.9625676199622,-117.19951372009427,-117.03469343221548,-117.92075507702971,-116.70680580092251,-117.44747528654425,-117.25735428284035,-116.96800770521772,-114.98753157818143,-118.53116150605413,-116.58751281992392,-118.07504059878322,-119.09418962426378,-118.71102726098975,-118.34566970758065,-117.1475841514779,-117.6185169104873,-117.62587194368207,-118.01942297637028,-117.11687527168982,-117.6180297550164,-118.61075155450783,-118.29506563089973,-117.28274653212505,-118.3729238727778,-117.313447327978,-117.06270018180246,-116.8163155205297,-115.47341819326894,-117.79966082685178,-116.87286873367215,point1,-117.40490918085318,-117.313447327978,-119.09418962426378,1.0153949168807033,0.8036806710689635,1.0685326219616456
HDOK,PLOK,17472,26,26,-130,-13,11,2,33,-112.92007404633637,-116.54971558656138,-118.83123891382753,-117.41363306970209,-117.34812511561007,-116.68805680712255,-117.89222197232564,-116.52650879679827,-116.78678584306132,-116.15890863819544,-115.04529421459654,-118.2034999788178,-117.61816467927126,-115.59047210371553,-116.18126470292597,-118.38663011377326,-118.14546182360648,-116.13519557436376,-116.31800754227007,-116.51368247025576,-118.73184597261617,-116.87656162858171,-117.94614387277238,-116.2293826222798,-116.25548079267068,-116.09978128367223,-117.01834422319992,-116.81112163358459,-117.94216372136093,-116.04966610282548,-117.12809634176229,-118.99830041373454,-117.29741728343916,point1,-116.92840145107992,-116.81112163358459,-118.99830041373454,1.4236836118796221,0.8416383806568662,2.4937841780393666
HDOK,PLOK,17472,26,26,-130,-13,11,2,33,-116.06294164693567,-118.02753263948703,-118.90027413849266,-118.56769546172389,-116.61136597559216,-118.26610035281165,-116.774237411176,-117.78499798500282,-115.95351395846706,-116.36112490758903,-115.49203993175523,-115.70076961149982,-116.90559142809626,-117.68459711214727,-114.91859802448258,-116.44742939623903,-115.74300342395374,-117.86528404560708,-117.34486864811242,-118.08156636532686,-117.59640663742026,-117.16251337751817,-116.96048512678368,-115.82701003012042,-117.25038642468543,-116.71248733813754,-118.22879755011573,-116.64977576382736,-118.1843594929666,-115.62235092597388,-118.30626716786469,-116.17899363390706,-116.68526555833343,point1,-116.99571610582281,-116.90559142809626,-118.90027413849266,1.0284459553951666,0.029626882136667594,-0.9537183957284645
HDOK,PLOK,17472,26,26,-130,-13,11,2,33,-114.15364267492,-119.55438947095266,-118.53550918435006,-118.97377491941377,-119.38763167850084,-118.89964888625502,-118.032937109846,-116.91609685828226,-116.17822933227616,-117.48628073825611,-118.77229896050143,-119.70933080527604,-116.14080893668978,-116.48414091623935,-115.9260143128472,-117.42356855465133,-117.50448401856295,-118.67890586358537,-115.23034680410034,-118.76464420464443,-118.75585536768699,-116.37037684804167,-118.7890127785793,-116.54192276809025,-116.0233572222566,-115.69349104414809,-116.99755701217073,-116.71703729647773,-117.10489584861897,-117.1844908531307,-117.83644501678005,-116.0094744587197,-117.1448253500244,point1,-117.39155836651142,-117.1844908531307,-119.70933080527604,1.8373045090253939,0.14784660242745193,-0.6126318632810377
HDOK,PLOK,17472,26,26,-130,-13,11,2,33,-114.76440007930542,-118.32763716572522,-117.78379126767732,-119.23991036985282,-117.17518742210831,-116.73210792646495,-117.02265702249109,-117.11149605490237,-117.49495392388003,-117.18357253232166,-118.06603127715742,-116.66174865675737,-118.4087209956002,-116.48470013676219,-118.0834729127932,-116.82024626244393,-115.06151977030562,-119.64689006424159,-116.04479143649694,-119.32354773191457,-116.57863210964217,-117.19024743788415,-117.23585288614942,-118.34889456896742,-116.77530936938402,-117.22279444623628,-116.5153375298925,-117.78023530161998,-115.92437565564741,-118.55104520086144,-116.46384834616978,-117.53787686724507,-117.4807474116163,point1,-117.30432061031873,-117.19024743788415,-119.64689006424159,1.1792534589899615,0.001648003909205389,0.33912694495835094
HDOK,PLOK,17472,26,26,-130,-13,11,2,33,-114.7687501691979,-118.18123704904346,-119.12554665546953,-117.83480412487049,-117.8732261995502,-117.56132356162357,-116.38392173380088,-119.68788857842812,-117.01275658650849,-117.92631854995663,-116.70518198834466,-116.4607841934437,-118.07514089163041,-116.47389672956743,-117.38667858656319,-118.4277920551951,-117.76562572120072,-117.05832593633593,-117.05132024035164,-116.51548069101489,-116.35590806162378,-117.54594318196025,-116.99750876569534,-117.34536075515625,-119.94349787429684,-117.28930915259923,-117.39714066999248,-117.0159774001837,-116.10020494093442,-117.79752593882166,-116.83060200981714,-116.97248352229934,-117.0299181253819,point1,-117.36052668608666,-117.28930915259923,-119.94349787429684,0.9963332451184471,-0.44587611896985696,1.6099667881108481
HDOK,PLOK,17472,26,26,-130,-13,11,2,33,-114.17145277948681,-118.59208330558036,-118.07109557997617,-116.80754067340149,-116.50154830979882,-117.01832211305403,-117.42776423120071,-118.23009569525448,-118.72889328192944,-119.3430271022216,-118.37128953685878,-118.37059121580687,-116.0609314836332,-118.88379708586592,-116.97231792890027,-116.85252784229165,-116.30753611409806,-118.16231102886447,-117.016226050453,-117.1832087171999,-118.43167573125027,-117.6828628485561,-116.53633816569807,-118.60999684844394,-117.90472361089158,-116.25702252803727,-118.47317336676592,-115.9640930095191,-116.2440017240125,-117.95512644215647,-117.47178383685598,-118.20069186860164,-117.89144239454114,point1,-117.4756209833699,-117.6828628485561,-119.3430271022216,1.1707369845083162,0.7830383114447516,0.9107359627395186
HDOK,PLOK,17472,26,26,-130,-13,11,2,33,-114.79385350716355,-119.07737068022546,-118.8880313086219,-117.3541994625042,-117.57238971729242,-116.49680288601176,-116.90564239522512,-118.00869590626303,-117.11466254415494,-114.87130162395893,-115.95117633071926,-118.04781700695229,-116.9290874780713,-115.73971678971529,-118.09051490829063,-116.9682307724115,-117.6763942291367,-119.22157643732616,-116.25442464017854,-116.95599883898008,-116.53399008036433,-116.86865843645913,-116.892428107067,-117.5351211898656,-118.37856796697123,-115.32127164336706,-115.42021001901719,-115.87108665954626,-116.819176936604,-116.66519622401938,-116.74091995684756,-118.04973670349482,-119.43929701141523,point1,-117.0743499514619,-116.9290874780713,-119.43929701141523,1.3957378861994898,-0.08616920541965493,-0.36756502036623884
HDOK,PLOK,17472,26,26,-130,-13,11,2,33,-115.69851402304516,-119.08061511098735,-119.43588271660938,-117.16898373702602,-117.17215961216104,-117.66919611527486,-117.84750709445531,-117.46806308841693,-115.91280003021343,-116.69345067977576,-118.73577804171961,-119.50726529277254,-117.51470596047189,-117.15507711523423,-115.96728895761524,-118.06281873328602,-117.20672145744604,-118.24235566016148,-116.63373787190329,-117.40848667375741,-117.86454918995972,-117.09462072278966,-118.82754334594036,-116.5787297451879,-117.91501015987419,-117.15462205933548,-119.06447322639443,-117.30522080384183,-115.70593209852245,-116.12349409444975,-117.84684976729176,-115.95296613918363,-117.43394054809959,point1,-117.43785939009709,-117.40848667375741,-119.50726529277254,1.0895516741845102,-0.19865863621792326,-0.5189406154288068
HDOK,PLOK,17472,26,26,-130,-13,11,2,33,-116.37031606293283,-118.38117004755735,-119.00989270682217,-119.3442723108934,-117.89671686735015,-119.05602700124648,-117.56889406928435,-116.78726282564939,-118.12922378640253,-117.89798956099409,-116.93426924512586,-117.57524114513376,-118.15657423585178,-116.81953786909345,-116.83937748810344,-116.27461399262846,-116.4453506245375,-117.06845412826945,-117.89521646270481,-118.43822516259878,-117.6631544588235,-116.21934248502586,-118.26371039979463,-116.0005649525521,-115.98447143983401,-116.39044566210646,-116.08996606118103,-116.63582631779357,-116.97254519589848,-117.15689804945468,-116.38754448364331,-118.07331303687504,-115.50023669052885,point1,-117.27959529777856,-117.06845412826945,-119.3442723108934,0.9694413771833817,-0.29444909503984185,-0.819167379907046
HDOK,PLOK,17472,26,26,-130,-13,11,2,33,-113.24794499882998,-116.79562755689419,-117.95824243501154,-118.67359038245255,-119.22826943370004,-117.87102982492132,-117.00424971594335,-117.33669525029838,-116.14303815227204,-117.41413810472777,-118.89684800432566,-115.57982447637286,-116.01090828532175,-117.49364717800036,-116.36774249390915,-116.81265327240888,-116.53059367124203,-118.84516261346988,-115.83876078832006,-117.44156852797421,-116.75123825090036,-116.61497949051117,-116.37612753183424,-117.63787815655593,-116.94839476716594,-115.45089904959222,-116.60757767385469,-115.10792248172892,-116.56203116774819,-117.45265970066436,-117.62547655485854,-117.05220283666254,-114.7065433311863,point1,-116.8601353381715,-116.81265327240888,-119.22826943370004,1.5021146174895987,0.5181972308470183,1.230930921207602
HDOK,PLOK,17472,26,26,-130,-13,11,2,33,-114.80633275084514,-117.27754832010903,-117.7863374552969,-118.60790184928703,-117.77377155525751,-116.59134625369235,-115.97383884275334,-114.66054133767396,-116.04975511647072,-116.93794230488444,-117.54619924334486,-115.31743659098916,-117.7443034874239,-117.73818501035012,-118.87408652639056,-117.10909445247623,-117.08534771202494,-116.27101078520441,-116.62756640715773,-119.81546000536363,-116.92705936698019,-115.22601931805293,-118.09435656444624,-118.839429479392,-117.21927050274246,-117.35871109771493,-117.71104192903945,-117.04436195906716,-116.87710614399381,-117.64001227758553,-118.47686149081794,-116.84548735182231,-117.37153768734949,point1,-117.15834124775759,-117.21927050274246,-119.81546000536363,1.3032185111019106,0.2183437528520485,0.34267765454508137
HDOK,PLOK,17472,26,26,-130,-13,11,2,33,-114.35783872541873,-117.87742913248967,-119.90112855275218,-116.33094766745803,-117.11949521087794,-117.52669989540225,-115.80808357226542,-118.76182365767735,-118.66905562739431,-116.69106904501912,-118.38763071851325,-118.36796813531264,-116.54547926214597,-116.65256881046922,-117.84536670384922,-117.65040644533221,-116.17600950773391,-117.69494922224747,-117.71812026515647,-116.74744730544607,-118.32158802069156,-116.94525549660712,-116.8487313985328,-118.26612366071033,-117.16366715253037,-117.16916215783414,-116.06397589924273,-118.69184565563594,-115.72537509819642,-115.52508370734417,-117.77863411405897,-117.39581823440494,-117.54167680092299,point1,-117.28080166241438,-117.39581823440494,-119.90112855275218,1.2345350862941291,0.23789338859137305,0.494777259915133
HDOK,PLOK,17472,26,26,-130,-13,11,2,33,-114.88320488720957,-120.09559075218858,-118.97212260040614,-118.67014551058112,-117.09146234578266,-118.65567182931801,-117.2947528093325,-117.46460043219818,-119.40307296332901,-116.63590379843791,-118.0288086222547,-117.06503051324655,-117.47207379391763,-116.73032317846099,-118.46870546678548,-117.03301284699289,-117.78749644720905,-117.65348315621985,-117.25057001171723,-117.57925403140288,-118.05992336498065,-116.52692269775916,-118.10736934713256,-116.61353564343084,-115.7403828797599,-113.9398397823406,-116.30246861786149,-117.84754067414644,-116.47819374006068,-117.2865456628658,-116.88058820298207,-115.92609283154671,-118.52638775578212,point1,-117.34760839992848,-117.2947528093325,-120.09559075218858,1.4971841764435851,0.3882396050028876,1.0892337838693327
HDOK,PLOK,17472,26,26,-130,-13,11,2,33,-115.77497685416503,-117.66471604812575,-118.62130103307288,-121.71841255044376,-118.42413332032274,-118.65948390088987,-117.17221463335629,-116.95817824352338,-118.02176543921364,-118.1150031398963,-117.33538851221627,-117.95102780598559,-117.48497971306732,-117.02283586865549,-118.47299862261308,-118.83941470935511,-118.44220453304183,-117.47203194788409,-117.9307301514406,-118.57093887823837,-118.59279839623204,-116.77227319189154,-116.63796796375368,-117.44768935748259,-116.93782942368281,-116.89304280415332,-116.98407053962029,-115.84453349990083,-116.36194425801104,-117.97971022997645,-116.29534882461124,-114.9929430899964,-118.17749218362216,point1,-117.59304180813459,-117.48497971306732,-121.71841255044376,1.403671991805414,-0.8215852902040852,3.3812943437867893
HDOK,PLOK,17472,26,26,-130,-13,11,2,33,-116.01900170617378,-117.70030002917376,-119.62229681030705,-116.94411390716913,-118.06998051266086,-118.6846192280038,-116.1274252812485,-116.8207243453836,-118.26326291323393,-116.98392588962575,-117.5337902046023,-116.71677114599525,-116.57950583163972,-116.21061216287876,-117.83644867310475,-117.14147014402069,-117.30007917657768,-115.22062603483575,-117.45136515741996,-116.33795376501024,-117.21281650108945,-116.56485150111544,-116.02830088882439,-116.57488487741652,-117.210066137516,-116.33865595335743,-116.52105870982321,-118.56177585189651,-116.51694599174246,-116.94326803433285,-117.63581605022819,-116.0243575872026,-115.98154180212217,point1,-117.02056402441615,-116.94326803433285,-119.62229681030705,0.8367689503522526,-0.7443771687992762,0.7482737904394994
HDOK,PLOK,17472,26,26,-130,-13,11,2,33,-115.19007948554702,-117.64897557926462,-116.50125780754985,-119.74740571483058,-118.40241429163541,-117.33209678655452,-118.55254789406794,-117.74650827796566,-117.86522156525471,-118.16493836385797,-117.12506872335109,-117.97372718510512,-115.0272533595346,-116.5527692524491,-116.54380219687424,-117.22084278196304,-118.00361010750831,-118.19634900588619,-116.964961640675,-116.59594252673472,-116.45575284206448,-116.6947745061972,-115.0842807293862,-116.04677093650977,-116.0679780595305,-115.02105561795669,-115.46575543330673,-116.80266333608544,-119.74074824368205,-117.19014167360285,-115.73791864206127,-117.08093943949001,-117.16632044425889,point1,-117.02760219547703,-117.08093943949001,-119.74740571483058,1.4501601185000563,-0.2588835633063366,-0.05357701986974561
HDOK,PLOK,17472,26,26,-130,-13,11,2,33,-113.76845388632616,-119.14989420203497,-119.00183523586368,-119.27306217321986,-114.41400150875377,-118.08902114929457,-117.05999325775032,-116.79745788898647,-116.88381584051899,-117.59694089775397,-117.12371930608914,-115.18798996897843,-117.86900058062629,-117.21692844477538,-118.06777065047325,-117.8878323073117,-118.09053601458464,-117.12192786568956,-117.99001902383006,-117.93676537147604,-116.25537911211202,-118.03096956707468,-119.38067459499511,-115.85105982278091,-114.76315195742885,-117.62483870666314,-117.5827009223855,-117.0853272935768,-115.22994429594755,-116.94925546997202,-117.99922996836005,-117.42139355678258,-117.9415195715497,point1,-117.23158819436262,-117.5827009223855,-119.38067459499511,1.7997586438777928,0.8356607907054572,0.5024164831528308
HDOK,PLOK,17472,26,26,-130,-13,11,2,33,-114.13273995577278,-118.99989183328768,-117.55956610964311,-117.18547533980423,-118.08441934863596,-116.8629275840229,-116.53696880772533,-116.66507134312492,-117.82158312181055,-116.33110260553158,-116.28046764876939,-117.35237355641007,-117.62614363537116,-118.16318467925399,-116.16420229736578,-115.93086288865607,-118.24720922574035,-116.52940059967929,-115.96720287658779,-114.78032485882149,-116.71091156293392,-116.9411799901506,-115.50423523765329,-115.9216573288447,-117.09698859046307,-116.51347862958036,-115.9171286224675,-115.11518943138742,-116.92276434668987,-117.86573090708217,-116.353856101073,-116.46319056700634,-118.79145818561241,point1,-116.7678450853624,-116.66507134312492,-118.99989183328768,1.1685295363559018,0.10008872576862098,0.14979198162765384
HDOK,PLOK,17472,26,26,-130,-13,11,2,33,-113.33132284649153,-117.30128367800903,-118.38809007165692,-118.44073175372353,-117.71587596066914,-117.46106440779242,-117.33786102186997,-117.36740818839058,-117.40826687275593,-116.85494246195198,-115.403108275359,-114.43754488016062,-117.56062349421407,-117.56284846041376,-115.61850454770749,-116.62832150550194,-117.11034733324838,-117.33539284345581,-116.1610989468114,-118.245895237906,-116.21470894190266,-118.57587595675326,-115.40670952952854,-115.01305055730695,-118.21808743211866,-117.39339092499637,-118.49657513874135,-118.11829406092818,-117.42211145486621,-117.26073459174295,-115.89804522755543,-118.12528118987017,-116.93140980302063,point1,-116.99226689689156,-117.33786102186997,-118.57587595675326,1.5252711738807623,1.1030034362127465,1.030550847805205
HDOK,PLOK,17472,27,27,-129,-13,11,2,33,-116.99730749456008,-117.08681546708758,-114.81982759179849,-115.15722503944093,-117.24839605435862,-117.13976968233332,-117.07753389438425,-118.82525519923111,-117.82319439195822,-116.15772182073916,-116.96580647929554,-115.30563498740298,-119.19318984930617,-118.65863917146305,-117.12967067529082,-116.48877692624166,-116.6902097906734,-117.329150585,-118.00094609187566,-117.87890996413054,-118.54306069164033,-117.27188965129204,-118.23972221449438,-117.61169539887038,-117.95965571434596,-118.43102258146462,-117.50249824062534,-116.56185747073161,-117.48047792825119,-116.17213502433036,-116.6938424275434,-117.33478278923027,-117.23075301960179,point1,-117.2426477063331,-117.24839605435862,-119.19318984930617,0.9898195874052504,0.44367773161019153,0.40169336404412004
HDOK,PLOK,17472,27,27,-129,-13,11,2,33,-116.9452752224967,-116.58896206847645,-114.77126109385709,-117.46157063113448,-116.1364726588901,-117.60621269264438,-114.77666729036113,-117.63747498413036,-117.13638603956312,-117.06198523970906,-114.56272287518479,-115.7472669180113,-115.80018148946931,-116.09389971136477,-116.67924684330843,-117.1292153461779,-116.01872577521526,-117.39399998094078,-115.97632164284857,-116.59608144800411,-116.57395989602443,-116.59388251098567,-116.19281979158318,-116.88244289284161,-115.54354012096591,-115.24296064361278,-116.24212253502795,-115.36190910929567,-117.9677594676108,-117.48359159549658,-115.91553118194524,-118.12109572162286,-117.93948055143846,point1,-116.49033412031028,-116.58896206847645,-118.12109572162286,0.8923755354792253,0.21852174011136477,-0.6590066438208368
HDOK,PLOK,17472,27,27,-129,-13,11,2,33,-117.39889635717724,-117.96440701102541,-115.21167606324012,-115.10475658757625,-116.01394223531513,-115.27214868257512,-115.92387055751468,-116.70543598434571,-115.89259831848261,-117.00691997458017,-117.43153680529898,-116.31065007641328,-116.00922310562146,-118.11551442188681,-115.32870180368253,-117.90855487239969,-115.7867642804947,-118.049738039255,-116.35206194741646,-115.99132228170717,-114.80190463867112,-118.8651424489503,-117.11017537667723,-118.00236447425551,-115.8724759048236,-117.36472789659767,-117.68080103800598,-116.67861910571466,-117.70908413169025,-117.12231973852565,-116.10489949572185,-117.60287393206573,-116.77302445741921,point1,-116.71112521348871,-116.70543598434571,-118.8651424489503,1.0637586159698975,-0.024587579775721326,-0.9504212741761773
HDOK,PLOK,17472,27,27,-129,-13,11,2,33,-116.1435996683278,-116.86756745062196,-114.71883725872596,-117.0589413059112,-115.93396300122599,-116.52513743310011,-118.36039186180764,-116.94887525478067,-116.35984485833417,-116.44453633523327,-116.14196937136467,-115.16964018248993,-115.18093385103599,-117.75691177997228,-117.29410529257046,-115.84144196261504,-117.17040524000815,-117.83966505827146,-115.48584429937664,-116.45262347138917,-116.26770757709356,-116.52054318029538,-117.04430236998412,-115.93349868972723,-116.41614958977357,-116.90894711237623,-116.78613386366666,-116.51330576343757,-115.91925547939756,-117.67675149005873,-119.3173354093538,-116.52623490077366,-118.94652354766058,point1,-116.68096739123517,-116.52054318029538,-119.3173354093538,0.9940335581362811,-0.6581643222108982,0.8514835560202303
HDOK,PLOK,17472,27,27,-129,-13,11,2,33,-116.85868470242667,-115.51202608313918,-117.94265307212126,-116.12253299015526,-116.21341667948218,-114.66770660309925,-116.03117481173811,-118.2807812851389,-115.5403548415185,-115.92214166256986,-117.95233187590502,-114.62015758407973,-116.00079929337018,-116.30678904027917,-117.59755391104787,-117.302228590114,-116.72040118367984,-117.5441203198324,-116.82527014022506,-120.22685761855871,-116.0462667224674,-115.634570667839,-115.60328512703344,-117.15868971545986,-115.9559685900667,-117.05264935446667,-116.16640940298198,-116.83676984536173,-116.48173820846293,-115.79969805903885,-116.16294438917183,-118.26606650826909,-116.64470448235677,point1,-116.60599222307448,-116.30678904027917,-120.22685761855871,1.2338793194576338,-0.9820440498824023,2.088813189906958
HDOK,PLOK,17472,27,27,-129,-13,11,2,33,-117.8379662412111,-116.28171135548196,-116.01764556430497,-116.85883355245826,-117.28535275384195,-116.27582278171101,-118.05366553555993,-116.57933254433208,-117.22036963144191,-118.73262370114628,-117.33168632418413,-117.27683417911135,-118.70772832804897,-116.80062930693826,-116.37548990741347,-116.62590416771697,-118.44991117418407,-118.31684733741722,-117.73446868905336,-118.37231281911943,-118.06391819351221,-117.2014149479085,-116.2602654786407,-116.83581829614101,-117.63309803349676,-118.62604322515497,-115.52894369267828,-115.06666618366265,-117.9949493432182,-115.20365731151591,-116.78084484720327,-116.30065812214951,-115.99495828008426,point1,-117.10989005606191,-117.2014149479085,-118.73262370114628,1.0041552062506973,0.12427800040938175,-0.7866318557499437
HDOK,PLOK,17472,27,27,-129,-13,11,2,33,-117.51071015659979,-117.10232525186214,-115.69640249131069,-115.3451618699328,-117.97923820580058,-116.54689640345501,-118.16942553494961,-116.50287820899288,-117.1592678300585,-117.34629210928635,-115.7700722411493,-116.28154521817096,-116.62546582306369,-117.2164833833827,-117.69899518454191,-117.21123157464606,-116.86576472365967,-116.5416839300506,-116.98979146209102,-118.12536478256668,-117.7524720599333,-116.42232880173785,-117.0050315696465,-116.25416005425572,-115.61934098173488,-116.76652802627918,-116.12461220212333,-116.05121999942958,-116.31844078840473,-116.13955962301648,-118.06258642165616,-115.51014120202777,-118.98601685386225,point1,-116.83931621120236,-116.76652802627918,-118.98601685386225,0.7456521608856651,-0.37389772700733087,-0.2959257240475255
HDOK,PLOK,17472,27,27,-129,-13,11,2,33,-117.22644083229414,-116.55955069008625,-116.86525196318979,-114.60500362653939,-115.05989344687828,-118.12930092338799,-115.08185427411308,-116.91428004918025,-116.82532337028562,-116.53245687627022,-117.55212342791658,-117.33858843320336,-116.52676804396646,-116.50208076208864,-117.25058913667499,-116.99498160065397,-116.87595451195737,-116.34642987972734,-116.90038096224434,-115.70065111815718,-117.44742243840682,-116.71648510281824,-117.27546948173001,-116.19196599192875,-118.49563006802549,-115.66242443860362,-117.11382239030851,-117.56430339155615,-116.41042633138385,-119.7645091845698,-117.56173470848478,-118.23798475184711,-117.46685947334309,point1,-116.89990732369156,-116.90038096224434,-119.7645091845698,1.0049043613365791,-0.1406259209023375,1.4422652864544259
HDOK,PLOK,17472,27,27,-129,-13,11,2,33,-117.90755368600414,-118.13309095144494,-116.3046008381638,-116.080523605709,-118.19904101516165,-114.79697103606344,-116.96998761383414,-118.80733368474239,-117.57056161518918,-117.81606051807306,-117.69627224576901,-116.36402595587441,-118.24264104455912,-117.30754206755151,-117.33735801128364,-116.74693076025281,-118.43058274886553,-116.21202247676526,-117.59379515076826,-116.08251536250113,-117.75903167340333,-115.60948588290476,-118.19758483132132,-117.46923593367762,-116.35231649075702,-117.04584995726854,-117.83823055252303,-116.7151984221613,-117.79010398577054,-118.53388254382195,-118.74066253674981,-116.88630070547454,-117.0054029564645,point1,-117.28917263214773,-117.46923593367762,-118.80733368474239,0.8843628888811847,0.5422898175251415,-0.04684036206491138
HDOK,PLOK,17472,27,27,-129,-13,11,2,33,-116.77493960795246,-116.63589353404592,-116.87652027160216,-117.91258946281225,-117.40760037004446,-117.85460035198422,-116.90656545529598,-117.88319876360471,-116.18867942736783,-119.56430369855046,-117.00305256741837,-116.15985515161194,-117.52744103440509,-115.60057556752876,-116.50565504705581,-117.07635931012307,-115.57874475518841,-116.57430904623534,-118.07628801434221,-118.61373220021554,-116.08004950745689,-117.81987891261164,-117.08001645689534,-115.87785490161963,-116.30786071042469,-117.37519907990419,-116.27980181565559,-115.99866400852073,-117.96276676446337,-116.97875378378177,-118.03790567214863,-115.78091073084745,-116.31709451737903,point1,-116.98841395451802,-116.90656545529598,-119.56430369855046,0.8480250881159423,-0.6165305234471872,0.22966177340740623
HDOK,PLOK,17472,27,27,-129,-13,11,2,33,-118.58623974855178,-116.64942888460895,-116.87059996799755,-114.90317373637303,-116.02346002715709,-115.90338610231586,-115.79821148010367,-117.82577856123035,-116.82847288410491,-117.4645502084268,-115.88683768060665,-116.9974512263161,-117.59258174372721,-117.43575716686435,-116.70863087461588,-117.57511214141275,-118.30645372269774,-116.93596593675345,-116.92018781791941,-117.13079896507377,-116.59150850232126,-118.26053968376546,-116.46008893402022,-117.73212153630679,-117.38474996841654,-117.40803980610153,-118.03079221420589,-117.1809397345322,-117.35855316539755,-118.51606763765365,-116.74122159832761,-115.74746931828777,-117.62560920621448,point1,-117.07214485401235,-117.13079896507377,-118.58623974855178,0.7207851911474789,0.3770496999414048,0.022074317250078135
HDOK,PLOK,17472,27,27,-129,-13,11,2,33,-117.0254442389048,-117.27453251839614,-117.5879962020021,-115.94424678092032,-113.79133851369943,-116.76489365332395,-117.25313400424979,-118.0354393326219,-115.55002626390083,-116.75272892227886,-116.52488237300734,-117.15331884229151,-116.26644533977577,-116.5366800188468,-118.40625473105621,-118.07797311489448,-114.78254537274428,-114.82431866868149,-117.4692545061594,-118.37306797272134,-116.81246243156997,-115.11993718342721,-115.87642449278715,-116.01013433964685,-116.14105083216285,-117.5657416497934,-116.80025920738767,-115.79882557277537,-117.17841300938892,-117.02096635789226,-117.0005253215193,-116.50946661881235,-117.15601548167464,point1,-116.6480225414944,-116.80025920738767,-118.40625473105621,1.0801907216280546,0.6585806300260776,0.5507475328206208
HDOK,PLOK,17472,27,27,-129,-13,11,2,33,-115.62316999459557,-114.98190985159314,-116.88326655261092,-114.78684602527987,-116.27511755384214,-115.71732022138181,-117.0101338455238,-117.11671111328737,-117.9062633962478,-116.78656384983312,-115.76526960813707,-115.50823874235726,-116.8570883135076,-117.78485545067274,-116.10983451322149,-117.15187692369291,-117.1809948157014,-116.71098814232643,-116.36696481045536,-118.3656733423259,-117.30395587403882,-116.1450431879326,-117.29083883082554,-116.05635123574577,-116.54054931031628,-115.39919005256452,-117.19448401919894,-115.84372720792248,-119.3302882272426,-117.40962222025232,-114.1283081381829,-116.77486575005771,-117.79525580508846,point1,-116.60913839169584,-116.77486575005771,-119.3302882272426,1.1196472685744467,-0.029595560457546317,0.500872515578668
HDOK,PLOK,17472,27,27,-129,-13,11,2,33,-116.55994726434795,-118.60074445651753,-116.2388412716558,-116.8812717844316,-115.19410670808928,-117.5020813318765,-116.61540117944385,-117.34952809059702,-117.18508175513793,-115.9837543608501,-115.59193875201201,-117.3476977617566,-117.09466657344039,-116.69292626909883,-115.64442035179523,-115.68340128865614,-115.7318508103908,-117.79095527380842,-117.02146327570095,-116.65810723755554,-116.79794594199879,-116.5624081932213,-116.86016429833235,-117.11488580374451,-116.89914067591586,-116.55330955044514,-117.701749367348,-117.1158486365437,-116.42265128226482,-116.8670950878396,-117.26597669954288,-116.03405191119995,-118.58244127294772,point1,-116.79229862177296,-116.86016429833235,-118.60074445651753,0.5983285558648436,-0.22415329225857594,0.3796442938070639
HDOK,PLOK,17472,27,27,-129,-13,11,2,33,-116.9901083888042,-117.22647249230742,-117.62299589678254,-116.35556083186695,-117.92912916922941,-118.40444234241521,-116.41055054935993,-117.94271798466202,-118.27738598279332,-117.59885022851302,-117.50395173837514,-116.43602568627847,-118.00729582407564,-116.96277690518997,-116.86330129870812,-116.62959123780604,-116.88043012018542,-116.54633862278733,-117.71824108455925,-116.75951404572552,-118.16089437608456,-118.98828237491402,-116.70001790301318,-116.93371034134552,-117.26336862651517,-116.45210903702899,-116.26696524103761,-118.4411061433725,-117.87816902531269,-117.0695936969555,-118.05405457575421,-117.04580873792632,-118.3381999788484,point1,-117.35327152995556,-117.22647249230742,-118.98828237491402,0.5271311582818295,-0.32150685163928605,-0.9605849463294236
HDOK,PLOK,17472,27,27,-129,-13,11,2,33,-115.46681745734872,-116.21812094549934,-117.69418331141073,-117.50141412348654,-115.34816142143654,-117.93501531338333,-118.28835133720308,-118.43060496475425,-117.42904302132948,-118.57961187220292,-117.05636647678436,-117.23709666931812,-116.65254748288956,-117.1713558022242,-116.09286616138814,-118.34714788507705,-115.07727449684498,-117.67950344331885,-116.2651403994608,-117.01977734190005,-118.33674699406589,-116.81943800149597,-116.99479722951541,-114.49286280292976,-116.55190670592543,-116.57117943329577,-116.90966720246358,-119.25913459307564,-116.03540711936769,-116.40808913434287,-117.31495841911536,-116.48476058328333,-119.38690579703459,point1,-117.06231072555067,-117.01977734190005,-119.38690579703459,1.2741356087670461,0.027297828378781547,-0.08327411927572959
HDOK,PLOK,17472,27,27,-129,-13,11,2,33,-117.56635556691724,-116.93528664248926,-115.70818609449134,-116.55346761439556,-116.4496458758808,-115.53429542868307,-118.19769848980872,-117.71620571964519,-118.20371392476515,-117.5953677520935,-118.1880935526038,-118.19398518716037,-114.6961269591958,-115.22415744078398,-118.3265869570279,-118.16697010223733,-117.71452285769477,-118.2247990528992,-116.59256641674848,-116.23484842387056,-117.09428839119091,-117.1492318155764,-118.33242983581057,-116.31912216072335,-115.85473809809186,-116.36611582378175,-118.88480319140494,-115.41320976237309,-117.52347475772778,-116.30742765957606,-119.34969299391,-115.34639248051168,-116.8676499294262,point1,-117.05549869574234,-117.09428839119091,-119.34969299391,1.3501969439560817,0.1284492933282045,-0.8682559392726104
HDOK,PLOK,17472,27,27,-129,-13,11,2,33,-115.64071507879318,-115.27434490547972,-113.67670283900843,-114.99102604305754,-114.75335348926565,-116.8691363339197,-117.38484531831077,-117.25821305695075,-116.78703445000959,-117.86444148269769,-116.90334442401792,-118.49475258620186,-117.01046849732349,-116.72884689915509,-117.45741116699764,-118.27688730993285,-116.98640493228872,-116.35213541418163,-118.18560169695688,-116.87635011804696,-116.72931065864063,-116.31071900476145,-116.3733251156496,-113.59727234799222,-116.58706277052339,-115.86735286040239,-116.43130293964721,-116.82840244883053,-118.50214377650897,-116.48893967952723,-116.31700038798316,-116.28708148825514,-117.7667111059229,point1,-116.60177698870426,-116.72931065864063,-118.50214377650897,1.368135837809778,0.7714062251987787,0.9199945025359484
HDOK,PLOK,17472,27,27,-129,-13,11,2,33,-116.55619179662307,-116.4649257192177,-116.42407180411296,-113.82794335822813,-116.2011375093801,-114.58352150758806,-117.49410023176294,-117.71748935016944,-118.03957439358726,-115.97992324326367,-117.24730236009938,-118.0840091953219,-117.00643393208928,-117.12731570501326,-117.47229654562084,-117.9753404525843,-117.03758656877913,-116.98711332581229,-117.03206520366639,-116.01523478489234,-116.03043488935508,-118.57563435211233,-117.62097517736102,-116.94274149134151,-115.01624399288234,-116.70376812731882,-116.33617310364855,-119.10774938310843,-117.97819006935651,-117.4830623228651,-118.04225020118427,-117.7093252255209,-116.66446972833077,point1,-116.95407863794539,-117.03206520366639,-119.10774938310843,1.1871020936282015,0.802359159278517,1.2344205757959723
HDOK,PLOK,17472,27,27,-129,-13,11,2,33,-116.79512112806009,-117.84832633276432,-116.74023814276856,-117.9982232456162,-117.30515229125773,-117.76587597560264,-116.29088488848059,-117.00517423233744,-116.35380205176955,-116.24149619960939,-116.0787613152887,-116.52402230457803,-118.25889900916667,-117.16827974347382,-117.60843211323278,-116.11576847737233,-116.54745790928432,-117.36061826126391,-117.02669267122795,-117.18007896764203,-116.25677021081377,-118.92328937336205,-118.56762906532381,-116.77124429988018,-117.09057426968405,-116.17379523797364,-115.94913895660238,-117.92310605141095,-116.9572408520126,-118.2324041019748,-117.28877754408364,-115.91451898503513,-117.56824198434683,point1,-117.08575867252424,-117.02669267122795,-118.92328937336205,0.6206185597642322,-0.4363157799195631,-0.5641605297616046
HDOK,PLOK,17472,27,27,-129,-13,11,2,33,-117.16504030168984,-118.29812738272888,-115.64364129708396,-115.25804358921407,-118.49000816868899,-114.0298723752261,-118.99797346450312,-117.6557784488511,-116.56082092428733,-118.24530723668879,-115.15785642956219,-118.21207231115338,-115.83711125438965,-117.31817666425609,-118.27132669130175,-116.77407820200428,-117.3668937256207,-116.15392495827587,-117.52259260955668,-118.39159817442746,-117.65048650737783,-116.35053214723402,-117.34388561818609,-116.96785482567452,-117.98621152226343,-117.34008250315966,-118.59544094856355,-116.26049759583331,-115.5015228259594,-115.84107344128728,-116.39076431932126,-116.42497212698444,-117.3800799412316,point1,-117.01162571310869,-117.31817666425609,-118.99797346450312,1.3458372383390649,0.45165411541921097,-0.26072096754900276
HDOK,PLOK,17472,27,27,-129,-13,11,2,33,-117.06375829365246,-117.92630170323525,-115.37896706782588,-116.48630337342907,-115.03845581343626,-116.10095755964555,-116.79369871112455,-116.63828999268726,-119.29826267426161,-118.53083892020787,-117.31629713922828,-117.28242176902458,-117.35907225262339,-116.29127630549986,-115.66408606023128,-115.82673145982307,-116.72459034282363,-117.41752685507325,-117.02412572371905,-117.05784573913127,-117.79953439973917,-116.36719022240798,-118.89781764430934,-117.15917483437643,-118.08674469384592,-116.81170346467158,-116.51392111619376,-116.21298645291616,-118.4229833219859,-117.38561372726566,-117.76096582601114,-118.53666799102757,-116.0642870593456,point1,-117.06786056093269,-117.05784573913127,-119.29826267426161,1.0003446140689976,-0.21663878333723952,-0.27801381139319936
HDOK,PLOK,17472,27,27,-129,-13,11,2,33,-117.64681936674967,-118.81137289102051,-115.87138356416366,-115.69260537162278,-115.27424599000959,-116.91441850664417,-117.24454356207876,-118.47571079967835,-115.85715486209399,-115.70548316230142,-117.45864844320296,-116.7349335885759,-118.14008108312046,-117.09661761775716,-115.83171138948393,-118.76388919624146,-117.1486876055202,-117.626959661546,-117.67553854352073,-117.9109082501733,-117.68898065753565,-116.4178789053386,-119.12081797724835,-115.43278110776045,-116.21501117760387,-115.91525766026523,-117.54127822504884,-118.08836796112664,-117.93690703457433,-116.03871709103457,-117.04022800503989,-117.7489324705422,-118.31805691762008,point1,-117.13287662564373,-117.24454356207876,-119.12081797724835,1.1276267257513644,0.08022887298828166,-1.0611419703960392
HDOK,PLOK,17472,27,27,-129,-13,11,2,33,-115.84567515112444,-117.06123453938066,-116.81967521336674,-116.60172751173548,-115.6877489981024,-116.46412484905262,-116.97457748612865,-116.94810245927461,-118.30980440504365,-117.84063180745987,-116.79668230920146,-115.93836093476271,-116.50246055586817,-115.33180665352462,-117.76530863878712,-119.50694629206076,-117.503130083324,-116.61481151932776,-116.89922075377183,-116.78539461949713,-117.03332192019666,-118.33461945675022,-118.64788349843556,-116.71887676763134,-114.88571759760636,-116.90822094902083,-115.74734343523734,-117.87080654785663,-116.71767529055128,-118.37055287324085,-118.66747399796607,-117.64052610534455,-118.3188319613438,point1,-117.09270530854471,-116.90822094902083,-119.50694629206076,1.0750498381778313,-0.14356835768891507,-0.1857384000505049
HDOK,PLOK,17472,27,27,-129,-13,11,2,33,-117.15921478768463,-117.20991801797872,-116.63237547845404,-117.97735568482454,-115.3694219737747,-114.96211516037633,-119.19602050175257,-117.7461216086459,-116.2823090346198,-115.90127201819315,-115.39869121838969,-115.49151721866394,-115.43603066983468,-116.97779231298367,-115.48711061866253,-116.87633907602418,-115.63860238769999,-117.4131459691867,-116.53983612626466,-117.49397824955922,-118.04062848487479,-117.4751210121896,-117.35066958231782,-117.59404958279092,-116.13291966800988,-118.65938988258408,-118.239960850228,-118.74125911388863,-118.58086339263903,-117.84041438619995,-116.05748402887589,-116.9284094740437,-118.48313652280804,point1,-117.00949921500073,-117.15921478768463,-119.19602050175257,1.3120674338184237,0.03222704447791657,-1.026530614103049
HDOK,PLOK,17472,27,27,-129,-13,11,2,33,-117.21738084430098,-118.15764822559049,-119.0216052746546,-116.52915815549127,-118.11496163043651,-115.47949110330252,-117.52534642527704,-117.79131577731926,-116.72478371142519,-119.10830415772473,-115.15798121426008,-116.59692520510231,-116.23395989466637,-118.31164034220994,-116.19840844671194,-116.94720788342102,-117.96928081673128,-116.96922601700754,-116.13764460054334,-116.54196115080417,-116.68513977229257,-115.63635574414775,-117.48613880352474,-116.2883615276026,-114.34089421588297,-116.57499256472161,-116.1871474540743,-116.76993402290775,-116.90997913701793,-118.29005867841043,-114.59339865724718,-114.99400700660054,-116.20790939519541,point1,-116.77874387444263,-116.68513977229257,-119.10830415772473,1.3406806830046514,0.0030094788649607422,-0.21942608820210374
HDOK,PLOK,17472,27,27,-129,-13,11,2,33,-115.91253344474295,-117.4768616663634,-115.80586026092999,-115.29927072393511,-113.90052449219706,-118.41223652745653,-118.3701296420823,-116.21627643060418,-116.21430550171812,-115.58160101470841,-117.93564005861698,-117.58214757328815,-116.29791930448464,-117.69474644109636,-116.25882760723657,-116.40225402781752,-116.48399542456279,-117.85290714849926,-116.57360260779139,-115.33590261272326,-117.21674780068687,-116.7148702305245,-118.33600864349869,-116.4246883572473,-117.90334681784113,-117.06361386631812,-116.48511189059981,-119.19728567521621,-116.3583272194467,-118.29925027916175,-118.69226679403603,-117.40961866683543,-117.15243776774957,point1,-116.93518534909144,-116.7148702305245,-119.19728567521621,1.2928765003927987,0.24377435503185463,0.1142570968055292
HDOK,PLOK,17472,27,27,-129,-13,11,2,33,-116.60108237677782,-118.03888174763705,-116.66502680378994,-115.64989872876967,-114.80480032823871,-116.2248700813768,-117.97423667694865,-117.39936589370322,-117.7174559798813,-115.93826435113004,-116.40930851890755,-117.38114759747482,-117.06001853878794,-117.95218569101179,-116.66407483839355,-115.28906083970679,-118.7706391724958,-118.41730589823737,-118.23111251582324,-117.16933010868743,-116.08182274058635,-117.03466189470451,-116.0049626431192,-117.22259600455737,-117.53337181800329,-118.11261751963825,-116.37380479637679,-115.63958500067584,-117.72945626202976,-117.13684918005345,-118.35779249887088,-116.0165380265993,-117.23762188948767,point1,-116.99514384734792,-117.13684918005345,-118.7706391724958,0.9558509963906268,0.23642411546136188,-0.6784233513747311
HDOK,PLOK,17472,27,27,-129,-13,11,2,33,-116.76096915274763,-117.43563492626917,-116.26643661127424,-117.68787156916297,-116.95763532787689,-116.89489668216575,-117.61948389974782,-116.62758222642366,-117.18089521695413,-117.09176382916776,-116.2132550579475,-117.19927679498161,-115.2644179605945,-116.33281868585313,-118.09662419563827,-116.64483799182568,-118.09358874233344,-116.26945185814014,-116.56385277526783,-116.96708109085324,-117.72455165679737,-116.71497948495528,-116.1846580915469,-113.78939773451225,-117.49327241807083,-117.26902137099016,-116.53032362997219,-116.09673133156902,-117.39257853614022,-117.69681411884162,-116.8061066004438,-116.5063256289892,-115.51555508665915,point1,-116.78450576620345,-116.8061066004438,-118.09662419563827,0.7188972655727184,1.303750913895098,3.4382530493107164
HDOK,PLOK,17472,27,27,-129,-13,11,2,33,-116.24675799425317,-116.56319546259252,-115.15295020070616,-115.21775258438683,-115.98660196553902,-116.7018065059562,-116.90459899029173,-116.75423297189168,-117.210933119722,-115.88054289541655,-115.52054145222372,-117.94193513296796,-113.98976460860766,-118.64378647206281,-116.65907196760071,-118.63731190626638,-116.99921280992442,-117.52030417549526,-117.23803082623888,-116.9656070207302,-115.92810656779368,-117.6447031053623,-116.50187607989498,-117.36682209635323,-117.93543951171281,-117.3786039705956,-117.0643207899964,-116.30529834807534,-114.63534854147744,-117.96364564878202,-117.70792948476063,-116.28252197230513,-116.9345963054754,point1,-116.73891368137755,-116.90459899029173,-118.64378647206281,1.1072048919698951,0.5267775858019202,0.3680993624694504
HDOK,PLOK,17472,27,27,-129,-13,11,2,33,-118.0792922621691,-117.4080022043498,-115.46087202787308,-118.54766368838139,-118.59388576096862,-117.1785893658526,-116.56941411170986,-116.92887246205126,-116.87269053982901,-117.88182287961146,-115.51536698244236,-118.2716638585943,-117.54471853088549,-117.15584481595216,-118.11671669353831,-117.89411752205156,-117.69805700761268,-117.0481456076004,-117.7750948248345,-116.6446512010351,-116.00555222140892,-114.65656900723765,-117.93601069815179,-116.09809531072865,-115.79316205691529,-116.32463531157993,-117.45660004934494,-117.72381494007863,-115.71592013144222,-116.33998192356441,-117.00878210846675,-118.28056832942686,-116.61450849918745,point1,-117.06483887681445,-117.15584481595216,-118.59388576096862,0.9577872533516882,0.4749277136410325,-0.44859064722964304
HDOK,PLOK,17472,27,27,-129,-13,11,2,33,-117.07949275135869,-117.29784153442529,-116.01639036986508,-115.33363530652113,-117.41926029374356,-117.0281112505872,-116.54664537248574,-115.34005725576831,-117.2426750860438,-115.8093884098095,-116.29233931468346,-114.8182858496677,-116.26733184602544,-115.96018195015881,-115.5931200410453,-116.81225378715415,-117.19116002300623,-119.0357264900106,-116.92787309396785,-118.22703294546322,-117.5079253547001,-118.41283607329808,-116.28386485652932,-116.11768854145345,-117.47066812301502,-116.45027415324377,-117.37877778066738,-119.32852239153983,-118.02782896910858,-119.45941101815932,-116.63052944089908,-118.50857346707402,-116.53794171563904,point1,-116.98041348051872,-116.92787309396785,-119.45941101815932,1.2845737649421525,-0.42929698911353137,-0.18959922176987787
HDOK,PLOK,17472,27,27,-129,-13,11,2,33,-115.93365770953106,-115.632220235546,-116.40879284919603,-115.87465166350262,-117.21195091462019,-117.1279011155544,-117.07030737182744,-116.15278745658001,-115.89657608380334,-117.1839798536714,-116.29511785965138,-119.22313323601917,-116.14828179169974,-116.63355114972813,-116.96785188776725,-117.56300882857832,-116.63391511070782,-116.18311759554177,-118.16657595661216,-115.74857861056131,-118.38802322135501,-116.35210305126547,-115.87464725130118,-118.19959816459304,-116.76355199827859,-119.51293949364263,-115.9665728268815,-118.22734305575464,-117.67867082032102,-116.49537252949507,-117.70361365460536,-117.51985458306989,-116.05680152848035,point1,-116.93318331696193,-116.63391511070782,-119.51293949364263,1.0067942122330829,-0.8695430200438228,0.10138351209271423
HDOK,PLOK,17472,27,27,-129,-13,11,2,33,-117.63680138847099,-117.23443634549336,-118.71276915691102,-116.38321108127548,-114.47090834311192,-115.956218216879,-116.4625931985067,-117.84200329051188,-117.37216924304693,-116.3558934875476,-116.19722795557738,-117.92253835168935,-117.99600328779543,-118.14002906585621,-116.84875043379417,-115.83610138760963,-116.91312540932762,-116.22922375650927,-117.17181828001254,-118.95676285986393,-116.94070918216384,-116.1330787950098,-117.73777743548119,-115.40452695007649,-115.75401727888877,-118.50343006124186,-116.70575833696395,-118.96753546886241,-117.37214560938465,-118.02446162873134,-116.2196654636723,-115.78257879458725,-117.26900588208673,point1,-117.01373561899821,-116.94070918216384,-118.96753546886241,1.1332397791271747,0.04638470033347697,-0.375446477932905
HDOK,PLOK,17472,27,27,-129,-13,11,2,33,-117.24027144430833,-117.69037635150913,-115.72687706453203,-116.58716833929833,-115.37285332583616,-115.12381204313193,-115.55672654299016,-115.47733543705444,-116.53286271586565,-116.44551436619635,-116.75962327998765,-118.11170648505583,-114.91465345140132,-115.70454062133919,-118.7052951249969,-119.24635473751546,-115.4561719383291,-115.99496971495259,-116.35069930705075,-117.62597419810466,-117.0834969139684,-117.15101501922484,-116.48964359424151,-115.76903470252128,-116.20300565274201,-116.20138216402357,-114.70804235281192,-115.8558268729876,-117.78772297772197,-117.50265885805575,-117.53955742504056,-116.18488389491202,-116.66555029636825,point1,-116.53835173375987,-116.44551436619635,-119.24635473751546,1.1348635046402458,-0.5500992211964619,-0.02490388490960216
HDOK,PLOK,17472,27,27,-129,-13,11,2,33,-118.38885464999571,-117.05202059637287,-113.38601792290142,-115.69420077572664,-117.10172847860541,-118.08357446676726,-116.18663735376539,-116.79567450471453,-117.5731570070339,-116.0899266842965,-118.00174458277019,-115.2671556016988,-116.56213284085885,-118.91935067136772,-116.77532440535356,-118.13582162701617,-117.66165584046826,-116.42967778607083,-116.4882472739242,-117.05208683635776,-118.1913918643465,-119.70196174760575,-118.55678228558577,-116.68284490976464,-116.91801998554028,-116.0419176820228,-116.61811585283037,-115.33356729363587,-115.06002990507046,-117.53543444434177,-117.04911395787845,-118.20847325073544,-116.7151818026692,point1,-116.97750984509375,-116.91801998554028,-119.70196174760575,1.5351912078773657,0.4136118213254683,1.0479452586967617
HDOK,PLOK,17472,27,27,-129,-13,11,2,33,-117.55660015807153,-116.98905771524001,-117.5110385623613,-115.40954455388159,-119.14630538065494,-115.68104037209467,-115.84591743563558,-118.49063753760079,-117.29897509545086,-117.81633083761889,-117.10892930378895,-117.22981983971869,-117.06110913212298,-114.86948604998835,-116.4092463251411,-117.50062977619535,-116.63682725449132,-116.43874944436465,-116.9022437521894,-117.31666312813707,-117.71370241997819,-117.54560835923692,-116.66123738702993,-117.83316099183548,-115.87169264112337,-117.00899164615839,-116.4049994066647,-115.9715890634947,-117.34844639717227,-117.23148017459212,-119.23023522002049,-115.68419015968472,-117.46170361781833,point1,-117.0056420951381,-117.10892930378895,-119.23023522002049,0.936777891424033,-0.10739056176281621,0.3457009552729424
HDOK,PLOK,17472,27,27,-129,-13,11,2,33,-115.2967409725512,-116.64681804254494,-117.23517850770499,-116.4179621111489,-115.72935436031536,-117.93860185836061,-117.69021001627196,-117.69208854802194,-117.9649437340319,-116.32240646891161,-117.52363500011218,-116.88113056708991,-115.38894560828696,-116.88650706860493,-117.92572715108605,-116.24131346906937,-115.78084067407774,-119.4890772368895,-116.1909348781572,-116.21304404529373,-117.91272476518247,-116.40514498753268,-116.51621936896319,-115.86960649930577,-118.00250798593461,-115.03470952297039,-116.28619873745512,-117.59529688583844,-115.13229759621353,-117.4040334053906,-116.1091764033156,-117.53468968476092,-117.71245763040687,point1,-116.81728859975156,-116.64681804254494,-119.4890772368895,1.0337288319854723,-0.25012202901298675,-0.1876149394046931
HDOK,PLOK,17472,27,27,-129,-13,11,2,33,-117.08904828933154,-118.33979567175858,-115.59403299925043,-116.29404061270141,-115.27385927202869,-118.43000224500513,-117.46096591516279,-117.54691964520894,-116.86760520035469,-118.43824017963111,-114.96423036715998,-118.97155153118973,-114.87986973246622,-116.93150323429741,-116.73957854993574,-116.3963662529745,-115.85606626997503,-117.33832158289361,-117.3164200554541,-115.33856087799363,-119.04447727554457,-117.93555816581029,-117.62072038565161,-116.78791435056483,-116.94247865929471,-115.04509091482336,-118.45462877993978,-117.76118289248582,-119.06221951694073,-118.18642975901616,-117.25915707140997,-116.95543023035009,-116.03551942560334,point1,-117.06538745188512,-117.08904828933154,-119.06221951694073,1.444587926783629,0.19068206039470356,-0.8046401258215563
HDOK,PLOK,17472,27,27,-129,-13,11,2,33,-116.39980071085269,-116.4157231187955,-115.77851624514587,-115.93306737860168,-115.81957883829791,-118.44617767096426,-117.3225999088879,-118.50740366609864,-117.15635652029077,-116.44155342822873,-117.88735837298645,-116.3602431807343,-116.17311249910736,-116.96383932783567,-117.2856420619653,-114.88425610900494,-117.67794974925542,-116.26978423675259,-117.8016947889349,-116.81696470080816,-116.67012562898343,-115.65414845362243,-116.21114552578643,-116.7924350524797,-116.45562757563755,-117.23206901366555,-117.03345358687872,-116.93080716529613,-117.2539262026257,-115.8729930077488,-118.83108136148891,-117.03363465810347,-119.38870905161308,point1,-116.90005390295393,-116.81696470080816,-119.38870905161308,0.9286280119228097,-0.5865449247245154,0.45918465349143167
HDOK,PLOK,17472,27,27,-129,-13,11,2,33,-117.84371624614958,-116.396654140924,-116.53043223265234,-118.61051702271543,-116.28055142443192,-114.80520487803786,-117.94332496330439,-115.33263949201665,-115.85070498827834,-117.21732726778077,-117.73614227415332,-115.70483574930962,-118.79315614932159,-118.09969778072973,-116.05080358078341,-118.0134256871477,-117.1874505214042,-114.66597414886921,-117.50084513076676,-115.1221273845643,-117.77692028524925,-117.28054572380577,-116.75778761332066,-117.10143350560817,-117.27464598373933,-115.25724839270653,-118.16645671807073,-117.1733552153271,-116.86075508530168,-114.57382301761186,-117.99197573509844,-118.37970448086435,-117.05769697506248,point1,-116.88902666045783,-117.1733552153271,-118.79315614932159,1.3860581109853183,0.4691778221033198,-0.7802765768770081
HDOK,PLOK,17472,27,27,-129,-13,11,2,33,-117.99250110717873,-117.10877822538568,-116.74004014725692,-117.87385084758365,-117.80628415732207,-116.38969237442848,-116.03790503731707,-116.84637770232283,-117.10699173240296,-116.57337422607985,-115.80209606364593,-116.96294928314425,-117.27544038137087,-118.81213791565295,-116.97483722466048,-115.4738728420636,-117.12438793708837,-117.33158958184671,-116.00491174249436,-118.53011031975866,-115.69370995580437,-116.59533431489172,-115.88323178784123,-117.78824582323313,-115.80558923041198,-115.92564808043282,-115.62620453881377,-116.44613496555728,-116.37746573196264,-116.15164715422567,-116.36310940064536,-117.73732104908194,-117.41060565468042,point1,-116.80522353141171,-116.74004014725692,-118.81213791565295,0.7291729299875355,-0.4615847577319183,-0.48001786915586964
HDOK,PLOK,17472,27,27,-129,-13,11,2,33,-116.57260178882451,-117.64833451437403,-117.91233147622368,-115.65972071548822,-115.48447517176518,-116.69654301204412,-117.40017125614143,-116.20254635236905,-116.53322393415796,-116.74466059139868,-117.48465809004078,-115.58068335967502,-117.14835177612282,-117.92541131425853,-114.87405523544909,-114.37961027434179,-118.41353548540036,-116.41070336225962,-118.34838266479917,-115.64102018046528,-115.67931256257269,-118.25166065160019,-118.93224539329495,-117.32860237466562,-116.653092006579,-116.79486604068916,-116.92811989729988,-116.7001351215611,-118.39466728269059,-118.13720014533446,-116.18800901045093,-116.71948611573592,-116.61394763904624,point1,-116.8600716605188,-116.71948611573592,-118.93224539329495,1.1549414664476942,0.15421905289347237,-0.36176858127985767
HDOK,PLOK,17472,27,27,-129,-13,11,2,33,-116.73043651383351,-117.89624210866069,-117.32694177657604,-117.42245410210535,-114.5883226806966,-118.35956006530355,-117.77402422348172,-118.62550900471412,-116.13045613812312,-117.4108142448509,-118.78138318754321,-118.05919004806705,-117.14303230406173,-118.04656454350557,-116.69178770070235,-117.79430473079566,-117.42573363005887,-116.69737273445371,-115.86667289767833,-117.97317342092346,-118.84230594122845,-115.708468063941,-116.2290278657209,-116.32256683563514,-117.78915465002511,-115.34621683783035,-116.72415448185032,-116.16825298975851,-117.80728540707219,-116.69731035275993,-116.20752641038897,-117.95435536156708,-116.83667064514721,point1,-117.13264460300184,-117.32694177657604,-118.84230594122845,1.0182621988606184,0.38446894247508595,-0.24927218540399076
HDOK,PLOK,17472,27,27,-129,-13,11,2,33,-116.94210216807414,-118.54917625726507,-114.9927256887529,-115.88097087405255,-119.10807232583748,-118.15187106374015,-115.94675846799184,-118.0330093021039,-115.63026945046336,-118.75937701877578,-114.88966222232196,-117.86765957527957,-117.20428436853578,-116.79131920510036,-115.41840129586532,-115.5789012415318,-118.548316688282,-117.27001622697513,-116.92558817375014,-117.07890407578425,-117.31354436930728,-117.6931945539064,-116.29535828187615,-115.88221988589179,-117.0227811390092,-117.1823477658924,-117.72191589370638,-116.59512349149296,-116.79263359260963,-116.38898973981946,-116.89611648056376,-118.255621516017,-116.85707165743928,point1,-116.98376678963677,-116.94210216807414,-119.10807232583748,1.150215148120637,0.03565097680381874,-0.5737713622564145
HDOK,PLOK,17472,27,27,-129,-13,11,2,33,-116.75987771606934,-115.98487300503292,-116.85258746591545,-116.09367330203203,-118.0313118703422,-117.04547759871458,-117.46943840108123,-116.05560358050063,-117.10144633896485,-117.37806698006469,-117.12601522380427,-114.5771808650938,-115.02506237244141,-116.06916286084584,-117.32541747804918,-114.31301635278697,-115.50833933606275,-118.43159301884087,-118.49877462612697,-116.59956759813018,-117.34718926648867,-117.30999008133503,-116.3705398689331,-118.13727970792509,-119.00917928061473,-119.42023076540177,-117.95200976727338,-116.48216770360577,-116.37873139853703,-116.32024275074386,-118.24002089592778,-117.13814107534216,-117.3068807784799,point1,-116.95936634337905,-117.10144633896485,-119.42023076540177,1.3436879774486914,0.19324545719425276,0.12563486983782113
HDOK,PLOK,17472,27,27,-129,-13,11,2,33,-118.44531437845046,-116.3604924995533,-115.89027368111377,-118.82593954382529,-117.37323596579189,-116.50190170395756,-118.2263503776454,-119.34543521822273,-116.81883513862952,-116.64899341639675,-116.47332616437674,-115.53132659515761,-116.29550729788313,-116.80649241746706,-117.74552090762076,-120.23119097174035,-116.56361449283366,-116.10061916327243,-116.16591356394149,-117.29691741003724,-116.28951980439614,-118.2053850320772,-117.82513025417408,-114.0043020519174,-118.622821291069,-116.3354844924845,-117.07804118265646,-116.4131482975394,-118.23587128905541,-118.90656961198816,-117.20166379990312,-118.236746852597,-117.44279763917389,point1,-117.22559643960452,-117.07804118265646,-120.23119097174035,1.534762787846221,-0.10386040086308826,0.49909751981133255
HDOK,PLOK,17472,27,27,-129,-13,11,2,33,-117.16724121190218,-116.41461420025547,-115.78298734437736,-115.90693575590514,-115.7343696685512,-117.35431522960221,-116.17980150448238,-116.68458624554724,-117.01829185252842,-117.62738941217093,-116.7671718855781,-118.06587885494255,-116.87562491736333,-116.92124089365326,-117.45196877217207,-117.94353483684615,-117.35683615812117,-116.09451070922822,-117.96034455137479,-116.48364360720262,-116.5976578164925,-116.61687379159886,-117.94072092537502,-117.7390195492396,-116.9749043146257,-116.27282217210913,-118.1584218821821,-117.19877949417125,-116.67165544942672,-118.63454278053337,-116.5910121450445,-117.53390568574292,-116.82647091829482,point1,-117.01660831929217,-116.92124089365326,-118.63454278053337,0.5238254031847593,-0.2008508986263293,-0.5952191958808344
HDOK,PLOK,17472,27,27,-129,-13,11,2,33,-116.70146764573688,-117.5284740350018,-116.4884665930686,-116.65870047195493,-117.12688859103517,-117.72085436751507,-117.44301783951842,-116.02651934798263,-117.85843207775598,-116.4978714615208,-117.18764641366704,-117.48479970917724,-114.46697531543717,-115.22818686040497,-116.81875358627275,-116.70343538595948,-117.87009132446715,-116.77645503538547,-115.25325663070502,-116.72628277562318,-116.88188543642343,-116.92024800155235,-116.06371695635323,-117.5585600337412,-117.30217526900555,-117.70707504194529,-117.14196966921436,-116.8819118658344,-117.0303267731973,-118.07884598439638,-118.15508059647888,-116.01125537373892,-116.27630590010929,point1,-116.86593734455096,-116.8819118658344,-118.15508059647888,0.6829236260824404,0.9065391910475006,1.0578211520230725
HDOK,PLOK,17472,27,27,-129,-13,11,2,33,-116.8436168497719,-115.36709777409978,-117.4893941252075,-116.14298969023987,-117.3397799270367,-116.4784355111658,-117.73259521271096,-116.58621337268696,-116.37665341372342,-118.8451936452074,-117.35851412938496,-114.40310640696079,-116.8933009904181,-115.99771127231514,-118.40288893685896,-117.33012342754193,-118.06864521280752,-117.4009585591073,-117.86021320887706,-118.20184476240225,-117.54247978013528,-117.23796266546886,-118.1303140691603,-117.43238015756751,-115.78903254391547,-116.5706627077101,-117.78044971634681,-116.77650902942808,-117.17897116170796,-116.85398253137103,-115.49419871923712,-118.15169762070313,-117.06039367037393,point1,-117.06419123641362,-117.23796266546886,-118.8451936452074,0.8983715126756949,0.6687073536496577,0.6191613623005647
HDOK,PLOK,17472,27,27,-129,-13,11,2,33,-118.45675486134695,-117.53287312240234,-117.20608724227552,-117.26635399501666,-114.94699062526368,-118.36170503509848,-116.55391401215259,-117.55341299795586,-117.19535799465142,-118.39259286767926,-117.19416355878509,-117.08273364779416,-114.30428718083859,-115.98160065831642,-116.47615463020169,-117.21686292371382,-117.7975046548461,-117.60152959422375,-117.29742300520476,-115.90157001624644,-116.27579324240186,-117.87780743634202,-117.10649723742081,-117.80537823109691,-117.44912916991346,-118.41041305645622,-116.81135176008473,-115.77087450915963,-118.47779316552997,-117.56399894174945,-117.98709489093689,-116.56717708481345,-115.31678582220431,point1,-117.08302930824611,-117.21686292371382,-118.47779316552997,1.0301779665827364,0.8667368205189594,0.544045854293183
HDOK,PLOK,17472,27,27,-129,-13,11,2,33,-117.98242623132377,-117.53429660724672,-114.81480063126965,-116.89115528013677,-116.85910825024588,-114.51861247420243,-118.57291826058861,-116.27235709473582,-116.24352985022162,-117.89020954673785,-117.64051562438965,-115.60237401170654,-117.67064152476728,-115.38226160872203,-115.61588464244521,-118.12157136424928,-116.3457258277174,-114.56448567531733,-115.10988299486057,-116.91478832941345,-117.59422057419903,-115.30824608113991,-115.78185249782376,-115.06349555932931,-117.02319041264944,-116.14008118867476,-117.20139102351946,-115.4891580757942,-117.19887087055329,-115.61888585874321,-117.14395528017752,-115.88460110903951,-116.2488086432333,point1,-116.43164554561136,-116.27235709473582,-118.57291826058861,1.2047048634249917,-0.040184698550384805,-1.0398822091925646
HDOK,PLOK,17472,27,27,-129,-13,11,2,33,-116.6121823111064,-118.06872098914312,-117.4018193552858,-115.77675775177492,-115.8225972686573,-114.79775027077734,-114.70926232138977,-117.95792945737156,-117.94668813298776,-116.86065353742966,-114.99441352805113,-116.06881777141538,-116.56701197457902,-118.15561362136107,-117.42772983875354,-115.75022371712977,-116.36126887090039,-117.48594708125495,-116.23210202724349,-117.80827116208387,-116.71642252704987,-115.97925054932406,-116.34182101234762,-116.25944132994184,-115.95623896156859,-117.99582168450293,-118.35917273083376,-116.13785794361539,-119.12589985401873,-117.68661056414231,-116.70718861501175,-117.55832511917063,-117.85120263736819,point1,-116.83275801568459,-116.70718861501175,-119.12589985401873,1.159916840016777,0.06534387030391274,-0.6349974662736622
HDOK,PLOK,17472,27,27,-129,-13,11,2,33,-116.05453910244705,-116.97046151687266,-117.29604739222721,-116.43067370233888,-115.95662795072384,-116.82399509348768,-117.36382260605053,-116.79239343183903,-116.11629430834793,-115.68168748750361,-116.83329805929688,-116.16175288906436,-117.2793642187071,-116.00157151345391,-115.5118047406486,-117.23533343900256,-116.59927318217318,-118.29215403460479,-117.17560130580222,-119.08700499635582,-118.38099710526383,-117.16507185111877,-116.20739974992298,-116.6453284764525,-119.3319236990517,-116.09209380956267,-116.62757361114858,-115.13544673059108,-117.86114137601024,-117.05340535515371,-117.5438949423782,-117.352973892297,-116.0034049694943,point1,-116.8807380769513,-116.82399509348768,-119.3319236990517,0.8990035305333313,-0.718115149144898,0.5845917798309723
HDOK,PLOK,17472,27,27,-129,-13,11,2,33,-118.91874897016551,-116.63115654592875,-117.55518230519114,-116.8271009604928,-117.00596476923721,-118.8143834529409,-117.2966442516119,-118.8074237277996,-118.98041041620351,-115.49419694135234,-115.26203049722069,-115.74205983016458,-115.93006440293789,-119.24402050794957,-115.36347479896479,-115.30335769243045,-116.9673614755842,-117.43505534635537,-115.20719246692768,-118.38557960036195,-118.27292818628085,-117.26913712699447,-117.21362268083026,-116.4012745557937,-117.61814138189659,-118.65141326798242,-116.48530565458869,-118.26158777722371,-116.06893690671875,-117.06278264560738,-115.87899926861627,-115.8745170951553,-116.41843215506593,point1,-117.04995417159316,-117.00596476923721,-119.24402050794957,1.4960371789989724,-0.19499144159724813,-1.1247884000587254
HDOK,PLOK,17472,27,27,-129,-13,11,2,33,-118.21349514576991,-118.87085439894399,-114.34649573970277,-116.96153363344143,-116.82669716386566,-117.48858276972224,-118.35572655172149,-116.34591262573471,-116.35181131806368,-117.22610873697975,-115.9130987703173,-117.38323867822749,-118.29772986155628,-115.63178083340013,-118.27233208791327,-116.29613794015918,-117.73398799264821,-116.84270028494379,-116.10239079657566,-115.83266928442343,-117.76026764987324,-115.47299502417809,-116.65059668549038,-116.08270811801454,-117.92443506286136,-115.35419249914669,-116.4796348994679,-117.49558041028757,-117.45085595966944,-116.53319358546013,-117.74931225662486,-118.7864616861222,-118.81213847155846,point1,-117.02562596735953,-116.96153363344143,-118.87085439894399,1.2163846662035411,0.20711923401874066,-0.47541031335375816
HDOK,PLOK,17472,27,27,-129,-13,11,2,33,-117.92037649761727,-116.97794529441586,-116.79166351280163,-117.56659216539532,-118.31801473849151,-118.31189325048467,-116.77199891489985,-117.26973849953352,-116.5636182868688,-117.48439493949427,-116.17388961949233,-117.48400742832273,-115.87735293795434,-115.18871928456237,-116.38032428140723,-114.73361449615227,-118.10864829645186,-117.382118293999,-117.60417806447944,-116.11459993385094,-116.71081932911495,-115.76389845879895,-115.8137199705494,-115.2826516090125,-116.65355825239043,-115.33246791031094,-118.70626271548302,-116.67834560106539,-116.88342141341225,-117.35902442543963,-116.76888577565913,-118.26186268358926,-118.39385691168552,point1,-116.89795344827839,-116.79166351280163,-118.70626271548302,1.0301034528926871,0.19456685639027355,-0.6496260108556351
HDOK,PLOK,17472,27,27,-129,-13,11,2,33,-116.64993848430792,-115.25410128344384,-117.40111251068399,-115.40003273163519,-117.21432775329028,-115.25584407100375,-116.37916167586465,-118.91175066180287,-113.79278620459456,-117.59108968834163,-116.5115116379082,-116.21815859758699,-118.07363185199205,-117.07587895364952,-117.59280245900881,-117.19060546322187,-116.15229714361216,-116.87311815139897,-118.90579448214613,-118.28163338878952,-119.516680423889,-117.11878241680326,-115.93552489705885,-117.16314826741755,-116.87020475741095,-116.85576793545407,-115.84662154477586,-117.59960452778581,-118.5400767023672,-117.05533100253325,-115.97071612547616,-114.96510201692699,-117.2586511902396,point1,-116.89156936370972,-117.05533100253325,-119.516680423889,1.4712055831007071,0.14327471306270437,0.35165153508471914
HDOK,PLOK,17472,27,27,-129,-13,11,2,33,-118.17326194378425,-115.1718140579989,-115.49742319558409,-115.5840452557678,-115.91898507904216,-116.66370049314388,-116.51320863979718,-115.41680286057972,-118.08980912542354,-116.50905779392953,-116.61229236614841,-117.44056984828414,-116.68065886376772,-116.35353320313322,-115.98936845353275,-116.04670975018075,-116.49255973891556,-116.58834683660007,-116.91741569187045,-118.07607324305904,-117.10671157800839,-116.86732766810165,-116.6839771960896,-116.64734153822182,-116.91829515440222,-116.91288296735117,-115.059515478841,-117.42329835983004,-117.09058146419038,-117.30190967028035,-116.20327145630944,-115.95725109427309,-117.90310057506683,point1,-116.63063941337909,-116.64734153822182,-118.17326194378425,0.6414731985545561,-0.05388184424822597,-0.3085142687052582
HDOK,PLOK,17472,27,27,-129,-13,11,2,33,-118.24856393887589,-117.91901872451253,-117.09145740604299,-115.47948195288329,-115.26162339512729,-116.2108318329633,-117.04146043871062,-115.70995316701422,-117.00674726282891,-117.39170725598949,-115.70278091873591,-115.82906568642366,-118.88893538296739,-117.85210070416456,-117.09981415948701,-117.47861806011075,-115.8916884487669,-114.73254761605156,-117.3869413453434,-116.88665962641957,-117.43758561765326,-117.05703402300003,-117.00790770814851,-116.13768796972975,-116.362019681195,-116.53273493997942,-117.48379647347916,-117.38006832189683,-115.64432192990492,-116.0658727814976,-116.34852016538267,-116.6637462081755,-117.33396381052103,point1,-116.74440172587829,-117.00674726282891,-118.88893538296739,0.8319135285075976,0.026715862458643193,-0.20630518752167326
HDOK,PLOK,17472,27,27,-129,-13,11,2,33,-117.63270211837613,-117.89369954148574,-117.16941957476374,-115.7789941339654,-118.36500910139024,-117.63767904424799,-118.38221929289331,-118.10709395761751,-118.34762495855108,-117.33214826993272,-116.86238610307885,-117.25551802990422,-117.21849125964157,-117.65065025412329,-117.29895212285393,-117.42007898542155,-116.37270356439488,-117.48031815127257,-116.1793202476475,-116.61990251989539,-116.14975021175702,-117.34485766984162,-118.09627907382949,-119.45010702496114,-118.09183532841669,-116.64000881264276,-115.2287858992054,-118.30904552790841,-115.26924268756393,-116.54107660815917,-115.91449687640608,-117.88797497421864,-115.86920144353839,point1,-117.20598707181534,-117.33214826993272,-119.45010702496114,0.9571225633428837,0.19086495530200673,-0.30557845429034547
HDOK,PLOK,17472,27,27,-129,-13,11,2,33,-116.85510073671139,-116.9781978737725,-114.68045528196147,-116.71771626355164,-116.33055690669629,-117.12023862890143,-117.58005904980232,-118.8232331587875,-117.29309187220346,-118.12745725761586,-117.87530890993243,-118.1326218744506,-118.31876307028855,-117.52205199041587,-116.32474805254076,-116.89336557585516,-116.21313390197642,-116.39188146383742,-116.84785151786154,-117.9855974629622,-118.30177892371967,-116.09562799548563,-117.12711562025105,-117.62257380387106,-116.77813994289211,-117.19311510219846,-116.68661268729667,-118.14912774932976,-117.46477256152737,-116.7657755614947,-120.20517918508956,-116.15990472271643,-116.86917940489147,point1,-117.22516163972391,-117.12023862890143,-120.20517918508956,0.9542024931505233,-0.4555874119652695,2.100188095454605
HDOK,PLOK,17472,27,27,-129,-13,11,2,33,-118.31859640844927,-115.9809954027221,-117.28469855516555,-116.32453788140175,-117.56344592880195,-116.57277943271936,-115.63053476407258,-118.14446989720469,-114.82103790984753,-116.21175933443591,-117.0393585726686,-116.36725122155397,-117.87837979879886,-116.63488380902609,-116.67899615493624,-116.49518332993874,-117.31653028068942,-117.89147085833706,-116.46783773535483,-117.35586573662373,-117.09691085631906,-117.54061594358387,-118.27634789410219,-117.73262054455365,-115.29403868108966,-119.00144664556043,-116.3065120468309,-117.95449081073073,-117.20903346471373,-116.8568693272519,-116.4057954787867,-115.74186829437494,-115.58871115161995,point1,-116.90860224703839,-116.8568693272519,-119.00144664556043,0.903938380082963,0.02170523694811248,-0.36637220572368623
HDOK,PLOK,17472,27,27,-129,-13,11,2,33,-118.66831448570433,-118.44068078890498,-115.77048216470236,-114.44042103145807,-116.88431688924278,-116.72985832890704,-116.42833058330402,-116.69033308403814,-115.55969854771813,-116.28788623969835,-115.93950177363939,-116.31100120081784,-115.30058330055276,-117.05836974620956,-117.5571912816009,-117.21236099930287,-114.90525485009539,-118.8151190213929,-116.86393178756535,-117.73294204765234,-117.33559655050244,-115.46829534414918,-118.43032170682457,-117.51490862728603,-116.80897909368933,-118.72404007048915,-115.7917760010816,-117.9302281897714,-115.7931302135001,-118.11727555540158,-119.66053314336732,-117.49618317011439,-116.98729757408599,point1,-116.95924676947789,-116.88431688924278,-119.66053314336732,1.490174970097644,-0.08077037442864335,-0.4636468642455025
HDOK,PLOK,17472,27,27,-129,-13,11,2,33,-117.44573279166218,-116.57147327496655,-116.92007053968652,-117.05147826583197,-116.33488992888611,-115.95827835461647,-118.44254845087086,-116.81456556740794,-117.76101902988444,-117.85871705578893,-118.38870040850527,-115.24886111769997,-116.3670608802481,-117.91308630617426,-116.86230716217209,-118.2778955187679,-115.81741626717663,-115.9829446571582,-114.73258692053128,-115.89194986816617,-115.62495579099273,-117.32880391818121,-118.67126813411332,-116.63551419123989,-116.5106522643707,-117.03349555592308,-116.87503264948805,-117.93635630429863,-115.33388098455151,-117.19135519061496,-116.74306616492409,-117.49843907838547,-118.08944743519356,point1,-116.91254090995392,-116.87503264948805,-118.67126813411332,0.9743402516090164,0.17081114754982613,-0.5997864358591629
HDOK,PLOK,17472,27,27,-129,-13,11,2,33,-117.02942442275557,-115.79133104206029,-114.86792722273627,-116.83392881761523,-114.40544934671901,-116.51094069063141,-117.91932484486074,-118.13477729455627,-119.49955154756562,-117.62235356543421,-117.72247862676302,-117.81351901744466,-117.27615729411878,-117.43512104656541,-117.7483959770764,-119.22511636291583,-116.36189828088271,-118.78719293787879,-117.99561789894555,-116.77977810745938,-117.46502329474923,-115.31196268548112,-117.46948890284798,-116.7546167238953,-116.21263662366984,-116.92856885619278,-114.30249135910904,-119.18024738390737,-116.20669459427035,-117.85969814054374,-117.42335339625166,-115.19552205759027,-116.38698953150718,point1,-117.0441690271212,-117.27615729411878,-119.49955154756562,1.6512759955694927,0.29282474618662585,-0.11339805900700117
HDOK,PLOK,17472,27,27,-129,-13,11,2,33,-117.41425824687731,-117.67104978633873,-116.3230574874975,-116.42716731201871,-116.46452236923655,-117.14453541315577,-115.53832612693603,-118.90820145859307,-116.1258863210808,-117.934581874551,-115.99709387007879,-116.58003626171748,-115.8397604848982,-116.24071073918859,-114.65430535367159,-117.48900068644441,-116.25127043799802,-117.3847842573205,-117.09386208156332,-116.64034912596156,-117.38174772101927,-117.28541858768229,-115.94885984076126,-118.13720242774933,-115.57938375972792,-117.69198124612251,-118.57845037032781,-116.8885189755622,-118.01019714223216,-116.49255369062166,-117.60879474085073,-115.75219587877302,-117.42947001692787,point1,-116.8759858816208,-116.8885189755622,-118.90820145859307,0.8888808651213669,0.02123234054622141,-0.26035214286842123
HDOK,PLOK,17472,27,27,-129,-13,11,2,33,-116.9341878547031,-116.3182177195184,-115.71715696470011,-114.8401526278341,-117.66379640670797,-115.92360564894794,-115.90385613344323,-118.04126240504392,-117.37824990147088,-116.16188909981737,-116.3679239177402,-116.16925696640124,-117.49188362287849,-117.48354796195697,-116.93540591867693,-116.8992781861442,-117.36810584852581,-117.79509656230191,-116.34742890581941,-116.6416357781406,-117.53973956105489,-115.69849986930276,-118.15853480482313,-119.98363865937665,-118.42904342808738,-115.57882865971486,-116.637863888864,-116.7618284751872,-116.97895124791309,-117.28381376033575,-117.39040343590672,-118.95619318787898,-116.90473175108853,point1,-116.99042452000928,-116.9341878547031,-119.98363865937665,1.0593159636202658,-0.585005075665974,1.0696893374068304
HDOK,PLOK,17472,27,27,-129,-13,11,2,33,-116.10841900461878,-117.46855485919403,-118.67863470946855,-116.48765106664689,-115.39215927684258,-117.18665243964396,-116.12155978829648,-115.9348702733441,-117.03382534901266,-115.5769220803302,-117.22112558374769,-117.48059767338447,-118.23890814492655,-116.75939128258536,-117.68940232805826,-118.60683391385754,-117.12818396863048,-116.96463011730675,-116.98327861561859,-117.4582663064513,-117.08873546516753,-115.07200829549593,-116.4354618985814,-115.47310853566542,-117.50939476132831,-116.11619340697054,-116.64723916100978,-115.14860771849243,-116.4799430517589,-116.71900698621883,-116.26475531260716,-116.11242277757901,-117.81621924707177,point1,-116.76978676969428,-116.75939128258536,-118.67863470946855,0.8293310668428884,-0.10053488259146744,-0.3473734271915694
HDOK,PLOK,17472,27,27,-129,-13,11,2,33,-117.67496135666946,-116.49827672919339,-118.40457850924106,-115.74613481574686,-115.58473274495647,-116.41620981821502,-116.01337684931659,-114.96055712032661,-119.32561110367287,-116.83228638590936,-115.3825609602144,-118.84964777221542,-117.95197367923423,-115.20871044239698,-115.5716239304816,-115.50850989734151,-117.35887889521197,-118.28645754098065,-118.14200391439017,-116.20894947740537,-117.05139736019107,-116.97058264626367,-117.80486066132235,-118.74459375240424,-116.41508662293582,-118.22384798926267,-117.43490158466062,-116.61702792090374,-115.7609786552026,-116.74942440945892,-119.3275565362782,-119.06752584951892,-116.63591359271223,point1,-117.05241634921926,-116.83228638590936,-119.3275565362782,1.590876484873865,-0.22065151803411845,-1.0592161353880165
HDOK,PLOK,17472,27,27,-129,-13,11,2,33,-115.55975111591839,-116.26406795787406,-118.32934164487872,-116.05713303402293,-115.14564056692275,-117.23107430384702,-117.41461192493927,-116.76522117970134,-117.46768978021305,-116.87959122074174,-115.26391844185143,-117.2872116897331,-116.78740168366252,-117.22222083436537,-117.87351909239004,-115.81345637235938,-117.23804624087788,-114.81670304285471,-115.81525270469926,-116.83520766327447,-118.11339251021259,-117.43673096605596,-117.73426271655757,-115.70033316469562,-116.67829366435612,-115.74963525244097,-117.1947108664652,-116.82712558524909,-118.86393428296569,-117.99388677722514,-118.03127312412056,-115.83090791694926,-116.87233505541612,point1,-116.82102673872237,-116.87233505541612,-118.86393428296569,0.9722893049804922,0.14260719198721622,-0.6514885626599507
HDOK,PLOK,17472,27,27,-129,-13,11,2,33,-116.11500301893496,-116.59334831089646,-116.31154468939478,-116.4618739377543,-115.789787091966,-118.34244620657553,-118.51624193979713,-116.59829596286335,-117.5968032895294,-118.2165067456312,-117.3558372500793,-117.9462424293681,-117.89108694077011,-117.02871965684481,-116.89429053551011,-117.06130891513395,-117.84391262466627,-116.66571467677176,-116.29665499087004,-117.54856409307948,-116.60689301593779,-115.97816004282554,-116.69860683519914,-116.49699396190428,-115.49129853076327,-115.07570570663118,-115.24391284365686,-116.48562792049852,-116.42964780644832,-117.91131767298754,-119.01179846945185,-117.34638671060127,-117.85386528445054,point1,-116.96073933659979,-116.69860683519914,-119.01179846945185,0.8969109872176371,-0.0856500446744607,-0.49421689951488945
HDOK,PLOK,17472,27,27,-129,-13,11,2,33,-116.84162120010726,-117.16356357821591,-117.63367409935742,-115.84558419889447,-117.53910877609147,-117.38976525060346,-115.95426074185767,-117.25638469885014,-117.37460352503665,-116.87997447919136,-117.14664339991616,-116.86111836120895,-116.41589723814572,-116.1596448451402,-118.6523495035236,-115.98090537600119,-117.7731842823503,-116.44238482027745,-120.13051297392853,-116.39246410654921,-116.65649426269034,-117.9060359524734,-115.9523141169836,-116.31395446886035,-118.2722056088289,-118.55720204484044,-116.73257362143138,-117.07294794139226,-117.40376337681737,-118.49142495805904,-117.66432177215289,-119.70076875022973,-117.4750305861124,point1,-117.27371766412482,-117.16356357821591,-120.13051297392853,1.029730581797081,-0.9488025178909618,0.9916255459729473
HDOK,PLOK,17472,27,27,-129,-13,11,2,33,-118.39800322999996,-117.44852434969991,-116.72872692974748,-115.64423817841077,-116.31434299702633,-116.37651361119484,-117.48324745348057,-115.94931360143715,-115.84963097726585,-115.62815544889538,-115.93422423190546,-117.01915846375168,-117.29991227339977,-115.49408228628762,-116.1659642896815,-115.6653213775066,-116.7680713396639,-117.81333427528996,-118.10038173169454,-115.5902682763331,-116.24024632989872,-116.16542392951979,-117.74886347957806,-116.27972099963004,-116.92116491276818,-115.6692150896438,-117.01555866374721,-118.39887298398983,-116.26026577829597,-116.79678715697494,-119.12004423529712,-118.76936221922631,-116.1256429790319,point1,-116.76310860849317,-116.37651361119484,-119.12004423529712,0.9868890940262731,-0.7475119289427011,-0.38456137654188316
HDOK,PLOK,17472,27,27,-129,-13,11,2,33,-116.91665651427707,-119.36294523395942,-115.35477138094095,-117.10548884939338,-116.14333578834963,-116.95858971703231,-117.7675601287578,-115.60213256136787,-117.26189314735073,-118.2089143604954,-116.57977004995261,-115.4440701609879,-116.67465853759225,-119.26880263928794,-117.65953279890314,-116.93652396764097,-115.86263593705709,-116.87805923869276,-116.0596388037986,-117.52044732561323,-118.2191321023095,-118.03185737288592,-116.9576108468009,-118.89249761202475,-117.61064148447635,-115.6313547745862,-116.5981045715708,-116.75169584839489,-115.86989611858287,-118.0679004210361,-117.9349935181704,-117.44923195822462,-117.38992475907723,point1,-117.12034147059366,-116.95858971703231,-119.36294523395942,1.080058990959014,-0.2443079664274545,-0.3610392568704932
HDOK,PLOK,17472,27,27,-129,-13,11,2,33,-117.31178374029031,-117.46416717251596,-115.6251635568494,-116.11006051095768,-116.2838274027469,-116.3707235884064,-117.68940446386175,-116.86133169139238,-116.86083978295817,-118.10792923084385,-117.00407051386404,-117.151023581119,-118.79562462003709,-116.26286903567492,-116.2658404078219,-117.43416220704681,-116.06836077209957,-115.91863052686261,-117.98336239288108,-118.02654144575878,-114.89504807181295,-117.02128662658363,-116.79634564700773,-116.23643728405003,-117.78022427180095,-116.76212449426183,-116.14024133810103,-116.3566861838747,-116.35554978875192,-117.34292047868612,-116.34758842732725,-115.31701843443253,-118.28604274967807,point1,-116.8252494072836,-116.79634564700773,-118.79562462003709,0.7737100357816928,-0.14594431877752942,-0.26752168338462834
HDOK,PLOK,17472,27,27,-129,-13,11,2,33,-115.75201857795405,-114.70385534247207,-114.98713111714208,-117.99103039498473,-116.89763622837114,-116.75450689858256,-117.32209270985473,-117.49373288495933,-115.65053191355696,-117.16833845452041,-116.70700975147548,-115.99277289871509,-117.15783087098325,-116.73134210360934,-116.71585519284143,-117.70330143413693,-118.00959646057551,-116.81691287767435,-117.03945203278357,-115.59719277280271,-117.8289290042818,-117.0477112567358,-118.74730148958952,-116.86354207273378,-116.56285668428723,-117.33074318008529,-118.16750508343965,-117.61975598601094,-117.8395271421006,-116.19119900568052,-115.02525782235153,-117.7307212749702,-115.66590484122753,point1,-116.84282108368153,-116.89763622837114,-118.74730148958952,0.9543036134728943,0.4423613517047959,-0.35321067374185766
HDOK,PLOK,17472,27,27,-129,-13,11,2,33,-116.47444362544027,-118.15119130347283,-117.2788941379447,-115.87492492699009,-117.05784843905232,-116.30924187272998,-116.0071638659975,-116.5294543025104,-117.21778760846158,-117.60248213522836,-117.03161673273812,-117.30724645448994,-112.82887323169051,-118.33911933175843,-117.79597915415152,-118.83431552258993,-115.85701485694179,-116.33614546342794,-117.19141571556068,-117.56407356380538,-115.86740530526758,-117.08487418648744,-115.81446106030711,-117.52860638218323,-117.61154343471786,-115.33425490692764,-117.05382230450105,-117.45134858126687,-115.86164532817364,-118.08943391723571,-116.37908314258348,-116.88247825491231,-115.77338045701241,point1,-116.79762331838059,-117.05382230450105,-118.83431552258993,1.205925908135898,1.2323161221348837,3.769499481172599
HDOK,PLOK,17472,27,27,-129,-13,11,2,33,-116.07432669223971,-116.12083513529359,-114.15236337034115,-117.79502778764346,-117.4995460878758,-114.89094723725938,-116.46582103083712,-117.21063488647312,-116.5802112787511,-116.53703185135443,-116.75607666535433,-116.74306777949324,-116.27763300182288,-116.07164444727042,-117.04445484348095,-118.84956829086764,-118.9089950697199,-117.7128695686675,-118.80666255910276,-115.20093530868367,-115.0442374928069,-117.27651474992288,-116.3673996166941,-116.49571901811908,-117.6673276976195,-116.86107337998541,-115.85941684321898,-119.10045267496773,-118.11496461729327,-117.50649570796344,-117.73497635486588,-116.71745772844308,-117.54502159073408,point1,-116.90877910197476,-116.75607666535433,-119.10045267496773,1.3408954529330168,0.13705288990379413,0.01809300382347745
HDOK,PLOK,17472,27,27,-129,-13,11,2,33,-116.22341378313628,-116.70310996469668,-117.6794382156357,-117.22118546267254,-117.0116008093584,-116.91618404572178,-117.25843791656224,-117.14448218335508,-116.78408267240705,-118.42075956853355,-116.35533783018356,-118.60968081721018,-116.423478715217,-114.87341015801873,-117.17283452298024,-117.86093685594504,-117.66378190524735,-116.76816670015977,-115.41467673622175,-117.39250748937432,-117.33636758133949,-116.38199924341498,-115.66914519531679,-116.58412099398754,-115.01840856846266,-117.252065396122,-117.59075676502127,-117.83081486366413,-116.08585507843489,-117.14246407258527,-116.93090353435545,-117.33157598534031,-115.75272291607898,point1,-116.87286989535639,-117.0116008093584,-118.60968081721018,0.7459901935435017,0.4447032540079208,0.18138552078323933
HDOK,PLOK,17472,27,27,-129,-13,11,2,33,-115.96779583321776,-118.00957511341441,-116.33646568493062,-117.49375290720506,-116.73939419057659,-117.10739731584813,-115.97741745629028,-117.33941334739671,-118.00397365343258,-118.01578927025551,-117.4610085127845,-117.6279335817386,-116.04428279237148,-115.96485196554353,-117.45448137932338,-114.97597430983981,-116.39426032009281,-117.60043914810721,-117.67551764891832,-116.16915497256198,-117.73182690663336,-116.35957876479021,-117.40957260493462,-115.69767997498033,-116.14503821070942,-115.9367425298726,-115.56813342820895,-116.56200581658237,-115.47846877595792,-116.23108658756581,-116.33755765787532,-117.1940235135755,-117.25578303842624,point1,-116.73534476405945,-116.56200581658237,-118.01578927025551,0.6929630004405399,0.09184242078298266,-1.1357355821490498
HDOK,PLOK,17472,27,27,-129,-13,11,2,33,-118.292561480147,-117.15509534157299,-115.46420601491577,-116.32976352543008,-116.37264022028937,-116.91925003739755,-116.24148662350595,-115.83428484345802,-117.87794926011523,-115.072891465579,-115.60492793845506,-117.20724907447418,-118.74531008258192,-118.20709077719353,-117.21033240323497,-117.60699790003291,-116.93675588266271,-117.28846448158828,-117.83841719475745,-116.32897680746913,-117.28207583304611,-116.08293313859559,-117.24071722066876,-117.48969574415686,-115.21782200042043,-116.60814344899318,-116.79995325492794,-116.86562057187432,-116.06858364701753,-118.0770591132738,-117.36282153038754,-117.15649069680182,-117.96272893097023,point1,-116.93179686321197,-117.15509534157299,-118.74531008258192,0.8190960400622977,0.2150007416322885,-0.5001785741617115
HDOK,PLOK,17472,27,27,-129,-13,11,2,33,-117.71448036215256,-116.84427065053994,-116.54537376844227,-115.72704704178268,-116.93485678991898,-117.09323819300205,-117.03619329857672,-117.10971928113852,-117.70775808687787,-116.92647746865705,-115.79722373659347,-115.1606763376946,-117.5138324586123,-115.40537176963888,-116.28167806346077,-117.18504819596468,-117.63300713465652,-115.51639817544807,-117.49730936632457,-117.34435827865582,-118.41057038907286,-116.77737406801921,-116.91071213324129,-116.23312614113617,-116.76742815153634,-116.28877722673445,-118.06404788243326,-118.27662266879551,-117.12288420383615,-118.95001165935793,-116.22100659905163,-116.0849903520125,-117.21056830965638,point1,-116.917952674031,-116.93485678991898,-118.95001165935793,0.7603068645834001,-0.052912504358800884,-0.11511193041911572
HDOK,PLOK,17472,27,27,-129,-13,11,2,33,-117.59083942061473,-116.51585422477629,-118.1346892051627,-115.41462699715518,-115.65038918167204,-117.33766382392402,-116.0725055887394,-118.09811496008285,-116.56611090632553,-117.80039332786197,-118.05564479617881,-116.5754827684412,-117.07912535063653,-116.3181225152268,-114.2623133135886,-117.35505457519547,-116.65192452536566,-115.59049971332622,-118.2036257754171,-117.89674528053449,-116.08729773058836,-117.928184246605,-115.77701239173106,-115.35250272889174,-117.63874714217997,-117.10621034503846,-117.6418005551559,-113.65702547316609,-116.256006717603,-115.13452525020233,-118.83598144400655,-117.13608436292525,-116.48976006286787,point1,-116.73366256670265,-116.65192452536566,-118.83598144400655,1.4004817928929305,0.5817194947870779,0.06693052154271939
HDOK,PLOK,17472,27,27,-129,-13,11,2,33,-115.0839553108271,-117.0860307771965,-116.93886971914301,-116.54750513474585,-116.13929960163316,-117.67632758077913,-116.22126532291801,-115.95869739849306,-117.03587087593317,-118.23484295065217,-117.80982682908042,-116.46471680494095,-115.61861837064744,-117.8188474907305,-117.97081062323738,-116.44602800079487,-118.12898926745942,-117.72161382618594,-117.01198927739408,-116.62070233397161,-119.37894072048294,-117.90825530730926,-116.39920047744116,-117.23156895732076,-117.08978959706432,-115.89934776808693,-116.92022867091191,-117.27581006002417,-116.20875351284221,-115.76409166956535,-116.57977070267874,-117.31827542717407,-116.79889494557239,point1,-116.94871925191633,-116.93886971914301,-119.37894072048294,0.7756935723741339,-0.36397527617754427,0.46365865924516125
HDOK,PLOK,17472,27,27,-129,-13,11,2,33,-116.2307231119249,-116.62578150445532,-114.49145323141599,-116.70047573292712,-117.17650057394319,-117.08464280542944,-116.05850440252443,-117.8564078042031,-116.26490327695763,-116.00371127677204,-117.96983130273907,-116.60168614459158,-116.68198776132114,-117.60401068864874,-116.56234356172105,-118.54257604855917,-116.72974555644073,-117.26273363260852,-118.36324739709138,-116.51423687297422,-117.49250057736123,-117.91171922751951,-118.03097054910373,-114.76939441396816,-117.86943535280469,-115.1414646524371,-114.49399222787802,-116.57349493921647,-117.18830036027992,-116.64636466822729,-118.14381933240604,-116.51310898662797,-117.08408556434767,point1,-116.82376222846749,-116.70047573292712,-118.54257604855917,1.0651685190865945,0.6200840495870072,0.18185050383911516
HDOK,PLOK,17472,27,27,-129,-13,11,2,33,-116.58097822242587,-117.9922281907259,-115.6654628707753,-115.96246658452425,-116.62927356587133,-117.26872757387925,-115.09684523643334,-117.51690300229018,-117.0186368191413,-117.44827667321458,-116.7139100831612,-116.79401290644645,-115.19695017003322,-116.6665701040447,-115.89256323185992,-115.9153421469648,-117.51875842247779,-115.34875675755512,-116.6350141474224,-118.6027168190421,-116.39377680549231,-116.18385975519566,-117.22874919750646,-117.67573073789622,-119.09310641802017,-118.80436157648134,-118.45447587767899,-118.08485640452226,-116.65934924168666,-118.06017721942447,-117.55936172133022,-117.01441211342537,-116.0147375810752,point1,-116.96034388418256,-116.79401290644645,-119.09310641802017,1.0560117421439772,-0.15585822003585992,-0.5863263826968366
HDOK,PLOK,17472,27,27,-129,-13,11,2,33,-117.51728660636837,-118.2949003602046,-117.55654964393062,-116.72986793379089,-116.30723908735219,-116.45796851243192,-116.01860166382428,-115.2257387135895,-117.39248957331091,-116.4524864913843,-116.42932183741353,-115.93301093962245,-116.64974353203928,-115.42574078622914,-116.47128026519628,-117.59688468500453,-115.66253548588185,-116.44054408517378,-116.95943403802842,-116.01019436585688,-117.44001276754055,-117.53856216228672,-116.362507144748,-119.9559087312116,-117.74258046408896,-116.83580327438419,-116.37986672317014,-116.56100184914085,-117.42988993778094,-116.9029769652438,-118.05979700845215,-117.48847803159559,-116.68513249805866,point1,-116.87619200497987,-116.68513249805866,-119.9559087312116,0.8297657496290424,-1.0085224592949964,2.572448887135415
HDOK,PLOK,17472,27,27,-129,-13,11,2,33,-117.22245496596311,-115.17257006020266,-116.15603788407122,-117.42192709157891,-116.99132711375347,-116.71951297839834,-116.5317827445771,-116.68778325153164,-118.17453379883715,-117.09300901185739,-116.66582388794758,-116.14683590164917,-116.68501035951823,-115.82634760483394,-115.76974085794858,-116.97571677228159,-116.01666224358422,-118.24336496412067,-117.85845060795718,-117.26746931162728,-117.09736177758201,-116.93471711581199,-116.93567067401031,-116.09931948305255,-117.88911573460716,-117.92582307964794,-118.95609601739766,-117.3717144074977,-117.22988265570079,-117.04612080944815,-116.70225971791862,-117.21557528030277,-115.90833648846115,point1,-116.9375258985963,-116.97571677228159,-118.95609601739766,0.6336048311835759,-0.20324648902193815,0.29096184440075357
HDOK,PLOK,17472,27,27,-129,-13,11,2,33,-116.67036611060986,-116.92011275600424,-118.3361934343873,-115.47107525472384,-115.93098596489385,-115.78805796381297,-117.7302485493993,-117.40559235003832,-118.35790316436858,-116.48890804906848,-116.73113449573425,-116.61720675316886,-116.6923710864927,-118.22047056488347,-116.47346099232107,-117.34487088362873,-116.79196315274956,-116.86964334645494,-116.89987122962208,-116.47243897095107,-118.2253851379042,-116.9998464567348,-118.16862510629066,-115.58491158013697,-117.6680580547108,-116.91163345482026,-115.97277271732565,-118.84977058347579,-118.3615805091801,-116.9248598908734,-117.63935616255733,-117.32683090352015,-116.05288490132074,point1,-117.05755728885345,-116.91163345482026,-118.84977058347579,0.7625416791146679,-0.18192207035250105,-0.7106164908375368
HDOK,PLOK,17472,27,27,-129,-13,11,2,33,-118.16961825157571,-117.69336423936177,-114.75761694479196,-115.9316150843693,-114.95706870103635,-115.65518062748082,-115.23208997678704,-117.55966386018282,-118.0536042227247,-117.1191266974436,-118.57921623080576,-117.99855387876012,-116.4871730341608,-116.88542596101192,-116.79676778524494,-116.69849877190735,-114.49187596524123,-117.9856565146766,-117.87512199487414,-115.99727602164381,-117.78523262112549,-115.91656084955733,-116.15071904749402,-116.734242423181,-115.85114954823545,-116.64273491030977,-116.66206870500103,-116.3864074361049,-117.52634693685556,-116.87007128444552,-117.60164792017972,-117.05297557589007,-115.61197750338117,point1,-116.71868634926793,-116.734242423181,-118.57921623080576,1.0906292090810616,0.29422322495128916,-0.655582049731624
HDOK,PLOK,17472,27,27,-129,-13,11,2,33,-117.04663823821116,-117.16373206801818,-115.77211124707165,-114.70124855088156,-115.60538126878724,-117.1008154280779,-116.32376722918009,-116.75458116235359,-117.42877545206304,-115.28089501135005,-117.43513727094651,-117.3427215228622,-116.51252499649836,-118.2036098886415,-115.63746037379978,-118.63655990623762,-118.80236843693548,-117.36142297897501,-115.37111237679952,-118.10380417535912,-116.32438845841133,-117.59688472488098,-116.2814760083294,-117.96758234022515,-116.03476530363793,-116.20939576021333,-115.0771913088414,-116.56779354746762,-117.4267055933557,-116.71573132730893,-116.38275392125998,-116.66672142722263,-116.81065217211932,point1,-116.74686998413098,-116.71573132730893,-118.80236843693548,0.9876915425207408,-0.045842465246394265,-0.38553819801622025
HDOK,PLOK,17472,27,27,-129,-13,11,2,33,-116.93688896124237,-116.63575294786104,-114.9361626811728,-115.68222372464471,-118.2527461337989,-117.45681354350978,-116.12603027518625,-115.7045924032147,-116.49488353601059,-117.20377881344464,-116.31253789224469,-116.00056044424521,-115.52443276137814,-117.06553852706345,-117.52016779028634,-117.24430672607056,-117.91878556490566,-117.51877127297148,-116.72065238128805,-116.28404600007005,-117.48395237385418,-116.5351847443668,-115.80222449117349,-116.12817469312459,-117.32167334915002,-115.39186925830403,-115.64876971545439,-117.14383275751032,-118.50850562635635,-115.17903909268777,-117.25027857211687,-117.09017820812441,-116.15018722910453,point1,-116.64162249975567,-116.63575294786104,-118.50850562635635,0.77768721243917,-0.049480830359131894,-0.6701260749095264
HDOK,PLOK,17472,27,27,-129,-13,11,2,33,-118.0791096959787,-116.58956589011748,-117.86666632703523,-115.49100920764663,-116.06812520148557,-115.11731454969058,-116.51591110801448,-118.28823394543122,-117.0353468314081,-116.3195894563214,-117.20743088016131,-116.95259980002776,-117.00562731794956,-118.02465169065796,-117.33142048896713,-115.80963991065569,-116.01944666857666,-115.68282841176898,-116.65809940044724,-117.25260397230508,-115.69526438219587,-115.0706387934105,-117.36506227110036,-117.65685222271931,-116.1449303012918,-116.77798480925445,-116.27723773381527,-116.81594363029846,-116.23730332479649,-115.60708723081129,-117.33886073712529,-116.95188683790441,-117.51213856355072,point1,-116.68989126039156,-116.77798480925445,-118.28823394543122,0.7177345513269807,0.06440840320314463,-0.7566819859390823
HDOK,PLOK,17472,27,27,-129,-13,11,2,33,-116.49073893625406,-116.90330630971677,-115.98079602505766,-115.53124676713209,-117.67305732768335,-117.00711782022849,-116.08631518133826,-116.55023568905283,-117.35144348086902,-117.76682583628627,-115.74410214180725,-117.65824370870159,-118.5463116493103,-117.29651608077721,-116.63255366098187,-116.67300559221223,-117.58180051546921,-115.92955231877238,-116.53009280269347,-118.85542206063177,-116.32733525267423,-118.13053313083847,-117.41654252187139,-119.27156577294028,-116.43722297605446,-116.4093341864371,-117.76952969446158,-116.50755488425597,-117.82499655003143,-118.64179932077936,-119.077459566269,-117.60896100163234,-118.2313311467873,point1,-117.2255409063639,-117.29651608077721,-119.27156577294028,0.9700108929965348,-0.321753432024647,-0.7338623308744188
HDOK,PLOK,17472,27,27,-129,-13,11,2,33,-116.65801907341852,-116.1655659558076,-115.45633254897787,-117.00776689408828,-115.87365469916811,-117.14076955640795,-117.79631914688392,-117.01350002089733,-117.26830885622057,-116.2071934655514,-117.30039665992621,-116.4359172424261,-117.53700227926724,-117.76037901002418,-117.53205402424305,-117.55292637354374,-118.57688022966042,-118.11415862970182,-117.12332900314009,-117.85691880592329,-116.33419134605745,-118.01365064210219,-116.85809755245431,-115.79223405236336,-116.76381696418035,-116.60454191461565,-115.66668553693498,-118.76176313271642,-117.04915701176236,-115.62085565726053,-117.30291616910836,-117.93322298005384,-116.45067182530374,point1,-117.01603628061187,-117.04915701176236,-118.76176313271642,0.7080132585627825,0.0037585607541913077,-0.6017566365344291
HDOK,PLOK,17472,27,27,-129,-13,11,2,33,-116.71392557453701,-116.93302391991772,-116.57476013643637,-115.13060680988819,-118.01593111403987,-116.80551609951475,-115.89517282120099,-116.98167938577863,-118.252241096609,-117.29597814925896,-117.41114265270856,-117.1670014097259,-116.97400078441112,-116.36978738409766,-117.53849909615339,-116.12873950603765,-118.5547422243404,-116.27557549349395,-117.72698926598913,-115.17250205920949,-118.38372816663961,-118.08043065502096,-117.07070887604394,-119.74136367626166,-116.59133482072498,-117.82503260689903,-116.6199460163041,-115.8665763814703,-115.65353824526102,-116.53455759675282,-117.16997169848861,-118.65904675619481,-115.84654224477433,point1,-117.02910887042984,-116.97400078441112,-119.74136367626166,1.0652984279158233,-0.37398655486835247,0.14350963971404163
HDOK,PLOK,17472,27,27,-129,-13,11,2,33,-116.58478188017708,-118.46284508638536,-115.83678943515962,-117.32531693877512,-116.5490684004632,-116.77733100088805,-118.04967518558585,-115.6146996286893,-115.24765722927144,-116.66844473224357,-118.35894900250487,-118.50182640094155,-115.4836953013458,-117.18419066367859,-116.45124559109641,-118.16859464735425,-116.90120966726248,-116.0541443472874,-117.52556007834451,-117.36541264888373,-117.35126148764631,-116.26062987334002,-115.36490526730938,-116.9885914977263,-118.22886949843507,-117.25449731350983,-117.13009438689724,-117.2236893373395,-117.23772285571211,-117.73742245801853,-116.82588005449598,-116.40801754055329,-117.63474054388456,point1,-116.99265939336989,-117.13009438689724,-118.50182640094155,0.7881700200509693,0.18725510901739859,-0.5826375541866042
HDOK,PLOK,17472,27,27,-129,-13,11,2,33,-117.21203282980119,-117.18412415212083,-116.31295527209228,-115.98220071760028,-114.44494823419524,-116.44116644437038,-116.58191883171118,-117.43799520516427,-117.15957591253145,-117.15480956567475,-117.48330288883834,-117.45828917838996,-116.94275617926114,-117.3425498289456,-117.21325366389163,-115.89103133648308,-116.43340334932478,-119.16387136633523,-116.59800204103898,-118.85234479715838,-115.62978836626185,-117.248536887378,-114.66400521385629,-117.78264274911122,-117.33548102135974,-117.81518648442174,-117.98409267682226,-116.41537074485423,-118.03958664663926,-116.93839522917382,-116.9682637139246,-116.52330115245302,-116.77121524232965,point1,-116.95170902798529,-117.15480956567475,-119.16387136633523,0.9291894468019378,0.3938854486762744,1.3520162812166112
HDOK,PLOK,17472,27,27,-129,-13,11,2,33,-116.8551827286859,-116.1863957981004,-116.00278223299892,-118.65762873531904,-116.36846022090265,-117.41668701064071,-118.53860294810171,-116.09412567011238,-116.50916795047019,-118.23386579438005,-118.0797556569598,-116.08138644609176,-118.99734365919974,-116.99101557603724,-117.64407155958575,-115.53617824015758,-117.43616399393419,-116.23014703438065,-118.72435261928072,-117.19668168206564,-117.53407391784361,-117.5745255870649,-117.124411126913,-117.28063034289138,-117.62181372995,-117.48857906102845,-116.82261802271879,-117.42136731414071,-119.82546471289629,-114.03956646791477,-117.46105219905769,-117.86004972349811,-118.27028291652644,point1,-117.27589183878328,-117.42136731414071,-119.82546471289629,1.2316960767963532,0.3788471299987194,1.2117892898916458
HDOK,PLOK,17472,28,28,-128,-12,11,2,33,-117.90303955156398,-118.09988621642029,-117.72656792720274,-116.04813064204232,-117.0336266349992,-114.96433632010947,-116.93204604007398,-117.81508982241402,-116.736123615727,-116.0656740888393,-116.63978402524373,-116.32758566710804,-118.14605082929043,-116.12175791835158,-116.77763180960339,-118.23804924043328,-117.42522408418532,-116.33336070938081,-118.37332585853989,-117.49915450272049,-114.75341565691657,-115.76975739423217,-115.78036194734153,-116.55309891815243,-117.86908633378285,-118.39508372566624,-118.09276028882914,-118.26780610688967,-116.44373940017609,-115.97269573848345,-116.65661343503001,-117.85560238706218,-116.05058609128554,point1,-116.9596076644878,-116.77763180960339,-118.39508372566624,1.0011600355029466,0.2597706233950369,-0.839389141279391
HDOK,PLOK,17472,28,28,-128,-12,11,2,33,-114.8001691698967,-115.4712507415156,-116.33730980131251,-117.91527028670363,-117.40472731741912,-118.38613637402784,-116.90485084296824,-118.52266872701114,-115.64240044831736,-116.48146750191087,-116.38953190784103,-117.43786910163041,-115.86035357100177,-118.23459903190493,-116.62209317939045,-117.87601681695816,-115.30228990362241,-117.77592031611701,-117.86178837630159,-116.15469132750444,-117.67963070384376,-117.911788492599,-118.74700045309498,-117.8723366302206,-116.1919396290539,-116.65756670552867,-117.00774400525805,-120.04460959203963,-116.4656173766,-116.98779209397213,-117.69030185301469,-116.60940302682185,-118.48093862971729,point1,-117.14327496773093,-117.00774400525805,-120.04460959203963,1.2664783957369097,-0.1423535939550448,0.019846782145129804
HDOK,PLOK,17472,28,28,-128,-12,11,2,33,-116.40799944823853,-117.81003785401478,-118.61388613737047,-118.27866033452302,-116.96976851700799,-118.23349893388873,-117.78579665094782,-117.64694461052545,-116.78757313862401,-116.34188038698929,-116.91378072754914,-116.56923492928502,-116.74770814269402,-115.81373883135723,-117.03248576691954,-116.39516118690615,-118.88108362841191,-116.11747155633002,-117.87962601651763,-116.60409109590928,-117.83661479033198,-117.86017474783392,-116.94356280439646,-116.18309414942448,-118.29899234960726,-114.81739688031972,-117.61707884818816,-116.49135981271975,-118.04409255282715,-117.58332805917019,-118.08586571988761,-116.85645388342603,-118.28347943928038,point1,-117.23430066458859,-117.03248576691954,-118.88108362841191,0.8251000732748973,0.36890027079395443,-0.14192512334632834
HDOK,PLOK,17472,28,28,-128,-12,11,2,33,-117.03884117025477,-117.88066300011086,-117.90057888518508,-116.95185458204266,-116.58338404065718,-116.71972380533265,-116.04364487024317,-118.34164572400569,-118.66087417937734,-118.43793012161176,-116.9346051574818,-115.37029631149673,-117.99161833649592,-116.02974155465601,-116.56848725272894,-116.37749033133777,-116.51664644130604,-116.41468789024981,-116.12528612379498,-116.33942638845369,-116.79065814988074,-116.32277471467886,-116.71475242344668,-116.66777345012135,-117.34122076494813,-116.65077927022314,-116.70597476658241,-116.95884400667269,-116.55620051068563,-118.6398749816922,-117.24669420554723,-115.32653685232664,-116.80061441771201,point1,-116.90757953579822,-116.71475242344668,-118.66087417937734,0.6922962535203673,-0.5597289963738863,0.044661448255073566
HDOK,PLOK,17472,28,28,-128,-12,11,2,33,-117.77768605730358,-117.63331081076002,-117.15976159931888,-115.57907299569636,-116.3143528518754,-115.87141746859804,-115.98708829394546,-116.63892259508712,-117.871204302639,-117.6342873659562,-118.4656688148279,-117.51414500358436,-115.49240315487762,-117.52996220172278,-116.84001124776594,-116.61546014188067,-115.70501869155433,-116.84707112694971,-118.09696783760761,-118.00127661701923,-115.69687082015294,-116.4612948777313,-116.70646056054476,-116.82512888768017,-116.63367111778226,-115.93539484131061,-116.9506060586266,-116.5408045791107,-117.85487957181144,-117.23052934712256,-117.42626363077788,-114.51458078566533,-116.31362765822331,point1,-116.80803642168213,-116.82512888768017,-118.4656688148279,0.7921787062514056,0.3334856965041284,-0.18271532484877273
HDOK,PLOK,17472,28,28,-128,-12,11,2,33,-117.16534399817692,-117.28214536147979,-117.73487404030892,-116.34939641269223,-116.63902629825544,-116.67855522603595,-117.60077146921351,-116.98169970608822,-117.95622471350555,-117.08716242510688,-116.1074329299443,-116.94268506075386,-117.7193741782718,-118.07808132331093,-116.53556804035114,-116.33662004878283,-116.73831748747752,-117.11869305124492,-117.19155600612191,-115.51384975042438,-116.47863329949836,-116.55506507135937,-118.15029943244676,-117.27792124664613,-116.79322225874289,-114.49184341847213,-117.42876611267023,-117.55761493212046,-117.0520684479705,-116.9490991195882,-116.79202894482461,-116.78003010132812,-116.73848770587298,point1,-116.93340780663904,-116.9490991195882,-118.15029943244676,0.5081243925224525,1.0970347520312296,3.1030837136140526
HDOK,PLOK,17472,28,28,-128,-12,11,2,33,-116.78134158830615,-116.45776346306432,-117.31883753050028,-117.38083229612238,-115.91695526657385,-118.39284275590397,-117.63092799223669,-117.28603081672628,-118.41419684859179,-117.87046211108206,-117.72860108425085,-117.43885035630797,-115.71735813100122,-117.5792241911482,-117.43705800242209,-117.73872633611143,-117.87913383693224,-116.05253310462214,-117.65909123436816,-116.39844364246372,-115.87763488163765,-118.29032547073778,-116.61202759915032,-116.16572501377655,-117.32429605812983,-116.27126899502028,-116.8977553102084,-116.65648435909928,-117.9240810376291,-117.51546695854,-116.8665594305101,-116.58558552373356,-117.08286768946363,point1,-117.12573602776885,-117.31883753050028,-118.41419684859179,0.5508164136078691,0.18000423511345331,-0.8927554611985853
HDOK,PLOK,17472,28,28,-128,-12,11,2,33,-118.42409989227053,-117.29537456137382,-116.6801517735321,-116.84135629160033,-116.74232565790346,-118.2884948399471,-119.0247114007594,-117.61544558304776,-116.99407990296453,-118.48272280104773,-117.0094844855698,-116.82302096112633,-116.60894123750056,-116.76250889707231,-118.32909634365849,-118.04262107052156,-116.68795588876148,-115.60916030871405,-116.98006154153059,-116.56038633415055,-115.47934424269566,-117.60639093508878,-117.47961301733345,-116.91679603594918,-116.59199895193852,-118.2314896933139,-116.80206099339338,-117.34193649602355,-118.39534460187836,-115.89282238165897,-117.45869240577902,-118.49988648140457,-117.61174758739622,point1,-117.27606435142138,-117.0094844855698,-119.0247114007594,0.7337640540608755,-0.017594246226557336,-0.43492213564027793
HDOK,PLOK,17472,28,28,-128,-12,11,2,33,-116.67767709543315,-115.74577625920278,-118.6873434859499,-117.99760741143177,-118.44660825869342,-117.5180824651382,-117.4430524696374,-116.12521423743755,-116.51492618558977,-118.51230798251608,-115.87792481182068,-115.73038410438711,-116.25858131807468,-117.75764060917616,-115.83971636579969,-116.47543038262677,-117.27479046845195,-115.42115075100276,-117.45618705620085,-117.7667275071927,-119.17624999732008,-116.55442635328937,-117.46351533427497,-117.63799643140956,-117.25728287841179,-117.32843443451327,-114.77565604606929,-118.22746141286751,-117.16593440574859,-116.89827252679561,-118.0602680866388,-116.24253593946183,-116.35331011752334,point1,-117.05055979363902,-117.25728287841179,-119.17624999732008,1.0484628045632511,0.061438872961152344,-0.5181248660220379
HDOK,PLOK,17472,28,28,-128,-12,11,2,33,-117.65687788314877,-117.2048733216212,-115.10236023212171,-119.11744246205981,-116.70155940476486,-116.49388963094721,-119.96839542684096,-116.61856465843015,-119.25873771961176,-117.47102753774098,-117.7417643328451,-117.39575211111695,-118.21867994260991,-115.95239271623096,-117.07319298953507,-116.06020132655776,-115.84356770274994,-117.2697873337409,-116.36765565986671,-118.81617870381888,-115.77441265105327,-119.02648951969084,-116.85410218809334,-115.95446930086399,-118.31952817975285,-117.24955986506498,-116.53497115333005,-118.27291962097243,-119.2374476414616,-118.46186714518903,-119.52717483055079,-116.78825073399402,-117.42194138086343,point1,-117.44715258506788,-117.2697873337409,-119.96839542684096,1.5147918620548662,-0.2584682384915307,-0.7929797567429664
HDOK,PLOK,17472,28,28,-128,-12,11,2,33,-118.59468378737151,-116.53093893104791,-117.92237702513687,-119.35955025039368,-117.39483477735996,-117.06411937909778,-118.10246876353052,-118.57133072921805,-117.78019092667714,-116.76780114802375,-118.64304787188729,-118.25667026216364,-118.71582833942773,-117.7249901719683,-116.97790604869762,-116.43210656699085,-119.50757163098261,-116.61881255073136,-116.53249974220643,-117.2498134396739,-117.56492150249711,-117.41688293021261,-118.18264471107985,-117.13750102559985,-117.98986817280193,-116.41308695017793,-116.49053464825117,-116.85992830910047,-116.79589928558178,-117.78705748890444,-117.36980533747274,-116.09846550417834,-118.24872208422171,point1,-117.54857152402019,-117.41688293021261,-119.50757163098261,0.7644636584708626,-0.39132343047388,-0.5872233838497118
HDOK,PLOK,17472,28,28,-128,-12,11,2,33,-116.1623262341048,-115.84223534868265,-117.05598871994955,-117.27726665175396,-117.01217398544219,-117.5355400779356,-117.42635086305417,-117.96374271781455,-118.6397616490096,-116.80213235223708,-116.58095825423182,-115.32831576157602,-116.53493473177156,-116.49407403629847,-116.80050750966817,-116.85157734691725,-119.25881779893784,-118.51944919797455,-117.58436570844226,-116.65074712356636,-117.6049578038392,-116.89595828766817,-115.89551912745902,-117.11166005394911,-117.18961638759103,-117.280004463907,-118.57061987710935,-117.82353110864804,-117.86192510689935,-118.4042408761582,-117.08454420493219,-117.2335165518708,-116.40852907666698,point1,-117.20260269685052,-117.11166005394911,-119.25881779893784,0.7353503561367081,-0.25897216314892185,0.13844422625275987
HDOK,PLOK,17472,28,28,-128,-12,11,2,33,-118.31670331569303,-117.46610577599402,-117.9964104017993,-118.18052524493095,-115.40261575538362,-118.02873858035086,-118.48985040577402,-116.55382936097774,-118.32626484971415,-117.95694688176641,-117.76240505398326,-116.18677073094291,-116.91038425235018,-117.29323748194324,-116.37422803450623,-115.0855363972491,-116.4535331543629,-116.12606744178032,-118.26718575932428,-118.03974542055387,-116.52474728307142,-115.42495651635683,-116.11918863591528,-116.81858099209602,-116.56198041296287,-116.94311253420969,-117.32433182068392,-117.95914416574077,-117.57226601931733,-116.20396432246774,-116.83738811420913,-117.08268891670004,-118.10435778391917,point1,-117.11193308536457,-117.08268891670004,-118.48985040577402,0.8702917089582562,0.35530323201340774,-0.8271289856186756
HDOK,PLOK,17472,28,28,-128,-12,11,2,33,-115.55334084313591,-118.32049639641534,-115.6843904100582,-117.58498197518368,-117.80221125154993,-117.64033496926199,-117.29680741186242,-116.40742356905567,-116.5302028278515,-118.42328339149279,-117.33972533964359,-118.3054171162368,-114.95719869605006,-118.37816010241004,-116.94873196854094,-117.0543172362226,-114.88296507242804,-115.22706613425515,-117.62412258618284,-116.82559932369234,-118.95873493333893,-116.68416872971197,-116.98368789375607,-116.58074070825576,-117.13383094001611,-116.34478799632905,-117.00324063753786,-116.54817090382053,-117.1948892436634,-116.15127598309026,-117.27937117066817,-115.63905491189819,-117.37799023410889,point1,-116.92929457296137,-117.00324063753786,-118.95873493333893,1.0006549573124033,0.21853060336362265,-0.2767011634801677
HDOK,PLOK,17472,28,28,-128,-12,11,2,33,-116.27203296471582,-115.4756620447426,-116.65801459031917,-117.43968097397769,-117.64754578272674,-117.4132785291549,-115.79280602887104,-117.29807637870863,-117.3764229360191,-116.30114103648836,-118.37747740660446,-116.72347074067555,-117.80906691796156,-115.7595715142703,-116.89759169854426,-117.07682585050226,-117.09114332360713,-118.84441952310345,-117.48088816104098,-117.59851407031582,-117.27325077326336,-117.18215241652842,-116.08745256824099,-116.30881208311261,-115.46433022362518,-117.39258695704824,-118.89726747603878,-118.02204923888547,-117.40871928393193,-117.88932344544438,-119.9329295871643,-116.84859686921237,-117.68129078036846,point1,-117.20370885379437,-117.29807637870863,-119.9329295871643,0.9504863318616422,-0.4247548268239439,0.775777991974476
HDOK,PLOK,17472,28,28,-128,-12,11,2,33,-118.25167724567115,-116.58218531914302,-118.4162577554622,-118.66928112120586,-118.86070566727741,-115.56155496577195,-117.83404899087637,-116.73812834616481,-117.44966998354542,-116.52204631151969,-117.07029882271684,-117.691011515372,-118.36218602058946,-116.52171005578072,-116.93886141985094,-116.90763201216853,-116.45599345606871,-116.12343516411288,-116.21717504966627,-115.96147080957913,-118.4780445689677,-117.49368028430592,-117.55984281895763,-117.36287382133877,-116.91815343654675,-117.10558576417739,-117.45670881965347,-114.55184091546465,-116.66672754881158,-118.06792432645602,-116.60910531126665,-117.02446945838335,-118.48678969430135,point1,-117.17930535761138,-117.07029882271684,-118.86070566727741,0.9164335070215208,0.338604131633195,0.2863563863651857
HDOK,PLOK,17472,28,28,-128,-12,11,2,33,-118.17014238237256,-116.3140946765896,-117.20642014367218,-116.64386816210528,-119.04363238886133,-115.74965589747589,-117.50087158603682,-117.63225377864191,-118.00076799564212,-118.17311042977128,-119.52405484199,-117.85804031171976,-115.67066652704278,-116.99759458511919,-118.83613746309354,-116.3166637581878,-115.44160495022034,-117.24782715074302,-116.79776550599414,-118.27601398805291,-118.67905900758328,-118.56431165047533,-117.31930856087726,-116.78644301727712,-116.95738799498736,-115.23174061905918,-117.05798010922408,-115.90458404269857,-117.35892599029926,-117.49563127582543,-116.12494188183511,-117.13081884052806,-117.47126431676114,point1,-117.25707829790193,-117.24782715074302,-119.52405484199,1.1088836115328218,-0.052128935790592475,-0.45573439302206964
HDOK,PLOK,17472,28,28,-128,-12,11,2,33,-118.51953790872754,-114.653292603795,-117.15879282880063,-118.81145059209386,-117.70777134945799,-117.8608163495589,-117.53790866846876,-117.31905942617512,-116.54586825844422,-117.17965970244165,-116.63487687074276,-116.98775860184453,-116.37788304099381,-117.11910149718247,-116.4922411958731,-117.698671861875,-116.99058611196298,-116.67331708146926,-117.46338545481511,-115.05115558364415,-118.2610461963947,-117.66752100810024,-114.8633380515549,-117.61043403501647,-118.18339379514033,-117.19591215025703,-117.2196048506629,-116.36130233167599,-116.44494818217332,-117.26141869990525,-116.79526449604832,-116.39430638458185,-116.83618447856054,point1,-117.02660029237695,-117.15879282880063,-118.81145059209386,0.850054625742651,0.7387064289152441,1.1228760886660285
HDOK,PLOK,17472,28,28,-128,-12,11,2,33,-116.59592504929161,-117.37864567036945,-116.37030299077503,-119.60332568840307,-116.27708034149929,-118.96549274811674,-117.59861519929046,-117.67523221337042,-116.72524111140149,-116.0726963549858,-115.14691811976319,-117.65426771856133,-118.01357109444747,-117.05637677038948,-117.45138370350644,-118.71033332998283,-116.20341324695897,-116.95715273849106,-118.59362461928349,-116.74764711898935,-116.64941969138069,-118.71564506547003,-116.351969302559,-115.37362419545802,-118.8764927365379,-115.4343583031067,-116.04354010243856,-117.38642077319284,-117.27608727095617,-117.73444870514157,-115.66616329463326,-118.16066103571454,-118.01654819572383,point1,-117.19644316667245,-117.27608727095617,-119.60332568840307,1.2589959642515123,-0.139168838631445,-0.6678371379398254
HDOK,PLOK,17472,28,28,-128,-12,11,2,33,-118.14820350614438,-116.95899787712784,-118.06828044127273,-116.70677762719846,-117.52043762609718,-115.0321620870103,-119.452705530492,-117.49601853322427,-116.9217065097428,-116.05410906371506,-117.4018202860647,-115.80200491495845,-118.9471498157871,-116.96314110577984,-115.97436102941252,-118.61894756436797,-116.80865529505137,-116.2467837078304,-117.96311558632053,-118.11366788674133,-118.72034942171847,-117.66765599473344,-116.87278420534989,-116.98580202646635,-115.41278343755586,-117.15627677032626,-116.11519139201198,-117.42988987288884,-114.20501422764976,-117.19497807066496,-117.77464919889147,-116.7991984325182,-117.77403304865322,point1,-117.13053491193236,-117.15627677032626,-119.452705530492,1.246896198136215,0.37240710478423067,0.4438927876827381
HDOK,PLOK,17472,28,28,-128,-12,11,2,33,-116.93432516594535,-115.33556177790746,-118.16687770299283,-116.83228558061003,-118.12802005456841,-116.27788415537826,-116.07139540237797,-116.79240920079219,-117.55970276659706,-118.49323378508696,-116.95732896288786,-115.68594017161604,-116.65555501707725,-117.2951334704422,-115.67898488609362,-116.92730654620296,-115.95509850239655,-116.1877660878844,-118.93089224547565,-116.94959713392694,-118.07154880860779,-116.95507773144404,-116.93458973068032,-118.78529038868056,-117.00984840928852,-116.96226609257081,-117.72035005424809,-117.12129046374056,-117.34269712750155,-117.42286519477977,-117.20372671330756,-117.15317524906119,-117.96400975958962,point1,-117.1049101315079,-116.96226609257081,-118.93089224547565,0.7387289698149191,-0.11345892092294628,-0.12622901489285443
HDOK,PLOK,17472,28,28,-128,-12,11,2,33,-117.77094922209788,-117.78468709353116,-116.83955913504677,-117.7221023729926,-117.57472065329516,-117.9560810145426,-115.93654685869441,-117.92816172878524,-116.44746696029891,-118.05238416170877,-117.35882230655757,-117.4329949689866,-118.44637422175958,-117.24593790894248,-115.74535844226696,-116.32359058582774,-116.89660258669988,-117.66262560003237,-116.63218148818726,-116.75748167993586,-117.68366317618047,-119.10064700210164,-117.5033784540392,-117.53604913471484,-116.24299356735627,-116.03027487298438,-117.48388834609169,-118.84426492857808,-116.62810955107237,-116.43072813176512,-117.81030747045769,-116.93733755466043,-116.04613454950153,point1,-117.2361335069604,-117.4329949689866,-119.10064700210164,0.6761690907620683,-0.12446007233131329,-0.42994885088203283
HDOK,PLOK,17472,28,28,-128,-12,11,2,33,-117.83074532017142,-115.94060706549843,-116.04795991033835,-118.7876483856761,-117.05540588377082,-117.70938605798854,-115.9912807772464,-117.13920615402618,-118.68592087116886,-117.96663550685368,-115.54712158844617,-118.09405749501651,-116.47562941189405,-118.30385301177324,-116.26122001444595,-116.93455988854421,-117.23843150250882,-116.18852423690942,-118.14019841564694,-116.14825228774896,-119.1042398841953,-115.60650132012789,-116.62821568607183,-118.38556370046028,-115.77778770394542,-115.41530600181694,-117.86945120244937,-116.69804688410251,-115.97413842001235,-116.13778947662213,-117.2797072143146,-116.50844286358569,-117.3232112351377,point1,-117.0059104660156,-116.93455988854421,-119.1042398841953,1.0699095317765794,-0.32011847789843345,-1.0585606231830886
HDOK,PLOK,17472,28,28,-128,-12,11,2,33,-118.28815311240149,-117.14848583202141,-117.99905138554875,-118.35232666085192,-116.35517902658833,-116.14858302124259,-118.20461771498026,-115.86679397026265,-118.62855541241727,-117.4055499753781,-117.67681760382102,-117.30391662492607,-117.00752069557856,-117.92465208214608,-116.80767961876928,-116.82681609999446,-117.59663244721513,-116.71291267696093,-116.86374500828015,-117.83949928658524,-117.85866937868599,-116.8940007623001,-116.65817121209872,-117.14551256437468,-115.66845968504627,-117.14147728688049,-116.67455505314251,-117.74052015974166,-117.77489898051873,-115.57731305656446,-117.06189695699861,-117.22101915667335,-115.91562875970159,point1,-117.16029125056659,-117.14551256437468,-118.62855541241727,0.6113371040936469,0.23977850118225288,-0.530676319776171
HDOK,PLOK,17472,28,28,-128,-12,11,2,33,-118.12494738073964,-118.41419976077026,-116.82183371779657,-116.28030566471854,-116.21853385815466,-116.74975785820575,-117.76995173591011,-117.30211607846162,-115.12548243353609,-117.56627191030152,-116.47221654056936,-117.07166051846326,-117.0574791989973,-115.9174323090996,-116.74239447210299,-118.59044396309368,-115.14514726244998,-117.42062095315211,-117.54917227317,-115.06043582179686,-117.23521184075685,-115.88379987677071,-116.28559926464854,-116.52336574387819,-115.7401116909623,-118.3461985020567,-116.70469247590698,-117.32861585741111,-116.45861418607296,-116.60795819182816,-115.56681169029034,-117.73038203117167,-116.81114277165467,point1,-116.80675478287571,-116.74975785820575,-118.59044396309368,0.8549674923543928,0.03912910338755165,-0.48026542533091376
HDOK,PLOK,17472,28,28,-128,-12,11,2,33,-115.8418102567373,-116.88101347289499,-118.64531959383976,-117.9071567133107,-115.79672814420357,-116.99110977696233,-116.59069351154079,-116.48613594593888,-116.86797765795359,-116.05094867496018,-116.88983020144308,-117.07874099389359,-116.5058836763609,-116.34848964608481,-116.55460591839552,-117.05548569678885,-117.39851616347553,-117.681745934825,-117.5350969226291,-117.68906437562141,-116.05390069159154,-115.96742329852927,-115.77111898466246,-116.96822220959608,-118.12156799706369,-116.47027349032855,-115.70666773241132,-115.44384545124012,-117.02093353167943,-118.42263369264356,-116.13154494471421,-115.75168802645624,-116.69692032694246,point1,-116.76736647441572,-116.69692032694246,-118.64531959383976,0.6577112143505541,-0.5095964981373446,-0.3447052520323486
HDOK,PLOK,17472,28,28,-128,-12,11,2,33,-115.41218435872452,-116.80345571366456,-117.99264632071376,-118.29458325296449,-116.78836330646814,-120.47985642548826,-118.70677886532876,-117.44574794780728,-116.72729915639873,-118.59896636514986,-116.69918013211907,-115.49618684866867,-113.18133605669368,-118.3589461268314,-115.97169162894312,-116.55996347118116,-115.96463326062269,-117.9873011483019,-116.91794630131577,-117.45032184319084,-117.50111331930997,-116.98134298305557,-116.69651684471836,-115.78451725876145,-117.08092061119628,-116.66832912458702,-116.73119041605773,-117.02932429729829,-116.7449673952892,-117.58791437534137,-118.03772005708423,-117.9038992036031,-118.1808054533225,point1,-117.1141196930364,-116.98134298305557,-120.47985642548826,1.5359412564300032,0.38220356629774194,2.8425064039661714
HDOK,PLOK,17472,28,28,-128,-12,11,2,33,-114.93601653100036,-117.97434780344757,-116.2566371595586,-117.22670576998416,-116.8095808072666,-118.17126371263167,-118.11237747038282,-118.138924671563,-117.39939585164467,-114.39957239159483,-115.92949634619026,-117.0556602493506,-115.06808082838975,-116.84616996865586,-117.08200990063726,-119.00978318714554,-116.86599582136334,-116.94744150246524,-117.5408305986889,-118.0589256994897,-116.32620799335815,-116.66560250395091,-117.40578376761354,-118.79573539469327,-115.2268595319947,-116.17542824882503,-118.3951692708315,-117.45512188996118,-117.04146626216139,-117.03397688908002,-115.23477778123774,-120.37781814565312,-117.89094152551668,point1,-117.08648804473725,-117.0556602493506,-120.37781814565312,1.5779241096661685,-0.033495346647958724,0.47550449958810814
HDOK,PLOK,17472,28,28,-128,-12,11,2,33,-117.72773468179243,-117.56790540394462,-116.59057643844375,-115.61497730660392,-117.41622078995198,-116.57485072845748,-117.53894876394773,-117.64596130287688,-116.80809757263724,-118.76576543317165,-117.9425233968603,-116.26205993176137,-117.17276566593604,-116.82035439645671,-116.97676079783768,-116.90429186791029,-116.88694498847457,-117.21115158291306,-117.15251598456034,-116.59624257545224,-115.90111407288737,-118.64772264713497,-116.2717061771614,-118.95363516993177,-118.712329528206,-116.98252187583199,-116.77469574695516,-117.8251476614766,-118.06068026103073,-118.77857455165443,-117.18978952480312,-117.07786081796436,-116.64286079178122,point1,-117.27258449808514,-117.15251598456034,-118.95363516993177,0.6921987025977503,-0.40616121573557873,-0.2778007722093867
HDOK,PLOK,17472,28,28,-128,-12,11,2,33,-116.63224785424742,-117.61209071995864,-116.89392581602651,-117.38952922996975,-115.95194433715771,-116.83453882526398,-114.35205180737523,-117.62660810857047,-115.26008147274484,-117.19298161105917,-115.76853892130575,-116.39817759191307,-117.22753855134049,-117.58072041735502,-116.45833572983601,-120.02431972018553,-118.01696783577273,-116.65738065102477,-117.00774562523455,-116.07289069442919,-116.64630402425686,-117.69530864101432,-117.76327941031225,-115.83645213977053,-117.2187190216747,-116.50797562677283,-117.07582230091542,-115.07302650139275,-114.70873309756642,-116.91326769674795,-116.20911894185045,-117.19792778230874,-115.75016470971147,point1,-116.713779255002,-116.83453882526398,-120.02431972018553,1.1309381089101984,-0.30611135337366646,1.9452179933455205
HDOK,PLOK,17472,28,28,-128,-12,11,2,33,-117.1835607447307,-115.96652651257546,-118.13489567789445,-118.73885999178019,-116.95341402238883,-116.8782057913665,-116.79544178506771,-118.93928461633048,-117.06863504913767,-116.50771987375403,-118.99781499871472,-115.04412270710618,-116.96651962665712,-116.49963656462313,-115.12332716033575,-117.22413098727326,-117.70305607533437,-116.42165694477971,-117.13733497781068,-117.5100223096084,-118.60448486563436,-117.22698363482154,-115.6126837675877,-115.80955969009943,-118.00349084850802,-115.79643900657025,-115.90940229512461,-117.19703709482923,-119.3069749920853,-117.44076436769177,-117.33398242331334,-116.84326777134524,-118.00962583300291,point1,-117.11784433357222,-117.13733497781068,-119.3069749920853,1.154340860542914,-0.1155342056612497,-0.36111800105393277
HDOK,PLOK,17472,28,28,-128,-12,11,2,33,-115.98826847212007,-118.33325626052313,-116.98846245794459,-117.15078116793363,-116.3095799049113,-117.51839937032575,-117.23124894648547,-116.42660718458025,-115.39051003294206,-115.47570146704938,-117.996171431344,-118.04527461750557,-115.34430539629889,-117.35671838781442,-117.48551819781532,-116.29342956020069,-116.93603260460037,-116.30766639686775,-116.05576234504441,-116.6906982861851,-117.19473094839152,-117.54776304890677,-117.89345929315122,-117.83664055107066,-116.8787312621441,-117.53071913346066,-116.88707266373494,-117.27160482502937,-118.59535655402513,-116.02583145100792,-118.06827652864914,-115.8087665479148,-116.78797172715605,point1,-116.95913081888288,-116.98846245794459,-118.59535655402513,0.7360052821466408,0.16458873262564566,-0.7510558021945024
HDOK,PLOK,17472,28,28,-128,-12,11,2,33,-117.75324615582588,-117.45229669737199,-117.84504688906365,-117.11573127086884,-118.5300501356508,-116.77765110529826,-117.27747590220527,-118.06130021770454,-117.85062188045883,-117.4990916189682,-116.34553988162796,-117.98233318184741,-118.03171629517563,-117.08810037911336,-117.6051320650065,-116.35972526309929,-114.61113223050909,-119.69143548044808,-117.0046890563756,-117.81911365545598,-115.84517841201507,-117.42209121063671,-116.57141787349617,-115.56970490526638,-117.34046624535735,-118.38457052377363,-119.34823217978044,-116.01780483054722,-117.37516398750435,-116.95713312220316,-116.55041113934291,-116.70161015714504,-118.34490788643997,point1,-117.30697338895709,-117.37516398750435,-119.69143548044808,1.0398474813543295,0.15492306120669594,0.8706916188744942
HDOK,PLOK,17472,28,28,-128,-12,11,2,33,-117.53910010646767,-116.93355590081283,-117.93697241818577,-117.689766625849,-118.15185388316576,-117.0134423412093,-117.22115239727628,-117.0320464416424,-116.69153617468264,-117.26357762364334,-116.0105498876592,-116.23963846467254,-117.22979185408592,-117.57642537320913,-116.45177737512003,-118.37485778187634,-116.37912977922461,-116.03942464040104,-117.48739338732554,-116.98918492919015,-115.8595452410017,-115.44786425061626,-117.70237205187678,-116.63531348490214,-113.48318347599097,-116.98311201319407,-115.56924693391214,-115.92094814768559,-116.78256014423324,-117.1255745979818,-115.52451752575487,-117.03228309914006,-117.51297973352716,point1,-116.78274782077324,-116.98918492919015,-118.37485778187634,0.9009583837488783,1.2228252177314742,2.940571364373358
HDOK,PLOK,17472,28,28,-128,-12,11,2,33,-117.23816629172252,-116.28495702552993,-117.49933728520432,-117.2040062092736,-117.01616683000279,-116.14197249406111,-117.32062990420647,-116.50567877376376,-116.26416909872907,-117.93902225191552,-116.34171831152982,-114.67323167836601,-115.34004218786627,-115.87781740876478,-117.66764293230246,-117.14078567668398,-117.8542277833475,-118.25160062074788,-116.86198245744069,-116.32886290879759,-115.82966616328207,-115.32485123298902,-116.79718487325815,-117.05995477805429,-116.93743961495079,-118.34379164316562,-116.63858279092939,-117.77755053128541,-116.7298415901542,-119.94667656676658,-115.60764914642094,-117.34222538193404,-118.30130598926428,point1,-116.9208708615973,-116.93743961495079,-119.94667656676658,1.0764498044063977,-0.37823155130059705,1.0529117647861823
HDOK,PLOK,17472,28,28,-128,-12,11,2,33,-117.35157148298083,-117.6872516917738,-117.713097791138,-116.50834909599641,-117.4676092469665,-117.71246372097382,-117.25659703962336,-117.34028913796446,-117.31534084098946,-118.09694955228564,-117.70336791576885,-116.19882909753383,-117.08828059459351,-116.28547843608736,-116.31242980995256,-116.14615514574591,-117.88466111696324,-115.11567478644486,-115.81469922033888,-118.69924945641768,-117.64571524723048,-117.6921713054609,-116.83833158881839,-117.12408862612257,-116.41623328443579,-115.39737148990267,-115.66917413064239,-116.99151772471777,-118.86782045900132,-115.46433314393504,-116.62138377258474,-116.59925992738694,-116.23607193463255,point1,-116.94732781258817,-117.08828059459351,-118.86782045900132,0.8272780462091136,0.049654562417619195,-0.4432914582874057
HDOK,PLOK,17472,28,28,-128,-12,11,2,33,-117.93054884341309,-117.38761106148057,-116.1202085308392,-117.33262489455592,-117.49971432191411,-117.80824338086846,-117.69301021795594,-117.11857743817262,-116.37963500179593,-116.54845439068669,-118.28055758686955,-117.99039105070517,-116.30772215499914,-118.64986335896103,-117.76422306296277,-116.48851278712735,-116.76515759920284,-115.83984564368504,-116.75672530783012,-115.85814144983911,-117.83598782313518,-117.76872567051777,-116.78430551570048,-117.40094078670646,-117.39043533723517,-116.4393005782857,-117.26814676193727,-116.91811543134621,-115.68473461885024,-118.78573752003895,-117.3772781730423,-117.06471595797667,-117.47145184874454,point1,-117.17301951840548,-117.33262489455592,-118.78573752003895,0.5957844041407416,0.03188019632749741,-0.45740799633600826
HDOK,PLOK,17472,28,28,-128,-12,11,2,33,-117.52592634387784,-117.17543325564581,-118.3865362445633,-117.99469783853245,-117.83029152731665,-118.32770286796313,-117.68765958416708,-117.66896683619059,-117.79391722425636,-118.21911639479498,-118.08901810979883,-117.22982035315948,-117.65199897933579,-116.685750548646,-116.42938452064249,-118.10116547179803,-116.45280862853626,-117.8438781476647,-117.44023330252703,-116.6463043686313,-117.0095556926428,-117.08954457686683,-119.45220259433425,-119.13496701580472,-115.42434003498575,-117.89086113114973,-116.39771326674162,-115.80997813354517,-116.75533583803315,-118.99171730711501,-116.04708331580397,-117.01049852646236,-116.46229870492085,point1,-117.41383959655921,-117.52592634387784,-119.45220259433425,0.8650540554568596,-0.05063241521039695,-0.21054924941624042
HDOK,PLOK,17472,28,28,-128,-12,11,2,33,-115.65585761250276,-116.86768324644305,-116.85907466113308,-117.6059662067473,-116.22806931136263,-116.96153330906809,-119.24428852686908,-118.5731681415689,-117.64706064234919,-116.33894503313213,-115.53840923883497,-116.58013598492248,-117.26265373734184,-118.27975421405141,-117.1555286209598,-118.01783170014554,-117.47777161931249,-117.64166902435558,-115.71897723927192,-117.52559942425098,-117.88575549340838,-117.46088717984506,-116.95600113132109,-116.36204293223219,-117.77438630191142,-117.15509313078907,-115.43284034324009,-117.46437366394039,-117.55366165016989,-116.9834062026292,-116.95355994664932,-116.23785485199147,-117.7485392510326,point1,-117.12570847193285,-117.1555286209598,-119.24428852686908,0.7406871869533314,0.04904197837030991,0.13073421117996098
HDOK,PLOK,17472,28,28,-128,-12,11,2,33,-115.88775280357765,-117.40401139796131,-117.5932597119734,-115.81793799422736,-115.93505765767262,-115.08668503479913,-116.03403767773737,-117.20798426507757,-116.25556574491443,-116.92547320278841,-118.40912854900853,-115.37699634005591,-115.60672779176885,-117.10367398280363,-115.19446481540223,-117.27331689591453,-119.60396871612154,-115.80004355749408,-116.41701953213294,-117.38855895594749,-118.12726378941237,-115.72945811744279,-118.84382796910266,-115.9111741267233,-116.4874517604962,-117.50383477549792,-116.05422265901638,-117.9642466696164,-116.24136886124192,-119.17976336285548,-117.59374756386521,-115.46537690915804,-116.673782065539,point1,-116.79082373507111,-116.4874517604962,-119.60396871612154,1.3517080058015347,-0.6599622183516713,-0.27467010193176655
HDOK,PLOK,17472,28,28,-128,-12,11,2,33,-116.31236061189882,-116.74843884694498,-116.70091100977366,-118.03234042432202,-119.67748168184478,-119.24793533131462,-119.4028961509489,-119.59673225310148,-116.6476107268151,-116.35461417606373,-116.17128834351657,-118.39170479624889,-117.24927443139657,-116.67285619126892,-115.74446375552584,-115.8625870584222,-116.54566997912934,-116.16444868115131,-117.88077396947233,-117.3397329852977,-116.7213509150024,-116.84329030098458,-116.65923582600348,-115.6567313202551,-118.20814727045187,-117.5473257677495,-117.10064470947027,-118.9758920311292,-116.60348007248685,-116.79284503956582,-118.63527745661476,-117.36983342934165,-117.73153337432414,point1,-117.32090027023749,-116.84329030098458,-119.67748168184478,1.2810230445887514,-0.6828847571674217,-0.5254875027806363
HDOK,PLOK,17472,28,28,-128,-12,11,2,33,-118.10472038775217,-116.1037454115323,-117.58388488572243,-118.28082634390755,-117.71228236605639,-116.65965934953415,-116.4809983019299,-118.64536409583215,-117.74299353000568,-117.49835543688165,-117.0373856270226,-116.69101943817925,-116.74027408728239,-116.45922770152755,-117.22880006745271,-116.8167994249125,-115.3927840686095,-116.72003589376813,-116.26856381939754,-117.8784608055289,-117.81343473740878,-117.12595045533517,-117.29136580798776,-116.70983279117715,-116.55554320682545,-117.11270616777647,-116.0130768298057,-119.86491257269115,-115.31977318565171,-119.12486791012644,-116.58588677650356,-117.01206763996156,-116.09046013433807,point1,-117.11109270480075,-117.01206763996156,-119.86491257269115,0.9419585583357908,-0.717227531739437,0.9736075724841187
HDOK,PLOK,17472,28,28,-128,-12,11,2,33,-114.90137773248948,-117.19937064097307,-118.54517515871889,-116.67074287606134,-116.51189211252274,-117.86595756186553,-116.07830982791688,-116.61481298173472,-117.08714988425274,-115.27929515329069,-117.48014743124847,-116.35134104080386,-117.11617156631934,-117.5307469509425,-115.75557935342123,-116.80856581774228,-117.50569771261914,-116.40022036580126,-116.74277125912661,-117.25959241671757,-116.59171785409437,-116.61500608328579,-115.60238910456772,-118.58780451558006,-117.76843980857986,-116.40587795744878,-117.08064244443241,-118.32892528980265,-117.97923502552887,-117.8865817286763,-116.0331928427583,-117.55817847556521,-117.65181319711694,point1,-116.9634764294547,-117.08064244443241,-118.58780451558006,0.7894709257683671,0.2370657647614673,-0.24980129123020411
HDOK,PLOK,17472,28,28,-128,-12,11,2,33,-118.83406878751471,-118.1281207075034,-116.9550305360655,-117.30668412354936,-117.52755417396962,-118.54989231838815,-115.04913382913034,-118.27860901504788,-118.11009834227652,-117.95456402479059,-115.42622616574049,-116.28371434468406,-117.51756304433565,-118.24418528827414,-117.25124496373941,-114.97613155563653,-115.31776296733837,-117.46949557578843,-117.51842002278757,-117.31810487013531,-116.59555615723322,-115.90377896046667,-118.23109170925021,-116.826767458895,-115.35824736886651,-116.5703221950517,-117.118430243884,-119.72089955585965,-117.01679821711146,-118.15754267055893,-116.77006653541159,-117.46353240610327,-117.88901464105713,point1,-117.20117129625595,-117.31810487013531,-119.72089955585965,1.2622224608111348,0.3024275944004446,-0.16295175293274067
HDOK,PLOK,17472,28,28,-128,-12,11,2,33,-117.89085296680388,-116.35968626985516,-117.74116852967599,-117.14056667957792,-116.35628778532993,-119.65932819864436,-116.15064337118372,-116.05046439126247,-116.24318158666436,-117.37490278887879,-117.27532669311668,-117.07508937084621,-116.63289316064959,-115.80281154312915,-116.1743414151888,-117.41470998160989,-116.84345195364651,-117.24563167132283,-118.2436275071178,-115.14861815653306,-115.66834083498489,-116.67944041156821,-117.50602869268023,-118.14861141737096,-117.47963029380404,-115.48307487647263,-116.09263417764535,-118.163366952938,-118.05993810870588,-119.28021080767228,-116.33866964045014,-117.82586118792625,-116.21434908409125,point1,-117.02314365173775,-117.07508937084621,-119.65932819864436,1.071478281051338,-0.514836680737792,0.09526474649660521
HDOK,PLOK,17472,28,28,-128,-12,11,2,33,-117.06147397149059,-115.65922901699345,-117.99723804810804,-117.48700006217669,-117.13244824051336,-117.78908441174225,-117.33327131090424,-117.80282839426802,-114.94772294654447,-115.59773811708058,-115.15622739399436,-115.17048840698546,-117.43183065562529,-117.82494186750488,-117.62400112575796,-116.48286433798609,-115.36896915425721,-117.35812430571778,-116.8645160353131,-117.74388101313323,-118.06387985558875,-117.86340239003073,-117.49516009164125,-116.20858234239199,-117.18124148463909,-115.68801727790883,-116.2543286078652,-116.3363343520447,-116.72225970455581,-115.50668119899922,-116.02902967060368,-115.25939964191826,-117.26653568369173,point1,-116.71844639751443,-117.06147397149059,-118.06387985558875,0.953692437974778,0.37082319796437524,-1.3166733341165657
HDOK,PLOK,17472,28,28,-128,-12,11,2,33,-117.91466575250166,-118.39372084743925,-115.91969487624786,-116.67328938045142,-117.7766992664432,-118.5989458800959,-115.0053809407859,-119.57496168860797,-116.68494990335739,-117.31946408328395,-116.8354800333852,-115.68618599563112,-115.86852317005906,-118.56835747094964,-118.33855262443907,-117.1448124352162,-116.80810485761023,-116.95069093305527,-116.27100327000619,-117.20193958543263,-116.18706395103,-117.70129729910694,-116.52698894378705,-118.69917109051937,-116.67208690985815,-116.55254866124469,-115.77338799574846,-116.12999123312798,-118.24595597600975,-117.73397579143644,-116.85398276210051,-116.95065626152653,-116.99542584768145,point1,-117.10781683994472,-116.95065626152653,-119.57496168860797,1.045589791771821,-0.330602859794158,-0.24964251998848797
HDOK,PLOK,17472,28,28,-128,-12,11,2,33,-117.32438385464283,-117.18345466243942,-118.68229195357073,-116.37034462919569,-117.89385538642237,-118.09038504290402,-119.08990671268776,-116.81694505894828,-117.0199466683814,-117.59141520699079,-117.35965598489625,-116.11431407808908,-117.85734707468235,-118.45206628405941,-117.32221990661108,-117.93370043326979,-117.02714823686719,-116.21758406524845,-115.2168184205553,-116.57859407932416,-118.98458925219339,-115.04115670623156,-116.87840009046873,-118.21044140493551,-117.85736678825506,-118.3097204614799,-117.7660976587252,-118.78322338411886,-118.49680355028242,-116.80554561307449,-115.81222439341627,-117.86563011740803,-117.55866691868034,point1,-117.40946194178962,-117.55866691868034,-119.08990671268776,1.0151065603029918,0.5060722245571571,-0.12463916038364165
HDOK,PLOK,17472,28,28,-128,-12,11,2,33,-117.58259511088787,-117.23160525489153,-117.99923698936212,-117.63770254531978,-117.11223282209458,-114.96824519519463,-117.50006987941883,-116.87675810432646,-117.60778544499091,-117.35092994486087,-116.70648250185869,-117.99840639901015,-117.54389701854149,-118.08148674022694,-116.55387233852792,-117.80587670706907,-116.69848034181797,-117.63020100336317,-118.15505813515551,-117.61412839972567,-117.1433862201626,-117.30941650298438,-116.82253801828344,-117.02804568923783,-117.28504907682905,-116.74022029275518,-117.08914260701822,-116.73935603824162,-116.66926159074383,-118.43073025377691,-117.98480343007206,-118.5192166493396,-118.04513100057501,point1,-117.34731358323224,-117.35092994486087,-118.5192166493396,0.460967752261797,1.0578966492330397,3.0734581674567214
HDOK,PLOK,17472,28,28,-128,-12,11,2,33,-115.102530804815,-116.1651340963872,-116.71914006274898,-117.93570301403908,-116.12461213253123,-118.98032341428133,-116.92120554149653,-117.4928896099262,-116.75703973724052,-116.20127455219338,-116.30423083778528,-117.9834662778919,-119.12374093456118,-119.21027765384325,-117.65917054621507,-118.97061682908398,-117.042210377557,-116.89241356800092,-116.65645835151162,-116.43031365902199,-116.47338605713944,-117.08441079743157,-117.09810380244957,-116.95144184514362,-117.73293399743147,-116.94292227367731,-116.04478288576341,-118.74233621292356,-116.19113898615053,-117.25981409569248,-116.68490667409121,-118.14443612762406,-115.22919978681757,point1,-117.12886562252932,-116.94292227367731,-119.21027765384325,1.0912168052213338,-0.41397616259647185,-0.2493464590710439
HDOK,PLOK,17472,28,28,-128,-12,11,2,33,-117.39882867912387,-116.78187896182263,-118.75877190430054,-116.55930940222014,-116.24807388802401,-116.9608916917566,-115.66814081458422,-117.30522875156731,-118.08941462659537,-116.7673598184736,-119.28800806216417,-116.75513770067569,-117.07515323259588,-116.26206061514137,-117.13858368950535,-117.15246797110214,-117.32906789347052,-116.93541136700733,-117.8597594833458,-117.09953059344546,-116.08672623816017,-117.83616130719355,-116.65507066341998,-120.31575222959584,-117.04229949471828,-116.95389179429972,-115.88551760456374,-118.67576328841764,-115.80108357272951,-119.10145313009113,-116.30693762621597,-116.75655801445723,-117.3958711053508,point1,-117.21958076412533,-117.04229949471828,-120.31575222959584,1.0781044170222644,-1.1127137931799267,1.3115802860533452
HDOK,PLOK,17472,28,28,-128,-12,11,2,33,-116.7565093788838,-117.35304895132694,-118.47745982904038,-117.23637245999544,-117.32001486196496,-115.2198008695592,-118.56996701958997,-116.81100937711152,-116.70573295555094,-114.6159719260867,-116.96683877887025,-117.54576583985794,-117.67005548453271,-116.64872575672736,-116.8726764754123,-115.81409510963978,-117.36736894582481,-115.44592365277158,-117.21072301958903,-117.90920721548707,-116.34565311158704,-117.51375625939245,-116.61197314416775,-118.62498933538002,-118.47253870576573,-118.06958253929724,-115.0874967409532,-117.4945822179802,-117.71037298560114,-117.14998162322722,-115.42530750561949,-117.65471096518655,-115.3531769447313,point1,-116.97064818141551,-117.21072301958903,-118.62498933538002,1.1059679276389822,0.5224560036948965,-0.3975500742574485
HDOK,PLOK,17472,28,28,-128,-12,11,2,33,-117.02584350502119,-117.55494415311044,-119.79533116375701,-116.63282467165061,-116.64443733375248,-115.96879103253059,-117.49613110265754,-118.44194681913882,-117.24267776851516,-116.62696589459159,-116.18916344925306,-116.36370259543438,-116.57319719229648,-115.7523617253569,-117.22842967858706,-116.32458429714167,-118.04769673470598,-118.43749315921445,-117.87450976062047,-117.4059328577371,-116.15552742533487,-117.68397905371407,-117.51719921987562,-116.51254619957595,-117.98148090984049,-116.31984636073415,-118.71914352699869,-115.8771007403008,-116.92724285985413,-116.0482738728784,-116.7125385634675,-118.10507989094886,-117.17254299447345,point1,-117.13210504585062,-117.02584350502119,-119.79533116375701,0.8597188411212844,-0.7507226532601299,0.42739229158003145
HDOK,PLOK,17472,28,28,-128,-12,11,2,33,-117.92457553938824,-118.0454995686228,-116.76583893652979,-117.82695408204191,-118.03489564310338,-119.22763722649,-117.71451424853296,-118.11999242824744,-116.15180861421642,-116.6661639824956,-116.89198528176382,-117.289322338723,-115.7787404307695,-117.90422689260132,-119.38997058706516,-118.35240557307506,-118.08940397147924,-116.56233469118061,-117.40826839106332,-116.42634543193707,-115.97675483407879,-116.8653928673267,-115.65391627245982,-116.56597826088894,-116.72171572173133,-116.78518014284333,-117.65993915861354,-117.93753316289805,-118.7763500463307,-117.45873836551476,-117.4930171089654,-118.0540117636903,-116.17513296883315,point1,-117.35438013737883,-117.45873836551476,-119.38997058706516,0.8756003619937264,-0.14165346644873106,-0.4984676348553472
HDOK,PLOK,17472,28,28,-128,-12,11,2,33,-116.46367934020118,-117.937681785897,-115.9881758445008,-116.34029306412681,-117.46762194428734,-117.17992600710828,-119.09134526798643,-117.58859986659985,-114.88530742997862,-116.69613438797134,-117.28295114083774,-118.98327572378456,-117.5643324838959,-116.94150011874116,-117.35065179828237,-117.06634603038343,-117.90256677100241,-118.97762545258385,-115.34916755869712,-117.52769758672582,-117.39919451459726,-115.58483370366332,-118.00921397938282,-119.01388717992397,-117.03892912883252,-119.17242185199336,-118.5320993888119,-118.92142932624141,-116.59785068543539,-116.17246360102322,-117.34827887244931,-116.1136835332279,-114.55936993698802,point1,-117.24389500927761,-117.34827887244931,-119.17242185199336,1.4574828530819797,0.22820605707939226,-0.3818429427725616
HDOK,PLOK,17472,28,28,-128,-12,11,2,33,-115.94636431343281,-117.76591677469277,-115.75059475098863,-117.96644113729185,-116.4001999590558,-118.20742063084289,-115.7651615115924,-116.84346479729693,-117.18598529940158,-118.19435181847616,-117.45382830895562,-117.29172561273045,-116.73245960253524,-116.89390980565992,-118.71724808232878,-117.05898008353557,-117.91622679684188,-117.23765735203872,-116.50754274628194,-116.76387309548183,-115.91153920270966,-115.36187509317283,-117.7058643744054,-118.17054277970499,-117.97283333767638,-117.66781617621913,-118.06561010166395,-116.67513279597594,-114.76326547572432,-116.22881247942132,-116.67814848512529,-117.26976041703892,-117.74670558458021,point1,-117.05506844796606,-117.18598529940158,-118.71724808232878,0.852787473772963,0.47696139842365337,-0.28327051081194954
HDOK,PLOK,17472,28,28,-128,-12,11,2,33,-116.65973884771105,-116.64354128167744,-117.7891666346233,-116.95825168813914,-118.44279423810606,-117.59766787759371,-118.0529851019612,-116.41409891820732,-116.13303688981301,-116.42552460505247,-117.95009906573233,-116.45901153362735,-117.98942055142207,-115.72016728805711,-117.06837422018747,-117.48713201351389,-118.90746847994343,-117.57997541334352,-118.34569642142556,-117.9374718712329,-117.6411725647927,-117.52018233324729,-116.25778250024639,-116.03347719863346,-114.3647382240442,-117.93787625240202,-117.94185447075893,-118.02549384219526,-115.05678259499737,-115.77564921673054,-117.47798285847455,-117.7674030763801,-117.24470005571973,point1,-117.1395975190907,-117.48713201351389,-118.90746847994343,1.0302343259728186,0.7765120377597591,0.31769997489474733
HDOK,PLOK,17472,28,28,-128,-12,11,2,33,-116.69778296408676,-116.68289688544589,-118.30878229710919,-116.31125939009435,-117.33357099979405,-116.98955801888023,-117.32111455601898,-116.65391404930766,-118.69676219542829,-119.02047772695514,-117.7753820380505,-117.36712348379456,-116.23354888798981,-115.52385765287127,-115.3439401236325,-116.03767673097265,-116.30278555080575,-117.39422203807925,-118.3548255526232,-117.78294202627333,-116.19019409138753,-117.75838832733581,-118.42637280279422,-117.33174882824991,-117.02946347150078,-116.29168831097029,-116.7998802973277,-117.38983975195943,-117.25631987006383,-116.38839088338848,-117.8311233582667,-117.82717757513196,-116.62554378576525,point1,-117.1296531673441,-117.25631987006383,-119.02047772695514,0.769886387403667,-0.12150714081155932,-0.40764927122252015
HDOK,PLOK,17472,28,28,-128,-12,11,2,33,-115.53995596123056,-117.60325272024215,-118.42216683972774,-116.84195285922807,-117.02060497924629,-117.5160834418947,-118.45399397236913,-116.66176067904843,-117.02500103281484,-119.55564530241713,-117.39823524721344,-116.89748952718374,-118.78531931482135,-116.51387138845884,-117.49259604505325,-117.49764561960305,-115.38606193597754,-116.18833532007687,-117.25214668044897,-116.43937399520657,-117.11929762938891,-118.21180992174276,-118.52750353116743,-116.92569452361839,-116.39260602218467,-117.95429909392702,-116.0487699786717,-116.96156938592216,-116.54333824314128,-118.3167110934994,-116.82085915078608,-115.6533369582126,-118.2675819072595,point1,-117.21923849399347,-117.02500103281484,-119.55564530241713,0.9427532614606965,-0.24018134666382482,-0.2378789257999272
HDOK,PLOK,17472,28,28,-128,-12,11,2,33,-118.26901095957729,-115.94298624394672,-117.50179620924135,-117.33410197098,-116.37710316862882,-119.57723787203383,-117.33146306960813,-117.86668276116431,-118.06539949069847,-118.31745988514268,-117.01398486702115,-117.70126100527807,-115.99245251964228,-116.65620832395179,-117.91375506874262,-116.40758983026468,-115.7882988455631,-116.00018566647152,-117.95027583593223,-116.57934536448721,-116.8801889409684,-118.91707768492242,-118.14781143435023,-117.61059172904213,-116.67443263485814,-118.3830016386426,-115.85781153084581,-115.98836495624269,-118.34332220975492,-117.16427667652054,-117.85484102720301,-117.99475795277917,-118.61761300898449,point1,-117.36426334495425,-117.50179620924135,-119.57723787203383,0.9614652423482918,-0.02695627279371751,-0.7880998215781818
HDOK,PLOK,17472,28,28,-128,-12,11,2,33,-116.17378223478357,-116.55295909722628,-117.34761142888503,-117.62331728967587,-117.82597871456292,-115.72888911859334,-118.11665284550065,-117.62568073224848,-117.90043143843911,-116.59803032707948,-115.94408471908068,-116.84611990684596,-117.41419378300911,-118.43096555061493,-115.92402583964186,-117.50791129857775,-116.38766604562282,-117.992403864456,-116.6467456274785,-116.61667928637785,-116.44677965096578,-116.86506447515961,-118.12593846654293,-116.12733746792728,-117.24207333192355,-116.25456352292005,-116.9064556200521,-116.99534012181616,-116.31671909882452,-118.48624936948194,-114.73375046180163,-117.53725957414183,-116.91514053810984,point1,-116.97444851055657,-116.9064556200521,-118.48624936948194,0.7202492893732503,0.24487308622269308,-0.04098678520470811
HDOK,PLOK,17472,28,28,-128,-12,11,2,33,-116.6888512691698,-117.49777526236835,-117.18484684510699,-117.43128241124386,-117.84902877540974,-116.58823398611572,-118.62849257277966,-115.98593538884509,-117.12989487191095,-118.3599066994303,-116.48796795215719,-116.9628904209503,-116.47593258798811,-115.87791404040543,-118.9331561859156,-116.00799017350997,-117.52152307742197,-116.15263861855922,-117.84099634686848,-117.86302608824374,-116.7816820376676,-115.79982382215715,-117.59672862047374,-116.86777589991287,-117.9860938989676,-118.23724715999481,-116.97715854667955,-116.30658450621219,-117.47425459950072,-116.65828276558301,-117.69137318216194,-116.37273199645388,-118.56286240531085,point1,-117.17517827319625,-117.12989487191095,-118.9331561859156,0.7106490403251821,-0.22797524339524253,-0.828765340602228
HDOK,PLOK,17472,28,28,-128,-12,11,2,33,-116.45994746419726,-116.58406449365171,-116.43152513360731,-116.63472498750953,-118.00176401029252,-115.14369313576121,-117.41422830668864,-118.067800795314,-116.91388193207705,-115.22981869931084,-115.76206007978811,-117.67732702143891,-116.40811939563253,-116.84513850435543,-116.95942899987138,-115.14748601053815,-116.76311027684166,-116.7071865764276,-117.40826167650658,-118.20121553436583,-117.62047828194112,-119.06421969285846,-116.49920493286874,-117.32417109092557,-116.1685338545897,-118.06192103603865,-115.08934229817123,-117.0308105354865,-116.62767011783264,-117.44647660205722,-116.12804452665762,-116.50251877387981,-116.86109383969902,point1,-116.82379601870252,-116.76311027684166,-119.06421969285846,0.8541457448186109,-0.016714795121241997,0.09875273013420216
HDOK,PLOK,17472,28,28,-128,-12,11,2,33,-115.33520089843334,-117.96163431786584,-116.09338980586593,-115.40059387489836,-117.81322796341499,-117.72783184764478,-120.06602446154596,-117.1373288697186,-116.7560601883155,-118.29344101438755,-115.84220463742109,-117.09433741539273,-118.1719939089494,-117.47498970750533,-116.91454643443124,-117.72250816291492,-116.58485433643905,-116.06953081518967,-116.82019535058807,-116.01904728381177,-116.38124808314927,-117.10959753542875,-117.67088647191618,-115.55943181846683,-115.12477656625904,-118.44789450774573,-118.14500053163734,-116.37675182126252,-115.9609715448882,-115.57807878567051,-117.63255900629935,-116.26426851234513,-117.77245228213245,point1,-116.94917753824049,-116.91454643443124,-120.06602446154596,1.2035371352710196,-0.4621054678230325,0.26998005809067793
HDOK,PLOK,17472,28,28,-128,-12,11,2,33,-117.287533226343,-118.02620547221683,-117.04762266136893,-118.51893277110017,-116.8860587523647,-116.037841593533,-117.70603992735528,-118.20459606497099,-117.96946373506152,-117.51799944308125,-116.94535489559588,-118.47542094429008,-116.71182117873805,-117.42696581742022,-116.74737648602033,-115.1621731500605,-115.60554060589926,-117.3399238112923,-117.98536488094953,-116.79828721131057,-116.55177868057515,-115.60736367121967,-117.5717082797597,-117.55812705807706,-116.31872219673836,-116.22413591141685,-115.59285658432314,-117.7794472696674,-118.89428424813516,-116.69267444572048,-117.90567496071075,-117.35088395583371,-115.78330265535082,point1,-117.09792371353032,-117.287533226343,-118.89428424813516,0.8703761083361186,0.2369382547801695,-0.6409553384832685
HDOK,PLOK,17472,28,28,-128,-12,11,2,33,-115.6102980744896,-117.32629789170694,-117.43089849258497,-115.44749594590098,-117.02634249038893,-117.28368946345135,-117.00643720273106,-117.95883704161994,-117.77718017286328,-118.08981546019388,-115.71521883380578,-117.46974018895901,-118.21571513429187,-115.53913364916856,-118.17672110491681,-117.92177231887477,-117.32790162742482,-115.85137639092854,-117.75317487913807,-115.59095420176543,-117.46016255093393,-117.29638432889186,-116.39475480985922,-116.73497232730406,-118.68241583509305,-116.89090236340795,-116.17493237826369,-116.27215123924807,-115.12794502778794,-117.85900442117607,-119.00338016318813,-117.70087458489218,-116.60564532684539,point1,-117.05219775521502,-117.29638432889186,-119.00338016318813,0.9916721596596503,0.23979007747843442,-0.7960361448935478
HDOK,PLOK,17472,28,28,-128,-12,11,2,33,-117.46844700129188,-116.87245047217921,-117.77819403564988,-118.44057443507981,-117.37209023446539,-117.68398183768402,-116.84764988192401,-118.34473140796703,-117.35783937808127,-116.55397420611547,-116.45710788146938,-117.19097762188305,-117.04142854051376,-115.7676003521082,-115.98743368322997,-118.27124106321385,-117.55702744400025,-116.97411980125506,-116.44776449049861,-117.12476884132614,-117.92900232344591,-117.73238910082516,-115.67138097077809,-116.33270942806702,-116.42927441346903,-117.75929680639162,-116.62221358543319,-116.80680107198563,-117.62293748267808,-117.82880453332356,-116.51845523256614,-118.43513850609877,-116.53293013271565,point1,-117.14426473326407,-117.12476884132614,-118.44057443507981,0.5574535189825032,0.03422300296041275,-0.7644655282870834
HDOK,PLOK,17472,28,28,-128,-12,11,2,33,-117.31625467549529,-113.89356122533417,-117.2980621972079,-117.3888446374851,-116.78029129980486,-118.7856296217927,-118.29318461248195,-116.99917183056263,-117.48855304644893,-117.01158087712079,-118.62893794322999,-117.64481210188599,-117.39390229282266,-119.03972543581665,-115.91696476828416,-117.58354136485126,-115.98722444854921,-116.40405668249272,-115.87642243015615,-116.84680502569354,-117.34046626041373,-117.57447431625945,-116.63992831574717,-116.17562042342762,-118.77756713223316,-118.77974013419144,-115.84993717153333,-117.37054941881115,-117.61417863413202,-116.10072339062738,-117.50793043788221,-117.31945490465701,-116.48231833946525,point1,-117.15486107263327,-117.31945490465701,-119.03972543581665,1.1141795667836107,0.5610940120537758,1.4340844165992626
HDOK,PLOK,17472,28,28,-128,-12,11,2,33,-117.20210117673231,-118.641430054155,-117.74762166345037,-119.79384159977958,-117.16106238853449,-118.03882294096275,-118.46192743595549,-116.52790676919894,-116.90679888941685,-118.08500136004848,-118.45533334713456,-117.82717666091222,-115.95981774185935,-118.50019375398097,-117.04501349263828,-115.97560253524821,-117.33016956938167,-118.20183369472348,-116.04955849839294,-118.36351702731756,-117.6516485250015,-117.12691858107729,-115.75109581797105,-118.68387227462297,-118.39015639342199,-115.70569605930102,-117.1374851922984,-117.50611751867297,-117.77163912805274,-116.94941514947425,-116.14200306130579,-117.16758322950916,-116.02781986396938,point1,-117.4026115574091,-117.33016956938167,-119.79384159977958,0.9978731818346177,-0.034789483893860496,-0.5002695486016355
HDOK,PLOK,17472,28,28,-128,-12,11,2,33,-117.76480228595751,-116.18488061540253,-118.1940506288886,-117.74737345011224,-117.00987164243996,-117.984344671288,-117.67057394658248,-117.2047990418933,-117.5260470410964,-116.82732935167573,-117.37837784981923,-116.9985250191138,-117.35902979072081,-116.84732171858909,-118.32235962772906,-117.2808483396347,-116.97521354829922,-116.82846562639406,-116.14553480913033,-118.10357115052734,-117.8301787993649,-117.95990706873168,-116.25816406993164,-114.50227476336987,-115.57910275919252,-117.10998836653165,-115.72544757778337,-115.69140432107109,-115.88878535980733,-117.10955747014386,-117.54493007250387,-116.48572243840846,-117.43545778885412,point1,-117.01437093972693,-117.10998836653165,-118.32235962772906,0.753343255636706,0.8487428799538761,0.5918526798335035
HDOK,PLOK,17472,28,28,-128,-12,11,2,33,-115.9997080767155,-116.66031099204575,-116.99770496309486,-117.282974468366,-116.6478129780575,-118.15174740210507,-116.06605792906078,-115.84411767314631,-118.56681989283197,-117.78359955243889,-117.58690815443425,-117.16987786863523,-116.44026473259734,-119.39636035289216,-116.9305488887697,-115.58513004499578,-116.91524673811385,-115.33430338790541,-116.65719443245125,-117.27806706823976,-114.80431281309036,-115.1198621011286,-117.58334084558733,-117.2457052556649,-115.94832534898619,-116.87497942039236,-117.53439559519983,-116.41552511767576,-117.24898685081597,-116.24834267008502,-117.5298615361072,-116.00601537592419,-117.10049992046358,point1,-116.8168154075157,-116.91524673811385,-119.39636035289216,0.9284914762536212,-0.22452970007751638,0.551991506453906
HDOK,PLOK,17472,28,28,-128,-12,11,2,33,-116.39663467728545,-116.68476231770678,-119.15046041765203,-116.20232675651742,-117.09199754306408,-118.10471506657235,-117.38416259341166,-118.62352996485977,-118.6697815876348,-118.25196868625225,-116.08672550756638,-116.85619523429467,-116.80522418104502,-115.25450076228717,-118.66086892279293,-117.35104575313517,-117.02850675777228,-117.19854921969909,-115.5264932499214,-117.54673038470925,-116.63235425043159,-118.82019119795204,-116.58532856482849,-116.77165866548735,-117.24934131793563,-116.97800786901341,-116.43693549592608,-115.74575410966277,-118.02824312714006,-117.32757515678082,-116.42877741565113,-116.62791764422794,-116.54432138210996,point1,-117.1227753267069,-116.97800786901341,-119.15046041765203,0.9208586725965576,-0.3700096048012584,-0.3714824539162236
HDOK,PLOK,17472,28,28,-128,-12,11,2,33,-116.78453775746334,-116.88219162223379,-116.91210055678096,-117.88643303231818,-116.54839997222322,-119.24863902083534,-115.49019549520732,-119.35958824996601,-115.99867228927747,-116.08028162658236,-116.40768830013322,-117.26674082899765,-118.43292113358703,-117.54509796435043,-117.63392401850956,-117.5181720821318,-115.94435514975956,-116.45856073844277,-115.82942350028392,-117.0639619652032,-116.88014418204283,-118.40983148250284,-115.87612162832616,-116.93222246462044,-115.43941934999145,-117.97734010786357,-118.5425766816288,-116.31579089476736,-115.75025558260339,-117.94889376608582,-115.50706448816725,-118.15413465154998,-115.39504875322937,point1,-116.98244634356564,-116.88219162223379,-119.35958824996601,1.2160988704879474,-0.4074496898723474,-0.7131652934611372
HDOK,PLOK,17472,28,28,-128,-12,11,2,33,-117.17758191064259,-115.40410607436081,-115.20488845346489,-117.48652753697695,-116.86525343472294,-117.15120378259789,-117.56404187452263,-116.05583201763423,-118.70319030188965,-117.3120262500768,-115.32055771905236,-115.84348378908273,-115.72270900758853,-118.36677337750169,-116.2286148376369,-117.77149537423925,-117.21138600939918,-117.40250539683149,-115.17124439521675,-116.72262264521873,-118.11193085410639,-118.26675764601443,-116.26789076881757,-116.65265269130379,-117.52350255946861,-116.70797478223251,-118.16870188012984,-117.27249374019762,-115.88911464747076,-117.87371065376955,-116.1825639587554,-117.43004586899697,-116.59358166769285,point1,-116.89778684568527,-117.15120378259789,-118.70319030188965,0.9312222230513192,0.15435173394040527,-0.87777032238336
HDOK,PLOK,17472,28,28,-128,-12,11,2,33,-118.57258218227607,-115.72876359270406,-118.6712093052024,-117.37785327625151,-116.46650896876064,-116.96981865329322,-117.71939108260095,-117.09476356772278,-118.07410412376986,-117.56050208795675,-117.7141555391056,-114.94726642116667,-117.52313566000267,-117.067419154476,-116.08329337475861,-118.73795121482418,-116.81758023593169,-116.85238387099615,-117.98757319605959,-116.83011644110556,-118.10417634663662,-116.28648892165963,-117.841355948322,-116.83793270299662,-118.2280087129966,-116.68332921377366,-116.87711407607921,-117.6277654115203,-116.72790363084273,-116.56027300106008,-116.49190564689037,-116.01499901286894,-116.92546440913537,point1,-117.15160875708322,-116.96981865329322,-118.73795121482418,0.7408913758834336,0.16481660924213493,0.026434934866617965
HDOK,PLOK,17472,28,28,-128,-12,11,2,33,-116.87922085130396,-116.53814950863719,-119.92638007409808,-117.6620977112362,-118.71758752224461,-118.11491991319902,-117.85600838900658,-117.06819013067567,-115.74679419509148,-116.87730073955873,-116.49498886628609,-117.96408363887737,-117.60877256858952,-115.79556881881777,-116.85336909563773,-117.93826008628236,-116.8081217239453,-116.08403920951461,-116.63319222806682,-117.72630436907212,-117.40276290189273,-118.50066089550829,-117.52584688143666,-117.57435596277175,-118.05847147468633,-115.73362013730501,-116.89297050024321,-115.91846646653093,-117.35082998413735,-118.72518740744499,-117.36108953945318,-117.04957409126463,-115.74133402352052,point1,-117.24631878504054,-117.35082998413735,-119.92638007409808,0.9373222069154061,-0.40384029062683113,0.36486392502939724
HDOK,PLOK,17472,28,28,-128,-12,11,2,33,-117.16635666563499,-118.24466020009737,-118.72179980443728,-117.76784152231816,-116.08197828204214,-118.92285136524679,-116.64233374911993,-116.0661790407953,-118.5991104817543,-117.70758468043513,-117.1785073401886,-115.17559137193672,-117.57753595178932,-118.77704055281636,-118.0097246113862,-118.0990176806488,-114.1073558848472,-118.73599037978263,-117.81939758494228,-117.87166742708506,-117.79085541542045,-116.96588692275844,-117.59776503533314,-116.43266770648557,-117.36364349028459,-116.90703123227294,-117.43066613110477,-116.58590972868815,-116.63020290517572,-116.85959901287146,-116.73790590603458,-117.50386967672469,-118.17657349138885,point1,-117.34106367369233,-117.50386967672469,-118.92285136524679,1.0742006234112331,0.9577841986598108,1.6304534084506401
HDOK,PLOK,17472,28,28,-128,-12,11,2,33,-118.00572284847462,-115.4723834766241,-116.41615156313588,-118.70518704595735,-117.15585404120299,-118.02857056400097,-117.33193098589824,-118.63891605846896,-117.3035157243509,-117.82633604887283,-118.22187851091289,-115.8736435297051,-117.06348003250739,-114.85180092305995,-116.16684616152894,-117.65356514731805,-116.65614017101555,-116.71814309978575,-116.69718434714743,-116.03570525119592,-115.72170632508026,-119.12444183592217,-116.20520218300916,-115.74967904821932,-117.37416349475741,-118.0530315608666,-116.14033689116823,-116.53216123384486,-116.08228034762358,-117.99742391850083,-117.00954948423345,-117.08117849324317,-117.25386512782106,point1,-117.00448410531675,-117.06348003250739,-119.12444183592217,1.0128678845016852,-0.08854883116108565,-0.5412379072920075
HDOK,PLOK,17472,28,28,-128,-12,11,2,33,-118.0524310217566,-117.14911285241747,-118.13652646318693,-117.67053659992376,-116.92956052994262,-116.87584932208398,-118.00294151104961,-117.50199012660605,-117.38162424639526,-120.05107105823676,-117.78033471438808,-116.64749366198579,-116.84108144550272,-116.12721969064972,-117.42625369454187,-117.58623475726877,-118.92470957666337,-116.30496378393964,-117.32407710732652,-116.9591258629206,-116.7325083822935,-117.01952304100081,-117.63977772630565,-115.96241754087393,-115.73469770936377,-116.82135617025783,-117.55811109013159,-116.00252488160042,-116.77409108836407,-118.38600965752288,-115.81519934949046,-115.83203619523232,-117.4113719979921,point1,-117.1928109956732,-117.14911285241747,-120.05107105823676,0.8522259312754965,-0.75241879940043,1.46974181812701
HDOK,PLOK,17472,28,28,-128,-12,11,2,33,-115.54146337778134,-114.82413013560127,-117.14555812259893,-118.59560865490828,-117.11641765788313,-116.75424848239687,-117.17806370962278,-117.06878081899775,-117.25523467494857,-114.7653050127275,-118.00652586237375,-116.26717325028272,-118.38086828472558,-115.40589190833687,-116.60624502758228,-119.78281366357592,-117.33091386328888,-115.75944722623568,-117.92716175679664,-117.3416540994045,-115.90073519840787,-115.61640705464626,-117.04201822807346,-117.27588432120127,-117.50259126507353,-117.6876041192989,-115.9476660895837,-117.86342035080142,-118.44592424124006,-117.20673589295053,-116.77723330735904,-116.3161177510192,-117.90323054035787,point1,-116.9860325439419,-117.14555812259893,-119.78281366357592,1.2230106170136434,-0.006475330518274001,0.14136979787280968
HDOK,PLOK,17472,28,28,-128,-12,11,2,33,-117.80645725472804,-116.65946806524659,-116.66231254109282,-117.51735406871855,-118.4866435573523,-116.53966503814182,-118.97564839699416,-115.26183875287121,-117.5501632491657,-116.74228955268843,-117.36786824015302,-116.63994137491996,-114.97762999352638,-117.24011410390182,-116.7276216370321,-116.91046779880801,-117.29703670547701,-117.1192736857731,-116.00718079963875,-117.08628824842113,-117.37750536490908,-118.17473355768664,-116.7642220399488,-116.66020497763886,-118.76710519468305,-117.52819347633039,-116.93038370293915,-116.35049798348041,-115.29320284324274,-116.38534230639027,-117.91506958309982,-116.56414990543523,-116.49737840690442,point1,-116.99343189113152,-116.91046779880801,-118.97564839699416,0.8044036925019796,-0.00201631844730714,0.4789561826661468
HDOK,PLOK,17472,28,28,-128,-12,11,2,33,-118.41140311839493,-116.10133441936138,-117.21700747137385,-116.79583058337357,-117.80489255174976,-116.32120079164511,-116.94960686904852,-118.69213991337104,-116.64306561981084,-115.87141231897962,-118.20369271880044,-116.78108373520395,-117.4269718718079,-114.94620615650649,-115.827557516232,-118.89200118803686,-116.53430085595654,-116.92548671069831,-116.7308529858564,-117.99021875159873,-118.07069939854289,-117.50545239815236,-115.32049678210439,-117.15449562733305,-117.21774098988382,-117.83420422068437,-118.74858903202266,-117.27160756180909,-117.51447519279668,-119.25583588342603,-116.27312299412024,-115.88690224547783,-116.23258273309163,point1,-117.1318930668864,-117.15449562733305,-119.25583588342603,1.0802338863664982,-0.0740605693635544,-0.4799394464607727
HDOK,PLOK,17472,28,28,-128,-12,11,2,33,-117.19908010656685,-117.45286765132066,-118.794600310363,-116.03493634175986,-118.12187195387975,-116.79659390128923,-117.65527957422843,-117.38507215623345,-114.98053284031252,-117.6434150456846,-116.99413154518736,-113.68469832985855,-116.79221080059209,-117.10581259424438,-116.53873615193578,-117.35940647394175,-116.73652497923587,-117.86001567721603,-117.25620530660056,-118.57207021380759,-117.34954893205162,-119.37011449746747,-116.51574897763508,-117.17878076189287,-116.6389935698691,-117.91044484619114,-115.12838539672018,-117.22745896558119,-116.39378493644236,-117.45889375258882,-117.72953597369205,-115.81265123871091,-117.19428623185637,point1,-117.0567481828775,-117.19908010656685,-119.37011449746747,1.1658113120860616,0.8522762395268094,2.210736782861741
HDOK,PLOK,17472,28,28,-128,-12,11,2,33,-116.14341836100982,-117.46139428098267,-115.51193317144096,-116.65081719970208,-116.63700720499523,-116.70900216002347,-117.6478510859408,-116.43172487682749,-118.41864365259202,-115.59978856921616,-116.99318553316292,-116.4919103657187,-115.87878987909889,-117.53138657228622,-116.46522463480866,-116.27171854931206,-115.7983445637999,-116.98539048651892,-117.23074267382076,-115.49865201567445,-116.52208133407298,-115.61974790312843,-115.88814814619136,-118.19307050178774,-117.89544885257419,-118.19656432778842,-117.26033916626413,-117.96069479359909,-117.83754896883582,-117.43018322815163,-118.4857721470046,-116.70764620921696,-119.07109401548657,point1,-116.9522807706374,-116.70900216002347,-119.07109401548657,0.9088461476508805,-0.26560419204799673,-0.7914410112919863
HDOK,PLOK,17472,28,28,-128,-12,11,2,33,-116.45146991042655,-116.11657476305778,-116.67011706849534,-117.11383177826644,-116.63333907924007,-118.54739955434938,-117.99038893218997,-114.7585689930299,-116.94082456089974,-116.7344124527432,-119.68066774587854,-116.95603675874524,-117.19570280164987,-117.99020121719063,-117.46947538052028,-115.47140481170881,-116.43700433489677,-116.47064249603427,-117.04392879097682,-116.41763546602736,-115.90992796618065,-117.2516614765284,-117.41799702738784,-117.24994166202852,-116.9594969018617,-119.32639491078763,-118.66003559992065,-117.11899613103591,-118.44278304672031,-116.5847534591602,-118.62993998450263,-117.06069486710598,-115.76802515149569,point1,-117.13546288124373,-117.04392879097682,-119.68066774587854,1.1215744544492356,-0.39988818239518403,0.3871298188892216
HDOK,PLOK,17472,28,28,-128,-12,11,2,33,-115.00966584404294,-118.01671595530607,-116.79030709233386,-116.47304942364406,-117.37010457909324,-117.96586755081636,-119.25320051159683,-116.71115109347694,-116.89363219591633,-115.83020904237134,-116.7297532777384,-117.53258573783462,-117.64211907492994,-117.33024648241528,-116.60606223753922,-119.43981337484368,-115.6639743247203,-117.99854940560591,-116.83441792671087,-115.88326043901694,-116.28811761979321,-117.94601323581854,-116.75004616970848,-116.50981537597616,-117.59712714573931,-115.44383471604583,-116.98539287464452,-116.18845090774678,-116.19252024446898,-118.05363315697949,-119.39200502904004,-116.89087490172697,-118.44752091595332,point1,-117.11091023829077,-116.89087490172697,-119.43981337484368,1.1604824531424256,-0.4248568756882691,-0.06724615849976034
HDOK,PLOK,17472,28,28,-128,-12,11,2,33,-116.36131397814245,-115.59964247200935,-116.33583346374232,-117.09599200375175,-116.63281302621282,-118.78787014677319,-117.61628399805988,-119.07560758437131,-118.58158008980746,-118.342231015214,-116.00401029338705,-117.7073470674368,-116.23114776048968,-116.43650061608567,-118.71771517992495,-116.33707208198962,-117.12033192107076,-118.47635913878277,-116.7047029631587,-117.16633729370888,-116.27073291463275,-118.6812764727116,-116.92292654163322,-116.93448204246069,-117.91899373205808,-117.62127103662087,-116.12230213480925,-118.34861985825908,-117.025324502754,-116.72844562279946,-116.2678784123261,-117.24494296833552,-117.30022099600257,point1,-117.23388210089459,-117.09599200375175,-119.07560758437131,0.8904634127393929,-0.3920395963132878,-0.9833210831195505
HDOK,PLOK,17472,28,28,-128,-12,11,2,33,-118.1410952744075,-115.74846171438932,-119.62540674241127,-118.14837572112503,-116.28315275034741,-118.34614281056095,-116.94801489464679,-116.66857793316895,-117.83541423602786,-116.64143282917226,-116.01219055658459,-116.82093651435584,-115.21383109367005,-116.57890001642552,-117.70037243070601,-116.78875814969128,-117.50375353078893,-116.47267523514309,-117.93962585324547,-116.347013005128,-116.9400886612767,-116.39353572014986,-117.34143683561348,-116.69571210812009,-116.51747449599473,-116.56765773094781,-116.23678058750859,-117.67137301005619,-119.1632776012895,-116.68461860061511,-117.94339532219303,-117.76772712291978,-116.40693672104774,point1,-117.0937619942342,-116.78875814969128,-119.62540674241127,0.8924425335728531,-0.6838148946985663,0.5056262430817955
HDOK,PLOK,17472,28,28,-128,-12,11,2,33,-119.28833814083056,-117.36389348588885,-116.29871704153499,-117.45030920595464,-117.036665563944,-117.35467071107855,-117.7048048900304,-119.0636867623422,-117.02582121413485,-117.95195374020844,-117.22130185072724,-117.1033930444808,-116.49062613131015,-117.50131838391826,-117.52625553745412,-118.81479370267739,-116.2273536225016,-116.03895493734677,-116.58751862091948,-115.3869122803685,-117.87306517127575,-118.21936841122114,-118.07139437180433,-117.24683686839946,-116.80374051571273,-116.25226866488408,-116.33159706311177,-116.53645391004913,-116.08302885535772,-117.44795661225605,-116.33061809179769,-118.75395330853517,-118.11313149572044,point1,-117.25759703659934,-117.24683686839946,-119.28833814083056,0.8672458583044582,-0.3283689901709121,-0.357897745717644
HDOK,PLOK,17472,28,28,-128,-12,11,2,33,-117.92893282162422,-117.79524629864859,-117.18259391002043,-118.2967607807558,-114.89131685339217,-116.42431479088953,-119.70029573628709,-117.56362603161236,-117.06042071391089,-116.29443344479866,-117.98734944692075,-116.84215780692769,-117.63773832412741,-115.78831226243298,-117.38435998918098,-117.1350416824907,-115.71125625799539,-116.30633135343193,-117.01210588377891,-117.02707717702361,-117.02306858191596,-117.89373085211353,-117.40279076557316,-115.52417322131183,-117.56983569948203,-115.40075021784662,-116.81316678900028,-116.79230171828549,-117.3065344536269,-117.42393311689867,-117.58230459860278,-117.16766163090685,-117.65687248539305,point1,-117.07656956658205,-117.16766163090685,-119.70029573628709,0.8564045228986293,0.07240192729383443,1.3184296923061987
HDOK,PLOK,17472,28,28,-128,-12,11,2,33,-118.05336637983069,-117.44222752300382,-118.15272111627077,-116.23525780826536,-118.27319758551639,-117.98115671752178,-116.28358974614316,-118.33170588617553,-119.01675573713827,-116.64622197075796,-117.83200957072232,-115.5987321479878,-117.00047034441857,-118.54726953096339,-116.36742753271419,-116.8793186621888,-116.41537338040548,-116.80431774156006,-117.57244287102333,-117.65827282661844,-118.71223974898757,-118.7561984421031,-116.91281899632969,-115.82270112620559,-118.66280286242797,-117.09644099792456,-117.04025277805304,-118.01245436389867,-116.3110436604586,-117.30915388690404,-118.17754960555668,-116.0936161806092,-116.34753616331943,point1,-117.34383769369711,-117.30915388690404,-119.01675573713827,0.8909229288972923,-0.004715172633002545,-1.168835042161514
HDOK,PLOK,17472,28,28,-128,-12,11,2,33,-115.94036854542705,-116.49678690395454,-117.43564975116433,-115.14539605966858,-116.34491140148994,-117.00949851024154,-116.28208424849336,-115.48387368760437,-116.9774766109001,-116.09909548549685,-116.97780863400692,-119.03710711551203,-118.8444354008522,-115.74682387729673,-118.33777417863968,-117.82034290798592,-116.45494959449935,-117.40426289837103,-116.98187649064442,-117.71115000892998,-118.3969019281363,-117.81361900025621,-116.64684640316976,-117.40064615139285,-119.45731541123867,-117.45270303433617,-117.58972243968125,-117.02673329183625,-117.2813463518879,-117.00127926662472,-114.84561722092936,-118.11290275749933,-116.25879060542661,point1,-117.08533624768464,-117.00949851024154,-119.45731541123867,1.1324601612527616,-0.08741573184747516,-0.08555459491257444
HDOK,PLOK,17472,28,28,-128,-12,11,2,33,-117.0311323274111,-116.34805276545663,-117.39342326751634,-115.88707584373006,-115.68370156167597,-117.0999296930764,-117.15752880180003,-115.4729343043169,-117.3000700441523,-116.6542149767403,-116.29531167718363,-117.64618590381971,-116.45489323207603,-118.42495617143773,-117.09484448962442,-117.30439652545732,-117.17307526270228,-117.14688841660418,-115.3558525317398,-117.504841023195,-116.66632272647448,-118.98349476197315,-116.01306822789573,-115.97025789555386,-116.11671250171295,-117.3745668238973,-117.62504855428755,-116.54688787960218,-116.69711950372354,-117.62567734354026,-116.81655673011862,-118.2955832574488,-116.397392718123,point1,-116.89569690133538,-117.0311323274111,-118.98349476197315,0.6750736249329476,-0.3052506862442967,0.15701671040212917
HDOK,PLOK,17472,28,28,-128,-12,11,2,33,-118.84131877307065,-118.45236009020378,-118.99472787573787,-119.00513935527596,-118.25317842143629,-117.37800880507463,-116.99905884465025,-117.46871258881406,-117.14825559747774,-116.2457996626933,-117.33095569029722,-117.49149013071279,-115.46802681465383,-116.43081851274295,-117.38261846064178,-116.19152768233342,-115.56884137422699,-118.70954182777872,-117.57656959785976,-115.55327261196047,-116.18650530496359,-117.24487501018515,-117.47713842658193,-118.63720314923955,-118.03856194366699,-118.23318823335369,-115.9686782805174,-118.08446993528602,-118.79491388683297,-117.38587497318055,-117.59801898507526,-117.93165148481658,-115.84245080895917,point1,-117.39132585273643,-117.46871258881406,-119.00513935527596,1.1088770077838792,0.28134470790805327,-0.9188789863948257
HDOK,PLOK,17472,28,28,-128,-12,11,2,33,-117.21235226193156,-118.04688924173753,-117.94217171731049,-117.03370482515844,-116.5297756581732,-117.21985173136554,-116.60390452056942,-116.36161329950876,-117.45671421976763,-117.36256544326069,-116.92354776136663,-116.61726332346075,-116.64484682970182,-117.58728224904901,-115.51251988751028,-116.76512020820867,-115.85517856468232,-116.61053474026875,-115.42629193377118,-117.0489730129707,-117.36759512535171,-115.74893335832265,-115.90387312637236,-119.02568700681158,-115.58529980021916,-116.46398610563574,-116.10807361725153,-117.41018262439013,-118.51135735214052,-117.08061078192465,-117.09186604051092,-118.2762174652529,-117.335401672798,point1,-116.92939956081077,-117.03370482515844,-119.02568700681158,0.7324164024929307,-0.2646658408964354,-0.04143394849309656
HDOK,PLOK,17472,28,28,-128,-12,11,2,33,-117.86703116414266,-116.90123686788813,-117.93664238020457,-117.44879156426181,-115.79359560924506,-117.40247452650341,-118.43069969545411,-117.30310247473521,-118.5736109406635,-115.94230403535323,-114.41562675570202,-117.71037051516106,-115.70034732896401,-117.13178067153338,-117.87068806117217,-117.94472437691779,-118.35538291290972,-117.42539201290838,-116.95068981953398,-117.23490055357158,-116.07384561994621,-115.42969426976256,-117.83996987495847,-118.48779121808082,-116.97445635539782,-115.84076786385366,-118.74110675798057,-116.05058596190501,-116.73976362370986,-116.04349046079199,-117.44897259087065,-117.71894924865819,-118.12680463412862,point1,-117.14713911354153,-117.40247452650341,-118.74110675798057,1.0783031605100875,0.6297674751695282,-0.1685659271205071
HDOK,PLOK,17472,28,28,-128,-12,11,2,33,-117.50002609320518,-116.44191251118158,-117.52244938747927,-118.38480676922522,-118.97691527196521,-117.78605693437665,-116.627935733222,-117.31903062425206,-116.78730082805748,-116.67344624679356,-117.32330866746123,-116.40002463949172,-117.73505042778822,-116.86074766742034,-116.38633215657082,-118.73823918073178,-117.61631718081942,-116.86662757298873,-116.24089854357418,-117.59944960406402,-115.62705186530653,-117.78259451131993,-118.60024279408566,-117.14904432407452,-119.58223284567848,-116.79650521631226,-116.74715244081237,-118.91850319182092,-118.30827404661201,-117.63763674114617,-117.00125120424,-116.41126293638511,-118.63950471092163,point1,-117.42388281422376,-117.32330866746123,-119.58223284567848,0.8540466636856555,-0.43211593452502817,-0.42551972608806254
HDOK,PLOK,17472,28,28,-128,-12,11,2,33,-113.92512288354646,-117.8259945581796,-117.67663099888945,-114.5809703091228,-116.45563738648752,-117.33422394552942,-117.34175486999055,-117.85835689209385,-115.4300204785046,-117.82400168129082,-117.39547569470524,-116.52772277443977,-117.06754724460676,-116.11046538932318,-118.84269250028963,-118.10260229240924,-116.05589876366552,-117.81306016096478,-116.80609432621274,-116.73038104205901,-116.96868275094852,-117.25622308329397,-118.13679303687279,-118.04845796846773,-116.94446013585227,-117.40169195272566,-115.75609014812858,-116.46251444268813,-116.59251820131391,-119.79649157519346,-118.43030277426956,-116.06985723164756,-117.26363524164032,point1,-117.05552644652585,-117.25622308329397,-119.79649157519346,1.3219770995597255,0.44525315282029687,1.1978385418134994
HDOK,PLOK,17472,28,28,-128,-12,11,2,33,-118.33579300075334,-118.65856144178731,-117.12685580138205,-118.18649361986076,-117.39939894784041,-117.01971855553204,-116.83766265180581,-114.57538931107132,-116.98615959466213,-117.10040842156397,-116.90402770751184,-115.1179858456507,-116.55296558433537,-116.86305150116486,-117.16979994025098,-117.68596522047561,-116.05715937396873,-117.1076022197889,-116.8480920694357,-116.44379189982594,-115.9620132991731,-116.3609834276955,-117.78148404693906,-117.662156940875,-116.37541920122895,-117.0321974783997,-115.78704628998923,-117.22178309816128,-117.00616522580319,-118.01187923836189,-117.55497986882307,-117.04022603400314,-116.91380498468004,point1,-116.96021278311517,-117.01971855553204,-118.65856144178731,0.7052027865657262,0.6255055872346127,1.2798825730842194
HDOK,PLOK,17472,28,28,-128,-12,11,2,33,-116.99304078726728,-116.5250751681917,-116.54712504169994,-116.09771265591141,-118.9748877053818,-115.06242566770203,-117.04184720304185,-116.82338702829897,-117.03245204256537,-117.5772418913182,-117.2700705921838,-117.20150876027746,-115.53612978593601,-114.81350486242928,-119.08032237443246,-117.6771546608901,-117.1666479006062,-116.90048812963957,-115.56092714158694,-117.88587826053792,-118.30737924570231,-116.69117877466371,-116.92974961559115,-118.30237992682794,-116.51039740022993,-115.88435673849544,-117.54493603736944,-117.13382048963965,-116.34920214916319,-117.25738880370731,-118.89812532916626,-117.51372532768545,-116.50652691025095,point1,-117.0180907396482,-117.03245204256537,-119.08032237443246,1.0265925943689842,-0.029920081488715233,0.13232949538558714
HDOK,PLOK,17472,29,29,-130,-13,11,2,33,-114.98379393896006,-115.888170684473,-118.32219341113037,-117.63574244334163,-115.61250069620696,-118.91739064909282,-118.58947891079156,-119.15764593587141,-118.86117591713948,-119.65214170919921,-117.71564237970367,-119.36369638298474,-117.81752297639848,-117.78112806724162,-117.84380902158377,-116.5883159964813,-117.3978703284098,-118.46851980527039,-117.50112610257851,-117.93032153677814,-116.16582739400387,-118.23365539747734,-116.47003976794551,-115.9469816471641,-117.65561259827281,-118.04790075517812,-116.83357622228887,-118.057984347236,-119.3609642938389,-117.6359921370853,-116.2419341912493,-115.70240535683726,-116.3570719596992,point1,-117.53751918066403,-117.71564237970367,-119.65214170919921,1.4492054889694586,0.24205090193974038,-0.7612495111930468
HDOK,PLOK,17472,29,29,-130,-13,11,2,33,-116.22553714221587,-116.39137044653239,-116.40065860416742,-115.6057222740157,-115.87964178593344,-116.43794130583021,-120.94211878100265,-118.64313698134981,-119.76736491786265,-118.73045419267812,-114.91179998397132,-117.81587903198754,-118.96864645727386,-117.82018884425895,-117.51665164290809,-117.57161165078656,-117.20156626025864,-117.14838083070033,-117.4694135977462,-117.51956012174762,-116.97221219095769,-117.54087060516899,-117.73369927236492,-115.8963936848886,-117.37967687036888,-117.67127394323441,-119.6838516300717,-117.09501146562566,-118.86847688153124,-117.92346864093689,-118.98909679968764,-117.67546220790163,-116.80102219824029,point1,-117.55145943164258,-117.51956012174762,-120.94211878100265,1.6083600970479994,-0.43777069862767454,0.5143504064974627
HDOK,PLOK,17472,29,29,-130,-13,11,2,33,-115.11755303578276,-115.96886030580755,-118.04397479837169,-119.60327388085845,-116.38822142431064,-117.86859061222593,-116.02449762123778,-118.37446347301254,-119.3445884630491,-117.89073313059656,-119.4111209618556,-116.77308288685359,-115.60943802814508,-118.09424723988727,-118.51449839256003,-118.32764226236038,-118.6459786103758,-118.53131304128033,-117.33500964805266,-118.4606117043488,-116.3020110240218,-118.47041753787478,-116.8236523228941,-117.34987372088726,-118.73808466606091,-117.94122606608263,-117.22295094261173,-117.96160714708998,-118.64130071312327,-116.92911293887673,-117.67264532793749,-119.33416906748107,-119.11415965695822,point1,-117.78269426220824,-117.96160714708998,-119.60327388085845,1.3219150713738776,0.5256980102252408,-0.454534617493207
HDOK,PLOK,17472,29,29,-130,-13,11,2,33,-115.68748318741468,-117.2586097997929,-119.29576867036137,-116.57847401577446,-115.69568471657658,-116.98694863807961,-119.84254705900679,-119.67211565631658,-119.28253228459673,-118.14182403256235,-120.02146534726471,-116.55823390418628,-118.23336449694065,-117.25932406728494,-117.91513977590354,-117.76813237944185,-118.67040024985519,-119.82086676664704,-118.48261645713369,-118.64142695134188,-119.3977028294691,-118.67715872298228,-117.97197788661015,-116.81165491681372,-116.4112918285617,-118.41353117657245,-117.78168814291593,-118.70384513294681,-116.08069763474664,-116.91468919311363,-115.28062385095322,-117.72423133312037,-118.22444269658682,point1,-117.88504526672347,-117.97197788661015,-120.02146534726471,1.6375064116920774,0.21453798170409744,-0.7731546340209432
HDOK,PLOK,17472,29,29,-130,-13,11,2,33,-115.10096914347787,-116.96802568611078,-117.37359448304284,-117.68875706587995,-117.57801503184643,-114.7146337818968,-119.73214983189145,-119.27571305970466,-118.86875518257224,-118.99951734151671,-118.18554963876261,-117.10111000343935,-120.59773559985643,-119.71582893976242,-117.52431244274882,-119.06758525792183,-116.92249387767441,-119.6849895007308,-117.49664966036367,-119.04820681572416,-117.83601716007257,-118.91847453537106,-120.54205335557654,-117.3846908702831,-115.98593617979431,-117.4452299883878,-116.81506956087154,-117.73930325414844,-118.25623020946514,-116.67106309566958,-118.31837602410444,-115.52319947210279,-116.37566147278038,point1,-117.86229992495613,-117.68875706587995,-120.59773559985643,2.066444815558503,0.12189784669239258,-0.28632876611529356
HDOK,PLOK,17472,29,29,-130,-13,11,2,33,-114.02354763600259,-117.16967885750894,-116.92751770908025,-116.47148610279123,-118.2978111403916,-118.75387907319359,-120.31841931320629,-119.39325203020833,-120.86918117025716,-118.95501682335798,-117.66860291413444,-117.58399975975021,-118.4265085668321,-117.81936623528462,-117.43510262234491,-119.13711621716817,-117.10752944457694,-119.21364573151553,-118.32483958687745,-117.3807234225807,-115.50021781447492,-115.74281368733612,-119.60286136990557,-118.35711355392455,-117.1206759308144,-117.4377647495769,-116.93109652844534,-120.71613146260398,-117.68534112764118,-119.1175719459482,-118.11803579703398,-118.82395092864209,-116.74849855030698,point1,-117.97513023647628,-117.81936623528462,-120.86918117025716,2.0972756407580655,0.2707061925747127,0.6733670256359376
HDOK,PLOK,17472,29,29,-130,-13,11,2,33,-114.33125000623411,-119.27384907301905,-116.08830207190489,-119.03225714896205,-117.05957774956705,-117.86813652864772,-120.20685457763702,-118.47815542054505,-118.07387762636243,-118.26314338814886,-118.29386958631378,-116.18006034785265,-119.51295747293656,-116.56482510956317,-116.57935558896862,-116.00537805896536,-118.42483970767802,-117.84189952503941,-117.44626512009245,-115.99528192100482,-117.50573460715856,-118.10288030394635,-119.23891803095711,-117.45267649681394,-117.17192843148467,-117.86423411108122,-115.61100338533936,-118.90712274774751,-116.01494676273971,-119.53892757860692,-117.9810878487586,-118.61219211199841,-117.43080505137618,point1,-117.66523010598338,-117.86423411108122,-120.20685457763702,1.72079186278809,0.35622624016859117,-0.13537983249627272
HDOK,PLOK,17472,29,29,-130,-13,11,2,33,-113.26123033126036,-117.92443785733242,-118.4429953848274,-116.78870374217999,-117.90095177096576,-116.89609095450805,-120.86251531453253,-119.03670115802356,-119.63996087945937,-118.44623379461235,-117.20468586184076,-116.48837091594847,-117.304279091457,-119.14627111809756,-117.54291704897,-118.49011058780846,-119.25859682194769,-116.87491623055485,-118.90814312501385,-117.64145912211235,-119.12580946441922,-117.50854291036354,-119.21919025915204,-118.09552512016941,-115.53587849850366,-118.41539526769472,-117.17065463602536,-116.46911744747057,-116.56006246649974,-118.60799875056915,-116.18026615931343,-117.7547550420899,-117.66196968287362,point1,-117.76862838838174,-117.7547550420899,-120.86251531453253,1.9067099095401379,0.7547696416545,2.3521486509130365
HDOK,PLOK,17472,29,29,-130,-13,11,2,33,-114.94710121102496,-117.58528195369394,-117.92469637175273,-116.82093475044155,-119.11763918829062,-118.83951368981751,-118.2096817072011,-119.00038974682982,-119.44580839638533,-120.12978267280609,-116.20595893341998,-117.78793497668502,-118.17712897355796,-119.61004086556581,-119.44450229693905,-118.13838102024235,-115.99431333926549,-119.22164565770825,-117.30322488814623,-116.48069635443888,-117.53616414969798,-117.4835199436708,-118.6399644615215,-116.97912794929132,-118.04149214155147,-116.62217952892445,-117.86470390665099,-115.81302321610278,-116.47477778977489,-118.10211054837636,-117.37603386956441,-118.65987595445299,-115.83794333858273,point1,-117.75198708461744,-117.86470390665099,-120.12978267280609,1.5532109658988908,0.20100136698113763,-0.5625122997512766
HDOK,PLOK,17472,29,29,-130,-13,11,2,33,-114.25588794654487,-118.03198391522199,-116.90790908084463,-116.57573396129285,-117.77972971994114,-118.74579954325395,-121.05699823240711,-120.71925614015888,-118.27694158866349,-118.65622804667234,-116.68993935351858,-116.90301893737555,-117.27064521187408,-116.27906467102139,-119.44800297561827,-118.12408707993856,-116.24494319297877,-118.14510557538861,-118.37529078963699,-117.5602680770514,-117.18500097751144,-118.51273614545838,-118.34320771689059,-116.72816763948093,-118.8755459696724,-117.76704975699536,-117.76151369619274,-118.8894516989968,-118.08355206558186,-118.369463452989,-116.33470497596782,-118.23989573266451,-116.15188693328858,point1,-117.7966366909422,-118.03198391522199,-121.05699823240711,1.709374762748128,-0.056954569163999796,1.3666440573986534
HDOK,PLOK,17472,29,29,-130,-13,11,2,33,-117.91536568755835,-115.56699120018183,-116.54793991000854,-116.61095725094694,-117.15467575966517,-119.66797325587946,-119.88162969507854,-118.9139924597713,-120.44173958084274,-120.09747088730899,-116.04738209424534,-118.28106679124834,-117.3949942717496,-119.1832241617695,-118.03176231490426,-118.15868149903851,-118.0396303948654,-117.21625434402584,-117.31118696622586,-117.53011025988968,-117.32413337292327,-116.6702545916753,-116.09609863979134,-116.66125670325538,-116.31758646446221,-117.57011566463292,-117.16723805712154,-117.88919496133579,-118.72694525826189,-116.15983831357579,-117.84972525070137,-116.88433941117691,-115.68376311288789,point1,-117.6058641996062,-117.3949942717496,-120.44173958084274,1.5750754548858505,-0.5566472072201758,-0.26598921313928336
HDOK,PLOK,17472,29,29,-130,-13,11,2,33,-115.13815133587484,-118.59056918711734,-118.06043875791919,-117.49465213599358,-118.03293070471675,-117.33123048329635,-119.69300010550826,-120.25702319045712,-118.18365690001235,-118.18557363187709,-119.22752677190294,-117.99462247227149,-117.0035187003574,-118.50738933249376,-117.92571531837558,-118.15929556837366,-117.20179931746519,-117.85749647146109,-116.99766984207648,-116.89031074304265,-118.21636078007167,-118.10412683893148,-117.40005189132498,-116.86420822236128,-117.71209827937611,-116.05423057748109,-117.77149957517457,-117.84445091675903,-117.41273839672533,-116.3554883109793,-118.22699421289609,-116.01867994240641,-118.44358864262692,point1,-117.73203295629415,-117.85749647146109,-120.25702319045712,1.0140332906345073,0.09512326755970905,1.145997064502287
HDOK,PLOK,17472,29,29,-130,-13,11,2,33,-115.77948184187724,-118.71147497841316,-115.76548750553069,-116.79843263344799,-114.57443153111038,-117.69888494196702,-120.00314005553889,-119.4098830914383,-117.00022665437045,-118.98877368064137,-118.37783983692749,-117.13737111998891,-118.84332133040597,-119.05060567484182,-118.4577219756754,-116.32308817276652,-116.89753833581362,-117.63771714200483,-117.3892786749209,-119.52920758611185,-118.49796859186762,-117.76761949704348,-116.65336844271486,-118.06071522545813,-117.00456242165006,-117.10094818501724,-118.07674985024698,-114.96870013420208,-118.19777143553569,-119.10141667791886,-117.61757997340267,-118.1080937875296,-119.15481992047161,point1,-117.71770366384402,-117.76761949704348,-120.00314005553889,1.6571175283525705,0.5420149457349317,-0.025563947588489455
HDOK,PLOK,17472,29,29,-130,-13,11,2,33,-116.44054881915255,-115.42049804939329,-118.13078525907616,-118.2742338809894,-117.25500753384138,-118.96950163710738,-119.84802392231877,-119.949706180427,-119.26068897725789,-119.39620401022091,-118.13430884504756,-117.5406720974497,-118.32656255698573,-118.03223033361708,-117.91373772587423,-118.05882423570091,-115.92695556515679,-117.67739039334667,-118.09525109072824,-117.36692175180328,-116.24533219524157,-118.96022312323471,-118.11208689755411,-116.96454619007088,-115.33677845858894,-118.40877433099642,-117.50445013495714,-118.08834026952306,-118.23143148984546,-116.45406918057162,-118.54033549938366,-116.1949230004803,-117.12766616164498,point1,-117.76324272113901,-118.05882423570091,-119.949706180427,1.3360922919321854,0.29054470738507493,-0.26317333259219566
HDOK,PLOK,17472,29,29,-130,-13,11,2,33,-113.97824126160728,-118.73101620053914,-116.85857676964302,-117.92036856387972,-116.38239573185889,-118.15837850418926,-122.42237689421535,-118.92939923141154,-116.73854842207835,-119.8461651998435,-118.71453637940404,-119.17786664703057,-118.6521646081161,-117.428781285475,-117.11943073281279,-118.71138973624569,-118.5415936115966,-118.50354364971479,-117.54032813564716,-117.85176151709634,-115.88097314028201,-117.8430634574473,-116.29743607794761,-117.77203786049051,-116.63696578777603,-117.79890205048567,-118.72841745645782,-118.22753281368023,-118.9956640362136,-115.20172613574078,-118.37297040334472,-117.07457254061731,-117.73284892768088,point1,-117.84151435668393,-117.85176151709634,-122.42237689421535,2.115083458904846,-0.18774644942807633,2.780531393356784
HDOK,PLOK,17472,29,29,-130,-13,11,2,33,-114.84172965864789,-118.11898366580279,-118.02967741545997,-117.08697064856409,-116.93122260307565,-118.51049401534762,-119.16816890919756,-119.24990800129625,-118.45133216468294,-118.62160876009925,-118.71100929003946,-118.46318178952558,-118.15988629744201,-118.47676742138397,-117.09445674090436,-117.16234921939783,-118.6389036145952,-119.27686696417835,-119.8353110387738,-119.3908183414254,-119.59653557135941,-117.29131419007491,-117.9271729641124,-116.32741737688671,-118.13385128365579,-118.30388706599871,-117.47060577268236,-119.49991849759151,-115.10847914635437,-118.22178113936145,-119.22355828470015,-116.28752345092126,-118.05173007537283,point1,-118.05040670845189,-118.22178113936145,-119.8353110387738,1.419151551989359,0.9613697326645272,0.8432454791495716
HDOK,PLOK,17472,29,29,-130,-13,11,2,33,-113.82122301279988,-116.53901867634114,-118.5463759977902,-116.77041099617206,-117.62310113428478,-117.56816540888636,-118.46586245971358,-119.68428872290092,-118.65596953978603,-119.04654655403961,-117.94280150708231,-119.90265220625382,-116.1177888395653,-118.2640690771443,-118.05424366091282,-118.23896832947827,-116.49983821048127,-117.42423823936291,-118.45884594887703,-117.6351410726002,-115.6973276316415,-117.15641711872806,-117.30344276206503,-117.87463974113257,-118.00471608750969,-115.58078460611648,-119.55841261721864,-117.94971105331057,-118.22365872304528,-115.90754040264365,-116.68856478059219,-118.1315143644229,-118.46421181753279,point1,-117.63031791819489,-117.94280150708231,-119.90265220625382,1.6123113855427513,0.7607610136920396,1.1525651734869027
HDOK,PLOK,17472,29,29,-130,-13,11,2,33,-116.55309866883387,-116.90590716689587,-118.20463025872291,-113.5675977361998,-116.63562506332481,-118.09310664063179,-121.35474473215588,-118.9246625670416,-117.62155813394446,-119.91880075556587,-118.22551534232221,-117.00927824964707,-116.22337855553026,-118.28412239351591,-118.14705044012544,-117.756073597277,-119.46257810958824,-119.34146552222045,-117.70987872244253,-115.95194899050935,-117.51451725977235,-118.8186811072777,-118.97997602640832,-116.87876936835532,-119.94102790328706,-116.87908571272477,-117.2190319965096,-116.18171511072971,-117.2406547376019,-117.84460988520505,-117.1246860805101,-117.32710907550779,-118.57947333808389,point1,-117.77031391662027,-117.70987872244253,-121.35474473215588,1.994824879059787,0.15899087375930004,1.7749464198002856
HDOK,PLOK,17472,29,29,-130,-13,11,2,33,-113.66097450007085,-116.53895238747488,-115.51474391739356,-115.16606323809313,-117.20281076403559,-116.62157064719824,-119.4677310456399,-119.06652499634733,-120.72351665259764,-117.3167564479182,-119.05057396703232,-117.90814774672121,-118.3046944900677,-118.56605563853086,-117.59234773782374,-121.16611988142408,-117.14017149060463,-118.06923727255987,-120.56044279233605,-116.77782403989833,-117.90279376989244,-117.580346063857,-118.4921181621313,-117.4112130195148,-118.12408450007126,-118.17944271649596,-117.5107278112376,-117.63607732613467,-117.26393437254299,-117.70317412517343,-117.60519640015669,-117.80120921544125,-117.34454350546908,point1,-117.78697335278444,-117.63607732613467,-121.16611988142408,2.13157322795794,0.10456883039940726,1.7473259128136216
HDOK,PLOK,17472,29,29,-130,-13,11,2,33,-116.33164746180377,-116.87376243225007,-117.19814646642618,-116.80091572760641,-117.86651158539829,-118.03368714177007,-116.7366557293403,-118.9496914322177,-118.62780739192362,-118.63137360354239,-119.17781091899757,-119.29078505273307,-116.86501608516193,-118.90023237039134,-118.24102857152329,-119.36846327046489,-118.08635448306495,-118.45020288710997,-116.329398746931,-120.38841087940388,-119.7098809890948,-117.17336903355225,-116.51193114818308,-117.70891304347126,-116.87908541060034,-117.00869231632446,-119.15526035020244,-118.00171610147956,-117.51203938073581,-119.57499621966569,-117.94753445665508,-117.45000242545518,-115.80471277989169,point1,-117.92684957252642,-117.94753445665508,-120.38841087940388,1.2841548995465255,-0.18203045771558787,-0.8252086412456934
HDOK,PLOK,17472,29,29,-130,-13,11,2,33,-116.06535451362973,-117.80322330242595,-117.48128498587508,-114.99912709624799,-115.44707172120376,-116.07571346244858,-117.91443804726343,-119.12747595299213,-118.61262921151804,-118.4525871682695,-118.85510711114063,-116.48949682086517,-119.08171266223164,-117.91680496393036,-118.95230184195853,-117.86655361193917,-119.00947641652574,-118.46343238130744,-117.2299219128386,-119.18323686308756,-117.23996617251711,-118.11969537910588,-118.86954915368362,-117.58551613958487,-116.75463874613527,-118.71146227130414,-117.43450159792138,-118.99292535712377,-119.35435528912255,-118.82781824275345,-117.78306373518768,-116.83167594282381,-118.75494886918896,point1,-117.88748687709551,-117.91680496393036,-119.35435528912255,1.2861446481701968,0.8528653987977216,0.004398104630275679
HDOK,PLOK,17472,29,29,-130,-13,11,2,33,-112.39469947897084,-116.54697522191965,-117.93218013496619,-118.36970470811022,-116.47159337372634,-115.74139938606663,-120.30000489776148,-119.44328813145859,-118.69630755069724,-117.7104376522758,-117.42634169679864,-117.3259805814399,-118.57694745778016,-117.83293644716701,-117.47850965334133,-117.54353878364441,-117.40839573083535,-117.20272539143085,-117.84767550982356,-117.98710049095591,-116.82908210530437,-118.36942931722098,-117.03259485242067,-115.90227057274869,-115.97581450920624,-116.65084534232554,-116.70178298615357,-119.33279169688089,-117.31820053293512,-115.70313179560037,-116.58027836315561,-118.0747801092819,-117.41565334966575,point1,-117.3370726609718,-117.41565334966575,-120.30000489776148,1.86388400069798,1.071259281819259,4.259527760698834
HDOK,PLOK,17472,29,29,-130,-13,11,2,33,-113.84386435191722,-117.31670511776247,-118.75475929059898,-115.99357312526396,-116.030379994221,-118.53428277564403,-118.23199920681208,-119.35955957900791,-120.02994065269263,-119.91749147515415,-118.52807924546966,-117.34909369966068,-117.50724636846815,-119.8917547619018,-116.022360036535,-117.28204585363613,-115.97230970381221,-117.73451477129043,-119.4422320008261,-117.00738092650802,-118.43500067350745,-117.65129877371876,-116.7870312795339,-118.43237825849143,-116.30150804448493,-116.77328021208879,-116.598020800669,-116.65716759507157,-116.73518715279467,-119.13949113206831,-118.10224475035923,-117.99101637680778,-119.10478547702733,point1,-117.68054495344867,-117.65129877371876,-120.02994065269263,1.9177978279304806,0.3381842085066252,0.22002818054052176
HDOK,PLOK,17472,29,29,-130,-13,11,2,33,-115.11810946768784,-115.35399278732979,-117.44798069386377,-116.68476537408803,-116.87886647865336,-117.60216545741957,-120.19990243868081,-120.28292760260987,-118.16815287748837,-118.16128727625268,-118.47402660499002,-117.68805430319415,-119.62083010209459,-117.29078131347082,-118.39748508251257,-116.62996907791572,-117.74361946796323,-117.61714035025759,-117.68099534252376,-118.2086479168108,-117.06738690366205,-118.24026995311364,-117.13870226463798,-117.85048882174468,-115.44006365803877,-118.61822138924656,-116.87077118043702,-117.33289450196293,-119.30160700651781,-118.14204613677543,-117.73386246016253,-118.67092354613229,-117.86048986762995,point1,-117.7429523547233,-117.73386246016253,-120.28292760260987,1.367528318999676,0.08574500897664691,0.6947986165251443
HDOK,PLOK,17472,29,29,-130,-13,11,2,33,-116.09323237603198,-115.91532120565248,-117.96947862197918,-117.1909824098728,-118.73898807045575,-117.65485180548326,-118.57414383887121,-118.73054498453402,-118.22821424586479,-118.45312509265439,-117.91746302392774,-118.56210688393962,-117.29828980912947,-119.42606321290945,-115.7371144748076,-119.19145242193242,-115.94957151186523,-117.94728464770922,-118.69818771887111,-118.8528937926837,-117.39709002401729,-117.27095548236139,-117.05936470821885,-118.48971030906824,-118.23795757133249,-116.18081107125074,-116.65696556118253,-116.6995212527198,-118.07428852034897,-117.45973568394518,-119.58282440128205,-117.82707063899578,-117.64300359818604,point1,-117.74874572642682,-117.91746302392774,-119.58282440128205,1.060349932555663,0.3372954140716042,-0.6512522232601339
HDOK,PLOK,17472,29,29,-130,-13,11,2,33,-115.21230374397604,-118.37182042875605,-116.9294782283381,-117.20068249140303,-116.92841721418806,-114.38969714297222,-119.3649987222909,-116.53472267451134,-118.56555886888373,-120.51777694514334,-120.14721973401953,-118.98557576225436,-119.68672906300667,-118.86978205828505,-116.21336094141574,-116.73227897125702,-118.87860690194242,-120.27673441491851,-117.34080172397431,-118.29083534451388,-118.0626465252802,-117.21271592058362,-116.70631076087723,-118.69317811509895,-118.51799878974386,-117.80008166373196,-118.57831396382903,-117.43703036551734,-118.49172552463214,-118.17578112760737,-118.56769843993803,-117.39350786583137,-117.91501033000377,point1,-117.96937517480988,-118.17578112760737,-120.51777694514334,1.808491549812194,0.41683445889468346,0.5205241163223433
HDOK,PLOK,17472,29,29,-130,-13,11,2,33,-116.15198326494853,-116.01861238281626,-116.9803785310917,-115.84261012014406,-118.51712317995027,-116.64269799446735,-120.88913728907843,-119.12939271305012,-119.1885940525334,-119.36679255164913,-117.06075971029193,-116.9166214488868,-118.96679927906882,-117.77138008623457,-118.66200421180092,-117.11717538820777,-118.68700213021786,-118.19290428763087,-118.66468848905161,-118.05942030245342,-117.84393955267363,-118.62839510921519,-117.8749895615032,-117.24865817082689,-118.67557809406351,-114.89097691683992,-117.19165938001328,-116.50398432065127,-118.70505694372768,-117.32674290156848,-116.15032135998705,-118.48167868263283,-117.6977176380598,point1,-117.75896291046475,-117.84393955267363,-120.88913728907843,1.5167979751009992,0.035522922438666844,0.1872510474350899
HDOK,PLOK,17472,29,29,-130,-13,11,2,33,-114.96497013858459,-117.40729687371439,-116.4968037826037,-117.25410334543656,-116.15226224453356,-117.31427543693664,-120.8343184960764,-116.93947133599883,-121.16724183647848,-119.3141368475562,-117.86372655889082,-117.9644980081639,-117.20688635102208,-119.1645905771002,-118.08562141159854,-118.53751599445546,-119.95623146944158,-117.27544771456256,-118.98931756135403,-118.66863085176828,-119.45601402636454,-118.25717520742329,-117.08117409411464,-117.54754023268545,-117.47592169506167,-118.38526361306702,-117.42716135341074,-117.41035491958009,-116.6793004668303,-119.15699245011166,-116.71524589471969,-117.39723054328512,-116.60736988167321,point1,-117.9137603398365,-117.47592169506167,-121.16724183647848,1.7085841020392072,-0.5289093734636814,0.5514555009177768
HDOK,PLOK,17472,29,29,-130,-13,11,2,33,-114.50335842016717,-118.35345361144495,-118.72000471396893,-116.42329906142714,-117.54851009558426,-118.58699576323706,-119.42405500638903,-120.22626629360255,-118.31311004670263,-119.57372551340274,-116.56877512650267,-117.52646860497462,-119.72282650230868,-118.61528722664153,-118.0686807388115,-117.53853276701977,-118.89083327642328,-117.52371179408388,-117.4667102761804,-118.6294684052462,-117.41451753229059,-116.90772367838346,-118.79337803661744,-116.03470147147087,-118.616763721367,-117.02373884881072,-116.41468464419918,-116.99239714942338,-117.19430895072105,-117.05823393698593,-117.13594258003234,-117.64081111821022,-116.71668048437402,point1,-117.76266531506077,-117.53853276701977,-120.22626629360255,1.3966847286476278,0.20380123444253548,0.49701732760747763
HDOK,PLOK,17472,29,29,-130,-13,11,2,33,-114.82009498325627,-118.68605876882658,-118.00398796406688,-116.96309330742095,-116.87055972725955,-118.59195038454695,-119.57886998453628,-121.3289483969252,-118.4243116803779,-117.4350120352399,-118.01865267171637,-118.85464673547554,-116.67555635554311,-118.72697461583921,-117.62383173912768,-116.95945043140614,-117.53257549060784,-119.12531447386641,-117.8685999971479,-117.59200298390721,-118.36299120507628,-117.52717263659333,-119.55988284431686,-118.26955409409534,-117.92221880822079,-118.40275346323581,-116.7969479609783,-116.15719967455837,-116.61335335378055,-117.7651280668765,-116.98788791177357,-116.50096627769071,-118.80539626297586,point1,-117.85914985718989,-117.8685999971479,-121.3289483969252,1.4054554085153348,-0.2717138685200614,1.608160713154311
HDOK,PLOK,17472,29,29,-130,-13,11,2,33,-114.16221134338856,-116.00519302721102,-118.83148758564907,-118.5327634947933,-116.30358909890616,-117.00835882458199,-122.5873821941388,-119.15489961715001,-119.30328284388932,-120.67426125301412,-118.12757188917445,-119.288493647108,-116.83515017878402,-120.80542909068647,-119.72912523920692,-118.12545807426024,-118.15232540637298,-117.60492353048767,-117.58764049393518,-115.94564795294633,-118.23237984576,-117.34480669104543,-119.33505393815686,-116.93710896310164,-117.87339197186836,-118.185144287512,-117.89239268134244,-116.46900238800825,-117.03081687454892,-118.48019985584827,-117.8799651981692,-117.27360613924284,-117.9724216008407,point1,-118.05065106730697,-117.9724216008407,-122.5873821941388,2.4448705014883223,-0.43801276020509605,1.6432133023237383
HDOK,PLOK,17472,29,29,-130,-13,11,2,33,-114.66835033540227,-116.29453470863551,-115.77696123711866,-115.54550050896098,-117.25274682151581,-117.25682749218211,-118.09627467637819,-119.61557507187908,-119.24574787740676,-118.74857716258163,-118.09377981613929,-116.79871250095229,-119.79554664168369,-118.06630472188291,-117.54844242792997,-118.719140239465,-118.79659830871941,-118.044996610438,-115.85993335090342,-117.21289248129845,-117.79995330586037,-117.41474478996155,-118.51546858068221,-118.29280663324684,-118.08930141783775,-118.39078104103719,-115.65433694284147,-118.2548840500583,-119.62758628892928,-118.74269514553491,-116.92215882632061,-116.81081935047142,-119.03884631839239,point1,-117.7270250206863,-118.06630472188291,-119.79554664168369,1.6034277909110926,0.5222887722470085,-0.2816786788611352
HDOK,PLOK,17472,29,29,-130,-13,11,2,33,-114.70104100189842,-118.8892893688228,-118.50178557766182,-116.38942084514183,-118.08536030895783,-116.39497165985954,-121.4778136704123,-118.49254505303503,-120.07901913307384,-118.84794886375806,-117.70725965638425,-117.769529337551,-118.35573741619888,-118.30456564196378,-118.42041888498612,-118.27144134789974,-118.03133641376849,-118.91153817646575,-115.33487243609147,-118.20834983366474,-119.10579599225308,-116.5394421104549,-118.26026850220809,-117.68924959903677,-118.22203399883485,-117.90208438897878,-117.02506527058172,-117.03459200112988,-118.78491574108551,-118.08659360435323,-118.56236061542342,-115.77006845011896,-117.37772277306004,point1,-117.925285990155,-118.20834983366474,-121.4778136704123,1.6559445870275178,0.17345769248601264,1.5726087358391738
HDOK,PLOK,17472,29,29,-130,-13,11,2,33,-115.35714769019934,-116.75108073749196,-115.706880169951,-115.21147821959448,-117.28516218925587,-117.06644184670162,-121.19314812318548,-118.11230278816082,-117.83900299619572,-120.36795591696217,-117.23278242224684,-117.77857190668828,-117.89300188571161,-117.98299777454368,-116.97642968445096,-119.32143450226152,-118.37429502484821,-119.499024614538,-117.2224061255452,-117.8905044620732,-120.28309973177736,-117.33672779757835,-116.88028454371336,-116.65899856190856,-117.88235941013905,-117.05604239176735,-116.1426162553758,-116.43539804817499,-117.54116298241978,-116.47221033783711,-117.89060032958913,-117.15021190378872,-117.44509645376432,point1,-117.5829350857103,-117.33672779757835,-121.19314812318548,1.7758824581650545,-0.8350111678232752,1.0164118604807348
HDOK,PLOK,17472,29,29,-130,-13,11,2,33,-113.36619858046068,-116.17206158967045,-115.08620682276612,-117.63210931257004,-117.18887367641355,-117.21983441442454,-119.04009279886147,-117.50502661184197,-119.40349931652908,-118.67695891200724,-116.27999227341266,-116.05237880407287,-118.60060699248008,-118.6557186020205,-118.86631584318123,-116.96554365368075,-117.56796233411188,-116.8870880348971,-119.57314230693166,-116.35235299908821,-118.09157997359708,-118.7370558385104,-116.67013056877948,-116.64493679140166,-118.69943317378892,-117.93343410802528,-117.65371808143516,-116.97335470867894,-117.97130074301593,-117.20240096734899,-116.32081764161418,-117.33066954505321,-117.88362905979393,point1,-117.43043712365045,-117.50502661184197,-119.57314230693166,1.6204554718986575,0.8483713783763955,1.7503051741859923
HDOK,PLOK,17472,29,29,-130,-13,11,2,33,-113.78320758607137,-117.79380959920654,-117.41297949959544,-118.75447916256884,-115.87411940312718,-116.50069472424013,-118.03208477224561,-118.31748274382814,-119.15695934143645,-117.81655135811833,-117.7213818169709,-120.85740817788695,-120.3357852295958,-117.98376165561287,-118.62086755651238,-119.29756585633176,-117.48528616653729,-118.50094966000002,-117.58398567986589,-120.06754451244167,-116.45467301306586,-116.07259036359672,-117.13190041205827,-118.18392062473367,-119.66654665559784,-117.64332933994838,-117.66588370122356,-118.17300526040522,-116.61000642198945,-116.93464435221854,-117.51816686708241,-117.85077490535421,-116.81574846378852,point1,-117.83691196615929,-117.79380959920654,-120.85740817788695,1.8634290241310556,0.26626423235177477,1.524556869139086
HDOK,PLOK,17472,29,29,-130,-13,11,2,33,-114.46791837278916,-117.34167036618301,-116.56517754078111,-117.29969571902804,-115.3089252425436,-115.74448157361455,-121.50439597814814,-117.11975558495445,-121.0267246582194,-119.9955950660151,-116.79911128945606,-119.96361745700182,-118.95121162276125,-117.0163455763115,-116.37410464093752,-119.26262483714999,-116.35671759088396,-118.64134038052036,-117.77772393971784,-116.02270054185517,-115.04960220631897,-118.04291231067889,-117.20430362747929,-117.86220345159471,-118.70721485749306,-118.45185846025,-118.20403669753885,-115.50771236034082,-116.99874889649908,-117.08055801996865,-117.12383092291073,-115.85916715221039,-120.00950679916423,point1,-117.56489374973695,-117.20430362747929,-121.50439597814814,2.841544600012816,-0.4689953381042261,-0.18206123151989484
HDOK,PLOK,17472,29,29,-130,-13,11,2,33,-114.89142071901189,-117.86042121412972,-118.07995251227584,-114.79175191523682,-118.06494185021147,-116.71210975019304,-119.69504038562168,-119.56286374218425,-118.62283488919667,-119.32172526920878,-116.4093530837646,-117.692268753693,-118.41342035663399,-117.74523665353762,-115.75537677901481,-116.41089077453135,-117.34511872461036,-117.93964846462109,-118.14472310752987,-116.76897379332166,-118.5853170818528,-117.53913152484252,-118.6707576499982,-118.15808851080341,-117.52032718793437,-117.82418852276959,-117.86443481649803,-116.695016045284,-118.44089524532112,-119.04556868138977,-116.10387951504806,-117.28214421509877,-117.57302479518482,point1,-117.62214686456223,-117.82418852276959,-119.69504038562168,1.3748446225979645,0.5947949979667467,0.3128156815304308
HDOK,PLOK,17472,29,29,-130,-13,11,2,33,-114.37195292538853,-116.64646293236562,-116.7359355302024,-116.14315053012083,-116.87024945324227,-118.05847188149743,-120.42093709979216,-117.78995663939507,-119.31098913186716,-117.30919341955304,-118.00525427444532,-118.88647385849191,-117.3599649116279,-120.09919715422993,-117.86271027581925,-117.69035735424927,-117.43195853894468,-119.59561041348948,-118.24872794930856,-116.95314914346885,-116.67776939542661,-115.83912021922089,-117.8949205802939,-117.01629080858086,-119.36739159003916,-117.96601454720633,-115.18668539149976,-118.2915726007558,-116.9277214180167,-118.82246171960487,-117.88841676793187,-117.6417833572976,-119.27577006308861,point1,-117.71474611746855,-117.78995663939507,-120.42093709979216,1.7376058703032187,0.1864859925551292,0.349062414683726
HDOK,PLOK,17472,29,29,-130,-13,11,2,33,-114.32679693578926,-118.4431778488648,-117.61872316342044,-117.25820109064759,-116.5268467357788,-116.84338123026433,-117.70351155033991,-119.30668758743607,-120.23783765155495,-117.9178823818608,-119.4317055764614,-117.06322554030434,-118.28736044645572,-120.72427258259135,-119.06280899695734,-118.86824489915362,-117.12385380630003,-118.6477309721812,-118.1670672574005,-117.9941116199679,-120.23953316510416,-117.00200507247172,-116.60003257816862,-116.76241174386719,-117.07115651582664,-117.23933999016502,-117.10742853390956,-117.26445023272724,-118.4812535186587,-117.52670800684125,-116.373106080667,-117.4161201691564,-117.83994439746314,point1,-117.83263387511384,-117.61872316342044,-120.72427258259135,1.6078539172155804,-0.12596052473662878,1.052296406290147
HDOK,PLOK,17472,29,29,-130,-13,11,2,33,-115.47379383537597,-117.85636144357206,-116.63584431019933,-117.95832844829414,-117.93302698418614,-115.56349113045371,-119.46205930363092,-120.72863341942801,-117.55953543881535,-118.49310560610436,-120.60525220770948,-117.84092708225985,-116.84090759908428,-118.23750805901261,-117.5157085236624,-118.45747248590116,-117.27567463450526,-118.85447775984063,-117.83455750012111,-116.84542938188993,-117.33184534689924,-118.02535187461855,-119.68379650942647,-117.33559930209861,-118.46126430551479,-117.22953136205318,-116.55955450766209,-116.63360490413355,-115.809238907226,-119.03788328895148,-116.61638942384813,-119.89649832803167,-116.1678086574645,point1,-117.78062005672649,-117.83455750012111,-120.72863341942801,1.7310985747111665,-0.41866949177293145,-0.126241237813852
HDOK,PLOK,17472,29,29,-130,-13,11,2,33,-115.97344899465405,-116.05702806364577,-117.25389315606051,-117.189305238791,-116.89486155116396,-117.00437999091139,-120.7396484381395,-119.7483608574715,-118.0764013887719,-118.11720554186427,-118.46121578367867,-118.38410262144257,-118.07613116581769,-118.99516874434549,-117.56118438833091,-118.10071642704253,-117.58105936788861,-118.13175809505968,-119.57340785812607,-117.39255031705969,-118.11662430148127,-116.60461867575371,-116.12658185116672,-117.81094742947153,-118.91303029955833,-116.9589233174587,-117.59680813919535,-117.13785601698127,-117.3852708096782,-117.2123795384091,-119.5063746324689,-117.10525069343615,-117.64831828761011,point1,-117.80105490857379,-117.59680813919535,-120.7396484381395,1.1424891525264407,-0.6750753800687626,0.6060023674755857
HDOK,PLOK,17472,29,29,-130,-13,11,2,33,-114.56815998206912,-118.08474475371608,-117.39177346744944,-116.7453759662439,-117.19174916843127,-116.16870939138583,-119.89059189187567,-118.78467599645622,-119.31963216186732,-119.58850876575838,-119.2840672003289,-117.02048065730244,-117.60711760522243,-120.38730487682406,-117.90590213040288,-117.10862737704937,-117.78953927797149,-119.35563430116297,-117.61550711738333,-116.9952037747859,-117.53884188868989,-116.93300439394255,-116.12760121837754,-117.0560420658908,-117.20633820209663,-117.48058738741813,-117.60633154225138,-117.48814227325194,-118.44600074149726,-116.44540770555423,-116.28710825945227,-116.7252739027436,-114.90258447085995,point1,-117.54686575502161,-117.48058738741813,-120.38730487682406,1.683413165934251,-0.11980132221017076,0.2747148857548405
HDOK,PLOK,17472,29,29,-130,-13,11,2,33,-114.16105976288827,-117.99320508166285,-117.49792312015504,-117.02519096793145,-115.91323976390241,-116.26928873610409,-117.65657871373148,-117.53658553978619,-119.84408459849983,-118.63597247483771,-118.57084999449597,-120.04446403241154,-119.08769593592211,-118.76989629317742,-119.09268347270833,-118.26472953761068,-116.78164219890456,-117.69342962133497,-116.49114077695133,-118.71468647888362,-118.99690452443875,-117.5770291886803,-116.34713604627296,-117.96649737314738,-116.67040846049822,-117.58936838311553,-118.13044842533695,-117.18412115111617,-115.61743498808951,-115.75813934066954,-117.6559190542905,-118.36083070717204,-117.0048876844183,point1,-117.60313552815593,-117.6559190542905,-120.04446403241154,1.59417303361571,0.4143787015545796,0.3886347239517809
HDOK,PLOK,17472,29,29,-130,-13,11,2,33,-113.76317801225684,-117.96451584893396,-116.9884781567472,-119.29687460109135,-117.4395715691174,-116.20080925605193,-119.51000667507245,-120.35372107847755,-118.57661325017897,-119.02500799713741,-118.33064009085446,-117.45246554652421,-118.114714867294,-117.7889162738786,-117.43778256448083,-117.84865049431737,-120.1581670887308,-117.2234466899075,-117.82342161174006,-116.13408408979453,-117.6703129767576,-119.71084880819548,-117.06093711875393,-117.2333182899785,-116.88864425771892,-116.75891682094256,-118.81726239701172,-119.25545369762128,-117.28464004817417,-117.04547841060904,-116.60007950099838,-118.28585855856318,-115.90307486796452,point1,-117.7559361065417,-117.6703129767576,-120.35372107847755,1.7700395276745755,0.3694190129743012,1.2369694831220355
HDOK,PLOK,17472,29,29,-130,-13,11,2,33,-114.78766773651363,-117.50515464701715,-118.32322729581533,-117.47056944442214,-116.43429925209992,-117.66055569819927,-118.5965987524069,-120.87698462092453,-116.89667633622311,-118.31187465048369,-117.72841506184312,-116.65956847998595,-117.45002360788601,-116.50909609908342,-116.63016557663123,-118.2234819610388,-117.75616024315471,-118.09658691801184,-119.45756277613044,-117.8675479702469,-119.01542785169075,-119.29151420673085,-117.74709709404047,-116.80010695670441,-117.06325786121259,-117.98248319061656,-118.46039337320653,-116.83773968996996,-118.724889758596,-119.27256669784349,-119.64102164147914,-118.24855606643818,-116.1801685433374,point1,-117.83355878969651,-117.75616024315471,-120.87698462092453,1.3920166264923273,-0.06122654459450959,0.7807078780305727
HDOK,PLOK,17472,29,29,-130,-13,11,2,33,-114.89034085286332,-118.09386382161544,-119.15270075296664,-117.57241738257785,-118.95694384576863,-117.39340399090321,-118.82557318869269,-119.2863170601766,-118.04223399349092,-118.26671336072953,-118.80019362165339,-117.38846017573121,-119.85471307927696,-116.97498795552643,-118.08411450112162,-117.18950443734205,-119.59522047512793,-117.46755228728034,-117.69373778873437,-116.45549009799477,-117.72010811014093,-118.1528742637516,-117.15421041787005,-116.58087602383414,-118.25736407772469,-117.73108715618713,-117.5367495377119,-118.4540406892155,-117.17198843814317,-117.79784180570647,-118.63674119016923,-116.18338928155913,-117.7856847771031,point1,-117.85295267996032,-117.7856847771031,-119.85471307927696,1.015581868854746,0.463240084506534,1.121169500596244
HDOK,PLOK,17472,29,29,-130,-13,11,2,33,-115.7164190891939,-116.59424695181356,-118.15901692499814,-117.5584654782015,-117.70890931144824,-117.59272576138288,-120.48174396862433,-120.06143254720804,-118.58914278609369,-118.74056075789215,-119.91965223520445,-117.75851660834954,-118.08104884702863,-117.37905989411854,-117.63108674616812,-117.29444712011691,-117.9506857122933,-119.0227926993032,-115.49983387217993,-117.15147920541996,-117.41525129344691,-116.40575128538892,-117.45330473745582,-118.33730025185906,-116.29641325632748,-118.98498784958647,-116.78534819814003,-117.86208860132386,-117.56686586986508,-118.12422347842089,-117.54532374885116,-117.63449978892508,-116.81746299308857,point1,-117.76121478393085,-117.63108674616812,-120.48174396862433,1.2265980627493638,-0.43154899591386914,0.6132355858181779
HDOK,PLOK,17472,29,29,-130,-13,11,2,33,-115.07266188070726,-114.07029427805486,-115.22287822098347,-117.4593610018347,-116.57612643832844,-117.41796425628996,-120.40188382392907,-120.3128264286327,-118.1631151200471,-119.36782331754384,-117.99155943396265,-118.6664940039181,-118.152018109744,-116.80586870452291,-117.24260004381415,-119.67200569287048,-118.30001247207181,-115.82754272994924,-115.48051725023542,-116.8148663342969,-117.94756120420209,-118.4756837088588,-117.72205956641166,-118.28849665965899,-116.25122240640012,-117.53724189714892,-119.0231403334794,-118.74839833756135,-116.26275163711574,-118.56889512309823,-118.22725245319302,-117.17627098074567,-118.40656243033484,point1,-117.62587746302866,-117.94756120420209,-120.40188382392907,2.1245468031743564,0.3657387528100005,0.024690990590452433
HDOK,PLOK,17472,29,29,-130,-13,11,2,33,-113.90043684531324,-119.4814162989404,-117.53903863707299,-117.32019875256672,-116.07870657992225,-117.93808239040519,-120.22794962591865,-118.62202208967338,-117.76390897174822,-117.9125229452313,-118.80749921355458,-119.13848107235306,-118.63194097865038,-117.60874668533783,-118.38203646943413,-119.75406453688893,-115.56441120442375,-117.98237687660738,-118.12948658261698,-116.46548303955545,-117.54132193557942,-116.9057073312063,-117.71736011412841,-118.65121184296919,-116.82496795140685,-117.56159677727925,-118.39764930241937,-119.44913867771034,-116.35689914926208,-116.80156340577125,-116.8359250857935,-115.77673237261301,-115.90068949206929,point1,-117.63544161316433,-117.71736011412841,-120.22794962591865,1.7881909892733978,0.4499570167725331,0.5163073297437397
HDOK,PLOK,17472,29,29,-130,-13,11,2,33,-115.17467655201472,-117.70100594546516,-115.53980155289254,-116.13094283399107,-118.13787804828218,-117.292775898967,-118.2612539288556,-119.1549518016964,-118.8304868496203,-119.60120515598177,-118.49985338256526,-119.70844103714624,-118.56463368996462,-117.5754837361001,-118.1029063405254,-117.49275794792229,-117.52030543747915,-117.37899430662439,-119.23414228869373,-119.2747040388529,-114.69945401075161,-115.94203776356578,-117.44113199661612,-117.73159641688731,-118.21915913311791,-118.45820185943913,-117.05372617807626,-118.09859631873506,-117.11428989136529,-118.45655662875383,-117.801053604623,-116.06652274215566,-116.37004904416986,point1,-117.65544170793629,-117.73159641688731,-119.70844103714624,1.5357001602843598,0.5585519212147344,-0.11401265691256457
HDOK,PLOK,17472,29,29,-130,-13,11,2,33,-114.49245757320048,-116.81148078866497,-120.2688909719712,-115.56579528712169,-118.15885367810345,-116.26106751007384,-120.1019742438565,-118.9734011132357,-120.06439197286794,-117.06081680525996,-118.48750297713397,-118.38426309428529,-118.28994327683219,-116.58622386763169,-116.99925877478073,-117.47956551353576,-119.20530815195919,-115.92109529906035,-119.86877704390172,-118.66297761096511,-118.4931144317297,-116.05925049081276,-118.73399479067751,-118.57860993991281,-118.19103071327878,-117.6395227499711,-117.91690279852345,-119.53635165981018,-117.96666730125756,-116.66731195354699,-116.91391299102949,-117.69525801758232,-116.71681493292432,point1,-117.84099358562118,-117.96666730125756,-120.2688909719712,1.9113057310277513,0.20945116469962607,-0.3080620849176512
HDOK,PLOK,17472,29,29,-130,-13,11,2,33,-115.09346339454271,-116.6620115845142,-118.26775543739166,-117.76355816776638,-117.4165970747266,-116.16303992095433,-120.59133669337446,-119.02288066110165,-117.22150026734163,-117.62473040880018,-116.70518957658885,-119.69473306903589,-118.48450281057265,-116.89694619780241,-118.3030572000392,-117.84291496712515,-119.13861494134679,-119.77882316048769,-116.54007614288783,-115.66995494059826,-117.43315687032599,-119.91063082304152,-117.34549532708431,-118.24006544786944,-117.8798059256859,-117.78719177901041,-116.52142658754133,-118.35517206669867,-118.11018203041887,-116.82466071703661,-118.14592392946639,-118.56605247477076,-116.61168341657971,point1,-117.77615557613723,-117.78719177901041,-120.59133669337446,1.5019881820861651,-0.1779051682483439,-0.01325773290248522
HDOK,PLOK,17472,29,29,-130,-13,11,2,33,-114.36748896006782,-115.57899588790242,-117.61659215843336,-115.85404415110384,-118.3724925885869,-117.33595729895798,-119.72419162913167,-121.81982962174293,-118.34526231771196,-117.74297180118033,-119.25002516396168,-118.72721084286307,-116.71765545030887,-119.39627375261986,-117.96309094760593,-116.89474009753238,-119.03584856243559,-118.08182061917519,-117.77937915801658,-117.34847832105763,-118.70602949731457,-118.83890395427179,-117.89498138631279,-118.86473030240955,-119.9970272885723,-117.11690964538558,-116.59779198477283,-117.89188578712458,-115.66042521863265,-117.2012699602375,-117.77577138721767,-118.41869925371037,-117.90783951382281,point1,-117.90377619727816,-117.89498138631279,-121.81982962174293,1.980169496441629,-0.03139014875617836,1.3369768374685918
HDOK,PLOK,17472,29,29,-130,-13,11,2,33,-114.43860412640888,-117.11692984936101,-118.17070453101813,-116.97504343346304,-118.42257244869488,-116.66910741378146,-119.07466062999521,-119.59344259624555,-117.41059631399541,-118.30977885450093,-118.8409332249509,-118.56716665900038,-118.41846706685372,-117.58889406927557,-116.45478778863942,-118.14215567884094,-120.39204259695845,-116.28004864222285,-118.3324568969667,-118.39259911365697,-118.41215065339934,-116.71192957888573,-116.63394617048118,-119.03622248608742,-117.1045514506289,-117.1472247344307,-117.21645311861738,-117.17485845015528,-115.9810231076886,-117.90947534821812,-117.87050414450793,-117.25180455390218,-118.56778237789258,point1,-117.71542176090075,-117.87050414450793,-120.39204259695845,1.3108916985589933,0.3168649295291786,1.0236917612761434
HDOK,PLOK,17472,29,29,-130,-13,11,2,33,-115.142134216367,-116.17418924991584,-116.50709260853853,-117.38517350625264,-118.41798255446223,-117.68420744929988,-120.08027646782611,-121.0151051356586,-120.90903703416562,-117.87805090892749,-119.80827758264114,-118.32222660368488,-118.67003167034137,-119.97003908704882,-116.63775990384642,-117.8337446870744,-116.37601711104355,-118.46247709828043,-116.89421956381106,-116.53497077899765,-117.52940137302798,-116.84786799166667,-116.98837418134,-116.51674024657453,-117.86170923608412,-118.57946716485898,-118.62989612551087,-117.3112732838375,-116.57071898963734,-116.82295357856414,-117.10879645187393,-115.393553198601,-117.60222796498762,point1,-117.7110906971136,-117.52940137302798,-121.0151051356586,2.0152565197527474,-0.6701310365284743,0.15155303821264265
HDOK,PLOK,17472,29,29,-130,-13,11,2,33,-117.1720594726554,-116.0654532230323,-118.47679393500749,-117.92857274438809,-118.47706344988141,-115.82598867586435,-120.13772735228234,-119.5786462627132,-119.11221749716691,-117.75408478037107,-120.7546548509789,-118.39558309930639,-116.33851165209786,-117.51956283286059,-118.9818530981001,-118.09475947770441,-117.68931655769816,-116.47803907382188,-116.14251940431338,-117.53452952967376,-118.8393273405916,-117.19966421099605,-118.0623626884741,-118.33359316280344,-118.39683124664808,-118.92615650873819,-116.15647067897316,-118.36561135943106,-118.80736961693967,-116.6043111436243,-117.4265130563111,-117.7086443556464,-117.55203628907228,point1,-117.9041463220657,-117.92857274438809,-120.7546548509789,1.3539792872250027,-0.19126087385322205,-0.056916353385920715
HDOK,PLOK,17472,29,29,-130,-13,11,2,33,-114.41057102801645,-116.2822286626747,-117.63192775299204,-115.14407990600996,-115.02033639999203,-117.47521514340909,-118.70206247146156,-118.18406182732737,-118.43586575698087,-116.62186852266842,-118.3988283419633,-117.06163144946906,-119.40843283258258,-118.92520466028336,-115.87647858402502,-116.78071577296262,-117.0403069928512,-117.58865763675058,-117.73743181778165,-116.62125231751705,-118.01554567506372,-117.68286931475112,-117.35738285799516,-116.72774524110649,-117.11273548218256,-118.51878206039885,-117.82550220185648,-118.36076922661402,-119.05104153607093,-117.25715769304337,-116.50485699817834,-116.52160176852804,-118.0371696047961,point1,-117.34303992540313,-117.47521514340909,-119.40843283258258,1.33385944876331,0.5811598269486946,0.22674843894485264
HDOK,PLOK,17472,29,29,-130,-13,11,2,33,-117.95541887208906,-116.46847443195072,-115.39243688559759,-117.2315193292577,-117.09216870198154,-116.55380414036652,-120.74902112207403,-120.46304873832054,-119.00500696464985,-116.55805469488865,-119.03920274731273,-118.406966521388,-117.97947423114891,-117.12084420109586,-116.02494966526717,-117.66631047351656,-118.96121044719617,-118.6091393101679,-118.63300154326187,-119.33715309337288,-117.87315620087713,-117.87794843136578,-117.36886216492162,-117.13607677468359,-117.58541270630786,-119.02806840676543,-117.65708285987353,-118.54547817515852,-116.8132795755944,-116.65425277914999,-117.54553847019118,-115.95326711128732,-117.09430570886735,point1,-117.76908895393784,-117.65708285987353,-120.74902112207403,1.465944938081043,-0.45365979790990457,0.179167330018986
HDOK,PLOK,17472,29,29,-130,-13,11,2,33,-115.86323670153071,-117.79410017562864,-116.68307096867083,-116.05416829789932,-116.4628394066869,-116.53883157268974,-120.01624006145947,-118.73476992065363,-118.79677033206592,-116.66421865891267,-118.15917243464784,-116.53851444470452,-118.98631986165819,-119.73051344645386,-119.64275301730208,-116.197224343522,-119.7805982744819,-119.16065323425246,-117.86701447864797,-116.69057018694829,-116.83741967879187,-118.0462241882772,-117.97120912748048,-118.26268946220955,-118.29890885961895,-119.80910552906974,-116.09270473376111,-118.3010895048762,-117.1461734129002,-118.51916960383215,-117.89637897534995,-116.66346453626551,-115.50013480887768,point1,-117.7486743103069,-117.89637897534995,-120.01624006145947,1.6803918378269127,-0.12295720909919089,-1.1458319541559638
HDOK,PLOK,17472,29,29,-130,-13,11,2,33,-115.17658982023426,-118.40289614103666,-117.26745716365106,-117.52100398518253,-116.7510797400546,-117.13796018518106,-120.24410360235424,-119.40069691414905,-118.47621618493127,-117.63996740224079,-117.64897958422813,-116.30150717910831,-117.13319379121955,-116.19279977910205,-117.8762217786992,-116.80938417469302,-118.73126939981397,-119.07289923213017,-116.4103866292312,-115.63326638548828,-118.76866200186042,-115.83779566733355,-117.31255096057156,-116.87300971614485,-117.34476288992411,-115.2973173102777,-117.27000853068553,-117.30998202514117,-118.15850045540486,-117.3924560511379,-116.09434597792777,-116.10539583609608,-117.20670200568836,point1,-117.29695056063403,-117.27000853068553,-120.24410360235424,1.3489297055773288,-0.37523501072868226,0.08278038604212812
HDOK,PLOK,17472,29,29,-130,-13,11,2,33,-114.26322307520765,-116.68690182216247,-116.894606251255,-116.98180963927894,-116.19303370552707,-116.9762397763651,-119.24950300285971,-119.00033597393603,-118.80313545452123,-118.47174711353196,-119.08289097917798,-119.51917481287245,-117.76969228253903,-117.60402127339654,-117.86995164394956,-119.48965879448305,-120.8390507458827,-117.66194094297596,-117.00685015660498,-118.15002356253288,-116.01482094624083,-117.16935469006125,-116.42023626370606,-117.63586924219925,-117.3013252439802,-117.04351344118965,-117.35388356361656,-118.76351041024093,-115.68291163203789,-118.69592729883759,-116.70501942513208,-118.1871259289908,-119.78387448543774,point1,-117.7354898054767,-117.63586924219925,-120.8390507458827,1.784845566110945,0.06718740161874545,0.3625555003430274
HDOK,PLOK,17472,29,29,-130,-13,11,2,33,-116.28242028234887,-117.62596386685979,-115.52829765388205,-116.56681626775129,-116.22767062602665,-117.48928873649574,-120.78283937194028,-119.116254800902,-118.571243103417,-119.11523165522088,-118.85309428126592,-118.81479971464931,-118.52018188844096,-118.94231173962346,-118.5260436319246,-115.97781518806634,-119.22501531614719,-118.90734237261034,-117.69320507232858,-117.92762523747209,-116.9437655463535,-115.5387705679348,-117.90438486117037,-117.15993386142742,-118.92492092268058,-118.09635560399069,-116.75522722890256,-116.85659513326225,-119.60709969638775,-117.23212730052944,-118.71467604325731,-116.71873371861331,-115.65675021082014,point1,-117.78190307583948,-117.90438486117037,-120.78283937194028,1.6791119007898065,0.020430284247907122,-0.6470814663246376
HDOK,PLOK,17472,29,29,-130,-13,11,2,33,-113.4721945425574,-116.22862679731259,-116.77035072149592,-118.80039806398965,-117.73489845804042,-116.90815685726426,-116.87109916570137,-119.38809152743308,-117.17387880672041,-119.3082709523953,-117.02431851507681,-118.38811124117522,-118.70424861303898,-117.94819865602571,-118.84486326534186,-120.08919272942367,-118.06072320243382,-117.25925783701236,-115.83878789306655,-117.79182710633648,-118.50757390248002,-119.51055917137823,-118.4374568541989,-116.76642895184276,-115.35709533158506,-117.1808834873143,-118.39135873482924,-117.11017351795216,-116.91560309631747,-116.72497071036219,-116.66233133877529,-117.81111912107635,-118.66559652353216,point1,-117.59535289980263,-117.73489845804042,-120.08919272942367,1.7307590033695581,0.7149934902846647,1.5589207703699919
HDOK,PLOK,17472,29,29,-130,-13,11,2,33,-114.66506855672274,-116.5657309861737,-119.3906485227285,-117.72801568070857,-119.16375304539064,-115.76983619854799,-121.58733386826562,-120.01354363590227,-118.70576555681656,-117.56671067257892,-118.17025532415042,-119.8682443797912,-119.82877364184623,-118.5938802122354,-118.56260133126167,-116.39467994232668,-118.5606931573333,-118.35715079627096,-115.92569554816072,-118.17050437855461,-117.97526309205182,-117.74563653422351,-118.88662600102609,-116.69521218286758,-117.86914533269903,-117.5560098869454,-115.95480926093924,-117.09551502978366,-116.67522267759817,-118.69616571626123,-119.67248216469274,-118.35395683955831,-117.1714929735246,point1,-117.99807342811931,-118.17025532415042,-121.58733386826562,2.0492467724192043,0.005007159748714695,0.26589481686521843
HDOK,PLOK,17472,29,29,-130,-13,11,2,33,-115.33887512846128,-117.81801565901677,-116.04699425354148,-116.70959576723223,-118.41231060833367,-118.86821189788058,-119.96451709936873,-117.85628819433079,-118.78731543207478,-119.46808812029724,-117.36293790936563,-116.56716635580943,-115.62282350259277,-116.94380893107106,-117.4546589410247,-116.84022279778837,-118.191046435681,-117.68421508641224,-119.16986862710831,-116.52551379679008,-118.8805649911953,-117.72283384417108,-116.20576330069306,-119.05675196704465,-118.23215277324775,-117.17873910299167,-118.07077232635616,-117.42259826227361,-118.49736712646978,-117.14178304804055,-117.91460194800251,-118.52240291171668,-118.69708449562488,point1,-117.73260274672757,-117.81801565901677,-119.96451709936873,1.2231894598760185,0.21934588611470904,-0.4532057504402669
HDOK,PLOK,17472,29,29,-130,-13,11,2,33,-114.61491352560512,-117.21510419843527,-117.85207423589259,-116.31966703263579,-117.14407360411575,-117.32583164795629,-120.20917880601172,-117.48353253082001,-118.01831379978353,-118.92150021280858,-118.60384274895998,-117.32910273296221,-118.63214367287739,-118.7346068823536,-116.26375506051625,-118.6932268086556,-118.00982058466609,-118.00614353262567,-117.33740966872317,-118.4063302512291,-118.48385484070633,-117.85531360431123,-116.69745605475082,-116.7451606299398,-118.50106535498125,-119.23781543630778,-118.05868645520074,-116.77836516564984,-118.35486078185856,-117.67262521824065,-116.99988898235682,-118.05906675928675,-117.60040240307272,point1,-117.76257979467566,-117.85531360431123,-120.20917880601172,1.0393686449216604,0.5439054328890303,1.8655318603742788
HDOK,PLOK,17472,29,29,-130,-13,11,2,33,-115.68979258076502,-119.67772587098717,-115.45150627886137,-116.30126376312047,-115.67202304712791,-116.88999745551462,-119.38909635609068,-119.03458009583285,-116.92527131391506,-118.94717730641023,-117.28005453236095,-117.39271890570971,-117.69287889436282,-118.35827291518832,-118.70018026677914,-118.86815503387984,-118.2100352599407,-118.159505141262,-118.25961214998703,-117.27584742631443,-117.03607730486735,-117.28828721262013,-115.28489200018421,-116.98498734821152,-117.69652632066413,-116.44736034100936,-117.47181761572877,-116.91842890692315,-117.52513031391013,-117.61384867372679,-119.09290132969484,-117.13351301101942,-118.30083492756013,point1,-117.54455454244031,-117.47181761572877,-119.67772587098717,1.2607756529576797,0.14807399310984548,-0.4713781072497545
HDOK,PLOK,17472,29,29,-130,-13,11,2,33,-114.90246992057826,-115.75563451564526,-117.65885880527647,-116.5900131401774,-118.24644443578181,-117.961853330763,-119.16721018622772,-120.81465895821184,-117.59769272929819,-120.36254878750532,-119.04879662785886,-118.82210808520746,-118.97485546172351,-118.5797608339621,-120.55606957777482,-117.01895239813652,-118.09911391672941,-117.57269434593236,-117.37730182732915,-119.61511983562002,-116.96400313477467,-117.51315326722019,-116.5201802981596,-117.15327244759688,-117.75639580827269,-117.82310955255286,-119.09082861421827,-116.48679936448978,-118.09747771863883,-116.15607431088415,-118.04042160078797,-117.51145851108656,-119.2236447826643,point1,-117.97148415548749,-117.82310955255286,-120.81465895821184,1.7721660991512975,-0.11886175682743158,0.06343605145204245
HDOK,PLOK,17472,29,29,-130,-13,11,2,33,-116.27717214159134,-117.98213251704766,-117.41806381063269,-115.95246745962496,-117.43702555896225,-117.58274192454536,-120.67051232096146,-119.92743177115649,-118.70284987566534,-121.20774224425217,-116.51374911520006,-118.53308509269519,-116.61776104958155,-117.61297255048589,-118.17590829245782,-117.48810050625237,-117.44157502956237,-119.12820975232478,-117.53609251610894,-118.65271809379244,-118.28440148471026,-119.30518743254929,-116.43415439354354,-116.9473463425746,-117.33244276108512,-118.87289206078262,-117.5819462546366,-115.44414156872395,-115.68352249496839,-118.46179095536141,-114.68009581249605,-117.8184924455886,-117.14792277110882,point1,-117.72280752730393,-117.5819462546366,-121.20774224425217,1.9629331980863318,-0.30904096179722845,0.4888132504454248
HDOK,PLOK,17472,29,29,-130,-13,11,2,33,-113.49228851694731,-114.2536939375956,-119.60534102975937,-117.65174069926024,-117.32291091150783,-118.74083658241578,-120.02742786978669,-119.5005174187473,-119.76101149459245,-118.08971250075231,-119.31298469203702,-116.81085060309171,-116.88567627336084,-117.46723126203685,-117.97450802489273,-117.05420948017607,-116.58019273059843,-117.15174212194088,-118.42094549343999,-117.31535211403761,-117.23192636936315,-118.16100669903302,-116.82742480572016,-117.32171826316328,-116.35806287085208,-118.25818139064887,-114.95605445811002,-117.42926039753046,-116.74081318372373,-118.68450415880787,-116.90529874008787,-120.11123013351292,-117.34385035209971,point1,-117.56813653271604,-117.34385035209971,-120.11123013351292,2.2200507002673606,0.5741005397813707,0.9717842797769811
HDOK,PLOK,17472,29,29,-130,-13,11,2,33,-116.52625927358118,-118.45117407919018,-119.1705033367314,-116.50560939010852,-116.68563066161465,-117.33452778543142,-119.26797153597249,-119.04296841164465,-120.6917724192707,-116.89817785537815,-119.03150635811731,-116.46346997323658,-119.24189312037451,-116.51124845827016,-118.37941444333651,-117.6931419368024,-117.7311096382006,-117.2682995923328,-117.59035709791148,-118.81976685550879,-117.35390211820093,-116.9277227067245,-118.47633393590422,-117.29259627895543,-118.01097572060132,-117.71763821367598,-116.95822826160294,-117.33916318742985,-115.41165290570201,-118.4561821044522,-117.35818747192567,-117.58469147558013,-117.3992793192757,point1,-117.74519260372865,-117.58469147558013,-120.6917724192707,1.1448576204137482,-0.4810484282994783,0.47866850112011017
HDOK,PLOK,17472,29,29,-130,-13,11,2,33,-115.72813480102526,-115.58763828241842,-117.64604014017411,-115.72333451042486,-118.19615769299584,-116.80385374392003,-118.8265684179478,-118.21566437166886,-119.31246221615447,-118.54128798496544,-118.754547078904,-118.17353874987919,-117.77826825112521,-117.2696718719933,-116.90807787518139,-118.23198633209903,-118.02468635278206,-117.04930683516166,-116.29791039356904,-118.17040041750052,-117.18810372912007,-118.3011722160326,-116.84092457348713,-118.48940901261089,-117.93869202612873,-119.8516519614666,-117.45358308681719,-117.62718170712554,-119.84435508812234,-117.63805079368898,-116.26079294863918,-117.19887309206324,-117.75374932160211,point1,-117.68563866293319,-117.75374932160211,-119.8516519614666,1.120125205157845,0.07642081246182601,-0.09055073526352286
HDOK,PLOK,17472,29,29,-130,-13,11,2,33,-115.15833974934571,-116.46374483011586,-115.25621813209125,-116.80295837469956,-116.7830728067586,-116.2006689711932,-119.3253244217712,-119.757222037485,-118.58749313224915,-117.43493737445557,-118.87040969791889,-118.45670182746765,-120.25092316916106,-118.95017417681157,-117.86129485777306,-116.41110240664733,-118.60557323720033,-116.80427054132147,-119.63693312264111,-115.61240879558437,-118.64347983598245,-114.96884945522451,-118.46088159491295,-116.85378498220373,-116.34230324376571,-117.33183703118043,-118.6943333421605,-118.219178812788,-118.22839536872185,-116.70850998298953,-115.06512278319614,-115.90689052172553,-115.90309970982561,point1,-117.41080116143544,-117.33183703118043,-120.25092316916106,2.175395484557304,-0.03788663225981837,-1.0879327040618092
HDOK,PLOK,17472,29,29,-130,-13,11,2,33,-115.04319576106516,-117.39675967446176,-116.92827544838816,-118.77253136559223,-118.51974677326086,-117.61052006322645,-120.04091700955252,-120.07902336807929,-117.03244948248951,-119.23346181963817,-119.28898127851998,-118.86022312711754,-117.40008573343809,-118.8174491158887,-118.63009195662808,-120.53104781294626,-117.22576996569774,-118.2414532766539,-117.966772211494,-117.32418556711967,-118.9878001024864,-117.32498861251077,-118.3041306206552,-117.58466799006078,-117.47399650227362,-118.7904151921518,-117.20202369858123,-118.07691632647877,-117.86924878100797,-117.5086725927775,-118.4765481503863,-117.16957960948997,-115.84642587521891,point1,-118.04722287470717,-117.966772211494,-120.53104781294626,1.2893160243975332,0.12231176352991102,0.703456612770951
HDOK,PLOK,17472,29,29,-130,-13,11,2,33,-115.1343994923788,-117.4446166599167,-118.3233460623466,-117.1337576095574,-117.15669256616891,-115.8342675349695,-119.37825431483795,-118.6771216474986,-118.53684095650443,-119.63432036196029,-118.12827242940568,-117.38330366856093,-118.05976441255693,-118.55096950555976,-117.40437399490447,-118.31959879755074,-118.95614286602436,-118.34858791466203,-117.36689954858812,-118.84978346909234,-116.19715521130667,-117.20038628874916,-116.67677730311226,-118.931404915869,-118.42720004477454,-118.76997990092418,-115.60288078226961,-117.03300560842622,-119.69396635595882,-115.82686392997482,-117.00903372071716,-116.72358674012429,-118.74012935362897,point1,-117.74102072632972,-118.05976441255693,-119.69396635595882,1.3913889232431875,0.39524744406539325,-0.6060292304796757
HDOK,PLOK,17472,29,29,-130,-13,11,2,33,-114.18222791287388,-117.88639525110459,-117.06987380901353,-116.41716008073891,-116.40991574762641,-116.87560540607582,-117.49665313990505,-118.9244015046042,-117.95027998464667,-118.59833825603343,-119.32153202419366,-119.05723220720787,-117.48945344984513,-119.18490959041591,-118.90148739643357,-118.48887667447666,-116.95868410719187,-120.0562558849903,-117.34377369385106,-118.13189295119685,-116.545792872851,-118.68010291059028,-119.13416139623801,-118.01189482555101,-118.24946845258201,-117.64964629450954,-116.20438077063498,-117.12959422342263,-116.75358182977733,-119.01889595598463,-117.30823884848157,-116.53766955483098,-116.34413492154955,point1,-117.70643975543726,-117.64964629450954,-120.0562558849903,1.4453976792060583,0.4687268621953746,0.6471508950554696
HDOK,PLOK,17472,29,29,-130,-13,11,2,33,-114.76883757374299,-118.63027145942361,-118.04338182615302,-117.63319030598822,-117.36142846084154,-116.34843187964154,-119.85092378490914,-120.37867134946806,-118.85613895188983,-117.63782616346016,-118.82088239687468,-116.7133159881322,-116.85596769324833,-118.53173435759074,-116.83459235545877,-120.15695174278463,-119.94671030681062,-117.45824334628102,-116.99531458340103,-118.23394151362002,-116.00838280694104,-118.12462535052208,-118.38425035084472,-118.2945930008976,-116.50998574735408,-115.77113159198359,-116.22054473459932,-118.24960400833093,-118.19967647003274,-117.28628608528419,-117.45226629311296,-118.44151646359995,-118.55391965461098,point1,-117.80465268478287,-118.04338182615302,-120.37867134946806,1.6321681131824863,0.03719855521739078,-0.0211006183443172
HDOK,PLOK,17472,29,29,-130,-13,11,2,33,-115.74802343632898,-117.38199689326206,-118.79329788671825,-119.04774496224559,-115.53663097273682,-118.4524673585829,-121.07108887698885,-119.22688390280152,-117.4843095919711,-118.53677554838036,-121.38386653684145,-118.06965296994383,-120.23100583294416,-118.57894795185453,-118.04939503130235,-116.88490471081242,-117.32269237222134,-117.37718582346854,-117.70683927376852,-117.73832798089246,-116.16428387334314,-116.39036217185227,-117.20485484159228,-116.81910635856414,-117.46474674123829,-117.89884409311134,-118.79043275421904,-117.39610764448419,-115.49294857331046,-116.91444548960045,-116.98668246740081,-120.08205235158269,-115.39191585543028,point1,-117.80663094332714,-117.4843095919711,-121.38386653684145,2.170501713413789,-0.5626673188872579,0.2286674161473301
HDOK,PLOK,17472,29,29,-130,-13,11,2,33,-113.96866938113206,-119.67384708601267,-116.9554858776559,-117.7547239175926,-118.54802945739415,-115.94281348941365,-118.74513748695063,-118.29244739742747,-117.69090679390779,-118.18863920054507,-117.14616500764768,-119.88193537687549,-119.06503956574281,-118.75006999930493,-117.96535879252244,-117.5158168730867,-118.69742433147803,-120.58806781575797,-116.97423799377496,-118.08464058090705,-116.60181907914459,-116.56247560537003,-117.9190533881423,-117.32179906452504,-118.53953871427076,-117.00676870731527,-116.3348751376689,-118.4669848019023,-118.52674247547571,-117.36559351789234,-117.91569496241921,-117.5118162493157,-116.67395743832921,point1,-117.79322956263336,-117.91569496241921,-120.58806781575797,1.5146966542315674,0.48674326255949363,1.8948236296632746
HDOK,PLOK,17472,29,29,-130,-13,11,2,33,-114.43144752776034,-117.94787621387258,-116.32250266982858,-116.66575687555854,-117.63864760514322,-115.02778335661381,-119.61178546112379,-118.40119640190649,-118.34007608667429,-118.70782066105242,-118.52705839859433,-117.73363432171227,-118.7944398107334,-118.42046528778923,-118.08165331617421,-117.90686920779122,-116.18258312775052,-119.47356187745306,-118.64750755052339,-117.51263128868403,-117.27957075788952,-118.87510782856859,-115.43073753979778,-118.72110635593825,-118.27430828503984,-117.75167659106054,-115.92232164014786,-116.16061564779058,-117.80208552953087,-116.9050036116741,-117.6001960520132,-117.61679736758435,-119.1419367691971,point1,-117.63202306130219,-117.80208552953087,-119.61178546112379,1.563581402111032,0.7955347741049725,0.1494643274582983
HDOK,PLOK,17472,29,29,-130,-13,11,2,33,-116.1109693576143,-119.07671862604771,-117.69484811606571,-117.84282459104276,-117.0967545126917,-118.6942070194156,-119.6136878111757,-118.6155620925324,-117.3094491453496,-117.60816770772779,-118.4404720443536,-119.57368388338293,-119.33755757472613,-118.78160668585558,-117.38374803094243,-117.90911618910849,-118.67903019509662,-117.44088987288505,-117.34673674092801,-118.95427175312119,-117.30412153067692,-118.77859951023564,-118.72250024114139,-117.6674365400134,-117.69523191039528,-116.34515707187472,-117.4713070521557,-118.6760352879434,-117.20784235466303,-116.47214316753389,-117.41898977173628,-116.08458055402016,-116.74047784557979,point1,-117.88165832691011,-117.69484811606571,-119.6136878111757,0.9305976670709161,0.027810301741513027,-0.8049936287205739
HDOK,PLOK,17472,29,29,-130,-13,11,2,33,-113.63998505247649,-116.46321984411578,-117.49413411582768,-116.9881475868252,-117.15688980616942,-115.91929753191822,-119.85909906982403,-118.90313423391137,-119.6868003557384,-118.00571792591627,-120.01832551757951,-119.48680312366902,-116.99990494331342,-117.3539663830223,-118.57064611800938,-117.09486646726997,-119.04327677410767,-116.79328811232101,-118.56397051358155,-117.98238854733971,-117.49189179879622,-118.73156782889548,-117.93458473315079,-116.26596723255693,-118.913667388373,-118.78257700351762,-114.10730310483267,-117.22369652424354,-118.34672803890852,-117.10142975997861,-117.83748869071813,-116.90663621112327,-116.43744165150461,point1,-117.63954066634957,-117.49413411582768,-120.01832551757951,2.0554248345893704,0.7563494573845702,1.133726879803357
HDOK,PLOK,17472,29,29,-130,-13,11,2,33,-115.12378939610865,-115.70876222152772,-117.8415671874984,-119.01523782146515,-117.38849846783303,-117.94831533465128,-120.63772281812062,-119.4388428802537,-119.2413909030764,-118.8145207001774,-118.59304701827787,-116.92763279977332,-118.48002169671395,-116.6601891715737,-117.14830015977094,-118.69968399922055,-118.43015168128801,-118.58699513057766,-116.87842801056155,-118.84663854787694,-117.27407028201709,-116.07930772030856,-115.02926544661752,-118.87172788002157,-115.56488281368874,-116.81138553000301,-118.08571454007568,-118.00896374486021,-117.41507390256183,-117.43890113203324,-119.1593846083733,-117.409932623708,-117.4646790875762,point1,-117.72797046236941,-117.8415671874984,-120.63772281812062,1.6599604566799002,0.2716715578042274,-0.11542331896798386
HDOK,PLOK,17472,29,29,-130,-13,11,2,33,-114.58918219948055,-117.07011324317341,-118.20625998825888,-117.41850441144717,-117.55178327421201,-118.05878924863593,-119.56769157588728,-118.27843290084115,-119.78204314258943,-119.3958711022994,-118.55101604532894,-118.53410718087113,-117.81304357578611,-117.60456854869793,-119.31105688113148,-117.81267604204072,-117.87045897162926,-117.77538280287146,-118.32248174059188,-117.69281423076845,-116.43352148004537,-117.32460073418777,-118.4306099495885,-118.4983627720365,-117.6336472291735,-118.58039057161848,-115.87474888084922,-117.51179369087868,-118.76137640685984,-117.45048159824454,-117.44783428406011,-116.32109440830017,-118.2660478698745,point1,-117.87093293885636,-117.81304357578611,-119.78204314258943,1.079961366103024,0.8568409693139456,2.0323618890885675
HDOK,PLOK,17472,29,29,-130,-13,11,2,33,-114.94863819133546,-114.82301774315218,-118.66353108190546,-116.69864172867042,-116.87627079900258,-116.42401213624846,-120.76240144398615,-119.15074722182355,-117.22082660266885,-118.26101354090943,-118.07797219584378,-120.04368308044549,-118.58835272771793,-117.46863300046307,-119.85323733142455,-119.4120919381514,-119.16516090745239,-117.8200058258227,-116.8428311969114,-118.02982686548522,-117.66605958174404,-120.26575900425372,-116.78556072367701,-117.05215168963116,-115.92632655789443,-118.35223700093424,-119.45484191724833,-116.67377380045923,-116.68169804474996,-116.20351391320804,-116.2559823003291,-118.35674076079998,-119.5371218736947,point1,-117.82856553721344,-117.8200058258227,-120.76240144398615,2.2221037674592363,-0.011620656319869983,-0.6583395951599109
HDOK,PLOK,17472,29,29,-130,-13,11,2,33,-114.69128722597439,-116.17065256839454,-116.97366102705708,-116.11549387528044,-116.48615678166551,-117.77890092310666,-118.13127208860577,-119.71761068794633,-119.52915399095343,-118.74286831656785,-118.8014854306669,-118.59688352099444,-120.00901452592026,-119.24801383062835,-116.87955099502253,-118.04162802862801,-117.50281927439957,-116.66249090102835,-116.82334880810966,-118.38515188620042,-119.1060722388336,-119.42988754119402,-117.47177264381978,-118.10617745828603,-117.894130011938,-117.41142921386724,-117.72847417066956,-119.82397946198283,-117.90720344312095,-118.76411950600193,-118.24677787812038,-118.45057314040945,-116.1384864438911,point1,-117.93231902543289,-118.04162802862801,-120.00901452592026,1.5152257607368789,0.4261048247766832,-0.033928508546154035
HDOK,PLOK,17472,29,29,-130,-13,11,2,33,-115.68881722841752,-117.34123442615336,-116.7753993856513,-116.71590616015874,-116.8524734233054,-117.25282432733908,-118.41397562260295,-118.79877023136507,-118.1964981916952,-118.0835749717594,-119.1983851022202,-116.71634686333708,-118.7858096717187,-119.51672782254862,-117.16258342310775,-115.48679166062176,-118.24847394576413,-117.27855471502811,-117.14556831536873,-117.84496046459181,-116.43154641515594,-117.2130260479231,-118.30656636027481,-118.75943452012454,-117.60815115625876,-116.20710253219384,-117.74832768600102,-117.88570574321736,-116.84349491930897,-116.74238554280922,-117.67631837789557,-118.37195824467182,-115.67535548401383,point1,-117.48403178735161,-117.34123442615336,-119.51672782254862,0.999550894758847,0.06366034549223612,-0.48877537143771876
HDOK,PLOK,17472,29,29,-130,-13,11,2,33,-115.40647773045332,-116.92372376521112,-117.94669531659534,-118.34511038290432,-117.5030901038497,-115.73248271540582,-118.90259324715443,-118.18133386056822,-120.1744175545677,-118.77567621958121,-119.25329623530288,-117.42487360774103,-117.78078158121544,-118.27175941534227,-117.36102482421137,-117.84039961869468,-117.22624185936692,-117.36162893817499,-117.70157488869957,-119.20782850865113,-119.87571651816684,-118.70632343048399,-118.60565015473925,-116.34887785667239,-118.34486677159924,-117.77841047266617,-119.05567509129283,-116.15966955296308,-116.24393762299647,-117.86925522679799,-117.93325932857888,-117.45274982251158,-115.93679425052038,point1,-117.80703625677822,-117.84039961869468,-120.1744175545677,1.2968557099886606,0.1745417734860755,-0.21169794356560834
HDOK,PLOK,17472,29,29,-130,-13,11,2,33,-116.02894436323318,-115.32846921339312,-116.88299193453022,-116.8644727598599,-116.11245459943189,-116.69074580137763,-118.9922688024617,-119.16718045253793,-119.90912246620758,-117.88742137443565,-117.12148990305346,-117.96541955428742,-118.67992260705574,-117.89126757064173,-118.82983162181559,-116.39126462147901,-116.80298512916218,-118.08570262431361,-118.03668811899566,-119.79319981796506,-117.18795716334411,-117.93462467158842,-118.24525761969596,-118.11085769663245,-117.30930452502682,-116.81392471248654,-117.36254007584648,-119.1176266003898,-116.99439429222319,-117.28488745276059,-115.60381341647911,-117.22114930810274,-116.33668927906596,point1,-117.54499606514788,-117.30930452502682,-119.90912246620758,1.2758311864062877,-0.22153031144295882,-0.4155073744754687
HDOK,PLOK,17472,29,29,-130,-13,11,2,33,-114.57416264491863,-119.01007646227274,-118.09211064269415,-117.33395732557895,-116.99437420613677,-117.03149123697803,-120.67033914492838,-119.38829818598646,-119.37953152877203,-116.51407928994978,-118.63642958119642,-118.22777998185563,-116.82841069882703,-117.63554313791535,-117.16813843741878,-118.46111917701256,-118.69494052394518,-119.50645099474384,-117.48353724043352,-118.53185971110308,-116.60175937159902,-116.02810200065242,-117.24740217165717,-116.8324117695827,-117.30294647186011,-118.06392106192583,-117.38777881246656,-118.07257483070929,-115.50769812028591,-116.77619292974482,-118.05498606237089,-118.67917846505651,-119.64232265912321,point1,-117.76848196605155,-117.63554313791535,-120.67033914492838,1.583068542183271,0.11635449079027048,0.34966277139827007
HDOK,PLOK,17472,29,29,-130,-13,11,2,33,-115.5287933894688,-116.64973858351246,-119.6164415217703,-117.08727731562429,-118.11332333498832,-117.78752188061547,-120.31601821435464,-118.64800640908064,-118.4066968654924,-118.50479312360427,-118.77064670951904,-119.03346924363579,-118.41574806377128,-119.1213089875225,-116.7054378730793,-118.44755266910232,-118.23940077567063,-118.11968370720624,-117.85105687680127,-116.734924435378,-116.6504896702217,-116.93264143088693,-118.02589988015158,-117.93159481919305,-120.11773914839495,-116.86646331640672,-119.03279654943877,-118.23852689077056,-116.6507983030742,-117.26721509776489,-115.81630574036943,-117.96142783069787,-114.85017150999899,point1,-117.83151242932026,-118.02589988015158,-120.31601821435464,1.5233834178974102,0.2655607554565882,0.039383920851169485
HDOK,PLOK,17472,29,29,-130,-13,11,2,33,-115.02479122270326,-116.29261628074505,-116.15907386205545,-117.37149763962378,-118.50973335529505,-118.78983541619044,-119.48660847096232,-119.12814591996388,-120.1423923271816,-119.73861648695437,-118.65365520068517,-117.41708827348522,-118.7149605642764,-117.11202988641179,-117.77554542223146,-118.44775415384706,-118.95446941115432,-118.30132881461499,-118.66325668092561,-118.67239563100247,-115.55704028429756,-117.45661259026839,-118.38667730314495,-118.47333708694525,-118.01110769609295,-119.07120513929783,-118.1958243324356,-116.83058550987398,-117.35079260886444,-116.91641111693596,-117.53456014874814,-116.91393879369573,-118.5423790436777,point1,-117.95746262650269,-118.30132881461499,-120.1423923271816,1.3381246163211087,0.5770117682169807,0.1596365700474789
HDOK,PLOK,17472,29,29,-130,-13,11,2,33,-114.6210878179644,-117.36884752944219,-118.00128986713472,-115.87482328014775,-115.91557389960046,-117.0302687097496,-118.52436727444974,-120.79863068746421,-118.04849818620791,-117.75277743798802,-117.84369045388351,-118.11997391686157,-116.73759306311922,-119.3112340104294,-117.9971852816678,-118.50208470627109,-118.12348774647387,-117.78610529516084,-117.92937556178208,-116.94945005724914,-117.12622285056283,-116.78737282090098,-118.04468759307633,-117.82388279279371,-117.39586336893032,-118.92068334377261,-117.13470870393566,-116.92504294478778,-116.9838952103185,-118.9866793051621,-117.48182493758794,-118.69789805147082,-118.96338641661238,point1,-117.71237857948363,-117.82388279279371,-120.79863068746421,1.2395429926867738,0.08851463410350892,1.832820720344389
HDOK,PLOK,17472,29,29,-130,-13,11,2,33,-115.31219517422376,-116.86112095669925,-116.84900544399675,-117.80664528325762,-116.03061968971149,-118.42094299275897,-120.12026422180467,-119.76638626707455,-117.689095730581,-118.7568184370273,-119.0820340968597,-117.0497886916599,-118.70113171932704,-116.90760701976124,-116.45905966030455,-118.76673027701041,-119.08976892275503,-118.27441477160785,-116.61713044458652,-116.85281391584972,-116.66059969426873,-116.23826005756972,-118.02809143372818,-114.92491789965239,-118.21923784257953,-118.83048563266233,-117.73105491254103,-118.43580827471563,-118.36970981671499,-117.64710971374856,-116.64074820649006,-118.29836424877949,-116.81606583517524,point1,-117.64406143289341,-117.73105491254103,-120.12026422180467,1.4609035616949702,0.15496926177022888,-0.37318764157852913
HDOK,PLOK,17472,29,29,-130,-13,11,2,33,-116.02053745290395,-117.15188890192633,-118.037863899037,-116.06783125465937,-117.49208244599154,-117.71863597548996,-121.57402959606667,-120.99948296872107,-117.28153741343564,-117.1757060726339,-118.36679917915914,-120.34636773116362,-118.57436163669595,-119.24502016908409,-117.92322878158934,-118.08416633265534,-118.75357732754958,-117.82454796669707,-117.3344781558479,-118.87098684381515,-116.43259787736295,-116.48220349891807,-117.96348064275438,-115.20013705991967,-115.42774297309505,-118.7710094228077,-116.40123693608906,-116.08440528283779,-116.94348107706952,-116.37404597601461,-116.86111220915024,-118.01836119298656,-117.51429555689089,point1,-117.6762799942733,-117.51429555689089,-121.57402959606667,2.087313897974399,-0.7986834161236303,0.8470811784186005
HDOK,PLOK,17472,29,29,-130,-13,11,2,33,-114.87155273418453,-116.89978229735607,-117.46646490547275,-114.81932395238992,-117.09581892220244,-117.28520809949353,-118.66357950208564,-120.58591154432312,-116.42877728122899,-117.75689875071473,-118.86458427514646,-118.6901641745646,-117.50082506199303,-118.15504427266559,-120.54325110193774,-118.25908569573899,-118.3124065906252,-117.12593176049072,-117.93633636703201,-116.62843895413691,-117.38800057778182,-115.95619286687457,-119.20099379796551,-119.19663508896723,-117.91658013849145,-119.36984597431969,-119.11422204406624,-116.902008537499,-115.92252890271612,-118.2730885421907,-117.7684382481196,-115.89005679552747,-120.00748977890089,point1,-117.78168083446072,-117.7684382481196,-120.58591154432312,2.008222105806512,0.07583324030586915,-0.17022300019934677
HDOK,PLOK,17472,29,29,-130,-13,11,2,33,-115.610954266468,-116.30890986677382,-116.47323535316494,-115.96837155981959,-116.54559852893857,-117.68876572775024,-120.70163607591566,-119.80802038511519,-116.69432798306053,-118.64062853664058,-118.04013530634724,-120.28351825162783,-117.47639552046053,-117.05733724509416,-117.17879846099312,-118.18011140809362,-119.05910093015306,-118.26538393942894,-118.26808235944496,-117.88405521220696,-116.51463554806433,-117.63754623891504,-118.15213422841143,-118.10653278776057,-117.20136661965073,-117.10097233541018,-117.84524871730007,-119.87810801087019,-117.91395411532478,-116.50812726395286,-117.08297794798791,-116.07709887577151,-116.15335616345477,point1,-117.64561896273852,-117.63754623891504,-120.70163607591566,1.5663893997702778,-0.6924487084893314,0.0919352489002816
HDOK,PLOK,17472,29,29,-130,-13,11,2,33,-112.96947358015733,-116.3050592737238,-118.17354858239887,-117.6883354864326,-116.91684269964581,-116.42356158854751,-119.71557663289278,-119.65930288176058,-117.86193534842369,-119.95461970664387,-116.14787064612213,-119.56911369967044,-116.79825809272455,-118.68790068472966,-119.20683081386348,-119.48176147892654,-117.5511859563739,-119.17202664291634,-119.06530225565129,-119.20841387155491,-117.42284919909916,-116.55359355990839,-117.13486287935949,-118.21060052128377,-117.28517982209499,-118.73203745755495,-116.7880278610445,-117.34870623274702,-117.4974020462272,-116.86497856709218,-117.95927622017385,-117.31104363981538,-118.15148040157818,point1,-117.81263510094362,-117.6883354864326,-119.95461970664387,1.9446208900580726,1.0098612849295685,2.801690666870568
HDOK,PLOK,17472,29,29,-130,-13,11,2,33,-114.66791625097486,-119.08426580693676,-117.36315739576875,-117.54454764938868,-117.89147446323834,-116.44821822893212,-119.89664442779633,-120.90599561744737,-117.89767540851786,-118.50528214292996,-118.292597899583,-117.19923870788628,-118.23255332288507,-118.30282953834724,-116.65752289400517,-118.01020220180405,-117.9819050939323,-116.5455280256484,-118.10397740341865,-117.20154821220048,-119.07148118696769,-117.85455078640476,-118.03167780328812,-117.75745483172715,-115.54263492195747,-116.55176966580667,-118.61171250733064,-116.42311761798433,-118.52797889913175,-118.57646047325811,-115.83883937233848,-118.23585419995933,-115.93463739368016,point1,-117.68761364701439,-117.89767540851786,-120.90599561744737,1.565658791633147,0.06899279858722906,0.6937127573142425
HDOK,PLOK,17472,30,30,-129,-13,11,2,33,-116.74288250749542,-116.44519265120864,-116.65467549615873,-115.63918792940476,-117.29312424945017,-116.09929794383072,-116.8290366739968,-115.58481971099607,-117.36923998111234,-117.8649909478071,-117.47947045933586,-117.41087802672187,-118.22084503262217,-116.07814764104842,-116.27418582100286,-116.93708512091193,-116.59990287458984,-118.80148741432959,-117.06964112401734,-116.59488568406111,-117.84001545401507,-117.32870429992475,-117.00638343117431,-116.4461510907839,-116.44775860234576,-116.77248767641,-115.87551788557568,-117.16562070422124,-116.19946364345722,-116.68723747781077,-116.91979079637649,-117.13233039548487,-116.20625700062561,point1,-116.84899078025175,-116.77248767641,-118.80148741432959,0.49733458359514277,-0.5724945769355554,0.6179336099468351
HDOK,PLOK,17472,30,30,-129,-13,11,2,33,-115.68538800624,-115.35868315062085,-117.14943910099137,-116.61830890053488,-117.7282623053463,-117.48120338631128,-117.87058054675354,-114.954652340305,-117.56576425396004,-117.91360735857397,-117.75983157173583,-116.20459448369424,-116.97844976454961,-118.34674225417868,-115.99235919999379,-116.50829388636056,-115.78541982165147,-116.81360285098458,-118.0447183541547,-117.25044698215672,-115.48102030053929,-116.79050472995513,-117.60949591297712,-115.71175041979824,-116.4469387807318,-118.02057707800448,-117.79176517549182,-117.34278166512634,-117.33552502357544,-116.32288993484353,-116.10437771262811,-117.97396369247845,-117.45469360488131,point1,-116.92111007727662,-117.14943910099137,-118.34674225417868,0.8239661389614956,0.42998197910098274,-0.9346032244462581
HDOK,PLOK,17472,30,30,-129,-13,11,2,33,-115.83637002104943,-115.4325650179979,-118.45670914842783,-116.70334238918565,-117.7867246001231,-117.27411557492422,-117.9194544285264,-118.24438331076634,-117.48520273754643,-116.47829463759652,-115.91603267926828,-117.44580965337568,-117.5198426985433,-117.75888692688189,-117.62825864269104,-119.2023236759758,-118.57605962795986,-116.27215030231844,-116.24356816672244,-118.79486507128111,-118.3283159976159,-116.90292531044797,-117.50213378219104,-117.73096178980943,-115.72733844164469,-115.70084583243568,-118.00308226701868,-117.33588741017867,-116.58276932006707,-116.93564722265177,-117.09213277364653,-116.93448486923253,-117.39469970073398,point1,-117.24685406147987,-117.39469970073398,-119.2023236759758,0.8851925690385084,0.09396630594072787,-0.5742908457055687
HDOK,PLOK,17472,30,30,-129,-13,11,2,33,-114.81243851182268,-117.15496903679696,-117.00426335510741,-116.84583899971078,-117.37309050218312,-115.23990498140998,-117.39499440775859,-119.305587911494,-120.18966296526223,-117.45056054234482,-116.8603340253594,-119.21861992364275,-117.48201315650806,-117.93978963741002,-118.38596942396879,-116.45726198904686,-117.03178644950418,-118.04925372620447,-114.83924926350787,-116.6665595121044,-116.35156712095015,-117.99022794005585,-117.60072344531206,-116.22259285763725,-116.16604971389125,-118.7355651518754,-119.10568669469816,-117.51260638421599,-117.4536609913407,-117.30124751754875,-116.1521159092084,-117.68491182606962,-117.25170907179508,point1,-117.31002463471961,-117.37309050218312,-120.18966296526223,1.4309256389933485,-0.07227249811771624,0.42893362242325495
HDOK,PLOK,17472,30,30,-129,-13,11,2,33,-115.88967772257803,-116.23059983020961,-116.53548686671012,-116.93717638940181,-117.37142016904191,-117.30720059935204,-116.14687094178339,-117.04696986351375,-116.9207227020513,-116.5861054768455,-116.93083860192992,-118.02531769687693,-117.5042808423197,-117.33924284488555,-117.78093845136182,-116.74243069964201,-116.61874598482352,-115.48657492857713,-115.43988329105653,-117.58258015960322,-116.08812891100341,-118.33643061049392,-115.2205414368418,-117.26470601548006,-116.66557804693812,-116.2694994278386,-117.61843203234827,-115.35776681335719,-116.17572696710822,-117.30647282069324,-117.30964290456511,-118.05424311118436,-116.4344291829524,point1,-116.80377764676876,-116.9207227020513,-118.33643061049392,0.6395202678267997,0.21113586247340632,-0.596647302841308
HDOK,PLOK,17472,30,30,-129,-13,11,2,33,-115.28146926437354,-116.19811036322487,-115.51115006814842,-115.86557807714203,-116.75001095970912,-118.16866658095174,-118.08615942264088,-116.6970697110518,-116.65789759270355,-116.86517749766806,-118.52613447757327,-116.94953889093968,-115.42868687653123,-118.07994245951465,-118.4694294505444,-118.0550278897572,-117.61007642633028,-116.78428784342324,-117.27025688585655,-117.55609964167834,-116.54479398610674,-117.08112185253286,-116.50562720401938,-117.55970303174814,-116.89356105654768,-118.37654272083219,-118.2711633936208,-117.5376222186996,-117.99298581604221,-117.27628471867779,-116.7769851008946,-117.03287103523735,-117.19417880562965,point1,-117.14709731273796,-117.08112185253286,-118.52613447757327,0.7574121728641565,0.34844621529206526,-0.43121661781888454
HDOK,PLOK,17472,30,30,-129,-13,11,2,33,-117.86315869168659,-119.80055741025281,-116.70215598670167,-117.04549635564123,-118.11742251871952,-117.25992458322617,-117.65766094954719,-118.7548742106634,-117.34259472636796,-117.76929615922408,-117.83606510732902,-117.72112776859298,-117.2679620889625,-118.00127441156133,-117.1979171145426,-116.34417082040358,-118.14858740766105,-118.97220244893337,-113.86808296559236,-115.62903829266763,-115.52055890028228,-115.45175861049358,-119.23825280222361,-118.35191356090411,-116.97336751485403,-116.30147016322336,-117.69257443850651,-114.66398553714974,-116.9860693207868,-117.24107787128271,-118.11501336614509,-115.1304821686408,-117.07779163421445,point1,-117.21345108809042,-117.2679620889625,-119.80055741025281,1.667396426678233,0.574428509787957,0.4375824553596175
HDOK,PLOK,17472,30,30,-129,-13,11,2,33,-117.8295951591054,-115.40210072683747,-114.3357201033545,-117.35693970112074,-116.30052006159413,-116.92695005426299,-117.31884757854428,-116.64462514198588,-118.11189635369888,-118.67265253072553,-119.7409539553686,-118.98416119646525,-118.47818156279881,-117.67712447341198,-116.26498419891662,-116.39425060384013,-117.42714565074311,-116.23931048351727,-115.45856379124278,-118.13079227452533,-118.77076004283188,-116.70430953538873,-116.43989571648103,-116.8227823889922,-115.66819160547315,-116.8740830598127,-116.50652206937268,-117.38919766801605,-118.57269812702219,-117.49994576133632,-118.3145276441707,-117.14503762430903,-118.83669570365178,point1,-117.24969583481574,-117.31884757854428,-119.7409539553686,1.3994306204740603,0.1464568343497557,-0.11810736105450292
HDOK,PLOK,17472,30,30,-129,-13,11,2,33,-116.44497992516942,-118.13522070141424,-116.12624516974898,-116.83960557803219,-116.82283479506363,-117.60280629507423,-117.87155855946705,-117.67461435206575,-117.3799242382465,-118.0388395243878,-117.97863793590867,-119.28385169204294,-116.4897093633164,-116.61427578669627,-117.48686142818747,-117.89739118445885,-116.82997007195877,-116.48826820521332,-118.19246615193856,-115.06260701512363,-115.57475704589112,-116.98378545321741,-117.66528450725156,-116.47081899987816,-116.1013611221925,-116.3776970450868,-117.22155314318378,-118.20284299969678,-118.08563809395575,-117.26246850994805,-117.16037883879879,-116.52631588636916,-116.41593588244433,point1,-117.13059107580088,-117.16037883879879,-119.28385169204294,0.7585252465610384,0.004162293553906286,0.13951173753941593
HDOK,PLOK,17472,30,30,-129,-13,11,2,33,-117.46098240696436,-116.51829737372121,-117.36532195317308,-117.84698341987327,-117.82911590847476,-115.91567624370128,-116.6020093893758,-118.81403770805923,-118.63102115512558,-117.4695828467375,-117.51099789282274,-116.61489137093318,-117.48319321214552,-117.33287981802638,-117.46043425440062,-115.95773193807511,-117.51003824758425,-117.548614294832,-117.5665104582478,-116.9592566452569,-117.24508257250265,-116.96887658224816,-118.26808293792486,-117.98633235317347,-117.14999172845849,-118.46980910835683,-115.89583145441841,-117.17275057428476,-116.69613598379105,-117.42655691940728,-119.6674044233925,-116.05498954452152,-116.3831903796464,point1,-117.32674579089868,-117.42655691940728,-119.6674044233925,0.71629184901088,-0.44205921622494176,0.6258059515344887
HDOK,PLOK,17472,30,30,-129,-13,11,2,33,-116.10408724575761,-117.0369630064488,-116.42745241138434,-115.59529658066516,-116.38865222859255,-116.70597062912486,-117.16852846704514,-115.55112627786089,-116.01822043049577,-117.79121072086897,-117.32356801018535,-115.97379227316884,-116.84368038039052,-116.97269466116803,-116.84332506057982,-116.41989599252788,-116.35567863975422,-117.23203001155835,-116.74134601140798,-116.4399187663557,-117.34165211766665,-116.58576443111478,-117.92112358343454,-116.62355466856526,-117.1245884102814,-115.74977089991322,-115.50898238270183,-117.54746711095763,-118.42583257627007,-117.64764101903432,-117.54971252740663,-116.29809257908576,-114.30866654712679,point1,-116.68382686845153,-116.70597062912486,-118.42583257627007,0.6741835077777916,0.4522693339826009,0.8897627394888006
HDOK,PLOK,17472,30,30,-129,-13,11,2,33,-115.333174049047,-117.62828820754818,-118.03208657808014,-117.63815107545385,-116.25005106432032,-118.32644261652078,-117.65746792058717,-115.56958333077287,-117.22574108513024,-116.55053064279306,-114.1296044783556,-117.29295402435365,-117.15356671172259,-119.03883710186341,-116.64956334655324,-118.89142827871571,-117.7116264580524,-115.83412005241225,-116.98990512125668,-116.98845691337299,-115.7827553209598,-117.80406868630321,-117.3143952707949,-116.47204604343266,-116.46741614354491,-117.73884773345598,-118.96399912662146,-117.84308931024258,-116.359130010502,-116.64766335427498,-116.90518102071132,-117.18976257631688,-116.66859897792666,point1,-117.06207674642424,-117.15356671172259,-119.03883710186341,1.0980699520191068,0.373963788739011,0.7624118245265001
HDOK,PLOK,17472,30,30,-129,-13,11,2,33,-115.50362108732956,-117.94787456212384,-117.52595533233216,-116.05693529150678,-115.66007312017477,-116.0809200770079,-116.4137240376641,-116.90987263657085,-118.45294277365115,-117.48409740641958,-117.24824253787767,-117.27958148316733,-118.09493734035752,-117.14807274266269,-115.6735003026028,-119.84654531798115,-117.12191865830398,-116.38937297777065,-117.40457017676835,-117.22841798431439,-118.04031564416027,-118.37688300979089,-115.70869777102178,-116.18412054218001,-114.89519052611367,-115.43148091010795,-117.5962198682881,-116.21204405023036,-115.67987608502631,-118.72705075145579,-117.03555546591001,-117.98769903308607,-117.13333760053189,point1,-116.9842317304391,-117.13333760053189,-119.84654531798115,1.2229515400492157,-0.2782176668159874,-0.14172721140899025
HDOK,PLOK,17472,30,30,-129,-13,11,2,33,-115.33687060368753,-116.6552729896305,-115.8150934974875,-114.86493817986603,-116.75211440676425,-115.76363022160722,-117.83109928178345,-118.82454212863615,-118.34722782239578,-117.60814606771069,-118.51961388363374,-117.91003233316275,-116.4182971227862,-118.47391988902167,-117.40948209774052,-116.41554435037611,-117.46936612131913,-116.92534786473836,-116.109157888111,-116.38687873015851,-116.76159844197313,-117.9438841946185,-115.4812704077322,-116.77428120639674,-118.60499900740461,-117.00818221998237,-117.27895350221327,-117.69007730140677,-117.75540316190798,-115.58623069642833,-117.52302234250179,-116.48127386724029,-116.64640217868437,point1,-117.01127739421537,-116.92534786473836,-118.82454212863615,1.0261510767473765,0.12545958768637952,-0.7042873491255759
HDOK,PLOK,17472,30,30,-129,-13,11,2,33,-114.81849973360976,-116.61412081337966,-114.65996186633511,-115.37620206031805,-119.42645403938928,-117.94984615429046,-117.9646977954072,-117.40483156295207,-117.54286789418018,-117.64686510128196,-117.46424579224403,-115.93065747348129,-118.9969419747197,-117.4692214020144,-118.10025545313682,-118.17069230691547,-118.13687564969048,-116.77643126398047,-116.47244263450906,-117.24130361107026,-115.7814195313363,-118.76576052153624,-117.9521886286622,-117.180470870643,-116.2196489376366,-118.38408146697707,-117.14921929501067,-116.75700007094842,-117.02175952610227,-117.02207306801606,-116.73712511679261,-118.37534557483436,-114.60259050912441,point1,-117.15491205153108,-117.24130361107026,-119.42645403938928,1.4094022272966582,0.49348030394033754,-0.06500206060113811
HDOK,PLOK,17472,30,30,-129,-13,11,2,33,-117.16565794835942,-117.03427829113127,-117.26434228451735,-116.06137886976846,-115.933471464523,-116.64714989115257,-117.22666684359012,-116.2945019895157,-118.22814589764278,-117.08526336639629,-117.71136733714877,-116.14829599509108,-116.93720751753987,-117.91661305412032,-115.44489758449706,-116.66795954357325,-116.37056394403729,-115.72072509611327,-116.85921154079729,-118.18177467141344,-117.70302095690616,-116.41398725758367,-116.41033712762894,-118.83373662077526,-116.51731068623486,-118.56147795712022,-118.03123776916541,-119.39890412685833,-117.35184643494142,-116.75133086989587,-118.32241842793742,-116.14924684742846,-118.18004173790607,point1,-117.13710211973667,-117.03427829113127,-119.39890412685833,0.9038561361840523,-0.4136851582202677,-0.4905612556258476
HDOK,PLOK,17472,30,30,-129,-13,11,2,33,-115.11813630015858,-115.9850207575111,-117.10081250620546,-116.47042942608375,-117.96766081096465,-117.19957335666909,-117.93356164106312,-117.53559285662665,-116.88820497493582,-117.92829210353584,-117.52299763867538,-118.42196781338953,-117.05162719804204,-120.20996476725998,-116.76842125291574,-116.80678814357448,-117.89204383235932,-117.66614235690477,-119.55707968842634,-118.33950441082567,-116.91282243351878,-116.97653661532134,-115.82978498609073,-116.6058782695302,-117.15315332575386,-118.17582990697076,-116.40906913071595,-117.61052315533031,-118.01107848220171,-116.15477687830192,-118.32536155469414,-117.25951216304098,-117.38543639114029,point1,-117.36889651905268,-117.25951216304098,-120.20996476725998,1.0004754390517274,-0.4967388847761099,1.3494301086495066
HDOK,PLOK,17472,30,30,-129,-13,11,2,33,-115.65513273088946,-116.52595818295737,-116.34537517222583,-116.44826504976663,-117.2340969322834,-117.82876762645918,-117.48141956965937,-117.06583554220202,-118.19470471690914,-118.8289604128759,-116.42470275309226,-116.74732153726202,-116.43416903263864,-118.4136858261148,-116.63142448563673,-118.08905519246905,-115.57273317063002,-118.03436729722104,-116.11913890637287,-116.01045982683517,-116.07224920324069,-117.01335266484797,-117.87394767182965,-117.08224791788679,-117.29845973840642,-116.9066435210898,-116.37060316582017,-117.33346251580504,-117.08218623112964,-118.07756527743855,-116.67889069057401,-116.95451599500409,-118.25963203487753,point1,-117.0633130482561,-117.01335266484797,-118.8289604128759,0.67812243817758,-0.250128874084312,-0.7152229098262377
HDOK,PLOK,17472,30,30,-129,-13,11,2,33,-117.33621646780753,-115.91675074478289,-116.72075367838389,-115.25314274113464,-116.87464598275957,-119.24555461215326,-116.31160219427184,-117.74145284398769,-116.8487087677816,-116.52298022584638,-117.33971735083752,-118.24490257548928,-117.34483430040883,-115.6358714138945,-116.14189273485074,-118.78815828895402,-118.09557017910879,-117.32608058236825,-116.83581328752928,-115.88108820825327,-118.56406158740921,-119.4650742162973,-116.92727677738776,-116.78924621466044,-116.03144749489589,-116.77873971637243,-116.30616124156818,-117.72791422927547,-117.50940152170288,-117.71575926728883,-116.87286989846953,-115.50041951749732,-115.71961101824289,point1,-117.039809693384,-116.87286989846953,-119.4650742162973,1.0941608304204413,-0.4952981507008376,-0.17654510913792798
HDOK,PLOK,17472,30,30,-129,-13,11,2,33,-116.3395755737814,-115.99390086016382,-117.40766528130999,-116.14414953379288,-116.22958521405577,-117.11289160925507,-117.38616509655536,-117.87871210867962,-119.43329827230765,-117.6825944349902,-117.68622145991894,-118.33781493723126,-117.30065383292873,-119.33507103754076,-116.56452495625881,-118.23822956260518,-117.69768739533708,-117.95000033533057,-118.17904747167618,-118.18941295970201,-115.64231275977346,-116.48718780490853,-116.77081045429428,-117.22216934887827,-115.63127690022962,-116.98300282515171,-116.01428318737598,-117.80478911334946,-115.89617240700103,-117.79991205135389,-117.30361339178539,-117.06229388830181,-116.54277899729509,point1,-117.21963045645818,-117.30065383292873,-119.43329827230765,0.9168127175251156,-0.2940978025764015,-0.22947702177804086
HDOK,PLOK,17472,30,30,-129,-13,11,2,33,-115.19418576523766,-119.13140541304614,-116.59973749919614,-114.49613622361268,-118.86396433671977,-117.30710979891359,-116.82469441543023,-118.97666921173172,-114.77582996721316,-116.90667155127551,-119.6308209706536,-117.32865219137565,-116.56786211352176,-116.45889875040773,-117.39292785728674,-117.30833791321861,-117.99746929089092,-116.24372111567482,-118.89604618429797,-116.52010909210125,-116.26278200159419,-117.65561087911924,-117.00882852422842,-117.10887513997307,-115.11694369181039,-116.68925259911951,-116.48548599937757,-118.16038835159138,-116.40768304540913,-115.92749496114851,-117.24234688166648,-116.8513549106962,-117.90679858826726,point1,-117.03773015866078,-116.90667155127551,-119.6308209706536,1.4679475834935822,-0.09008446053353568,-0.0016739787439510323
HDOK,PLOK,17472,30,30,-129,-13,11,2,33,-114.8083258002602,-115.9119923156844,-116.49921776556427,-116.59382642067158,-117.65751012693195,-115.94083644824212,-117.05248928450193,-115.43889825755748,-117.26835008500949,-116.97970406560601,-118.47577126998112,-116.5697491147848,-116.74630402760206,-118.1688554745454,-117.57985283561658,-115.03943378582288,-116.83408278761418,-120.25645173314282,-116.1005871505471,-118.54495061044052,-116.9229983756404,-119.10514284736568,-117.06859108812748,-115.60729689189517,-115.63692417119421,-117.3349850835161,-117.79661185237558,-118.6455454557983,-117.5763612551974,-117.45922335368243,-116.7230431134006,-117.176905532025,-115.30714839371517,point1,-116.99478687194122,-116.97970406560601,-120.25645173314282,1.4388244199235327,-0.43111541937386394,0.3914353323706661
HDOK,PLOK,17472,30,30,-129,-13,11,2,33,-114.73784307152121,-117.02151173052903,-118.00098339961957,-116.31259277908482,-115.68841705808802,-119.51126609940465,-116.66371705348367,-117.63548311478334,-115.99385226368291,-115.90015659680908,-116.94155342669097,-117.44436010480136,-117.0792752191543,-116.38080388498788,-117.41812903120295,-116.60022536443968,-116.8938597506232,-116.67440229695978,-116.86751786506794,-115.65136745165631,-118.1208637660169,-116.29423023028603,-117.49722334627853,-117.03150620246238,-117.90051785664271,-117.98959221098345,-116.69904738949641,-116.26105215893962,-119.0316506668012,-118.48331333497916,-116.38247241912013,-116.7550676931367,-117.27110170064812,point1,-117.0040895920722,-116.8938597506232,-119.51126609940465,0.9547999410662964,-0.38821780261337185,0.6642256143447964
HDOK,PLOK,17472,30,30,-129,-13,11,2,33,-115.99287333578422,-116.24643318538664,-115.26788464151718,-116.3857790749811,-117.61892319954632,-116.85006663937473,-117.76691236635845,-116.60475254852871,-117.68416664473166,-116.95073358332702,-117.41472045427955,-118.63034887379948,-119.7934239519766,-116.32958648061033,-118.16019801993511,-117.9110058970069,-118.47994268097737,-115.4874350214792,-115.04664100471406,-116.80031115938564,-116.6692665599242,-117.01053194571354,-117.49057998255851,-118.85736821435363,-116.2692880647318,-119.63035406624464,-117.56787159802049,-116.91038477251395,-117.0539393855114,-117.60299997446498,-117.30629006700312,-115.82990466537309,-117.72958134579456,point1,-117.19243937593663,-117.0539393855114,-119.7934239519766,1.2392486095310546,-0.3286779314543975,0.13447022880259718
HDOK,PLOK,17472,30,30,-129,-13,11,2,33,-115.52311016179559,-116.19870296540672,-115.73888896489181,-116.34983089044132,-116.84426772947539,-116.89943535054013,-116.17292019070852,-117.50975281235978,-117.60960355019677,-117.01607575529586,-116.89730496606661,-116.90760277184175,-117.29736966058863,-117.40193614867206,-117.19745910944116,-116.32748704949474,-116.55260314843302,-117.48089011748938,-116.60522634861364,-116.88009658295431,-117.2709057550119,-118.36067610805019,-117.19538277492958,-117.06259873491574,-114.37486538419532,-117.24554451457274,-115.45872466588047,-119.09377715216857,-115.93722896367302,-116.59187771826367,-116.20189361171258,-116.4562139897048,-116.30787865303229,point1,-116.75661006972175,-116.88009658295431,-119.09377715216857,0.7266478826488496,0.03961234965899387,1.8891605527513167
HDOK,PLOK,17472,30,30,-129,-13,11,2,33,-115.50388281893146,-116.65690840105516,-115.50039876639006,-114.63520053812782,-116.63615740111099,-116.56145824165256,-116.0593645840542,-115.89755375538424,-117.33130504306877,-117.60830496225549,-116.6978286418936,-117.49444479309714,-118.32064161465465,-118.42584436025626,-115.8837821128594,-117.58306395592244,-115.60849153330462,-117.82826848637903,-117.49892759387988,-117.50015103569396,-116.04162818196949,-118.53262642445213,-117.42803434203256,-115.48009907158433,-117.4218148860698,-117.90633295169253,-115.43039356444638,-118.19382979275402,-117.9216720321672,-117.81433400383223,-119.44382730319793,-117.01437269586874,-118.67607307590526,point1,-117.04657627169526,-117.4218148860698,-119.44382730319793,1.2967819220774182,0.15527290814710654,-0.7076600238684883
HDOK,PLOK,17472,30,30,-129,-13,11,2,33,-117.69894861740924,-116.48400196050052,-116.97080170445618,-116.45687639852831,-118.41113111327684,-116.86540444967574,-117.48010349658338,-117.82248908505947,-118.87800443684773,-116.61387875232965,-117.20716578440452,-117.56658193457915,-117.14705643424611,-117.04660441708324,-118.35500045826254,-117.60111392758057,-115.33267509781766,-118.01809079579475,-117.24715900470204,-118.02405564019648,-117.67946467277915,-116.69100017097632,-116.7286972056102,-117.26599091281079,-117.76812182114773,-118.28288047559954,-115.42223527797815,-117.54623069755846,-115.78122780515719,-117.67227006797847,-117.85163250407383,-116.49520590621896,-116.85788780080193,point1,-117.25060572206134,-117.26599091281079,-118.87800443684773,0.658924442669246,0.49364064297351634,0.24309379958792343
HDOK,PLOK,17472,30,30,-129,-13,11,2,33,-117.60365116725004,-116.5695707682073,-116.24704998725173,-118.15186865326956,-117.397281109431,-116.94010708435104,-117.47869615082708,-117.54060651891336,-118.30133625139746,-117.06380957177552,-117.81953237065191,-117.47868580666983,-117.59121122054022,-116.82481321422958,-118.55872298763056,-116.7604236533795,-117.11320122157542,-118.11582633976187,-117.72331125785448,-117.5135163348301,-116.66261403250303,-117.95013481526898,-115.77267966420976,-117.87988358268267,-117.59702549933148,-118.02044778713805,-117.06626715154408,-117.34217211593777,-116.12441317628902,-117.31715784977608,-117.00174071667422,-115.49049453082203,-117.07226216026496,point1,-117.27547014400727,-117.397281109431,-118.55872298763056,0.4878718536072285,0.633009353780673,0.32798755927612655
HDOK,PLOK,17472,30,30,-129,-13,11,2,33,-115.82081568025488,-116.15115024544347,-115.97247467869838,-116.36816139109956,-117.94652845220274,-119.32616213442637,-117.76773501128804,-117.7745244811303,-116.85242078373228,-117.77900827831294,-114.92270635017275,-117.41896657921723,-118.34793979093168,-118.08037945170213,-118.1019215676409,-116.19004988505702,-115.27669343686352,-117.03626079728038,-116.53401016075476,-115.97618174865744,-117.63396503581076,-117.28350622890751,-116.26048531837485,-115.94984427930036,-117.80655634164584,-118.07657653499771,-116.9877643805993,-118.34901580856483,-117.13526796113844,-114.54135050428458,-117.68092516173118,-117.70550011069692,-117.35159049699601,point1,-117.04261936569439,-117.28350622890751,-119.32616213442637,1.155222361851829,0.3969607193522845,-0.21959848427306206
HDOK,PLOK,17472,30,30,-129,-13,11,2,33,-116.05939242410255,-114.96865059950204,-115.60704941145865,-115.66005328172132,-117.17340621255417,-117.563818398178,-116.65972967757514,-115.23019783390971,-117.7452806262184,-117.42298621993179,-116.75955700888505,-118.59083357212543,-116.49129780870433,-118.64677043737376,-116.5260278684884,-116.92416848981,-115.96085214510394,-117.95108824247181,-117.71180042491426,-117.4084514563276,-116.79899494729538,-115.60629963418722,-119.50344453234922,-116.16612693006337,-116.99913447809195,-116.85267162343236,-116.91719288999309,-117.61409664858041,-115.35761878501808,-116.18017032731137,-118.61185466208792,-118.02405628608177,-116.2668834981059,point1,-116.90787749642284,-116.85267162343236,-119.50344453234922,1.156043904468679,-0.3131307833062184,-0.29698599581269214
HDOK,PLOK,17472,30,30,-129,-13,11,2,33,-115.73521348601749,-117.84779429391376,-115.21189566748195,-117.31561505139051,-118.6595402586978,-117.58558606702367,-117.68286878350212,-117.59414643109594,-116.95129263746861,-117.69279119292901,-118.3805308764827,-117.08497330493833,-116.27870832013582,-117.77620239622642,-117.62680470945497,-117.86891835195398,-115.48122855205283,-118.26092549437776,-117.82366512824348,-115.81943387018957,-116.51092830048569,-115.81809633860145,-114.90685045548383,-117.95141934098972,-118.35540022121855,-117.1980035058429,-118.52957122039089,-115.4629213757623,-117.29147340782832,-115.88210197720754,-116.06798029347371,-118.00486137467433,-116.54850480243682,point1,-117.06685598448405,-117.31561505139051,-118.6595402586978,1.1193027370055604,0.44895205692467327,-1.035243101604486
HDOK,PLOK,17472,30,30,-129,-13,11,2,33,-114.27031445800093,-117.00710168696223,-116.92504365353315,-117.20812120794248,-117.52451189788539,-117.21609907375836,-116.92182770933016,-116.09323462279045,-116.98976770013584,-118.80746431524905,-116.90729437743133,-118.4091022722329,-117.88643658626349,-117.60217191929684,-115.79349903328206,-117.94437375713571,-117.04934306006375,-117.06878815951272,-116.52681532148104,-118.48387506980187,-117.1432411253779,-117.97572773961359,-118.03296921907358,-116.91078477299455,-117.57578540437672,-117.16351957762632,-116.9846236593469,-115.54111307985882,-117.279315030645,-115.61673893874044,-116.52937344606093,-117.27164579631732,-116.74495484268331,point1,-117.07287813681229,-117.06878815951272,-118.80746431524905,0.8045824089378778,0.8132969596331661,1.8666841839223136
HDOK,PLOK,17472,30,30,-129,-13,11,2,33,-115.28657437411049,-119.42135847356093,-116.20212838383176,-116.51384051449779,-118.27800508797507,-117.36388057014082,-116.94837893714559,-116.00175250175997,-115.9843230648045,-116.45079882684882,-118.15293003251037,-115.74373465399583,-117.11665337647445,-117.85796638058966,-118.48502636625864,-117.25890733552454,-117.83476433687218,-116.0205168059759,-117.68477845936577,-118.2429474787881,-116.19392474921533,-117.07330416309945,-118.16268605225093,-116.27417099559058,-118.2944043138905,-115.92070402868185,-116.21654372197781,-118.09093625782248,-117.32728462134253,-117.54241852046923,-115.60110909723271,-116.95016861738807,-116.17619162045865,point1,-117.05070038546825,-117.07330416309945,-119.42135847356093,1.0152137795926182,-0.2491186591956877,-0.8026836492868132
HDOK,PLOK,17472,30,30,-129,-13,11,2,33,-115.48782986996274,-115.87060970859524,-116.84828758565429,-116.43830595134338,-116.48684460922219,-117.35031639394988,-117.75059986555766,-118.62048800700754,-116.76433191237768,-115.99892064901442,-115.94185209931773,-117.73304031835625,-117.08526199411537,-117.48435865341956,-118.10717454962979,-117.07074162345401,-116.33075741886914,-119.75659765419374,-117.85298691496368,-117.67383398262538,-118.12297266668382,-116.7947539999466,-117.90650734640305,-115.82656559320435,-117.19161855856606,-116.33100260702389,-116.57722380949389,-116.05010631961892,-116.08143935572764,-116.83922658181793,-115.65104438029391,-117.28790323365125,-115.42437450154026,point1,-116.93145087016973,-116.83922658181793,-119.75659765419374,0.9411767443907331,-0.6725938611297215,0.5735908210376492
HDOK,PLOK,17472,30,30,-129,-13,11,2,33,-116.1682771867198,-117.68942138104897,-117.11452703954254,-116.6112539376686,-117.9238840392263,-115.62781430399183,-118.53728462602345,-116.09896139665302,-116.88529173661077,-118.59970724826992,-117.16565766464657,-116.4662229546082,-116.50996963534347,-117.09013072992515,-117.44416359507458,-118.67311644311229,-118.26211245308336,-117.74278080921343,-118.14510357719564,-115.74109723485958,-116.47619010758022,-117.02545649424029,-118.06962745639554,-116.94843370926378,-118.05348173108368,-117.55806008969239,-116.87185083967299,-118.0494413058349,-118.24478952597677,-115.22345002653732,-116.9435614625298,-115.82642912696716,-118.46606773610316,point1,-117.21980659408167,-117.11452703954254,-118.67311644311229,0.8792392775424585,0.25905218198077956,-0.8676836884031429
HDOK,PLOK,17472,30,30,-129,-13,11,2,33,-115.69369922136748,-115.78598963479246,-115.56955553811699,-117.3159228828791,-115.9417235575282,-115.4123434154306,-115.95145873576723,-116.97903815893302,-117.63739715089854,-117.20742910534474,-117.91204087554537,-117.92375391696771,-118.99093050221666,-119.76024691989946,-117.32726259815067,-116.72886660363856,-116.69026486810434,-117.89384610710744,-115.90093511146536,-118.47370495665056,-116.63646536358377,-116.88883224904373,-117.44833711711946,-117.10634332556018,-115.41290898120097,-116.4139769395488,-115.74895376200139,-117.22848718148043,-116.48099397244778,-117.53789107186937,-116.87333506547317,-117.25378926374914,-116.73887194192336,point1,-116.9353210938123,-116.88883224904373,-119.76024691989946,1.0195421475034132,-0.6326230052750329,0.5807744559330752
HDOK,PLOK,17472,30,30,-129,-13,11,2,33,-114.97667251921233,-117.77055778719173,-116.46209229203278,-115.3454821168865,-117.93300351940069,-118.54909520004395,-117.51894256512354,-115.62348941413471,-116.03472986448205,-118.5989173162675,-117.15268956044474,-117.00413917452435,-117.79291722610617,-116.6902232766904,-117.99922166982643,-118.41477264298436,-116.95069629379758,-116.80155872997183,-117.32799641735276,-117.34972279477562,-117.58286405172835,-115.45268203225508,-118.42383642806476,-117.42570049868787,-115.91068026403228,-116.72788002412176,-116.65144124051729,-117.68941995871572,-116.41327261085368,-117.66050524566239,-117.08173719102793,-115.34290248967432,-117.8415160023249,point1,-117.04549570966417,-117.15268956044474,-118.5989173162675,0.958472907735875,0.4281365861540107,-0.6168831687726533
HDOK,PLOK,17472,30,30,-129,-13,11,2,33,-113.10441897918926,-116.4488523873509,-116.2585409837482,-117.43275565854658,-116.59947228358187,-117.36047898708065,-116.94194425405189,-117.68929935277625,-116.41699552348354,-114.73568571619231,-117.14109411053819,-115.95652768932955,-117.94795478218543,-117.3241509131382,-116.66380772987641,-116.16615881511798,-114.84665416634043,-115.98307197729626,-117.00189445590031,-117.43690351252171,-117.60531150983381,-118.96244045622691,-117.00920127398805,-117.5390278585132,-117.36487690136566,-116.76788035616175,-117.82776180162918,-116.97991043749019,-117.02551558737275,-116.7776332607483,-117.70071172192597,-115.4621441773952,-119.6315814683651,point1,-116.85183815422008,-117.00189445590031,-119.6315814683651,1.3855345328953215,0.7603482080289624,2.6554934909843193
HDOK,PLOK,17472,30,30,-129,-13,11,2,33,-116.93614539807545,-115.03622478816668,-117.70790600370756,-117.97762166248901,-117.10361256590467,-116.75353182441623,-116.58691697669491,-117.25150011740736,-117.99130699102886,-118.97759063814198,-116.52407515721586,-116.16036279065018,-117.98568650523966,-116.93987078150798,-118.03308056904667,-115.96379217381498,-118.45637750528209,-118.10829587533829,-115.96421488137197,-119.14280826174597,-116.16697028415372,-119.53210331492431,-116.34286579214351,-118.71886408755343,-114.89188546202105,-116.33954974115669,-115.10631682482669,-118.4600182047945,-116.83859888825829,-116.84757805514937,-116.13731886988077,-117.27214361027077,-116.93368377398983,point1,-117.12693389019299,-116.93614539807545,-119.53210331492431,1.3638754414314134,-0.10092515724803997,-0.5237619104236395
HDOK,PLOK,17472,30,30,-129,-13,11,2,33,-116.87687788520374,-118.01625682386569,-117.27788979058332,-117.26608289601265,-118.26681892242446,-115.75644169835338,-116.74241765136992,-118.56650344426947,-117.44170122447042,-118.21335980574057,-117.70444221939644,-115.31383101355655,-116.63809133523243,-118.81274401196482,-116.48636702826965,-117.5865171674572,-117.15818662548419,-117.31917738535464,-117.0179834222992,-117.2733976753797,-116.40520162587725,-115.09335341043261,-116.63968274220967,-114.52717202149272,-118.76467951208103,-116.74139993549477,-117.1091561239821,-117.80234740888409,-117.18418248448127,-115.58500729843868,-116.71936292901945,-117.53063824187994,-117.87155022566071,point1,-117.08208551474614,-117.18418248448127,-118.81274401196482,1.0031880653493737,0.5702009206574765,0.3513830420013262
HDOK,PLOK,17472,30,30,-129,-13,11,2,33,-118.20985265375408,-116.07555265565613,-115.69799367582,-117.30562687596478,-116.01089163285673,-116.63233129862216,-117.75034501819171,-117.89001483203896,-116.44015176414653,-114.99982963660186,-118.56343743120114,-117.08872101284462,-115.71424379834063,-116.8240111506224,-117.44646329324065,-115.90550471683207,-115.63491108241372,-115.68647455768499,-117.96374649040409,-116.44753830677172,-117.48065713668312,-119.54902691474143,-116.33733592973998,-117.71172786173243,-116.56919820508969,-117.18251570624996,-115.92247371045839,-117.71946420560599,-116.92886169023268,-117.27999092482213,-115.51067257448106,-115.90062564113026,-116.66692867340585,point1,-116.81960972904186,-116.66692867340585,-119.54902691474143,1.0110695969990344,-0.5159622099998712,0.07818405304480125
HDOK,PLOK,17472,30,30,-129,-13,11,2,33,-119.4490303184878,-117.25491870227525,-116.83097253681181,-117.26878329717727,-115.91314143436993,-118.30689388580782,-117.40741592167417,-118.52906572607061,-117.96205031324129,-117.37118794432551,-116.78525318938541,-116.04593328028912,-116.61075504036563,-115.26985434251696,-115.46340683835807,-117.58549541049,-118.40403990660369,-117.48980625156662,-117.84747644941562,-115.96075130404344,-117.65441379964513,-116.39587407354415,-116.73799875577923,-115.73397650393302,-116.36656976536453,-117.1562479854296,-117.48320455790504,-114.59463863262039,-118.78659264621506,-117.82711909859523,-117.1500823702942,-115.72481110169504,-116.41884770405039,point1,-117.02383663904081,-117.1562479854296,-119.4490303184878,1.157214075689555,0.043146518174442115,-0.1840196942479535
HDOK,PLOK,17472,30,30,-129,-13,11,2,33,-116.26377732182895,-118.06123001885578,-117.05677591840336,-115.57747307440903,-117.87757679320865,-116.62555791375456,-117.78923111940121,-118.41632963091355,-117.68160036130523,-115.09209006935244,-117.4114387788115,-117.66722431305865,-117.80390589959427,-117.14098785733772,-117.97167321033561,-116.82718314016813,-118.6031779059609,-117.79632540563611,-118.75572211421311,-117.47231637548369,-116.42798487905269,-119.31282411925511,-117.07671759172784,-115.65950676858137,-117.92116607009994,-115.59494904248118,-116.19113578213435,-117.38034650606227,-117.24616450593096,-118.53928101520549,-118.79318097606208,-114.27712908929394,-118.39633661207876,point1,-117.294191520606,-117.47231637548369,-119.31282411925511,1.3138638526776703,0.6885456303540447,0.18061055739249054
HDOK,PLOK,17472,30,30,-129,-13,11,2,33,-115.84162373645059,-117.82554210897229,-117.02524748321952,-116.8734052391442,-115.18942185680092,-116.24957702958747,-117.59191236906403,-117.78958003857366,-115.60687842913818,-117.94478469393097,-117.45914770494356,-116.66360717518994,-116.74414853202738,-118.12608344167242,-116.01690029445514,-117.1681432525357,-116.69124775611506,-118.55289117994704,-116.82529371280975,-118.89851333816274,-116.73412515551153,-117.03879950892947,-116.98866909883147,-117.32628716872837,-115.92843197106181,-116.85852666779526,-117.2521333451858,-117.31203968976472,-116.59603017306975,-116.22343311565069,-117.1889643318332,-117.62101653598731,-116.50190041012759,point1,-116.98952444076417,-116.98866909883147,-118.89851333816274,0.649169075645432,-0.10055702709852292,0.21570731537110976
HDOK,PLOK,17472,30,30,-129,-13,11,2,33,-115.39191033223503,-115.6846954197715,-116.66602065210213,-115.6890880692305,-115.49988192075688,-117.70294281503386,-117.68450759450585,-118.66277020088214,-119.60067698961754,-117.04811091265609,-116.35971137314169,-119.86057064836811,-117.11169782303938,-118.67598145980133,-116.93007450649682,-116.50558686485915,-116.63061862004004,-116.28169382089739,-117.61322675357985,-117.90970794411382,-117.87929274212614,-116.46730919255485,-118.41346213010375,-117.78780848603577,-115.88408537480807,-115.82929970041364,-118.10424416155983,-116.92693073297329,-116.7418655657266,-116.84984803423096,-116.9213639398882,-117.28921712568774,-116.53962942214761,point1,-117.12557064634501,-116.92693073297329,-119.86057064836811,1.2059334195266058,-0.6258862138542518,0.1315310926133173
HDOK,PLOK,17472,30,30,-129,-13,11,2,33,-116.23878514192681,-116.28640010556832,-116.6462135612299,-115.95636546195146,-116.56999704828688,-118.5913459153069,-117.92070200458278,-118.28503836197133,-118.8383821749124,-118.07647183469008,-117.35922310425953,-117.52293359302426,-117.95302305350579,-117.4003111898103,-116.42401474746882,-116.09746619719529,-117.48907844227985,-116.61001324789282,-117.37543141711885,-115.38021461344611,-116.27390531596959,-118.03043283578718,-117.22438326861862,-118.06129040264523,-117.75913760877198,-117.2306002370891,-118.008060142978,-117.8829090186369,-117.00041378895484,-117.79335112866106,-116.53535611247186,-115.11676423137416,-117.09635957955125,point1,-117.18285984508904,-117.35922310425953,-118.8383821749124,0.7975639171273932,0.3771792455449747,-0.42214245527764804
HDOK,PLOK,17472,30,30,-129,-13,11,2,33,-114.93963005417598,-117.864390556297,-118.38790774701668,-118.14045133592938,-117.51511944163039,-117.37039976543893,-117.30118177997875,-115.97155887619635,-116.69596162691256,-115.85448285982525,-117.06073932723972,-117.58576016412802,-117.84939532675914,-116.90156177657498,-118.30307731716495,-115.72785710448277,-117.09811451403831,-117.53057459356293,-116.87007420380672,-117.38768500763572,-116.37851642317273,-117.79046898068472,-116.3526184659005,-116.41238099808129,-116.8076727752359,-115.76803112097762,-117.34483292320738,-115.93828476805227,-116.57184144625529,-117.43953135722562,-116.17516757451662,-117.58089698003387,-116.37233484097473,point1,-116.94813642524583,-117.06073932723972,-118.38790774701668,0.6758579576479088,0.31781495513320185,-0.44058214482273783
HDOK,PLOK,17472,30,30,-129,-13,11,2,33,-116.34457514569998,-116.53366871405825,-115.9982108833783,-117.19492709587004,-115.81381865760073,-117.60593074383742,-116.60851695900035,-116.63590057436147,-117.04075205910229,-118.14353608036696,-117.83352708722752,-118.8006022917349,-116.97004844497765,-116.59622231500968,-116.55223722879747,-115.70268452558336,-115.37945798663999,-116.49886654133839,-116.65098407324055,-117.07517917799608,-117.31085515784181,-115.53873549023321,-119.3442327297389,-116.78913546026227,-117.72783919715056,-118.10181636452207,-115.68563473084767,-117.97395527946482,-117.22017162979223,-117.21501949471096,-116.02442865567032,-117.89665519917152,-118.13685291150621,point1,-116.99833269353738,-116.97004844497765,-119.3442327297389,0.8903515482869162,-0.37064282823881106,-0.1872818935339211
HDOK,PLOK,17472,30,30,-129,-13,11,2,33,-116.86500343848112,-117.3983186579568,-115.5747466621974,-115.7676257586646,-118.40001065918722,-116.7620162473857,-118.88760269702699,-118.78403435650122,-116.46541898503152,-118.79459679553513,-117.46484581560213,-116.15912334857339,-118.76439360987976,-116.13535775375829,-117.99920123325525,-117.23789026971556,-117.70735348272005,-116.84486617396556,-117.53467390436475,-120.18140966272021,-117.32584048127063,-118.70919327830306,-118.04630330393967,-117.66361866323331,-118.21684165239012,-115.6804892823546,-116.05719995751633,-115.98700846023598,-117.44223526556732,-117.96955704388873,-114.1878399901702,-116.87133927086761,-116.73854726129007,point1,-117.29165161889547,-117.3983186579568,-120.18140966272021,1.4784113441952833,0.11579875693191265,0.28347175287219395
HDOK,PLOK,17472,30,30,-129,-13,11,2,33,-117.42809160688226,-117.19490525664037,-116.71456317317045,-116.27241478284253,-117.27229355107998,-117.7530186975458,-117.79569496360563,-118.8081365602481,-119.08215683911604,-117.31614011156621,-117.96304223965191,-117.06809118536282,-117.94078221193274,-118.08702411176907,-114.44552379935348,-116.770156028322,-118.180059005724,-116.29737248768669,-117.83512965553692,-116.77130793143075,-116.53217672799131,-117.3536850673575,-115.89291575458884,-115.91302295323464,-117.77438285624093,-117.60959678234656,-118.20437177092816,-117.96080736109225,-115.89253587106678,-116.60967108810875,-118.14404412212966,-116.9454801711378,-117.77951427596267,point1,-117.26085178792891,-117.3536850673575,-119.08215683911604,0.8840275342532978,0.7047854483519417,1.0535713111329241
HDOK,PLOK,17472,30,30,-129,-13,11,2,33,-118.99977880118236,-116.26698924794269,-116.63414687169406,-117.29539400712113,-117.3473999552399,-116.51290823240143,-116.82156940961909,-118.81286077135047,-117.60839664783423,-118.36941175555388,-117.23625876297017,-116.17004002050061,-117.37652775593136,-117.08866747169688,-118.09814385361778,-116.49397320296072,-118.33991083727649,-116.9669663943098,-115.79392283264528,-118.04521994947699,-116.07121954690668,-116.78200726476607,-116.37929803281365,-114.14661501057523,-116.72253624352105,-116.1345959945091,-116.35133754900818,-115.47644522982293,-116.5473542159274,-113.90637340574273,-117.66223383108941,-116.31895632003123,-117.45274311878187,point1,-116.8554606831764,-116.78200726476607,-118.99977880118236,1.2296212436270975,0.5116967821281346,1.0810694005196608
HDOK,PLOK,17472,30,30,-129,-13,11,2,33,-116.38201296882106,-117.65101497497021,-115.30899244113684,-117.12124842975716,-115.6384059892793,-116.68916932880374,-118.72042132566294,-117.68865700718545,-117.06052818028579,-118.39823628374118,-118.33599530115049,-116.5157888913778,-117.23121079070903,-117.45777676987935,-115.46822492551152,-116.45721845904139,-115.41817448362606,-117.55358155962122,-116.04196512208705,-117.67515519961997,-119.52401634397923,-117.65749013528861,-116.13557083453279,-119.1159123229677,-118.34777810613352,-116.15030423734369,-116.9814114554484,-119.8566215040818,-116.99914372734688,-115.74094541285098,-116.21114654126987,-115.48252256271991,-117.70787634250757,point1,-117.11286418056783,-117.06052818028579,-119.8566215040818,1.4377660946598676,-0.43609742916403094,-0.4398392110358267
HDOK,PLOK,17472,30,30,-129,-13,11,2,33,-115.31056502389147,-117.6475931742245,-117.72808950907763,-116.25291320628041,-116.52076475991886,-116.53679559207127,-117.25933415736752,-115.97673193631448,-117.43969234981637,-117.47047236819547,-118.56655698125353,-118.20671299245318,-118.27461334452765,-117.27156922643357,-116.77298239343665,-116.45395024371727,-116.02776708229052,-117.44563593656838,-117.85529660923244,-116.83795503470805,-117.86247423805443,-117.51071969054308,-117.71258315001201,-119.13741849692347,-115.95842412814402,-115.53622170696136,-117.00011007896059,-118.44778643543616,-117.37590354430048,-116.66977410323693,-116.4239115903819,-117.70034799529277,-118.25596339971321,point1,-117.19538274181033,-117.37590354430048,-119.13741849692347,0.8178809364980497,0.1113426175747707,-0.48757035615986677
HDOK,PLOK,17472,30,30,-129,-13,11,2,33,-115.43452333675982,-115.71410958439853,-116.49422844071479,-116.48718809932313,-116.3914927927026,-115.95413335110824,-117.33675408407422,-117.97582503911072,-116.71611368259427,-116.97398693489455,-118.02622556943794,-118.27383232140036,-118.01294665916402,-118.20790557172843,-118.85105162863283,-117.32108702740852,-118.42211926442853,-116.88484401783931,-114.76629782697827,-115.48222212970012,-118.66123707943518,-116.2458940898787,-115.84072971309436,-117.25386353106464,-117.5711123461831,-115.62807169792411,-118.89619748260486,-117.25786656408982,-116.28025981274675,-117.41178222814318,-117.1937037200438,-117.71958800146939,-118.13461494175749,point1,-117.08550935063134,-117.25386353106464,-118.89619748260486,1.1560394801916156,0.18681258478995838,-0.8234821612518051
HDOK,PLOK,17472,30,30,-129,-13,11,2,33,-116.78636264097506,-116.3304110502941,-117.00955677080339,-115.82379308241548,-115.89501845885901,-116.90382396505416,-116.67520203762783,-118.68944121204837,-117.84013853033868,-118.21925645930783,-115.652106166401,-117.82554629951663,-116.85360799154941,-117.0334275229284,-116.05927749397132,-116.25023984712938,-117.4912955331227,-116.64467876039402,-116.1891459538057,-118.92158088992164,-115.6537346234318,-118.70350160231358,-117.32096345474369,-119.78775464314285,-116.49238814818932,-117.39624152062578,-117.82722882251605,-117.49594230536026,-116.23961328998897,-116.49887197224092,-117.26975488749794,-115.6579673147947,-115.88486883573101,point1,-117.00978006324368,-116.85360799154941,-119.78775464314285,1.0552381545779579,-0.7867763049713657,0.20952755387211486
HDOK,PLOK,17472,30,30,-129,-13,11,2,33,-117.37442594579059,-115.4917973017999,-117.07859369607988,-116.49440077752372,-117.16695366136616,-116.88594723219238,-117.69732683591452,-117.35166585043416,-116.44210342089676,-116.48379954276976,-117.58636207625197,-117.61240173971498,-116.38904371265384,-118.06146943795876,-116.19984199428252,-115.59456496901373,-117.2633385682564,-119.71855351396582,-117.51755626880751,-117.4343455690343,-115.64288945215948,-117.65005927311913,-117.71452985778136,-116.5453019082173,-116.78882103407575,-118.49153891001048,-117.92212315416684,-117.22080150543006,-116.58995122859685,-116.5733880413707,-118.10110333658001,-118.03660245185601,-117.6724774716652,point1,-117.17557817393143,-117.2633385682564,-119.71855351396582,0.7538772349898973,-0.3145790893770389,1.0411950919172184
HDOK,PLOK,17472,30,30,-129,-13,11,2,33,-115.18374202938645,-116.61433037232055,-117.06522538178663,-116.54011535058653,-115.98182741598507,-117.02894505159941,-117.05736361452561,-116.33623481380728,-117.63105148973995,-118.56737658080826,-116.9442182123994,-118.08423807663226,-117.99513443960481,-117.51380165856699,-116.92852109074158,-115.74593178607371,-117.11440750513498,-116.78330311295531,-116.54379669791714,-118.09511456904877,-116.3640800033263,-117.86723819643701,-117.75493606975176,-114.96141852424024,-117.57913226242508,-115.95838814058068,-116.70731559845892,-117.06663633724854,-115.81457888445581,-115.6730719072397,-115.63552271076185,-116.04903864815934,-117.80045020996758,point1,-116.81777232553554,-116.92852109074158,-118.56737658080826,0.7984074816043678,0.11811154107322369,-0.6908741038126114
HDOK,PLOK,17472,30,30,-129,-13,11,2,33,-115.32003611673395,-118.91232491493453,-116.71994758762088,-116.1094074939017,-115.53981397690715,-116.56802832375367,-117.98936794473174,-118.49605498149496,-115.93056117126177,-116.14521234135833,-116.62769454869671,-116.22868654839439,-114.81044447367368,-117.29241147629226,-116.84074860218004,-116.52871852481084,-115.98522037115686,-117.44336636455007,-117.88931786076499,-117.22632581389124,-114.36005396116434,-116.01647574280356,-117.32614796683097,-117.923732062,-116.88033682568005,-116.89712058298579,-117.00406898014256,-117.63812121257321,-118.2143778682758,-117.16358013059211,-116.12959919704677,-117.72356944554285,-116.71773237134875,point1,-116.80601835709385,-116.84074860218004,-118.91232491493453,1.0193653535467986,0.23136613554491378,0.09110208307909895
HDOK,PLOK,17472,30,30,-129,-13,11,2,33,-116.26954949521584,-117.71489147151443,-116.95549418018466,-115.8808839110076,-118.03103990284718,-117.35839411475402,-117.13066281048886,-116.7933545554825,-118.12354159326537,-115.56824643065835,-118.99252779769117,-116.59548654874814,-118.22287175831252,-116.47058388538133,-116.16209273526275,-116.34826345630245,-117.92770124391414,-118.91640879344865,-117.05824015975298,-117.02169261870381,-117.94982443349645,-117.27539061367769,-117.71035658683819,-116.43525182160141,-117.49039575387722,-115.98129190064152,-117.98650124718242,-116.30461871138068,-116.70397671465945,-118.4819939013265,-117.45538601783775,-117.18241665333547,-115.10046548341376,point1,-117.13938779703652,-117.13066281048886,-118.99252779769117,0.8625523649696408,0.003434800254607362,-0.4361813719234817
HDOK,PLOK,17472,30,30,-129,-13,11,2,33,-116.47419956347167,-118.43909955566782,-114.14120374272339,-117.75675734974371,-116.40635260512849,-118.7129478295329,-118.0463240749106,-117.98229741806495,-118.34090028743071,-115.57382144122178,-116.57001545593903,-116.82305503409438,-119.04397733723826,-115.87199307650522,-117.49849417991712,-118.17359563316803,-117.87493630751128,-115.4481973574799,-117.68650676628947,-118.48090413938752,-117.83398444518605,-116.16860632105458,-118.59703384545617,-117.08594349508816,-117.3735204583422,-117.02608560421807,-116.81792993006488,-117.35826754778547,-119.01538714803041,-117.75145864753242,-115.42857616794672,-119.50566400599908,-120.32526591937612,point1,-117.44343341489413,-117.68650676628947,-120.32526591937612,1.684559589847717,0.28824396902836796,0.22767028300121872
HDOK,PLOK,17472,30,30,-129,-13,11,2,33,-114.09803462442623,-116.62555393156441,-115.88235814913921,-118.45303008229389,-118.0193766160336,-116.75259872877803,-116.14582561960997,-118.15021408702013,-118.91541851721422,-117.28999594855281,-118.17766272968858,-116.39606194738363,-118.68875832924304,-116.8550176630782,-116.17467330799616,-117.08122965478577,-116.07078292258754,-117.669098199465,-119.13983133577837,-117.10381709372719,-117.09474010974995,-118.50127600518205,-115.98595740318055,-117.17651935412944,-117.44967606271022,-116.09243491864568,-116.92739381714775,-116.70571158336654,-117.06325989142631,-116.48430388246322,-117.87580183957628,-117.20011861116066,-116.56529448582297,point1,-117.11550992281602,-117.08122965478577,-119.13983133577837,1.069900121554746,0.2590350372647967,0.885704209110989
HDOK,PLOK,17472,30,30,-129,-13,11,2,33,-116.10218206041846,-116.33567127650116,-114.69410252881981,-119.21214395957023,-116.90621827107566,-118.91691198325968,-118.55279255211005,-117.50474002477152,-118.34291535954138,-117.28121026002717,-116.4300315867982,-116.8424803536872,-118.35359540371357,-117.89000583614525,-118.01540824969086,-116.55256411569057,-116.46368147180378,-118.55823247431272,-117.4014081308164,-117.4413194126215,-118.84802780088677,-117.41118465290485,-116.97364630984319,-117.32304476228856,-117.70804865812345,-118.34991078458187,-117.26026461532726,-117.06285926081017,-118.90379143603738,-118.15205400984284,-117.06261685997842,-117.94782203246942,-118.87217981868933,point1,-117.56585049433815,-117.4413194126215,-119.21214395957023,0.9649772740047595,0.5463971754001337,0.6011866741256537
HDOK,PLOK,17472,30,30,-129,-13,11,2,33,-116.67533621864061,-118.66041319510184,-115.09569004107863,-117.63602455415474,-116.28281085655051,-116.35871780941527,-117.9339620128292,-118.01045775841636,-117.15957699886356,-115.87544593964029,-119.22199842208391,-118.51456386296947,-117.74131052483581,-116.91135985642198,-116.27355085623763,-118.12037472277659,-118.17497053959485,-116.87602819191949,-115.64780934692563,-116.52308408242449,-116.278369308222,-119.28027620986472,-116.67056954228755,-116.05710295346185,-117.8494383889579,-116.02469194751674,-116.41219548547429,-116.63791831649029,-117.38744929776855,-115.96523554548786,-117.68681309320844,-116.18633481319894,-117.35706182503547,point1,-117.07536189448044,-116.87602819191949,-119.28027620986472,1.0662942570371958,-0.38824387215288925,-0.5556216256783486
HDOK,PLOK,17472,30,30,-129,-13,11,2,33,-117.71402683481942,-115.52277683080912,-115.8340270840615,-116.78283319620296,-117.50638225042108,-116.52507474717811,-116.67991401963079,-118.8210589034329,-117.59545253935421,-117.62355115695648,-117.4580602286255,-117.61741980387242,-118.6915619951621,-117.22192529034508,-114.80829427722676,-117.82862365191563,-116.80368532145809,-117.30587632213626,-117.47647844011568,-116.69753009699104,-117.89596332344271,-118.24441285841768,-118.49025844641902,-117.0513005490474,-117.0000836257092,-117.66733761949133,-117.03228831734452,-116.33087490634779,-115.80333844687826,-117.76752665617082,-116.111546589887,-118.49506984342355,-116.1235052244275,point1,-117.1675169514461,-117.30587632213626,-118.8210589034329,0.8649096629642635,0.41413371143229233,-0.012199811950491135
HDOK,PLOK,17472,30,30,-129,-13,11,2,33,-115.69474318151538,-116.104654059838,-116.02695550167695,-117.8559982632336,-116.33259407729253,-119.11592864838033,-117.21558876220219,-117.94081581367375,-117.69637340739476,-116.03916064821479,-117.63535310817092,-114.28474129830792,-116.27469247522161,-117.347449715305,-118.00229787168705,-117.15858243371281,-116.78303410231817,-117.3323028384163,-116.92540206377707,-117.14573408397705,-117.8399265874149,-117.20699503967958,-117.1381752070543,-117.07941844446421,-117.08019514692594,-117.64589616232132,-118.94002021597848,-117.08395158795065,-117.59796531027159,-116.63198028948935,-117.90592627225254,-116.28556139593488,-117.24458014119577,point1,-117.10887861076517,-117.15858243371281,-119.11592864838033,0.8347027213288222,0.5470645131192233,1.9177682749424672
HDOK,PLOK,17472,30,30,-129,-13,11,2,33,-117.03530685932459,-115.29744502160756,-115.62611112288299,-116.03495535995883,-117.23746921455461,-117.88182497897256,-118.95278564016485,-116.3448122667956,-117.64841394775526,-118.3753881483908,-115.48552851356234,-118.17020773012328,-117.27441273877105,-119.49319974099994,-118.65916958607009,-115.28314597900552,-117.10045415701133,-118.52897482258729,-116.8357362617601,-115.8512045272671,-117.55445731906265,-117.50167108720693,-118.26393387710601,-117.17679911167855,-116.22037075806305,-118.03278149321142,-117.88882942906955,-116.78171403964045,-118.38854506427704,-116.43849151010748,-117.5054052625455,-117.12987188032818,-117.07950861257022,point1,-117.24481594128584,-117.23746921455461,-119.49319974099994,1.1424573833052845,0.11393802621343693,-0.5730543894572184
HDOK,PLOK,17472,30,30,-129,-13,11,2,33,-116.61118888872168,-116.8392067752741,-115.78909860024613,-118.35482109442319,-117.06765571363026,-117.0730239040868,-117.35040669754271,-117.72790308975807,-116.40079710691643,-117.89455558073253,-117.89605958144195,-116.08336515989934,-117.34082212432584,-116.65609512594628,-115.03938093084417,-117.30051495462247,-117.38354346723095,-118.86243296177629,-116.42707020807507,-118.97642085673769,-117.19433512025648,-117.88985178152048,-117.60801757224327,-118.33695416439812,-117.1311788685525,-116.03908477708596,-116.21082727153352,-116.55804924435557,-117.03550923876494,-116.50868613317223,-117.49270247416246,-117.00366241815586,-117.29123819934361,point1,-117.13255939653868,-117.1311788685525,-118.97642085673769,0.7181393528871606,-0.023704402196947246,0.3265732204053391
HDOK,PLOK,17472,30,30,-129,-13,11,2,33,-114.09637211838078,-117.9057553002367,-118.90849198392378,-117.80799900818957,-116.19926081566042,-117.40401262600841,-118.10546316848072,-119.21872133678481,-118.93300075410332,-116.36494476518595,-117.5289019921391,-118.35549636327086,-117.2730727617168,-116.40203525904782,-116.52583055744299,-116.53855254286005,-116.32798220669163,-117.03388382965869,-115.97971027495544,-118.27456678488183,-118.15486494963402,-115.78001661776166,-116.55369642130617,-115.9350801122256,-117.4773413603354,-116.2397889542249,-117.35228345068899,-116.0413485956875,-116.89050379523316,-116.75033519601931,-117.41812137781172,-117.70891485980533,-117.7744399863996,point1,-117.12911485232581,-117.2730727617168,-119.21872133678481,1.13777081295508,0.28788488710327037,0.5985504114358231
HDOK,PLOK,17472,30,30,-129,-13,11,2,33,-116.57231668888402,-118.3312898380267,-115.33463599120896,-116.93914629097668,-117.66628499015083,-116.53968819613443,-117.6054430438997,-118.20220155398522,-116.72131541434024,-117.86900030159511,-115.927027453997,-117.44195082488339,-118.50582422654774,-115.49981201965981,-117.70401266097423,-118.97175567975638,-117.6862218405108,-117.29196462574644,-118.45925480855816,-118.04235575793435,-115.36642867791889,-117.58838280774718,-118.42673532357286,-115.90690751048363,-116.35026013370702,-118.50189679355287,-116.68261600641026,-119.23672507350298,-117.63338764022478,-117.46915035555328,-116.54205460293157,-116.83412865226916,-115.4746330059094,point1,-117.25226693307737,-117.46915035555328,-119.23672507350298,1.1262107973933093,0.22027603590843323,-0.7986288937134338
HDOK,PLOK,17472,30,30,-129,-13,11,2,33,-117.99653611194422,-117.27323899802703,-115.48297830571407,-114.37852033632359,-117.65188413396906,-115.14245338759258,-116.3646976990541,-119.13257881455638,-117.35336949020811,-115.31050679825181,-118.99234149522931,-117.47705630455734,-115.95545955261206,-117.53869948424541,-118.08851718048494,-117.23133313108058,-116.13349638311625,-117.58697370875919,-118.85873197062863,-117.68211307937926,-117.45017088893934,-118.00284557594023,-117.01258679498366,-116.80144702558694,-117.61715384474634,-116.63192354240829,-117.36168498628383,-116.45677220618117,-116.03743019885786,-117.82490566747211,-117.9365664994399,-118.51670509875288,-117.31676991797987,point1,-117.16964995797898,-117.36168498628383,-119.13257881455638,1.2122715986196013,0.5398528653826733,0.14895433652155
HDOK,PLOK,17472,30,30,-129,-13,11,2,33,-116.4822266310903,-117.87611340061557,-115.91051858943871,-117.13897185389409,-116.64065146328825,-118.29076464434611,-118.09722637851002,-115.53770573575905,-117.21931338218603,-116.15742117999957,-117.65902938578328,-117.38905500161316,-117.08241914500981,-118.38448222815974,-116.89884237790504,-116.44889144541649,-116.7986525596451,-117.2007773171731,-117.03239009311628,-119.72250563402982,-116.81525239986479,-118.05418436475682,-116.43625623956021,-118.11626652101903,-118.26090788870708,-118.27629455364507,-117.14683555357931,-117.98019444666144,-117.6042194310536,-117.66540198378581,-117.44915133810734,-116.39578364662142,-117.0365731048076,point1,-117.30925090664087,-117.2007773171731,-119.72250563402982,0.7146973349040618,-0.3626514386261621,0.6833864617359167
HDOK,PLOK,17472,30,30,-129,-13,11,2,33,-116.0602364146538,-116.76736656188011,-116.94956249249854,-115.33870768692354,-116.70216561525702,-116.1300997307534,-115.75026455760363,-118.76287198282233,-118.56008858309939,-114.9930099283722,-116.17540030933303,-117.47450536056286,-118.10394592939836,-117.27567908141434,-118.31546702567906,-116.75247322415153,-117.18653207519284,-115.18795422346497,-117.4273680374392,-116.87477902751844,-117.85439373986766,-115.39289885738279,-116.94231195500556,-114.52900398618999,-116.16981141205748,-117.77384878927903,-115.83688259299518,-117.98068471996937,-115.81877120358224,-117.74294148285553,-117.84364368367149,-117.80422029047035,-117.89924933138063,point1,-116.85991333008262,-116.94231195500556,-118.76287198282233,1.202306618220256,0.278196417698617,-0.8558060530946414
HDOK,PLOK,17472,30,30,-129,-13,11,2,33,-115.93236616073284,-117.580337450075,-116.90596185195706,-116.36710563853123,-117.82887538286295,-117.50932619759132,-115.59380532101392,-119.8400069288157,-116.65472590502658,-118.41868972875133,-117.78986034338023,-116.33173760472559,-115.84123354515222,-119.5241941529364,-115.8119222251186,-117.01751628555283,-117.37900943989474,-116.74596765138124,-117.55527817107347,-118.13380227235974,-117.51149696782662,-119.2945444836459,-117.9825813767017,-115.49320598387007,-117.44192399256785,-117.62105101716502,-117.3194717846822,-116.72852262776173,-117.6397791658175,-117.1516318635522,-116.33792848512581,-116.4315487032666,-115.86555534129376,point1,-117.19942315303668,-117.3194717846822,-119.8400069288157,1.1422296713097508,-0.5900659414456534,0.25520988175708226
HDOK,PLOK,17472,30,30,-129,-13,11,2,33,-116.96818300048345,-115.96172323741443,-117.35416996700397,-115.5809511385665,-116.25596534060304,-116.48673961691779,-115.48127461525264,-116.9188831164785,-117.61804120726929,-119.38004697203452,-117.44866986917067,-119.11897080690696,-117.75956959655079,-116.96767579720876,-117.41320113199924,-118.02057848030854,-118.21888447404174,-117.21431396750218,-117.27391230072674,-119.96556129347789,-117.87308631600058,-115.6476281597967,-114.38183116754861,-118.51826444991156,-118.308696855885,-117.68978740778122,-118.00466184956522,-116.94213620323498,-116.5378690136726,-118.02802633720248,-117.05752468942025,-117.37022538309728,-117.69694074871377,point1,-117.31709074278025,-117.37022538309728,-119.96556129347789,1.2972278120131626,0.17706243873386202,0.7095872296482244
HDOK,PLOK,17472,30,30,-129,-13,11,2,33,-116.43321516562256,-116.60017588396644,-118.62292823501576,-113.44972856065672,-116.38148542216845,-117.84339137013208,-117.44930332202429,-116.80778757944238,-117.13494817030094,-116.80446940818406,-117.83761660648004,-116.86612553675872,-119.21614119843899,-119.55912448379944,-118.23846588598975,-117.98522365887351,-117.09887698819381,-117.03442831211656,-115.68459656880688,-116.77887587003427,-119.01213406050509,-115.63976551773804,-118.19202767503494,-116.10387220126015,-117.97477517892514,-115.42160948421191,-116.64912725035728,-115.97334984911845,-117.09283497787543,-116.73702133164868,-115.92430926643172,-117.70067994744089,-118.54538605535576,point1,-117.11496366736085,-117.03442831211656,-119.55912448379944,1.5152278881320431,0.40073159525114727,1.1018148741631788
HDOK,PLOK,17472,30,30,-129,-13,11,2,33,-116.02613745120047,-116.75121628707878,-117.16484441639976,-115.1116781420031,-117.21604861672638,-116.9243291349508,-115.43835248593085,-116.3470112670475,-116.86924400289232,-118.53320837031623,-116.433802002658,-117.04942892209714,-115.95022348004896,-118.08735928283106,-119.68933653770806,-117.60840220918864,-116.2787634733684,-115.17616594585783,-117.78465371638244,-117.7923440064372,-116.92090547495467,-117.74201878119868,-117.32795098399583,-115.26239527102327,-117.736322355814,-117.23057345043665,-116.17925367619303,-118.69394548247367,-117.53174612369693,-116.41358275885966,-118.1239748062786,-117.27772241033975,-116.88665495514998,point1,-117.01695746307692,-117.04942892209714,-119.68933653770806,1.0600381319281293,-0.16135783877340307,0.24056240418911434
HDOK,PLOK,17472,30,30,-129,-13,11,2,33,-114.59237138819907,-115.61057276116605,-116.6009587023897,-115.24375778838916,-116.57584183752729,-117.44996786794607,-116.62491437976891,-118.80172473593736,-116.9136867894456,-116.84673458355132,-118.59798566993342,-117.73899740058133,-117.91290901186149,-115.81281789146955,-117.07327235445666,-117.67022954972708,-116.83641491461316,-117.00610054546195,-116.67981176185317,-116.60035993291025,-117.08605379865996,-117.24101619591971,-116.53404543565998,-117.27929334734816,-117.88446748624283,-117.49517665372862,-118.14478902528792,-116.93897689115951,-116.33423226122999,-116.71027635972081,-117.33176438485482,-118.17074416108322,-117.60043403444277,point1,-117.02850605765236,-117.00610054546195,-118.80172473593736,0.7848810687188712,0.5011001574823686,0.8995722749743931
HDOK,PLOK,17472,30,30,-129,-13,11,2,33,-117.03840665940498,-116.02001228432223,-118.06305739477784,-117.05052087390392,-117.18617548977554,-115.1913778433689,-117.2716895131975,-118.22949232397895,-117.22539129305298,-118.69287316124314,-118.73391833028387,-115.54969110166189,-117.0864863590642,-116.85955458275475,-119.10466020895647,-117.40951246283312,-117.32833084483396,-115.87530883281758,-117.21382800098826,-117.40333521894543,-118.09624209210624,-118.11954768394041,-115.55771295407195,-116.94597914627762,-119.41106093382162,-116.65506757930135,-118.32432272063937,-117.42004595984169,-116.0621468504362,-117.35276277227877,-118.80217056837294,-117.07427948843294,-116.71970440247067,point1,-117.30529290703508,-117.22539129305298,-119.41106093382162,1.0569319097174865,0.011962334933756614,-0.30525959786457646
HDOK,PLOK,17472,30,30,-129,-13,11,2,33,-116.66120524300842,-116.98725073755755,-115.44054185161329,-115.267158192716,-118.58985408245074,-116.11891481657065,-117.21429092006319,-117.29765480397012,-120.10031458140644,-117.41366001140584,-116.91243097339381,-116.71541834229679,-116.25286745585173,-115.78716717752326,-118.14207097569276,-118.87613625809959,-117.99737254346246,-118.6992865053164,-117.8964558905707,-118.04909595721148,-116.6424511904294,-118.89629256196295,-118.90284017288812,-118.61957934368927,-115.99836588696321,-116.39770473470175,-116.41832563527144,-117.28809545434996,-118.36821068574753,-117.4515674773301,-115.60387811981961,-118.0410798216284,-116.98876260254715,point1,-117.33443336386395,-117.28809545434996,-120.10031458140644,1.353722497599138,-0.18898267222860363,-0.5579121789307093
HDOK,PLOK,17472,30,30,-129,-13,11,2,33,-116.4618295096739,-115.51322095304201,-116.63968326414788,-115.50226128591436,-116.19047275370771,-117.71749567801668,-116.5652080849885,-117.7162619313129,-117.12723995143575,-119.86984780681207,-117.92865819541167,-115.44557966849715,-117.15289073768248,-117.3915498197791,-118.99265743255458,-118.12781109745902,-117.67924808274806,-115.5420564598067,-118.34808213253814,-117.97398247222948,-115.28717704066052,-116.9111719381354,-118.05692841972268,-116.2058586001938,-118.43885224942696,-115.83796490560626,-116.49205316167748,-117.28190794521474,-116.82705207203291,-115.79776048526008,-117.28955870560607,-117.28875282743209,-118.16302392981989,point1,-117.08376059389536,-117.15289073768248,-119.86984780681207,1.219989282537706,-0.2511735774242403,-0.28130645311182434
HDOK,PLOK,17472,30,30,-129,-13,11,2,33,-115.49018616884096,-117.20691968685905,-115.43290410791028,-116.43660373030383,-115.42052963926304,-117.01728885165834,-115.59920299467836,-116.91604207358381,-116.72567156823604,-117.19044559547004,-117.53408336179497,-117.25280304230955,-117.09514965398665,-116.8916892887133,-117.97703299258735,-117.47169890089751,-116.55069207133594,-118.80508782780838,-116.71414572727817,-117.62780453311576,-115.9648242434378,-117.42434921294185,-117.56710445348956,-117.48815814212979,-116.71947688455566,-116.44636026130293,-117.00773586698347,-115.83481559363398,-118.22933037887466,-117.14084832587089,-117.01278061929288,-115.87955354084016,-116.85759032505642,point1,-116.87663362621339,-117.00773586698347,-118.80508782780838,0.6367783521609028,0.07254039157337044,0.012319203334594686
HDOK,PLOK,17472,30,30,-129,-13,11,2,33,-117.13627208433776,-115.09048385069028,-116.04826079998617,-116.35182869094372,-116.65929754034019,-116.61364230782493,-118.0209338206338,-116.81698339991351,-116.7349318896284,-119.16999208841445,-115.33732196858516,-117.79127593401758,-118.63920292624901,-118.08064989932657,-117.1104363284681,-116.61642134259041,-117.70828568415878,-116.51190953949424,-116.7803319479309,-117.6408683570688,-116.94925381640215,-116.09411420526996,-116.76558794285108,-117.14411642985773,-117.90740755376862,-115.20762022540956,-117.06951344189342,-117.41027859516802,-118.1474424025544,-119.38947736530622,-116.66328184454787,-117.29642687316804,-115.95897738312776,point1,-117.0564493478766,-116.94925381640215,-119.38947736530622,1.0008721188521437,-0.24703266315095374,0.22000327706378764
HDOK,PLOK,17472,30,30,-129,-13,11,2,33,-115.06624627776644,-116.41921309550192,-118.89275913735707,-117.70481793263355,-116.39234815813867,-117.20487847821009,-119.01569482098736,-115.57021570041242,-117.19487343645585,-117.17049530268334,-117.77940590486372,-119.9133251311327,-116.22042157442111,-118.26111228196253,-118.14286662274975,-116.83849514438865,-116.54108602722062,-118.6224962594476,-116.79689111825654,-117.28811877006149,-116.95373362287162,-116.9946745318565,-117.7550250198232,-118.1908402286167,-116.46252802642188,-117.0762624290834,-118.10134571368559,-115.81226765292102,-114.9098486943559,-115.32567868360412,-116.52770809408976,-116.25757967679709,-118.19972716467791,point1,-117.1394842640441,-117.0762624290834,-119.9133251311327,1.3329270687851684,-0.15882229374718748,-0.15434398056063525
HDOK,PLOK,17472,30,30,-129,-13,11,2,33,-117.64578861965784,-118.17581546641772,-116.79638461092095,-116.66809309763855,-116.92257362844833,-115.7362150258477,-116.41863331255881,-116.50755477939138,-117.8679678737656,-119.13792819948098,-117.92758296744235,-117.1768170752205,-117.49182961364482,-115.94248884969366,-117.83637217518158,-118.16095079471661,-117.35892131231596,-118.4893532796519,-116.86199633492427,-117.12441607332248,-118.54487802021237,-114.89332478273911,-118.02398508779713,-117.73649476502659,-117.87038423971467,-116.20891934385946,-116.58948445349101,-116.44512218202144,-118.69258546969505,-117.40371442278568,-117.6212190851653,-117.6300777702719,-117.59667174102627,point1,-117.31831952891052,-117.49182961364482,-119.13792819948098,0.8253982475918166,0.4466407360915224,0.2687965826414809
HDOK,PLOK,17472,30,30,-129,-13,11,2,33,-115.05769708683357,-116.30822647271985,-116.66895594595766,-116.63269963069844,-117.60764555979024,-117.88259669079876,-115.10419536375461,-117.4288059946197,-118.4245721523015,-117.4497854194068,-117.3424720634086,-117.25762571177115,-115.52431272873173,-117.20028190857505,-117.55689768356626,-115.52928531844972,-117.56045949294872,-116.54869545702364,-117.44929310330495,-117.03976893565026,-114.8573934661458,-116.22053125306347,-114.44091021953537,-116.7811123138707,-116.16472303918091,-118.89212997939849,-118.21238931365487,-116.87785831331016,-118.59428911877613,-117.75620628247385,-115.73409806517915,-115.66463984894737,-116.09220328503763,point1,-116.78371991572382,-116.87785831331016,-118.89212997939849,1.229904506389564,0.22543497925817318,-0.6024344492621783
HDOK,PLOK,17472,30,30,-129,-13,11,2,33,-116.2555891579882,-117.66021961989138,-118.15781412817606,-117.17651891480705,-117.18302441535097,-115.95192199065602,-115.93166765864292,-118.97345557091548,-115.19705546017036,-118.68492053153508,-117.51200982651686,-115.12006305804503,-116.08585358199535,-116.75647196526376,-116.29869107880977,-117.20928299963303,-116.10305440229854,-117.53556091005139,-116.61790562740721,-117.46209482055444,-117.01834938920952,-116.77606695248832,-117.9426190151512,-117.53993672002318,-115.67827370829761,-117.87887495196084,-117.68495589758939,-117.07041043235091,-117.37814848217883,-118.93579287196239,-118.69337568917867,-117.58199751183017,-118.14679248581105,point1,-117.15753847959819,-117.20928299963303,-118.97345557091548,1.0034428891426053,0.14874393677146788,-0.49394301346618175
HDOK,PLOK,17472,30,30,-129,-13,11,2,33,-115.0723921903427,-115.5934773964313,-116.13234408272143,-115.04860592427976,-116.95760833136042,-116.85916466613605,-118.52341459833256,-117.03742864693027,-117.06855773069768,-118.1019496837283,-115.29767522099019,-118.32112812966284,-117.04437825795031,-118.17248524109345,-118.03315178162019,-117.86117165833664,-118.41131921061465,-116.87905441748865,-117.27489609455986,-118.08675817290948,-118.68505100453235,-117.46834288690039,-119.6449341920394,-117.79901016852854,-117.06689701512049,-118.69413300959542,-117.72444911006008,-117.50647458630151,-118.32131297416255,-115.68798864790158,-119.17741420953446,-117.56994429779932,-116.0088869606641,point1,-117.36763031816143,-117.50647458630151,-119.6449341920394,1.342844268443538,0.40775026174354617,-0.38430189005133775
HDOK,PLOK,17472,30,30,-129,-13,11,2,33,-113.0681828507406,-117.66473060974839,-117.09263487917697,-116.87613176699236,-116.47485927949101,-116.50988871458573,-117.8846513178965,-118.33440490146894,-116.75579221614093,-118.82199785239962,-118.05311982880167,-117.48799999093997,-115.00762129193141,-119.83933164610693,-116.5205847121616,-116.31693790331171,-116.18946127916931,-117.81812482652032,-117.6388869053536,-117.15243480727933,-116.56366757081739,-118.08291328973706,-118.92075991786406,-118.77744066785061,-115.56428927244504,-117.59229627249714,-117.48274047761721,-115.89296889626246,-115.94479173646859,-117.81815846644996,-118.28036442005609,-116.92208448686789,-116.62671316908367,point1,-117.15081715831013,-117.15243480727933,-119.83933164610693,1.6095620327047446,0.7524033824423904,2.098113688171613
HDOK,PLOK,17472,30,30,-129,-13,11,2,33,-116.74967608347951,-116.36691757231692,-116.39613176681556,-117.86882575302702,-116.801368847676,-115.92231371920252,-116.43938656274838,-116.54564004950963,-118.72213954434207,-118.29802904293007,-116.33122563798975,-117.91479174183216,-116.9124963380392,-118.562164676515,-117.37276708752074,-116.90806230380909,-119.19027461013367,-116.85029996551629,-116.16909151641362,-116.57853249752355,-115.5909849119468,-117.49362844313094,-117.33219155313321,-118.8257042220551,-116.66938797144687,-117.2670626243545,-116.6250868240737,-118.27238464868017,-116.46903205733466,-116.5947716058261,-117.44459951865221,-119.01297661585512,-117.49347877987503,point1,-117.2118613664759,-116.90806230380909,-119.19027461013367,0.8664656966372138,-0.5991301205047223,-0.5579085022086914
HDOK,PLOK,17472,30,30,-129,-13,11,2,33,-116.13595486375543,-117.50018265965289,-118.47128046732281,-117.19031706268572,-117.14485201490461,-118.13032488985164,-115.95955344412691,-117.65329076595175,-117.64407185898634,-117.3883410595553,-116.24816133215133,-117.05478908597217,-117.52340351432359,-117.07301933712314,-117.66799722536068,-117.00265238661108,-117.57444522350629,-117.85577887789627,-117.23144833999194,-118.66447797330629,-115.8565243449935,-117.24971239783709,-118.61222564416042,-118.74871028109672,-117.32820809114722,-117.38238081420293,-118.26051342495369,-117.37740096239195,-117.30350825330191,-116.97174200687158,-117.5429304805113,-118.05359586487242,-117.60130467869303,point1,-117.43645756448697,-117.3883410595553,-118.74871028109672,0.49505397380105737,0.3008504500759792,0.3351897748835353
HDOK,PLOK,17472,30,30,-129,-13,11,2,33,-114.94802067120133,-118.94961162961978,-117.59215032361189,-118.51501242556368,-117.76735325008936,-116.5412986739798,-117.45046753442936,-117.64892261813206,-117.26325092853814,-116.53118319108047,-118.5317207208402,-116.81179911819305,-116.56388919827079,-117.44268417146435,-116.81221782470286,-119.15301734696206,-114.56351663032842,-116.89979849819562,-116.02294975983882,-117.506914176182,-116.08887752045182,-116.76051486443127,-117.3959881112787,-118.6400390091621,-116.57046784972843,-118.73254203813352,-118.99049375116886,-116.91520749884987,-116.31922638432864,-116.19478569902188,-116.12444030309607,-117.43048490024327,-115.79417144054604,point1,-117.1355460018686,-116.91520749884987,-119.15301734696206,1.23537544951459,0.04035015055010041,-0.18994403912846636
HDOK,PLOK,17472,30,30,-129,-13,11,2,33,-115.39605354982913,-116.58720876548185,-115.45272044507237,-117.50362070198537,-118.23333778147938,-117.83803032170951,-118.67667623015582,-119.16402319453907,-117.95685428092182,-118.02855006744025,-118.09815841184331,-118.27821331314568,-115.73300978186526,-118.33203440018396,-117.58128963795073,-117.1422467203332,-116.27909375128014,-117.4867140999516,-117.10607206537603,-116.18246269442623,-116.94305000125604,-116.83770601747402,-115.91116589498448,-117.46056695090641,-116.9926923529501,-117.5074428828837,-118.22458141773163,-117.28170442730028,-116.12910094024315,-116.22867059437215,-117.20607863553742,-117.60249703365048,-116.84283444137795,point1,-117.21892308501934,-117.28170442730028,-119.16402319453907,0.8654956384757863,0.18022860041830424,-0.5428986910227569
HDOK,PLOK,17472,30,30,-129,-13,11,2,33,-115.12971658858284,-117.24026795212225,-116.82770177193251,-116.67558764646803,-118.2714031854049,-119.43386305338478,-117.48953019356298,-116.8673117879775,-115.66992305650865,-116.75698571823553,-117.1889788130663,-117.14939826126587,-116.97475700778136,-116.05139566435334,-115.51053848576639,-116.16368299856484,-117.76439942403874,-116.60509666269412,-116.87412895959089,-115.88167124610924,-116.73536180699118,-115.51767770858079,-116.61931674356306,-116.36764907144206,-116.52254195704123,-116.53823462944263,-117.67508587677239,-117.68249154104413,-115.21685503661442,-117.97375487236866,-116.38959122466811,-116.80999343074487,-118.27509697168186,point1,-116.81363604085959,-116.75698571823553,-119.43386305338478,0.8603165970369998,-0.47442115644516475,0.6988349368563784
HDOK,PLOK,17472,30,30,-129,-13,11,2,33,-115.15075282289912,-117.504614256093,-116.41441378017758,-116.91523653902026,-115.99726973942973,-118.46051152661242,-115.85285913002421,-116.5652323935354,-117.70191660513858,-117.3996216538936,-118.14709527352571,-117.67426135720055,-117.56869590196305,-118.3127258747447,-114.23564909426014,-116.02016876516154,-117.4743187673387,-116.54165461173395,-116.39075162237441,-118.66353945828321,-116.40827405414726,-117.37721017829912,-116.61393459885859,-118.00082742124239,-117.32385295900286,-116.27947261019605,-117.99043811414136,-116.85133008961712,-117.20352778629812,-116.54574524696086,-117.77986964397296,-115.71932343042228,-115.24463720779123,point1,-116.91908280346547,-116.91523653902026,-118.66353945828321,1.0286165874347195,0.4972297005898991,0.050173662503883776
HDOK,PLOK,17472,30,30,-129,-13,11,2,33,-116.48525898670695,-116.26867602725916,-115.40478624163404,-118.71477022266033,-118.05163996150304,-117.20108992119374,-118.14074106558182,-116.77773545000905,-117.4498948489064,-118.39461030801439,-116.27357824353028,-117.01830070125943,-117.77887562992947,-117.87966502273979,-116.71654031321215,-117.69485903127325,-117.5698172566493,-117.494496850686,-117.42463758206743,-116.2060289526101,-115.37371455946207,-116.7954665615147,-117.74493094856685,-116.02022289199601,-117.82904057251923,-117.93596189106641,-115.4525961557312,-119.04463582054284,-119.02716114174812,-115.64125100317595,-116.66940047287301,-116.91051359604903,-116.92451167640439,point1,-117.16107302754773,-117.20108992119374,-119.04463582054284,0.9800971658159832,0.05627268691181872,-0.5966877803527528
HDOK,PLOK,17472,30,30,-129,-13,11,2,33,-116.11063913126415,-115.06609271670676,-117.43884394242342,-117.09275787364798,-117.81303999885965,-117.50391517606859,-118.35876759466454,-118.06202071019065,-117.32451660492241,-117.83309678838967,-118.28804567273001,-116.2336893449517,-116.85088568268107,-116.76338452035857,-115.79895501621645,-115.9085142340652,-118.16202759026574,-117.06544334357761,-115.76807887680141,-116.43435322112379,-116.32841619890662,-117.52725871461057,-115.38340080657024,-117.30306925478506,-116.38070891931882,-114.69757627286688,-117.47595619904241,-118.0325857005135,-116.26149674010557,-118.85197638710392,-115.72586531283235,-116.46889196542288,-116.64601070969113,point1,-116.87758427944483,-116.85088568268107,-118.85197638710392,1.0149803172280818,0.13202863134171738,-0.639571863533726
HDOK,PLOK,17472,30,30,-129,-13,11,2,33,-114.86078253154363,-118.1640617168443,-117.95893626203811,-118.90861175396427,-117.66320013001985,-116.93859174785159,-117.1976292839148,-116.96921937555385,-117.28262641000896,-116.96753881794841,-118.59179097080109,-115.23134702318922,-116.83691435723078,-116.36888330851802,-118.56248326968118,-116.94522525067129,-118.10042757223786,-116.38361946979897,-116.92780002532145,-116.81546220977374,-116.33313151426972,-115.91980439223221,-117.97158851236333,-119.07109970892557,-116.59142212186366,-117.69954365027945,-115.61347925223875,-117.71313564961879,-117.415927741661,-117.21438926930495,-118.77136916051934,-117.26035790446873,-116.18052239071154,point1,-117.19487644713239,-117.1976292839148,-119.07109970892557,1.030139088426782,0.17319968955457493,-0.1934568929778715
HDOK,PLOK,17472,30,30,-129,-13,11,2,33,-115.05892770713997,-116.06500924648405,-115.46725490416364,-116.15350420315562,-117.07394074269017,-116.33474581284368,-117.05689684600301,-119.85629057364598,-116.90137875377293,-118.091004999822,-115.56512832763228,-117.8089864966752,-115.47744778124411,-118.40375340949201,-117.27145869613082,-118.4324333362713,-116.71325477323161,-118.99832468079286,-117.99601082130971,-117.76097999599847,-118.20642564195148,-116.506451860625,-118.23000839403315,-118.64013195146887,-116.94944442028073,-117.71474903992411,-118.02445950380685,-117.5132050160125,-116.85622232281177,-117.194527002938,-115.23528826846633,-117.17429998018845,-116.27329116033675,point1,-117.18197686882858,-117.17429998018845,-119.85629057364598,1.2926800896732553,-0.027041152706433987,-0.36979437844350693
HDOK,PLOK,17472,30,30,-129,-13,11,2,33,-117.1739716458542,-117.22026157582977,-117.54975696937595,-115.5691485675526,-117.41491901258588,-115.24317950497793,-115.51906599243277,-117.4114031790423,-117.45223028093031,-119.20963603647176,-117.28504332814096,-117.24744496251186,-116.41282520572352,-117.42149395766698,-117.78819310261318,-117.48144395222336,-117.62071389981989,-117.60168213478644,-116.37453764528054,-116.90033925951259,-115.21919748577925,-116.63112750283585,-118.73879134272735,-116.18062155719251,-117.07080965832472,-117.04681193954488,-116.34464132465288,-117.62866174426793,-117.7307476895895,-114.95602102501336,-119.58362595413053,-117.08370599716838,-118.01640313900452,point1,-117.09480171435044,-117.24744496251186,-119.58362595413053,1.0838550927915787,0.02106977897538888,0.4786253489894685
HDOK,PLOK,17472,30,30,-129,-13,11,2,33,-115.10886417215511,-117.35302433418872,-116.29411428115787,-117.93413143765606,-116.73108787826085,-116.95643692000625,-116.54255047295054,-120.1302348874268,-116.88895184973077,-117.45350932312037,-116.82200055251495,-117.13175495909877,-115.90691640053323,-116.9555731163943,-117.72994419289105,-117.24821046594386,-116.77503409752737,-118.06970583318876,-115.58596055946686,-116.20463509687214,-116.47730474156832,-118.35210172082519,-115.72191355755885,-115.65603472745532,-117.14599870098073,-117.518338507335,-116.97109740502131,-117.37773100341309,-117.71776786018096,-117.34417550112506,-117.52831280046362,-117.24262638273396,-116.03911048684094,point1,-116.99742891595716,-116.97109740502131,-120.1302348874268,0.8760113236480186,-0.7472242574742999,2.6189082455366433
HDOK,PLOK,17472,31,31,-129,-12,11,2,33,-118.12055577853359,-116.49200522392822,-117.69190030444761,-116.14048197515415,-115.65355633530342,-115.4021366491355,-117.67693168202065,-116.9983438014734,-116.58023058224735,-117.62168787659087,-117.12297609452702,-114.6932017082206,-117.314874930003,-117.8084161628295,-116.26616777866798,-117.29089623815392,-116.59222764197666,-115.84439086345873,-116.65916534194,-118.47827817266727,-115.87890484698515,-116.64315842110733,-118.19508695987584,-115.94228795444066,-115.40909014752584,-117.46883095092767,-117.5984456210068,-116.7634380029155,-117.38515733608814,-117.21336171376323,-115.3653010626537,-116.49381504012824,-116.0185193514024,point1,-116.75223704697272,-116.65916534194,-118.47827817266727,0.8421096196021657,0.18287225474801308,-0.6473108043297593
HDOK,PLOK,17472,31,31,-129,-12,11,2,33,-116.00813014334364,-117.75765841023446,-117.23264842706283,-117.4961914831522,-115.56525401921212,-116.81624065791546,-118.28297857300863,-115.1571439148344,-115.12889712181037,-117.56918477412198,-117.9362050950562,-117.50591775881028,-118.96010253059285,-115.76398748500895,-115.68070869549969,-116.98308913019146,-116.45256208098455,-117.14987554221273,-116.52960935932688,-116.44430924837668,-117.19850778494133,-117.37354562214458,-116.13282012768384,-116.30471956880005,-116.06813601661474,-117.42490022347567,-117.29181468266817,-118.39601554985933,-117.27072586289457,-116.27106932991515,-117.18994013602602,-117.40077508793767,-118.90808098407075,point1,-116.9591438008421,-117.18994013602602,-118.96010253059285,0.9332450492311692,-0.05261701900239177,-0.35968648638702483
HDOK,PLOK,17472,31,31,-129,-12,11,2,33,-118.61043642355376,-117.73622363184577,-116.6169281799707,-118.06044809482769,-117.14776154827115,-115.74438714999872,-116.12031184854548,-116.99428450933604,-116.33287954399405,-116.32718907036957,-118.55200964008785,-116.06365542856912,-117.99909451208092,-116.62913373405276,-116.19843792294336,-117.22873729251279,-116.17206653550453,-116.52260100151165,-117.96943308616468,-116.74393417520001,-117.55681805599869,-118.06443139178748,-115.46579257287553,-116.31769636850811,-115.95700982321512,-118.55136410171227,-117.3583655511441,-115.96031159425999,-116.90138920414265,-117.70419134607485,-117.91671351021012,-118.53803225094848,-117.86752130416295,point1,-117.08877546679945,-116.99428450933604,-118.61043642355376,0.8449083402295554,-0.12124220971194974,-1.255028806447196
HDOK,PLOK,17472,31,31,-129,-12,11,2,33,-117.22174608676251,-116.87257892967287,-117.97900576512616,-116.54508181889707,-115.89347363705117,-117.99844565674651,-116.81972818981988,-116.9887919831454,-117.1735630348459,-116.20781850453741,-117.44782230211572,-117.24878523964749,-116.82797513653817,-116.1175951126738,-116.94309548218216,-116.30602686038053,-115.90254766367714,-116.29855361313156,-117.04558775963567,-116.1927424493426,-117.2417808360831,-117.24535143639211,-116.31311273541472,-115.40190650870755,-118.44653303096403,-116.59479341462949,-117.84837942983151,-117.89593814628623,-116.06258251855334,-116.43519343613727,-116.73703742739389,-116.15803248781391,-116.26457430371975,point1,-116.80836911932897,-116.81972818981988,-118.44653303096403,0.49322381588043784,-0.400537443696597,-0.3064434068728832
HDOK,PLOK,17472,31,31,-129,-12,11,2,33,-117.0596951779549,-117.12059590169187,-116.73355496497344,-117.65958409968553,-117.7317655681317,-114.88024187912652,-116.94391578753415,-117.57281876800717,-116.2352615859307,-116.33859426520904,-116.60253534928229,-117.3040779435437,-118.74055076887011,-118.01856494907932,-119.31706528455143,-115.93695598004857,-117.35743276367691,-117.59151453971363,-117.04002384873768,-116.03503225601416,-116.26384380537387,-115.29541370888703,-115.379281394821,-116.29702399682911,-116.9669359396301,-116.91669350123756,-117.67964245061049,-115.31816122918715,-117.43674193711583,-116.09973038652674,-116.09754662714738,-115.01699350723543,-116.61156232226024,point1,-116.77573795420076,-116.91669350123756,-119.31706528455143,1.0072543447323399,-0.2065475970818545,0.17099509778975008
HDOK,PLOK,17472,31,31,-129,-12,11,2,33,-117.82085486611585,-117.01837855178482,-116.7353938067498,-117.02128127365236,-118.4606629020094,-116.40390128768259,-116.12387033196963,-116.81519113439694,-118.34060322704018,-116.53006117302243,-117.22587638897701,-119.98812552536059,-118.98528083099484,-116.39031092291232,-115.3209337911981,-115.93573358491363,-115.49852890307818,-118.73687913387568,-118.2993711059273,-116.84043093480085,-117.82927637555115,-116.69569608306625,-116.07713477015908,-116.79983108304218,-116.1722288248863,-115.44076709042069,-116.31656998135772,-115.91014210953504,-116.8983066507993,-117.01593631743802,-116.93070892090994,-119.50228369755617,-116.81054106314028,point1,-117.05730583770679,-116.81519113439694,-119.98812552536059,1.3009352076648084,-0.8458389960841435,0.24086112987533337
HDOK,PLOK,17472,31,31,-129,-12,11,2,33,-117.7054307801164,-116.74217026435595,-116.20131492040755,-117.64051720603945,-116.51300483858383,-118.83204108848942,-116.5935233282239,-116.91668713680198,-116.35707915025776,-116.27102850528625,-116.01658902646658,-117.76284730979934,-116.57690026236936,-115.70633313393786,-116.94776027118638,-118.99662482171826,-116.36040803454704,-118.24953398098287,-116.51163612650856,-117.22397963037385,-117.27012463883861,-116.51895827390544,-118.02372724975378,-116.36890129144196,-115.7900974759317,-118.12242717066593,-117.3244408559335,-117.17676358165586,-116.48664400230435,-117.70001858995202,-117.65813562609608,-116.23514729080374,-116.72921075499683,point1,-117.01606080662827,-116.74217026435595,-118.99662482171826,0.679395781287673,-0.6553460171814633,-0.198878016353782
HDOK,PLOK,17472,31,31,-129,-12,11,2,33,-116.64173017507848,-116.83543773106834,-117.43862821319995,-116.73756534220458,-116.02846978950629,-118.10200345010689,-116.89053543040815,-116.4061921920184,-118.28237242360761,-116.19317917722603,-117.3968463871007,-116.25898048055218,-117.46432576029423,-117.0575958952131,-115.91934606131865,-117.26438096223886,-116.97711252957171,-117.10906010737408,-118.64130466160545,-118.48923878629557,-116.93655403748731,-117.33644208692864,-117.78271402939389,-116.5971466646444,-115.86797531513176,-116.85445669809675,-116.53424715381828,-116.17877455439596,-117.69208649671344,-115.47124961856221,-115.42558756891914,-116.83518273821896,-117.94854603490666,point1,-116.95743238040019,-116.89053543040815,-118.64130466160545,0.6536504518122315,-0.17152977714811207,-0.39492497175520214
HDOK,PLOK,17472,31,31,-129,-12,11,2,33,-116.53919370003752,-115.29692860033272,-117.25857809521402,-118.88234154839408,-119.61697854683807,-116.88644021702179,-118.24124712888387,-116.31700379444784,-117.24916510109334,-118.61972891743785,-117.69065382117384,-116.14541026310788,-119.1097204632261,-117.95790600027152,-118.67189683459215,-115.19119322457553,-116.92092128429746,-115.83117125860682,-117.10073384194625,-116.93270128025264,-116.98359968843792,-117.72149521387907,-116.5209669208791,-116.84691845189218,-117.95528969431491,-117.34591517154335,-115.57426389990827,-116.34548719624742,-115.68870397047348,-117.35271648821657,-116.74303802838575,-118.65554241621786,-115.76594440471696,point1,-117.15029683232923,-116.98359968843792,-119.61697854683807,1.2727984856094232,-0.2641064185030793,-0.5764955116794681
HDOK,PLOK,17472,31,31,-129,-12,11,2,33,-118.06790302585297,-117.33089761088651,-117.19881164481062,-115.91822165301248,-115.81755960571859,-116.36237966210464,-118.60672092221442,-117.69841311268885,-118.2833732880187,-115.7275914704981,-118.33319965096938,-116.55975652916288,-116.20174442389938,-115.21125289274649,-115.49864637210244,-117.4501230367551,-118.16128661337787,-117.3407188856986,-116.06668490815088,-117.57043484158274,-117.374129219515,-116.12553704573095,-115.62189542763953,-115.84424847577765,-117.09776190618423,-116.68739006922046,-117.56197983140773,-116.27728176230232,-116.85573133872943,-116.06841735273711,-118.32531956564205,-118.05196833042416,-116.01961238467973,point1,-116.88839372303765,-116.85573133872943,-118.60672092221442,0.936745291635616,-0.12230222864258879,-1.2707889649545416
HDOK,PLOK,17472,31,31,-129,-12,11,2,33,-118.5497445622293,-116.79559054592436,-117.38490725185201,-117.57930428594194,-116.61768137085005,-117.65739230257819,-117.68283797340062,-117.69912084599031,-115.11853092053917,-117.28199830224676,-117.42073978626894,-116.42024025130605,-116.0116982073073,-115.16796082290256,-116.0705410784926,-115.95828197437261,-116.54986167536674,-115.5295652692058,-116.29900892268344,-116.72301267545834,-118.59122553946538,-115.61450810166042,-116.54495977637495,-117.6495298202081,-116.94241146867002,-117.12053261458524,-115.049626067309,-115.39997813442324,-118.3885556346836,-116.03359921783499,-116.40032057124183,-117.07984877415441,-117.54570626432543,point1,-116.75390366696526,-116.72301267545834,-118.59122553946538,0.9332701122535935,-0.01402915186047816,-0.7151566795368836
HDOK,PLOK,17472,31,31,-129,-12,11,2,33,-117.97505729051866,-117.45786798237077,-116.31954838662413,-115.73961835477878,-116.08407894209921,-116.90469499781364,-118.23032053566318,-118.21360016490165,-119.190741921963,-116.38149500461049,-116.17551697214897,-118.62303527345264,-116.31551835575374,-116.44922063744521,-116.29829839088808,-116.57127344816523,-116.14611038689767,-119.45114079723012,-117.47604605559688,-118.12716039471351,-116.10141903260444,-118.32338788913324,-117.06391570512386,-117.3863062292704,-116.06157041887361,-116.32680602692555,-116.8587799917388,-116.38954766159397,-115.86881510006042,-114.87915651027946,-116.77915102389866,-115.80317997791398,-115.44368737596675,point1,-116.89139597687934,-116.44922063744521,-119.45114079723012,1.1804520364204423,-0.6650511187938325,-0.20276142832641808
HDOK,PLOK,17472,31,31,-129,-12,11,2,33,-115.78616408743409,-116.35145417775675,-117.31456076014662,-117.61415662104163,-116.65762246475379,-116.76635148370022,-116.3528206820293,-116.49581188506025,-115.9499960368689,-117.33543750814422,-117.58585873700201,-118.67484077333886,-117.68252830819003,-116.41261773142253,-117.49198716580848,-116.85717156995369,-117.01777444817748,-118.20957382382056,-116.10947915413358,-116.65564401533041,-116.74250905447485,-117.84431701210907,-116.65818201906119,-117.44607626937946,-116.41929790896145,-115.43137977733683,-117.78720215265697,-117.92781595202878,-116.42933295871694,-116.84076368596098,-115.89726141571236,-115.93563368627693,-117.71504872680717,point1,-116.9211112743514,-116.76635148370022,-118.67484077333886,0.5880551472150941,-0.20324545652547785,-0.6046100879321754
HDOK,PLOK,17472,31,31,-129,-12,11,2,33,-117.46374772456676,-117.41283276449252,-115.76722302101074,-117.58731074176185,-116.90867405572894,-117.67815716338505,-116.34328706761359,-116.40899558750779,-117.47530475911482,-117.40795347394645,-116.19315580317803,-117.28105902263914,-118.76501319303222,-118.12449468897368,-115.0427170912616,-116.87419902689147,-117.9719009350155,-117.59932513650152,-117.488694750866,-116.19611711691994,-116.2081974838402,-117.0187346168247,-118.09510749573043,-116.68717995922765,-117.42321410887253,-117.63629681300714,-116.70303193371134,-117.13177810793348,-115.61604337432206,-118.92128916052856,-115.89414796150693,-118.46353141667763,-117.30857642340965,point1,-117.12416036303031,-117.30857642340965,-118.92128916052856,0.7942013853391859,0.19445958467940105,-0.1467685049730041
HDOK,PLOK,17472,31,31,-129,-12,11,2,33,-116.29699140902034,-116.27285610088134,-117.10855166481252,-118.34591267219844,-117.0934271680834,-117.18013338531634,-117.61135914572118,-118.47295410215094,-116.7003943139738,-117.8307797228014,-117.96351160992558,-117.75254800360919,-116.90255426696889,-117.22235206657501,-116.68080281029387,-118.19682469078825,-116.42917121109662,-117.61848038278457,-115.78174663058759,-117.14901645702834,-117.65374027111888,-116.50350344970003,-118.0046115854595,-116.56411293483615,-116.75220709314915,-116.90892577001904,-116.28105919817108,-114.65422932332756,-117.51661014656881,-116.68798058179705,-117.62840890959426,-117.85980189294295,-117.19851983359287,point1,-117.11588117590588,-117.14901645702834,-118.47295410215094,0.6233432815226376,0.740181800516879,1.3614034723790875
HDOK,PLOK,17472,31,31,-129,-12,11,2,33,-119.7721849102678,-115.14298593879852,-116.29840588234698,-116.38691302017244,-118.03606184164092,-116.51628682044796,-118.50147009427427,-118.66668271474047,-117.95082357399691,-118.30526014356994,-115.1903008366099,-118.18119665123572,-115.70331375082485,-115.99493890458376,-116.14652192279529,-117.25364554879707,-117.34026983305235,-116.82317606836538,-115.26085920462957,-116.67226369262929,-116.69164162669018,-115.26516390457093,-116.24055649645288,-117.78518487106588,-115.89379979944994,-117.84446030544137,-116.39715313828421,-117.2297167296002,-116.05471513111807,-119.05366139858056,-116.2892960644155,-117.20234879546501,-114.84487423801573,point1,-116.87685254099783,-116.67226369262929,-119.7721849102678,1.479845206681136,-0.3966191119049691,-0.4824949468952773
HDOK,PLOK,17472,31,31,-129,-12,11,2,33,-117.83844974369528,-116.39376711793523,-117.30498842179387,-117.37445547868427,-116.83471281602255,-116.72324267632384,-117.6639807352286,-117.20583310914822,-116.38859189280782,-118.36786472068113,-118.0634720629959,-119.29466094833849,-117.52201701393835,-118.84227517466579,-115.59660103322443,-117.80009478637743,-118.49420072141193,-116.00673134081039,-118.12561058643331,-118.66673239491024,-116.53573419973867,-116.65592407510599,-118.14774907056642,-118.30875414607783,-116.44795130419402,-116.18431734442936,-117.00677253815476,-115.68941654029945,-116.2032380286967,-117.33773471257842,-118.79966129470208,-116.8362512638134,-116.33039447375982,point1,-117.30279338689529,-117.30498842179387,-119.29466094833849,0.9564167907178591,-0.17035341638916418,-0.9671800882252812
HDOK,PLOK,17472,31,31,-129,-12,11,2,33,-119.11892396643587,-117.81837278341416,-116.49231825345709,-118.14983618774161,-116.71722263679584,-117.5004231151178,-118.47603889492655,-115.80779878658161,-118.50751033158063,-117.77539056340805,-119.00714325750691,-115.86602764353174,-117.73910422556273,-116.5714119938861,-116.87187800790815,-116.52608258035967,-118.29600457765581,-117.57418531068642,-116.46152377310872,-118.52563813338237,-119.90468124988601,-117.60085287584891,-116.54807688097365,-116.8989639628562,-116.88302645964296,-115.27890333090956,-116.31605638901763,-115.52894445155724,-116.16867546270034,-116.65178636344855,-118.13214605884458,-118.58367903820474,-115.56407517229657,point1,-117.26856674906773,-116.8989639628562,-119.90468124988601,1.3139422337558413,-0.2503789229034249,-0.6850430066973048
HDOK,PLOK,17472,31,31,-129,-12,11,2,33,-118.99695276870578,-116.63525491528331,-118.4374932540977,-117.79233778884664,-118.73532730040344,-116.65770162580868,-115.77075513146816,-115.74337644476115,-116.94331312808835,-117.01965978729594,-118.25894420436944,-117.39546064517806,-115.87759437122962,-117.17983018486645,-117.72601771773009,-116.36498834123374,-115.7714059167164,-116.89652660356742,-116.39767601097081,-118.08234755693644,-116.64614975747283,-118.23710068797197,-118.8055505911943,-117.78000487219762,-118.04247821236174,-116.68254833659846,-115.46341405667918,-117.20865109816864,-114.77170440088068,-117.30348642633045,-116.69961958521921,-114.68376164051443,-116.28777911341751,point1,-117.00894583262316,-116.94331312808835,-118.99695276870578,1.2178476726173793,0.15462800068121643,-0.5104341976885878
HDOK,PLOK,17472,31,31,-129,-12,11,2,33,-117.29316515638673,-116.79471035151103,-120.0043894278879,-116.31752511388065,-115.81794429963314,-116.49044706199602,-117.22131372059772,-117.41901446750563,-116.88728363658686,-118.00712376864767,-117.93585045021868,-116.036863817973,-117.12192068944648,-116.30741378374785,-117.57637603332368,-117.69399713163968,-118.01589495159647,-118.43727604940017,-116.55251112022329,-116.9052616893028,-115.64214660803609,-116.71589109322301,-117.32133652655601,-117.2564525659567,-115.99418221377304,-118.85513728966977,-116.40483560838942,-118.3200778941042,-117.49556835308027,-116.27845333628004,-114.66979448910045,-117.13618225918528,-116.88963485453681,point1,-117.08533260040596,-117.12192068944648,-120.0043894278879,1.017502268741632,-0.42230005306484997,1.3364446458523989
HDOK,PLOK,17472,31,31,-129,-12,11,2,33,-118.5558319332495,-117.20293106095723,-117.03209204480594,-117.43968387367129,-116.9141908400575,-116.09726242847346,-117.18721986334252,-114.68324325648311,-115.26890384299199,-119.34087093554415,-116.7714648048211,-117.82532239277538,-116.42686317284661,-116.50288277001044,-114.87690619774537,-116.7278869366423,-116.63235073005904,-113.6177680157436,-116.29154399595001,-116.4975624427804,-118.10466083485662,-116.60076731575002,-115.83013931678597,-115.8618875730173,-117.40347399234915,-115.54896298373706,-118.13516491057142,-115.9019958560662,-117.60102723384794,-117.31002188027298,-118.8500583653432,-116.84721638757486,-117.2368895378659,point1,-116.76136508263603,-116.7714648048211,-119.34087093554415,1.4079740173029336,0.2772265832283321,0.6512906201522779
HDOK,PLOK,17472,31,31,-129,-12,11,2,33,-119.05891456310573,-117.40237467985062,-117.58614982475366,-116.08355255383077,-116.25173919187503,-117.43944113990212,-117.22255030784977,-115.94420381648816,-117.73118793884319,-117.69498059181028,-116.10526126619017,-118.17650224905839,-117.79431781946388,-116.14189700049137,-117.15927847641295,-114.93576252578771,-116.4246230756311,-117.29025876012632,-116.6038368224811,-116.696021174117,-116.44669316436746,-117.3935743219564,-118.44343244559882,-115.36978880373927,-116.49647365932428,-118.91201700532012,-116.90278764672682,-117.01335770062242,-118.59279470883847,-115.87078439529952,-116.17048456850935,-117.05912155507055,-115.61127782225334,point1,-116.97046792653623,-117.01335770062242,-119.05891456310573,0.9862741393938032,-0.22213109410433998,-0.3663594731051085
HDOK,PLOK,17472,31,31,-129,-12,11,2,33,-118.5729817300433,-116.75976365387423,-116.11981984279299,-117.50974683521282,-117.97856732209573,-118.94718109740994,-118.26226472909828,-116.83763147744483,-117.38128091200812,-118.9763537240714,-114.84177314530406,-117.82228824460118,-117.05121567959951,-115.45672341785566,-115.91193103262015,-117.60184337035857,-116.80876905313819,-117.23153121545963,-116.41161633522876,-119.04945845342375,-117.4477292527534,-116.8388993174992,-117.87585020386537,-116.42292919469155,-118.08368083909879,-115.53999651694704,-117.04696172410075,-116.4276800429167,-116.74802753334356,-117.61725034977259,-117.04659899838414,-116.64789799117538,-117.53402574504207,point1,-117.17606875700702,-117.05121567959951,-119.04945845342375,0.990392298825733,0.09601770579485946,-0.049256353239517825
HDOK,PLOK,17472,31,31,-129,-12,11,2,33,-117.85544132962904,-115.87104356661504,-117.42168899467941,-117.22217732925361,-116.68549002003653,-116.08597384315917,-115.07301109401078,-117.94282725728519,-117.13897063889955,-117.26282494718325,-115.12172174424535,-116.09009502253713,-118.46625332575904,-117.00045531462685,-116.8577939429361,-116.51543539601114,-115.75405325171855,-116.23918539470695,-116.12991177753953,-116.11799774795865,-116.31655004845474,-115.1152897793791,-118.86431088235399,-116.62727377002889,-118.34814179866554,-116.26423882925585,-116.85565018701438,-118.11216522423582,-115.48787241423369,-116.92013004463105,-117.24854828570825,-115.63222372250995,-116.06142511816597,point1,-116.68806581949781,-116.62727377002889,-118.86431088235399,0.9524627163031665,-0.3603041918822972,-0.43951903706357287
HDOK,PLOK,17472,31,31,-129,-12,11,2,33,-119.86938032624606,-117.48205998023046,-117.03694767039546,-116.93237117316895,-117.57452580106603,-116.38782890035947,-116.69280261916172,-116.20364776935179,-116.14074626194325,-115.8844784078027,-116.74994701511562,-119.33847840054177,-115.8685700614836,-118.22569137465176,-117.77541221402646,-115.85415495593406,-116.21308055347151,-116.68509466766069,-117.15466563926111,-116.88753637301237,-116.90451119528787,-117.12942056785867,-115.71699353783487,-117.27317496927907,-117.28659767443479,-114.66215135043326,-115.71655346797665,-116.33926719126828,-118.80739406090805,-115.70566651367051,-117.23508503796165,-115.69924984372001,-117.81628951009303,point1,-116.88635682077609,-116.88753637301237,-119.86938032624606,1.1872065940464518,-0.7612791033618627,0.9781204200805473
HDOK,PLOK,17472,31,31,-129,-12,11,2,33,-116.43814374351238,-118.45169831849682,-116.08440997784062,-117.82452874042654,-115.73736379943219,-115.67947049693997,-117.84714119724538,-118.70083658050466,-114.79366023636726,-118.35514579741202,-119.41730812162834,-116.12112840402347,-117.94769840672357,-117.02439524719004,-115.43185753685076,-116.42956683017952,-116.4606449494576,-118.50444905607434,-117.13954781816327,-117.21019336862788,-117.39774659378347,-115.81572997687266,-116.25162286410746,-117.08367533052083,-117.89967746674816,-116.45879137601669,-116.97089040362822,-118.95167990681495,-116.18174856935899,-116.68835433007065,-116.50404905166346,-117.19797471501658,-117.17584822508142,point1,-117.03566598293274,-117.02439524719004,-119.41730812162834,1.169449454171337,-0.2592500829373345,-0.4398419245613767
HDOK,PLOK,17472,31,31,-129,-12,11,2,33,-116.83520597579785,-116.81496417501883,-117.40048835278496,-116.71031718221964,-117.74766034431917,-116.85270390978971,-115.59892697364263,-117.54143520072381,-116.91255677735107,-117.06813238791703,-116.82279865011742,-116.98736679705168,-118.45661229463994,-116.61064404162174,-116.73842569223554,-114.22411226330436,-118.60832574525182,-118.53938309345803,-117.03759041996052,-116.30372360758768,-116.51633573169156,-118.23729702075322,-117.64985669991592,-116.12654748921508,-115.64546235321883,-116.92206084809325,-115.99611556816087,-116.63872031066828,-117.00951342281195,-115.33559038995338,-119.52353853922273,-115.2473406657298,-117.04984288085144,point1,-116.9002907819721,-116.85270390978971,-119.52353853922273,1.1057682252653895,-0.04942765991999831,0.8863359627060183
HDOK,PLOK,17472,31,31,-129,-12,11,2,33,-118.85686861173163,-115.37246688800796,-115.71803182492138,-117.62831549161059,-116.32917387645243,-118.16786448335661,-114.55467085976926,-117.4770403179846,-117.33491497794365,-116.41515692965493,-119.20896397285759,-116.75301404352892,-116.0152636224006,-116.82209117457745,-117.31310153738198,-116.72040832383396,-117.37242596703888,-116.58058036278229,-115.96913666839326,-116.6334551124899,-118.0306098400213,-115.61643622468289,-116.03108353922134,-117.25927730643413,-119.17720174540577,-116.49459477153734,-116.40717566175174,-119.34517979948879,-117.09363557183859,-118.34793631096603,-117.48259393116754,-117.20321208327492,-115.44208466516206,point1,-117.00527171205066,-116.82209117457745,-119.34517979948879,1.3210776720918012,-0.293459185828171,-0.19004420586942938
HDOK,PLOK,17472,31,31,-129,-12,11,2,33,-118.14632951412061,-117.51934144301285,-114.96156904324984,-116.23815047493096,-117.59280457328646,-117.07598238412912,-116.02890563362024,-116.85596420091849,-116.73666630642688,-114.73432674620761,-116.47704903103808,-119.0259483056859,-117.28602188332181,-117.01355599733036,-117.39214846209656,-117.1163561142531,-118.03494466649263,-117.24030140057026,-115.71822686098324,-117.63283990491074,-116.28463824697829,-116.49144224555009,-118.55840897318318,-116.9570252740108,-115.25321524272358,-118.15960366838127,-117.5690692079812,-115.46240415951979,-117.40927401656108,-116.89191181359931,-117.1501192106571,-117.07008311700092,-113.29209178896006,point1,-116.82959757308159,-117.07008311700092,-119.0259483056859,1.3310411723893023,0.9168051719667833,1.5379143710931547
HDOK,PLOK,17472,31,31,-129,-12,11,2,33,-118.4845283299301,-117.11418124487516,-115.92868839427717,-117.16707560302127,-118.14828807648348,-118.72768186147745,-117.15271254418057,-117.5223908829341,-116.4077301175598,-117.31687782810657,-117.19455339631486,-117.0802808734223,-116.83816776840648,-118.22310812695449,-116.72880850325721,-117.75093523026283,-117.1415073138387,-117.2031646962545,-117.42833628930296,-116.7061718933878,-117.6232673315462,-117.35382185625801,-117.31085563094949,-117.60326401878814,-116.21586986428548,-117.14221266857086,-116.56969543062453,-117.44824799003695,-117.62584188518576,-116.63294616335003,-118.12262589699013,-116.59970583957411,-116.28029559630886,point1,-117.23617694383988,-117.19455339631486,-118.72768186147745,0.41205884453821917,-0.2596654493897032,-0.013253771605748366
HDOK,PLOK,17472,31,31,-129,-12,11,2,33,-118.2838409170816,-116.62053365976912,-117.63258790461028,-116.38095761773472,-115.9906439575998,-117.45568156878912,-118.76105661625462,-116.43050885567979,-117.26046921590134,-116.66818367653636,-118.10451234553892,-116.39129333760741,-118.08687732465718,-117.3511111654165,-117.99677863178893,-116.87322816520023,-117.09121493810585,-117.67012862785612,-117.708382609267,-118.22577753436343,-117.17191733480676,-116.4734874136106,-115.73563149428317,-119.826159217553,-116.28106758693387,-117.29777412848118,-116.07386666461596,-116.88600161778102,-118.58541267224622,-115.98473104749837,-115.97366842546587,-116.50023324405421,-118.33158838489032,point1,-117.21531236066603,-117.17191733480676,-119.826159217553,0.916109000339563,-0.5740019541761335,-0.02488452433734789
HDOK,PLOK,17472,31,31,-129,-12,11,2,33,-117.95848085086882,-118.27374001777002,-118.126312394051,-115.51974643883582,-117.86826361745025,-118.06606500527944,-117.39415351652667,-117.08388026860392,-116.42207108705999,-116.77556728511713,-116.27993839121781,-117.55599811416849,-119.71242172998664,-116.21078043875815,-115.83307327131696,-117.03621289993438,-115.92888593143368,-117.41232875513478,-116.41532801628253,-117.68366848139058,-117.81380503057662,-117.12054559375665,-116.88733618865776,-117.19477926073336,-116.7358333939614,-119.73787967365682,-116.60704466367868,-117.03631317877148,-116.54970493695663,-117.27288797933166,-116.63112454282452,-117.69591672975676,-116.40780087995732,point1,-117.189329956479,-117.08388026860392,-119.73787967365682,0.8863515001018202,-0.9003704623950866,1.3508557701735318
HDOK,PLOK,17472,31,31,-129,-12,11,2,33,-118.10245888453072,-118.93375209256828,-117.72808542273889,-116.91510101558384,-118.27106542557618,-118.01122589176049,-118.11363797514312,-114.51294957190315,-117.40202117927906,-117.91451071448542,-118.14457780701603,-116.67392985002442,-117.24691308296534,-118.93213686841345,-117.29131603023434,-116.64817211072855,-117.36887932250286,-118.17514860212759,-115.08881364409481,-116.18369514100667,-116.71742852079122,-115.45436782049853,-118.3146174218952,-117.0477542467399,-114.80017018428015,-116.37952802056321,-115.97693924898971,-117.22087338349996,-116.36862134833005,-116.00214474804025,-116.3844490482892,-115.41019202597487,-117.41483503312926,point1,-117.00455489950622,-117.22087338349996,-118.93375209256828,1.2969758866153713,0.3807399250080428,-0.5062396650938843
HDOK,PLOK,17472,31,31,-129,-12,11,2,33,-118.41104022583306,-117.47772833809894,-117.1043252584354,-115.64599055081781,-119.96648060112008,-116.15107319431775,-119.22829004023373,-117.22001294840024,-117.67097547600494,-117.16051668274811,-115.78343661996992,-118.39237817406297,-115.63873692506317,-115.68215340936068,-116.1413919827257,-115.26605612070672,-117.15139842132598,-117.16750989861906,-116.67617974480461,-116.0753244023246,-115.45060400732679,-116.37225978562198,-117.64874706601586,-117.15604091031932,-118.33902677117142,-116.78730413234936,-117.56479127019914,-116.71038502611496,-119.4962580107931,-117.48820541439129,-118.78055990307534,-116.05695860474441,-117.590797530659,point1,-117.13493749841685,-117.15604091031932,-119.96648060112008,1.4119850634768372,-0.5175043092718895,-0.23875851357267264
HDOK,PLOK,17472,31,31,-129,-12,11,2,33,-117.73153321502966,-116.64222039345712,-116.90584772352824,-115.27464993466062,-117.6494093877574,-115.87598839291907,-116.57765963568177,-118.28933010848063,-117.33639541218008,-118.68380691602596,-117.82284910098065,-117.6915414955726,-116.77176621318246,-117.8046254557791,-116.33315173753533,-116.57259520172174,-117.01323877840262,-116.40192436795355,-119.04955220133877,-117.4018686635849,-115.93221259877306,-117.00362050618521,-117.55106984237074,-115.30099731550989,-118.22674717592801,-119.39496975442985,-117.74153760202267,-116.38030262900195,-116.35251663010446,-117.63531993032068,-118.42419051095837,-117.74937284264094,-118.56401219189114,point1,-117.27535829896696,-117.4018686635849,-119.39496975442985,1.0056732174037095,0.023931047606311644,-0.40911675273901915
HDOK,PLOK,17472,31,31,-129,-12,11,2,33,-116.12083668709232,-116.94960262941372,-117.27645858492087,-116.13629428438684,-116.3764251544167,-117.30489495509404,-116.79574364560521,-116.68717807057092,-117.717682071939,-117.62645971384013,-118.77588672148019,-118.4723315229067,-115.7121448843207,-116.27388810288687,-116.45176360800517,-116.75441473473614,-116.7012104390908,-116.82885374692174,-115.94197953061325,-115.8154598790759,-118.18345369258215,-118.02954425966232,-117.40812683065623,-115.58696953290021,-118.03951450043662,-113.32856548985178,-117.6168371535585,-116.35474943892604,-116.50988388360892,-117.05762734536198,-117.38841106151935,-115.28899328888241,-116.94542759357358,point1,-116.80174584966174,-116.79574364560521,-118.77588672148019,1.0801389558465833,0.8415391995388695,2.459147628840609
HDOK,PLOK,17472,31,31,-129,-12,11,2,33,-118.00570447334978,-117.74625972429696,-115.39507048007913,-117.75094655892072,-117.1518245122748,-117.12670554596156,-116.67076394444258,-117.63031974466949,-117.5394428481351,-116.85746705836748,-117.11617031329038,-118.32173555757295,-117.50847450890652,-118.32576375476518,-117.11534920112302,-114.66113057774848,-117.46209720977593,-118.3042859197508,-118.15361054337356,-116.00745504016865,-117.9081245527061,-117.59122177056128,-115.64352238073155,-115.46794028938574,-118.58897353495452,-118.29348648515841,-116.2357696432808,-117.06749900965784,-117.00281111981528,-116.38507434587125,-116.87824436324621,-117.86707651101099,-118.59027398977895,point1,-117.22335137918583,-117.46209720977593,-118.59027398977895,0.9463842385608596,0.8042608770061118,0.18265145606982447
HDOK,PLOK,17472,31,31,-129,-12,11,2,33,-117.82120484074315,-116.52405992942106,-116.16888872476615,-116.3966451108034,-116.18659497408558,-117.73819150776669,-114.94528430444439,-116.99068244947983,-117.14167474521226,-117.13767134420083,-116.52517149067995,-118.52314027546092,-117.24249931103982,-117.76840249150165,-116.31028573286895,-118.5371974048373,-118.21053965924331,-118.21374744834749,-116.80397163921195,-117.27410466684572,-116.72884313323836,-118.43378807333062,-115.28141075144728,-116.39460155421449,-115.43946158099148,-117.13967642451973,-114.75602126154544,-116.55143049377489,-118.00631840297085,-118.76130633671018,-117.33976431331944,-116.13002679147537,-118.04188767223293,point1,-117.01407560123428,-117.13767134420083,-118.76130633671018,1.0822920473439432,0.2948217997674746,-0.4894385216159147
HDOK,PLOK,17472,31,31,-129,-12,11,2,33,-117.02578305690253,-116.87780560597899,-116.95437436662986,-116.60201756471886,-118.08644463196538,-117.50085536723161,-117.2126010528117,-117.39054703112757,-116.24509282681556,-116.43080027082306,-115.5431423623423,-116.92115532664643,-117.99248785666626,-118.43337403599213,-117.18114320297045,-117.32526904245407,-118.4502202574886,-117.85072608255086,-117.3236923183419,-115.24605970377804,-115.75136018781961,-116.44577783200012,-116.07072857882267,-117.45000975200973,-117.53155262115325,-115.9314438212827,-116.58144004607065,-117.41123063591677,-115.79899981529603,-116.09566392716428,-117.3005482275361,-113.97470059966395,-116.18412047680488,point1,-116.82185359047809,-116.95437436662986,-118.4502202574886,0.9041223603818249,0.6826388750088317,0.9863788542629135
HDOK,PLOK,17472,31,31,-129,-12,11,2,33,-116.85244687097095,-116.61793534777219,-118.68300196235163,-118.70173416005055,-119.30366939774599,-116.73667531555203,-118.50453523362035,-118.37589400720739,-117.01380718781436,-117.71386280590765,-115.46521380233412,-116.55042980473127,-117.12314140984392,-118.2918170877264,-116.06575132703072,-116.71932045561474,-119.26351223857333,-117.09472259032887,-117.05209867300243,-117.72477833785373,-116.282732707841,-118.17598975956884,-117.34637222973308,-115.5495874050694,-117.91282206930649,-117.12797694416419,-116.23432763597079,-117.71835514368773,-118.42251621909533,-116.67455192097458,-115.58227249915683,-117.40617849143473,-116.42844506868617,point1,-117.29443867002189,-117.12314140984392,-119.30366939774599,1.0495686598220781,-0.15304008586623621,-0.694208776943841
HDOK,PLOK,17472,31,31,-129,-12,11,2,33,-118.64225703277069,-117.15880606371978,-116.19617517943364,-116.67845856863684,-116.96653237918156,-117.94539956929866,-118.75422388405464,-116.94505641204373,-116.95207255304972,-115.97561943245738,-116.0819289723779,-118.30139773260132,-119.90436651542805,-118.45860554066678,-116.07539475297493,-118.00073230776275,-116.52544268851275,-117.47359902071378,-114.92424560749345,-116.58445809524325,-116.80082628049952,-117.1614858355521,-117.42061775248173,-116.52587110196731,-118.96381115451099,-118.01350760217002,-115.4571953589054,-115.98735223042353,-116.5976381765979,-117.35251596757735,-116.7717055650778,-116.1112731480297,-115.79403440615452,point1,-117.07583657237483,-116.94505641204373,-119.90436651542805,1.1980266861754962,-0.5243873270931221,0.06447661886185241
HDOK,PLOK,17472,31,31,-129,-12,11,2,33,-116.81717479673053,-116.42303204855213,-118.20998955911521,-116.31400518035271,-116.32376208657192,-117.73420933310636,-117.17635928798576,-117.16116497896968,-118.19018455872336,-118.85542770445173,-117.81469242647613,-118.19303576280883,-117.71412829118287,-118.09466716810418,-118.91729992256306,-116.58264299061705,-117.92727598386844,-115.6925023989775,-116.26111810410593,-116.1447107183313,-115.9945718744681,-116.56964148073175,-117.15479110020422,-115.93283648591701,-116.94382941809383,-115.25250470026278,-117.2891310628587,-118.32765654382113,-119.20386460945286,-116.4917543657956,-115.78212730937166,-118.89105213086752,-117.29018428794558,point1,-117.20216147489049,-117.16116497896968,-119.20386460945286,1.0872178268847168,-0.170501001523914,-0.9425969174318207
HDOK,PLOK,17472,31,31,-129,-12,11,2,33,-117.48935928636634,-119.26029341163323,-116.79681083689158,-116.36318661895797,-118.8510155218132,-116.53129039804233,-116.98045607922215,-117.82947292263837,-117.37076888590715,-116.87620450443805,-117.10278394495063,-115.32247900564104,-117.09845995624289,-114.71451782754214,-117.20006597786859,-118.03977911720027,-119.63366079878249,-117.70719637619601,-118.14113847628342,-117.62258415905968,-115.90285635399059,-116.84730587573199,-116.54906752455756,-115.59709924633306,-116.5438094518962,-115.68673640341216,-117.06964101837647,-115.72926964622295,-118.64424957521499,-115.65029302296003,-116.71011304556573,-116.64569982217226,-116.57551278733253,point1,-117.0025205418013,-116.87620450443805,-119.63366079878249,1.225851390624293,-0.3751259580016938,0.157528422354702
HDOK,PLOK,17472,31,31,-129,-12,11,2,33,-116.45239367949853,-117.58003843463383,-116.61010197478683,-116.46292722672658,-117.74926655982303,-117.57031141073341,-117.52852080814908,-117.04478981597111,-116.02992632039098,-116.61055778682031,-116.87670199283944,-115.5621484662289,-116.7537491510331,-116.23207225595792,-117.03904517735175,-117.8190205581372,-116.58369277419769,-115.77082100534234,-117.44906647987554,-116.38358954287303,-117.70964711430125,-116.77580050905625,-116.5370355075216,-115.09986916659571,-116.0864779074492,-116.29273911408217,-117.71060134227848,-118.28318833277716,-115.38883258023796,-118.88767809494148,-118.26689549579746,-117.77824148837344,-118.19788168210982,point1,-116.94314029566341,-116.77580050905625,-118.88767809494148,0.8052019375691324,-0.029947205963983797,-0.5354653168100518
HDOK,PLOK,17472,31,31,-129,-12,11,2,33,-117.24824844168299,-117.59639927297845,-116.87057198400045,-118.03175636934306,-116.05984708236444,-116.22820652708344,-117.81317715596693,-117.32271351343213,-117.6686288452647,-116.82343908317462,-115.72640006890703,-118.27983298819962,-118.98565961426657,-117.70284945506087,-115.52720465813785,-118.23601887125274,-117.79413080069152,-118.90484942953199,-118.02616490828245,-115.78504508055704,-115.77042534605158,-115.7075686884358,-116.74943937870876,-118.08602127188314,-116.44963323125577,-116.13851634832248,-116.70360530974583,-117.36118292664558,-117.42147038845019,-117.71031419877556,-116.6754495283695,-117.31746777291906,-116.47451936184851,point1,-117.12717448186639,-117.31746777291906,-118.98565961426657,0.8703720113145829,-0.008605397056109514,-0.8390042988599609
HDOK,PLOK,17472,31,31,-129,-12,11,2,33,-116.53124861632016,-115.68895721574174,-116.5491705686199,-118.39299137788328,-117.13704833208641,-117.7221531865866,-117.03711696360354,-117.64873570258952,-116.51776520637257,-115.98600831065485,-118.11943407861993,-116.19470430792654,-116.67474382739208,-116.0236748116106,-118.13956238117082,-116.80584077151337,-115.72893418256578,-116.85293254014339,-116.99328979410399,-115.63525019808124,-117.77162454774164,-117.18143834907978,-116.41547646254585,-116.20894050335427,-116.59157492705711,-115.39204943391775,-118.13602878832265,-116.89919445128623,-116.08374411614122,-116.31279249653959,-116.05572066752963,-116.18017054916974,-116.40847421241595,point1,-116.72778157208147,-116.5491705686199,-118.39299137788328,0.622155265558617,-0.5366736851584095,-0.5276353640600076
HDOK,PLOK,17472,31,31,-129,-12,11,2,33,-117.54972535062706,-117.61244851873298,-116.42395258081247,-118.1383582556727,-116.06719009642018,-116.4288797410113,-116.92542905465558,-114.88667890429016,-118.64869580361763,-115.05499313301596,-116.32628160947638,-117.5127025442172,-117.97019610512028,-118.78471987188475,-117.67056489510644,-116.92091687188676,-117.40192744282088,-116.3277089355699,-116.8407120632218,-117.11702580282704,-117.85285035721758,-115.52488921453524,-115.18531679827339,-116.48661282822182,-118.01173421115826,-116.34980788755607,-116.99618200023794,-117.39017447684377,-116.58050699892921,-116.44009724295151,-114.84144398582552,-116.44455273968526,-116.40937508537543,point1,-116.82189852750905,-116.8407120632218,-118.78471987188475,1.007393168184615,0.1810460748050097,-0.32383989929656165
HDOK,PLOK,17472,31,31,-129,-12,11,2,33,-118.67846265092282,-116.21584097836053,-116.16881484016787,-115.57984888167529,-115.96049781519255,-117.48297161745062,-116.11710455285532,-117.0307869164988,-116.54996845273463,-114.80350654806338,-116.54061305370175,-117.19030090400506,-116.18587015053052,-116.20515262833399,-116.7121377883973,-115.73167634194765,-116.0635686141279,-116.64926780523439,-115.84850887856595,-118.30211088277274,-115.1989225189963,-116.24056382694796,-117.35155554329634,-117.83593208273865,-115.96500469203048,-117.39378380682905,-116.32342282486749,-117.11167022499765,-115.73269893542069,-117.15748666089453,-117.95643359839853,-118.18174708326596,-117.43613743888197,point1,-116.66370816785165,-116.54061305370175,-118.67846265092282,0.8259316967585467,-0.31156338869490874,-0.3912393475700058
HDOK,PLOK,17472,31,31,-129,-12,11,2,33,-117.43818511966832,-118.58123106853579,-115.89993933061858,-117.45669690820571,-116.86859485574612,-115.4247332379432,-117.64219020724416,-118.0831472978645,-117.11338579881874,-118.35698769617098,-117.74929335210206,-115.44771051146641,-117.23354500670935,-117.77302214983041,-117.08299397207541,-116.8348775653863,-115.36057115882329,-118.20847965110674,-117.1225778597113,-118.77628391861136,-118.36988649570186,-116.27749317030606,-116.09794917163077,-114.35864388180738,-115.42444966337827,-115.81423437216088,-118.8022040621235,-118.54429854344075,-116.89312694547738,-116.73654130740569,-114.60884157091375,-117.22641905568638,-116.94560267349107,point1,-116.98648901758067,-117.11338579881874,-118.8022040621235,1.4115823760303674,0.41214876421208496,-0.5692484261154229
HDOK,PLOK,17472,31,31,-129,-12,11,2,33,-118.82525164147869,-117.26321399191593,-116.07430590733642,-116.82013784328801,-116.7513602472624,-117.44952857010146,-116.38139877047999,-116.69108772864597,-119.00080766107415,-116.23929720446152,-115.77652309874287,-115.01345492310232,-120.23698547919183,-116.73162816237796,-116.11224070712474,-116.82983628889731,-119.21609665971432,-116.74790722150996,-118.31305532489814,-118.07033626088761,-117.16498150052176,-117.38124600819135,-117.52580870848132,-117.1895284771241,-117.59205324841393,-116.29234461974816,-117.80042599114563,-116.32422791704235,-116.74498035170271,-116.07670866144932,-116.15075690018341,-115.31488509821489,-115.4226574080102,point1,-117.01591086614303,-116.7513602472624,-120.23698547919183,1.3230416253491348,-0.8061023424889984,0.7293594077815144
HDOK,PLOK,17472,31,31,-129,-12,11,2,33,-118.61645524199488,-117.93115880958473,-116.80204380381102,-118.23314037994105,-118.0314069927529,-117.80294857829803,-118.38190985094644,-116.12689930471055,-116.97452931482745,-116.93709891647568,-117.52114341686249,-116.42349046149056,-114.9127504426001,-119.38632615030967,-116.85907869569789,-118.1375414012856,-117.5940927425464,-118.85587338009232,-119.87790400973617,-117.61036171637222,-117.94940929104771,-115.93142148356742,-117.28349713517417,-115.52144661001365,-117.29042723653602,-115.26817813330544,-117.02560795338279,-117.99406365357935,-116.40527939778244,-116.80526488791749,-116.80291477021946,-117.89209875704032,-115.76453592380514,point1,-117.30152420738506,-117.29042723653602,-119.87790400973617,1.2721361786814582,0.02158880897728676,-0.06915023909609674
HDOK,PLOK,17472,31,31,-129,-12,11,2,33,-117.89226160704393,-117.25306056570089,-117.6797212748059,-117.44518593539377,-116.83951493527076,-117.41802454451489,-118.42274030862227,-116.63448297571317,-115.47431957837722,-117.431523921875,-117.03359142823876,-116.77367575975082,-116.1957508373093,-115.60148800713117,-117.96064586648703,-117.21284659982328,-115.59510100120131,-118.25489433781425,-116.02951173202268,-118.84089113143982,-116.44373149731703,-117.36642591117356,-116.34281378473328,-116.61010650540084,-116.88673548132107,-117.04640774334162,-117.03048993477715,-116.86462631333626,-115.890319367846,-117.14186444367915,-117.15028644155346,-116.42672660083382,-116.22995232858216,point1,-116.95211268795245,-117.03048993477715,-118.84089113143982,0.6386926992807758,-0.2035789912698619,-0.08995527890143551
HDOK,PLOK,17472,31,31,-129,-12,11,2,33,-119.86563455174922,-117.19206559158009,-116.60262338594235,-117.47805165586595,-117.48386092256808,-118.37584751073913,-116.72311768773557,-115.08453548758074,-117.24358601961441,-117.25548503148887,-116.38811688592065,-117.56312492906211,-118.15186415037766,-116.10301491993077,-116.96723804221885,-116.10591269349085,-116.4627621097532,-116.95007682568897,-118.38380719171866,-117.89727209546163,-115.99170509333086,-116.93354766525674,-116.60130823010051,-116.4398329123681,-116.99256131729975,-118.60308785030945,-114.8885686648147,-118.06662289973353,-116.80791451633833,-117.31945642453228,-116.43245098107732,-118.52182517597322,-116.12430674509051,point1,-117.09094503529433,-116.96723804221885,-119.86563455174922,1.0362887495928401,-0.31738109242309,0.7168656225940331
HDOK,PLOK,17472,31,31,-129,-12,11,2,33,-117.21324948673714,-118.32197412432873,-118.38537334113538,-117.39509371545708,-116.36578488513133,-117.37032502818089,-115.22590418490957,-115.23533962373718,-115.62339591474293,-118.74263089681114,-117.14714767703164,-114.8603154691229,-115.34973850550267,-117.31810660939934,-116.98887249654241,-117.83995682177384,-119.49676950711826,-117.17708596653824,-116.84842818114636,-115.48367559639632,-116.68744902213935,-116.19824479358688,-118.27058273359731,-117.54386692315848,-117.91397128071901,-115.97121390057447,-115.41855169345628,-114.58948926916881,-116.25531559973506,-116.67175407091274,-116.15823746504446,-117.64212004554824,-116.78811484590159,point1,-116.80297211137234,-116.84842818114636,-119.49676950711826,1.3855023112516172,-0.09204756912026382,-0.5078100154412839
HDOK,PLOK,17472,31,31,-129,-12,11,2,33,-117.66340400861799,-116.5282965643884,-116.13590855335667,-117.9722539433983,-116.89384844846332,-117.00847076822708,-118.26077591211777,-117.70148095176495,-117.88317186523805,-117.64586580583159,-118.24371959757907,-118.8877674780588,-118.34020890930046,-117.15394134543337,-118.7961003327397,-115.9230497766769,-117.64082801330561,-116.62955545773018,-117.91893441400086,-117.01915530930171,-115.66242053490008,-119.28924497750806,-116.20131691073598,-116.43975952052884,-117.70580227043934,-117.24986114944465,-119.05723887527851,-117.33824358647311,-117.86680447770055,-117.46145270957544,-114.79201001038106,-116.95868956321551,-116.84011527390501,point1,-117.36696052471567,-117.46145270957544,-119.28924497750806,0.989856227803121,0.2972716339331046,0.1876029351959585
HDOK,PLOK,17472,31,31,-129,-12,11,2,33,-118.85435698459578,-117.61910157952471,-118.13747626911149,-116.71337316626683,-117.93223372799466,-116.18069169090877,-118.36896768547956,-117.63924546434029,-116.47773316509539,-115.70548328778365,-116.54027926883916,-117.26343034676744,-116.86800897394258,-116.13899556056838,-118.71731410124949,-115.20371980724607,-118.61664187725516,-116.07995088372137,-116.57546813560938,-117.48428540425208,-117.01831039072434,-116.53922846236624,-117.10896411922909,-117.88236490224155,-116.94787873610714,-118.0938681481033,-116.55067353801975,-118.19789689933751,-116.94547796652326,-117.42299377412886,-116.6112386098041,-116.60131184888785,-117.52549458065025,point1,-117.16855937444473,-117.01831039072434,-118.85435698459578,0.7796754336573275,-0.06122439717835503,-0.5159589470187083
HDOK,PLOK,17472,31,31,-129,-12,11,2,33,-118.04161731716663,-115.91522184508163,-116.3368600102809,-114.49453995151117,-116.32992994539022,-117.25340242231073,-116.27511681835657,-117.06603355591655,-116.79863983175302,-115.91872996032681,-116.6838588954651,-118.24456915690061,-118.15523104504226,-117.02001226443569,-115.47384741587688,-117.6092800381921,-115.99912488810791,-116.28546719347105,-117.15018359722927,-117.26052363042837,-116.42920829404802,-119.88555814565983,-117.7489163901376,-117.14437921994559,-116.3302907512259,-116.7036403128483,-118.26477814763992,-118.73906859028808,-118.45317111247294,-117.4520932035423,-118.41444455538301,-118.10400890450488,-117.20080451487443,point1,-117.12674399775196,-117.14437921994559,-119.88555814565983,1.1502603246193088,-0.12164469911963961,0.4647502425778556
HDOK,PLOK,17472,31,31,-129,-12,11,2,33,-117.01342639105782,-116.50642164465985,-118.0011948849193,-117.05529068340262,-116.36780639613849,-116.43482017421557,-116.48943898081868,-116.40908317723334,-117.9514742875477,-116.37140165242847,-118.22577311910273,-115.46873662166065,-117.191477371863,-117.5987687399202,-117.62112191114588,-115.91483652316231,-117.24393305644368,-116.03556976278996,-116.15065270226036,-117.73098092112774,-115.73797027693486,-117.070072353638,-116.27498618908514,-117.08300915498319,-116.85554652038788,-116.50831071295686,-116.0801889070494,-118.47994033560406,-117.26540170598516,-117.0660490856896,-114.9253472373841,-116.64412769957194,-116.270648511795,point1,-116.78920629372617,-116.64412769957194,-118.47994033560406,0.6342474861990361,-0.07585628963491539,-0.11530354008548249
HDOK,PLOK,17472,31,31,-129,-12,11,2,33,-117.93663317120523,-117.69424544246056,-115.9727355430836,-116.89362181088406,-116.54396152431062,-117.27265833100547,-118.04859423234558,-116.5534722565544,-117.39657936518283,-114.92889837235475,-118.36318870717987,-117.16366441904552,-116.8851905330894,-116.65474069589803,-118.27008883343541,-118.21809135710507,-116.97875796560261,-116.4261984462951,-116.71352531377688,-117.33185475744752,-116.19262798865155,-117.22711868539618,-116.99083764164388,-118.05665519785877,-117.66244275732707,-114.98625589318236,-117.38475373563512,-116.25285867925642,-116.81651164768546,-117.86562553808308,-117.60339362227408,-117.74853820990751,-117.12420722035348,point1,-117.09571296653081,-117.16366441904552,-118.36318870717987,0.6827523799166809,0.8091960521825575,0.815055985949479
HDOK,PLOK,17472,31,31,-129,-12,11,2,33,-117.34027966307703,-117.24298939599007,-116.2523890739028,-115.7347258188732,-117.93301708646354,-116.26436268405794,-117.80769946132862,-118.97865102611503,-117.69401599298548,-117.84933731304979,-117.97154214452313,-118.02836122479198,-118.08830964694569,-118.23307607127681,-118.38756748132708,-117.31797996266344,-116.4237162281177,-117.03203172499971,-117.71360818566359,-118.25947782536053,-116.40786826293406,-118.75315775858888,-116.48628653189103,-117.71275838692938,-117.14642917399453,-115.81195066817148,-115.3472977948147,-116.11863279493232,-116.09036297679178,-117.11577366834948,-116.90168973512617,-116.49229405009378,-116.05358051309047,point1,-117.18155213112787,-117.24298939599007,-118.97865102611503,0.870659292590263,0.06863929042226245,-0.9723646518525757
HDOK,PLOK,17472,31,31,-129,-12,11,2,33,-118.07892562822246,-117.04086904775689,-117.20330932549444,-117.37098415770465,-117.57597538111519,-117.47068879261491,-113.8849335327044,-117.58490448100453,-117.10593592564081,-117.07226182816922,-117.0904994165038,-117.94426867963207,-118.14920430469293,-114.62320342425653,-118.41877111449737,-116.84320586754924,-116.26419603367086,-117.41040734894924,-116.18852904295905,-115.66698147717732,-116.19736666480216,-116.09766170297078,-116.28147195805032,-116.7604239636398,-118.80964650783041,-117.91947980328871,-116.03517230709174,-116.00183792798995,-115.66382665398581,-116.71363015312274,-117.2280067767492,-117.3562824068498,-116.46927738298352,point1,-116.86430724302032,-117.07226182816922,-118.80964650783041,1.054926535851638,0.7310187471762843,1.1176379070553026
HDOK,PLOK,17472,31,31,-129,-12,11,2,33,-119.40998425507756,-116.33995918463832,-118.10740060546925,-115.74541974452113,-118.02198156111382,-117.62393099310536,-116.90318135319984,-118.92340087744645,-117.02759194928267,-115.74653161630337,-117.15668682762029,-118.15601618104841,-116.41152446090695,-115.7103502713458,-114.5898883743387,-117.27702621715598,-117.78421369817104,-118.29851680199782,-116.20260139768494,-115.08932836283464,-115.97293467895767,-116.66229489384074,-117.38654302183559,-117.41185381373575,-116.29560554184498,-116.63673387556116,-118.43360244335344,-117.52056679989163,-115.80138919734317,-117.97004199264732,-116.36454183423767,-115.31921597265153,-117.84833625439876,point1,-116.97421803192611,-117.02759194928267,-119.40998425507756,1.28328730799857,0.005941607554758579,-0.5515258765959166
HDOK,PLOK,17472,31,31,-129,-12,11,2,33,-116.80281142601649,-116.998955543773,-116.81063393442419,-116.49984791745192,-115.80018087623203,-117.5682055486189,-118.0812506711123,-116.7183279074017,-116.80741937515329,-117.12248764159258,-115.92976236660807,-117.41191701980219,-115.84894359155898,-116.24482668797212,-117.00139570312493,-117.23700046725331,-115.53241824296069,-115.3514981373741,-114.82590601881894,-118.28822782028219,-116.45304787135338,-115.9058165712177,-117.7074140282243,-117.39544127005347,-117.78453752299956,-117.09169155523335,-116.58619874661679,-116.63320190595479,-116.15795518253975,-115.82411789093759,-118.65009199922571,-116.60473841198659,-115.87134924832617,point1,-116.7135642152182,-116.7183279074017,-118.65009199922571,0.743390983859145,-0.12923421343899474,-0.18877672656714717
HDOK,PLOK,17472,31,31,-129,-12,11,2,33,-117.70125218729515,-117.39230338695899,-117.10288216774786,-115.92191503567672,-117.96939327084138,-115.65784540918717,-116.0498391650578,-117.2063694188449,-115.9109299020598,-117.58449658615437,-117.14423956283147,-117.74530820569484,-116.82437892011134,-116.7596517444619,-116.40397893416286,-115.085123772938,-117.59654726269629,-117.04567305735331,-118.76975221938487,-117.12828131511984,-116.32363712068447,-116.45675612016065,-115.56318748632657,-116.73883309176573,-117.28956988432896,-116.68238505765349,-115.96166088915422,-117.20936525885094,-116.48997583751287,-117.52339346009964,-116.38801510165756,-115.6571940725564,-115.86477544716942,point1,-116.76208819249996,-116.7596517444619,-118.76975221938487,0.6530471885449821,-0.10706327549032614,-0.21808151612815374
HDOK,PLOK,17472,31,31,-129,-12,11,2,33,-117.83764142277039,-116.60177868092377,-116.90668090410382,-117.48466832837737,-117.08653881230157,-116.02191375488857,-116.49068336250258,-117.7469325147332,-115.8260573314797,-114.8875460077691,-117.4449393682349,-117.53170805333647,-115.23139336062769,-117.74903415786717,-117.41885680376393,-116.63207163545769,-115.84830254878788,-118.47545677495015,-117.83678864881101,-117.6439702863849,-116.2805605210924,-115.72081889527475,-117.48740892087889,-116.25541881847963,-116.08430327414845,-117.4790976334068,-117.99115321333998,-117.24516932537782,-117.92332530721197,-116.5134054159866,-117.20355376970379,-118.17917707277752,-117.16979110201889,point1,-116.97685290993238,-117.20355376970379,-118.47545677495015,0.7701042812405459,0.5504955392482671,-0.45224461113939185
HDOK,PLOK,17472,31,31,-129,-12,11,2,33,-117.83009660863235,-118.63365121600035,-117.82235761314799,-116.35539014795276,-115.14976437837716,-117.10711787103067,-118.74513609903187,-117.58550395594602,-116.88278262615322,-119.33464891540203,-118.39385252799292,-116.96668401856405,-115.96963771583744,-116.73332688675357,-116.88536991274806,-117.56168637425918,-116.59422857548134,-115.97502397062524,-116.26730482624792,-116.66384064626217,-116.84456595905613,-116.46188279487745,-116.29354353009649,-117.76093999328502,-117.34494503201107,-117.97662387488543,-115.78049636994878,-116.4786430424542,-116.33391769181456,-116.4824382397158,-118.47436333113818,-117.02079213979164,-115.58886101734043,point1,-117.0393763000867,-116.88278262615322,-119.33464891540203,0.9411224901728784,-0.4369256713269287,-0.25897344669666955
HDOK,PLOK,17472,31,31,-129,-12,11,2,33,-117.75977709069623,-117.37266404312925,-116.51143894113994,-115.63038135047914,-116.53376608546706,-116.72556824951701,-117.47371791474824,-118.76789783247894,-118.51858920292854,-116.60532119837723,-117.18824328087031,-116.60054648299868,-114.90721737672212,-117.58103455282671,-117.04370191824762,-116.00792266683749,-119.38269220058265,-119.14923492587967,-118.21793531201581,-118.13793293670795,-118.31830666031735,-117.2245327907085,-118.9505264165004,-115.55117860263763,-115.84694311798476,-116.3714998430145,-118.48771824273608,-116.1376894338686,-116.24783483247492,-117.41421892945843,-116.60826939389355,-117.05909007812141,-117.92042894629867,point1,-117.21981275305046,-117.18824328087031,-119.38269220058265,1.2251118115423034,-0.10292953460521274,-0.6675103235608395
HDOK,PLOK,17472,31,31,-129,-12,11,2,33,-117.55851903156757,-117.15719063685502,-118.43287242376152,-115.99814844900008,-117.8081493826858,-116.9774276248275,-116.15549291455731,-117.89671490533274,-115.36663200896622,-115.98827862384874,-115.12984703251486,-116.17780699174118,-116.07371379477388,-116.650530611657,-117.32078361969454,-115.31951835567612,-118.61016271563813,-117.34766639012584,-115.09764294990129,-115.46857012358291,-118.21139812225515,-116.91492646737551,-118.74404536992262,-117.6108538150877,-115.27477861344492,-116.76043725309852,-116.3464916825922,-118.44056545658309,-116.70919623604325,-115.58322974306827,-115.06427253403459,-117.28459732606105,-116.54764791016653,point1,-116.72812451868009,-116.70919623604325,-118.74404536992262,1.21590879497169,-0.15475711302762524,-1.0497800796355312
HDOK,PLOK,17472,31,31,-129,-12,11,2,33,-117.23300538016804,-117.08310054277145,-117.04389377747009,-116.92233533814071,-117.37525467118274,-117.17330919592278,-116.39095952168543,-116.10095452877592,-117.919918963811,-116.05007681282753,-116.71618215672241,-117.13205689576284,-118.11106454156928,-116.78461712097808,-116.70533111944826,-119.73509187708406,-116.50455445524366,-116.41648044521854,-117.55246075791214,-115.73948351171707,-118.31948250098442,-117.2293765035563,-117.4577550825127,-115.87098577442764,-117.60347913072619,-116.67215945002707,-117.4864776172314,-117.98700252323363,-115.7143123364842,-116.73751863298257,-118.20200946989,-119.05693054560044,-117.4968148432275,point1,-117.16740715228171,-117.13205689576284,-119.73509187708406,0.7961921396568051,-0.7134671817805911,0.9553738584621772
HDOK,PLOK,17472,31,31,-129,-12,11,2,33,-118.87801305313603,-118.28649236202635,-117.8241822042654,-115.8265756082084,-115.89437067516936,-118.06786759978884,-116.87650519820389,-115.58537775417918,-116.31581991735665,-117.00743849734381,-116.50526153645413,-113.68234373651327,-117.29310070132854,-117.96697388665451,-118.0375945145496,-114.89165780250323,-113.95731319472326,-116.26125488413153,-116.10701051165424,-117.30327958011576,-117.63938608048998,-116.63036059417998,-118.2040751273828,-116.53373313889756,-116.91259410333615,-117.24182151559474,-116.93646396240014,-115.17240396652774,-115.75091389854475,-116.37620473737512,-116.65018216991983,-118.51969629703967,-120.02925492991659,point1,-116.82319768908823,-116.87650519820389,-120.02925492991659,1.7794488950064562,0.16920276391795933,0.50187436724902
HDOK,PLOK,17472,31,31,-129,-12,11,2,33,-118.79009478611987,-116.00606602165097,-115.1020727324031,-116.18819802512583,-114.80277197813801,-118.10305855344497,-117.3357124651549,-118.31526686283739,-116.67343426810201,-116.16018518557617,-119.94488663982203,-117.80823745418566,-116.91989043180185,-116.97023033332036,-116.3089208860669,-116.21424452783937,-117.01872956269133,-116.265929447047,-116.68981892972326,-117.32766983373642,-116.72812545797056,-116.4633085213757,-115.60886158436293,-115.42148419439702,-116.41057468228927,-117.571317619565,-117.955569560739,-116.93172746071424,-117.18690298746586,-118.25291867595749,-117.03031622133176,-115.51073119749269,-115.10679428063051,point1,-116.82194095057815,-116.72812545797056,-119.94488663982203,1.244405494130711,-0.5200209919444562,0.5700614065058573
HDOK,PLOK,17472,31,31,-129,-12,11,2,33,-117.49566552968899,-117.70568822713369,-116.73972620985624,-118.21377738477403,-116.60633639174266,-114.98145405881864,-117.73908212799996,-117.51489752336771,-115.98932702662651,-115.948672413368,-115.55343418786917,-117.09179391608751,-117.47979506235149,-116.88838693728718,-117.18011308951047,-116.77933006395656,-115.39993022581594,-117.03652691218332,-117.58214353898185,-117.21585078555186,-117.2754360237152,-115.86310948954876,-116.93017542649409,-117.91422957623043,-116.59551739667333,-117.40605114021172,-117.39137737501076,-117.33390542381824,-114.73938329602238,-117.63039326467751,-117.86045508798675,-116.4685813827764,-119.08440740450101,point1,-116.95863496668599,-117.18011308951047,-119.08440740450101,0.8619755850654509,0.5287382853705308,0.4469461985244316
HDOK,PLOK,17472,31,31,-129,-12,11,2,33,-118.55379200937251,-118.20076274841523,-118.93134165790669,-116.05335896214663,-116.13892024344916,-116.51856588219096,-115.39063786010986,-115.66292997985369,-116.31475862229134,-116.51354544797474,-116.63190522989427,-115.66179126389828,-116.93537310474932,-115.27700599694705,-117.81430355662707,-117.51266978633086,-115.62010438604071,-117.24980581244868,-115.37900154388801,-118.01778422111634,-114.74283041841669,-117.47338252157493,-115.57497380061365,-116.70340518450658,-115.9759846922175,-117.83216639362611,-117.81707385209609,-118.3401058223617,-117.13246574155946,-114.81615927680488,-116.43382468175136,-116.09399978731705,-115.8106650388005,point1,-116.64016350082723,-116.51354544797474,-118.93134165790669,1.23353202899672,-0.2780067495889678,-0.8905459358300969
HDOK,PLOK,17472,31,31,-129,-12,11,2,33,-118.40556497614895,-118.3896664585179,-117.68866265774112,-114.9481663206539,-115.7799196221131,-115.34116836571184,-116.4099437817573,-118.1578626723544,-117.51410707590446,-116.99702599341022,-116.18505155450856,-117.6582213489187,-116.01055669603355,-115.65096994965397,-115.6167389232997,-116.44232166224228,-117.17478605974273,-117.04954602808495,-116.48129783456122,-116.50383141209713,-117.19919485771192,-117.44540797319138,-116.13299488467504,-117.68516877614566,-116.48681201005647,-116.75844141990127,-117.95960515474579,-117.66117052899126,-117.40650007846646,-116.3494904917897,-118.17412397145334,-116.7901201488918,-116.9380137664471,point1,-116.89068040775524,-116.9380137664471,-118.40556497614895,0.7943288638241536,0.1648964782920538,-0.6790590026849834
HDOK,PLOK,17472,31,31,-129,-12,11,2,33,-118.88267758949786,-117.41061055378992,-118.52579057726686,-117.05770295574376,-115.81215783523778,-115.28011944187857,-116.37889044945351,-116.84895726196211,-116.43913394199481,-116.9792147560664,-116.79822334084389,-118.53452966093701,-116.72765846973918,-117.0066999708454,-116.49236975470971,-116.31228527937712,-119.65599595316709,-118.97673380678914,-117.59683101279478,-118.816131448607,-118.4214427706056,-115.9608696904416,-115.5838758479345,-118.24160464283108,-119.00603984221067,-116.95235617571292,-117.04685169674337,-117.61140511385015,-117.35950602468054,-115.88676216344125,-115.45883666616989,-117.34094431224598,-116.58293757110616,point1,-117.21170141147502,-117.0066999708454,-119.65599595316709,1.2896475332674295,-0.3396670404695119,-0.7171210043136784
HDOK,PLOK,17472,31,31,-129,-12,11,2,33,-117.5842768462225,-118.95548314147243,-116.14529766097431,-117.05155562399746,-118.01101961128444,-115.85390030140732,-115.73248072907505,-116.49772480577262,-118.78716747891552,-116.3864537045925,-115.81016339852502,-116.73531817202381,-115.70407925670003,-117.12108410944515,-116.96505937722674,-119.184721030515,-115.94387663178264,-117.48910662810763,-115.06281130570447,-116.8134391473581,-117.20997579394087,-118.99607609502705,-117.18113774124225,-114.86315754934168,-116.87311682430762,-118.76030924681923,-116.6140083294343,-116.69148926373737,-116.50526052320572,-116.29269813808513,-115.76786455657283,-115.97400327700667,-115.70161011538966,point1,-116.82623413379434,-116.69148926373737,-119.184721030515,1.2651877666722884,-0.6251853675894443,-0.22858899695172497
HDOK,PLOK,17472,31,31,-129,-12,11,2,33,-120.44449432329134,-116.88043613445755,-116.25674080993281,-117.99857628598286,-116.61260089087828,-117.95213115791817,-117.41383786259556,-116.72979521467943,-118.17860508012134,-116.92984579522302,-116.14583481373775,-117.24107879135282,-117.71158019369342,-115.94669886895838,-118.0093854174349,-118.85121474081748,-116.70252514951181,-119.05694717694556,-117.75817206901372,-116.5371167946409,-116.75951357702489,-116.34767439236599,-118.90262433282203,-117.33939828632953,-117.34206293953689,-117.54851054222914,-115.40708162604629,-116.49035041350771,-116.29941493531173,-117.58999719355857,-117.17296889658135,-116.86189773715789,-116.90752785768801,point1,-117.28262546367719,-117.17296889658135,-120.44449432329134,1.0234963283648146,-0.983505980456462,1.624261552625494
HDOK,PLOK,17472,31,31,-129,-12,11,2,33,-119.2041002143659,-116.94208762996156,-117.20178961755315,-116.81564876549113,-117.64985310354731,-116.6059917394512,-116.44000121603797,-115.93451813801961,-117.9641295050158,-115.27076527841865,-116.15962194783188,-115.70815726086504,-116.6381752470218,-116.03282970216232,-118.58279210602102,-115.61727844766138,-116.41268182025462,-117.49402651750684,-116.89092491483811,-116.52261120162942,-118.03818652547083,-117.3096848919414,-118.18736109146457,-117.94882043125772,-117.11677205631248,-116.9255445762491,-117.48674312296409,-117.92544836101237,-115.1428597325629,-116.35053476568713,-115.33798788053737,-116.32136988176858,-117.70985169228632,point1,-116.90573179949,-116.89092491483811,-119.2041002143659,0.9536456210539461,-0.16984539008686828,-0.40057100316441385
HDOK,PLOK,17472,31,31,-129,-12,11,2,33,-117.69516564620652,-117.23623340938357,-116.56196010146313,-116.25253386372533,-118.10429055037719,-116.49211738253129,-118.60779302617809,-116.70227196559954,-117.34769249955501,-116.61907165568167,-117.43665421533338,-117.8043362783731,-116.93690067292638,-116.77690147239032,-117.10439638419837,-116.25270869837227,-118.92584132577194,-115.45437840823841,-118.06164128601343,-116.09355685758126,-116.46411813104031,-117.42815435423142,-118.23249309967515,-117.66457573032426,-117.61898892461593,-116.64627407927713,-115.7048531604663,-116.11423396216355,-116.9247113325677,-118.812389252114,-117.01783609252594,-116.23367206777031,-116.571791861876,point1,-117.08789508328937,-116.93690067292638,-118.92584132577194,0.7400545323301736,-0.3809887928611127,-0.41611974809490526
HDOK,PLOK,17472,31,31,-129,-12,11,2,33,-115.77647152796118,-116.30723196964912,-116.96810069692512,-115.95794484714351,-118.48848209292473,-117.11311295624157,-118.03490507476948,-116.54141179971661,-119.22619070323545,-115.83359072170968,-117.28721302605686,-116.17147196795808,-117.33357918734681,-116.0366457090828,-118.64665540509395,-116.51127076599936,-118.71317248532634,-116.11189237444148,-117.64685284738732,-117.19289881176755,-117.23716002519663,-116.80574323627594,-116.48929555847124,-117.93888986413103,-117.23547084832339,-117.91140579475014,-117.24852945340666,-114.70491233486082,-117.11988526224353,-116.23620108985493,-117.43773530321519,-117.61809731402323,-118.49217934865759,point1,-117.1022606183075,-117.19289881176755,-119.22619070323545,0.9797715340473406,-0.021425454675367644,-0.09731376469855535
HDOK,PLOK,17472,31,31,-129,-12,11,2,33,-118.12469535777853,-115.29830303577279,-118.69288353739147,-118.08317774989223,-117.8635266431001,-115.89212323555935,-115.8532579525212,-117.34155304778527,-118.42610396941211,-116.77757929981618,-117.43969792887358,-117.02489916418783,-117.0972243273592,-117.27569187838301,-117.5038104739666,-116.84601043653794,-116.54553011252898,-117.82826779920318,-116.44329282955569,-118.0322298612748,-114.65593535947662,-117.86065841680545,-117.25596360645943,-118.01794294929381,-116.04332075882033,-119.31214627652137,-115.83375897960642,-118.06018985568218,-119.33577612917425,-117.13231043972611,-117.45069129923594,-118.49605325483282,-116.6276399232891,point1,-117.28703775423706,-117.34155304778527,-119.33577612917425,1.1493836117497775,0.3204905378464846,0.02049054888161228
HDOK,PLOK,17472,31,31,-129,-12,11,2,33,-116.86647317292172,-116.34167828709093,-117.51449177801067,-116.1205914472472,-116.9400974577864,-116.02773265472419,-117.03346624341523,-117.34829355605254,-116.33831538217228,-118.07868585887721,-116.74061719321939,-117.15166115327135,-118.09051098075471,-117.34117362456892,-117.4858475555636,-116.46423149279424,-117.84368012520174,-117.38770797191214,-117.37244685966319,-116.86684556683976,-116.29209422697188,-117.30908083404047,-117.1985734499317,-115.81908177687984,-118.01512880849205,-117.55468620012502,-117.08707387924517,-116.8452591556123,-117.46556261808713,-117.18672139297603,-116.3287734145067,-115.81468563660248,-116.54978217558292,point1,-116.9945773312467,-117.08707387924517,-118.09051098075471,0.3881437486242961,0.16359412457328787,-0.7075483115805095
HDOK,PLOK,17472,31,31,-129,-12,11,2,33,-118.60872129796182,-117.69932400759244,-116.61118360966289,-116.19460554026641,-116.1781773455686,-117.09559064079231,-116.64059339767915,-115.36965961060909,-115.69404664857642,-115.5854102214166,-119.10672375770059,-118.01403399760619,-117.48736980362358,-117.00277945510688,-116.89524368465028,-117.78372559849835,-119.48242297441449,-115.76588954822057,-118.75952254343292,-117.39653648824138,-116.87251492865754,-115.56315301689318,-116.25789096846971,-116.44980425304803,-118.12954972726813,-115.92036348446811,-117.33043296391553,-116.00636660652374,-116.9819641955507,-117.97088147347242,-118.42088886330498,-116.69691774881173,-117.10537003672887,point1,-117.06295934662829,-116.9819641955507,-119.48242297441449,1.1433120187560142,-0.4200498544069243,-0.5488274086309373
HDOK,PLOK,17472,31,31,-129,-12,11,2,33,-118.14814623058221,-114.91571615233782,-117.614041787011,-118.751842047181,-115.98082882107619,-117.55682546002019,-117.15392714086603,-114.9184712138833,-116.57157793952237,-116.71180623478976,-116.27439683066815,-117.35597065483054,-117.05907333439025,-117.46998983271713,-117.26769272113134,-117.69988066179471,-115.86634899615369,-115.86945840350344,-115.78249949042684,-116.27968647861289,-117.79106871105226,-116.02096438239862,-117.25859175420112,-117.63976427618387,-116.91720164268165,-117.2323290786121,-118.33057865917458,-115.76214998422529,-116.09176426089827,-117.60614140565754,-117.02194191966905,-116.11542575835516,-116.0557562766867,point1,-116.82096541034227,-117.02194191966905,-118.751842047181,0.8580889000139209,0.1296179711543082,-0.5161841209346694
HDOK,PLOK,17472,31,31,-129,-12,11,2,33,-118.30010083427413,-117.53223965792274,-117.09047989747508,-115.6036965090951,-117.36168377840684,-116.61523487475156,-116.06142608361918,-118.30902075815031,-118.13543392297196,-118.30107606450507,-117.32824871284095,-116.07447130358359,-116.62215326727473,-117.15178076761566,-116.38711267991893,-118.70467837608689,-116.51278328136422,-117.67969387880161,-117.10762057987607,-116.74597475118475,-117.0254611135145,-116.73225445049792,-117.3260685806515,-115.89967626938599,-116.13607279944134,-115.60569091843682,-115.5783501712964,-116.83776653609246,-116.59219670733869,-116.12388224170472,-117.26236543991322,-118.60094618056313,-115.90648884185354,point1,-116.94703424940633,-116.83776653609246,-118.70467837608689,0.780911845224583,-0.3416332242847285,-0.7275235188503326
HDOK,PLOK,17472,31,31,-129,-12,11,2,33,-118.05536447676619,-115.31349603080412,-116.04318923108048,-118.00030490552192,-116.64227135607489,-117.87298019026987,-116.29869876614461,-116.66490373075423,-117.41097024790945,-115.81180146631506,-116.98743856658771,-117.74040726877341,-116.79725464650632,-117.89896647379439,-115.50796072109128,-117.58741422705049,-118.31714899210039,-117.31731431400358,-117.87441275261486,-115.67673198220783,-117.68964048621866,-117.46983385989499,-118.47069444948173,-117.13646149037284,-118.93877396340054,-115.2828112494452,-118.19553207392127,-117.01545280700762,-118.46384233024082,-116.52144400446807,-116.65257388212684,-115.95863936212514,-115.77624898979491,point1,-117.07245391802635,-117.13646149037284,-118.93877396340054,1.005620379562781,0.18422056185314611,-1.0143789585271907
HDOK,PLOK,17472,31,31,-129,-12,11,2,33,-118.68673522373251,-118.25700638590858,-118.15279548530516,-117.641383473954,-115.31061929883005,-118.38232176836767,-116.26932593465501,-117.40457109268786,-117.93764771440887,-116.81780442743877,-117.27176362131814,-116.43822762649268,-117.43870030506547,-118.86519083697937,-116.39697050206829,-117.81674517745557,-116.73712441840529,-114.88989611125935,-116.01738895225408,-116.17496910838862,-116.06119794206076,-116.4995824876074,-116.34674079132814,-116.8734870024141,-116.8974708884342,-117.59575664215942,-118.01896656899355,-117.39606868214538,-116.697258807483,-116.53905595560639,-117.75805284352693,-114.58019036834416,-116.48991642765705,point1,-116.98972523856777,-116.8734870024141,-118.86519083697937,1.0280508484507087,0.30889371462133186,-0.0828505120427816
HDOK,PLOK,17472,31,31,-129,-12,11,2,33,-118.15309700136484,-116.71620447579964,-117.1393984851387,-117.44724384936676,-117.0411354592758,-115.89503705203738,-115.8552935725376,-115.28434351312184,-117.97359990019439,-116.44491693660515,-115.09408389965925,-116.02623224826385,-117.95047625857816,-118.1223624436987,-117.6121282336934,-118.12405235638275,-116.85354723930864,-117.65155745720594,-118.20363800607578,-115.68083316339232,-115.38679049343317,-117.31524683066702,-116.61577774889123,-115.82759097984471,-116.25316167534743,-116.03253703320425,-116.40820577948892,-116.42303149912192,-117.19658256135114,-117.40301029710042,-115.39780191338134,-117.12486287836659,-117.44412901874438,point1,-116.79084576547405,-116.85354723930864,-118.20363800607578,0.8580990900346996,0.12726038020653935,-1.1447020146536788
HDOK,PLOK,17472,31,31,-129,-12,11,2,33,-117.39539267468169,-117.27383824660865,-116.86581160256816,-116.6474960367856,-115.91944825060145,-116.01756019409324,-118.15465336848027,-116.64146351894507,-116.87807116712986,-116.68166068851234,-117.827797886659,-116.81107650336607,-117.22331468222836,-116.21493984283109,-117.68666885589633,-118.61284089231937,-117.10757035204087,-117.28103285929046,-115.20346761300473,-118.76137194655767,-114.79562769738834,-116.2905555009324,-117.2573509649591,-118.8902170876238,-117.46388667969408,-117.15992136020503,-116.48037774241709,-117.08974346029636,-115.70493010966538,-116.55517152779004,-115.69296310786581,-116.67398443807924,-116.52571521215299,point1,-116.90260369914152,-116.86581160256816,-118.8902170876238,0.8511188194718254,-0.11534623969051584,0.32474688505640037
HDOK,PLOK,17472,31,31,-129,-12,11,2,33,-119.4022559261584,-117.22324074353284,-119.22130969244624,-115.15399307831382,-119.07636990346731,-117.31613070514261,-116.00969129500466,-117.87709611069577,-116.80735333101146,-117.42640858280753,-117.18796377311392,-117.06709120356095,-119.91462676017636,-115.90862923046168,-118.55232031692161,-115.16234413544166,-115.96117531176988,-117.66681247332117,-116.79671578330657,-117.36236748839588,-116.91083915921067,-117.51589206080317,-115.91111301239228,-115.46379873322003,-117.81829604786779,-116.82792519365313,-116.77322995648566,-116.03355224410596,-116.59928147030888,-117.9527689294499,-118.67103993041239,-117.66035147668778,-116.66365892747021,point1,-117.20895887839754,-117.18796377311392,-119.91462676017636,1.4007652419880392,-0.3603030960799571,-0.21443453087036035
HDOK,PLOK,17472,31,31,-129,-12,11,2,33,-117.71711774566343,-117.02810687846446,-115.96365725743813,-115.84217859196137,-117.65279127950542,-119.47632227060186,-117.15988197080013,-117.36448063544746,-115.21217571204156,-118.15517473237043,-116.9904075686794,-117.58090848655993,-116.63890046420109,-118.57952847919665,-115.76938184965216,-118.14339047786375,-115.59929659087288,-116.69277830887809,-117.82612737063872,-117.72449685215673,-116.08579619157148,-116.86245542614654,-116.2486772557734,-119.07342239802128,-118.07212925779315,-116.00640103830405,-115.59196579044098,-116.43415439080742,-116.2290782229871,-116.20094831148964,-117.7479561011866,-117.78319316727962,-115.69855506600449,point1,-117.00460109517574,-116.9904075686794,-119.47632227060186,1.1358122681267604,-0.3449511088567014,-0.6136350708703255
HDOK,PLOK,17472,31,31,-129,-12,11,2,33,-118.35832325992128,-115.77172378987197,-118.31491636181578,-116.03104844256187,-115.89291281710926,-118.33356326148217,-119.0569569007068,-117.5209403526212,-116.72170314938167,-115.71265209053873,-118.00860374859191,-116.46640195528292,-117.77585939599841,-117.09976261814256,-115.85503091274737,-118.56001329436455,-115.80258757005785,-117.84185862284357,-115.94765214026368,-116.35763746124496,-115.98972985756345,-115.95764081633712,-114.95387765695894,-115.93755198753044,-116.69343186190179,-117.45661930442803,-115.92096565353727,-115.0573546806516,-116.69543345051996,-118.3862981424411,-118.91540278944524,-117.2072485852788,-116.63537918071849,point1,-116.88597218523819,-116.69343186190179,-119.0569569007068,1.293251296836385,-0.3159751427754723,-1.0730967633121482
HDOK,PLOK,17472,31,31,-129,-12,11,2,33,-117.15660922592022,-116.96245114432509,-115.78213693624734,-116.2730426867019,-119.39672709109144,-118.24599294366948,-118.9173236887763,-116.92258623923158,-116.23572667974581,-115.40974722220298,-115.96618447666673,-117.21956888279786,-117.67652411332968,-118.42858629687889,-117.32709396365844,-116.90947504916127,-116.29421790067951,-118.42566606765305,-116.58214998608655,-117.83482933533656,-116.38736555869848,-117.52191403397781,-115.97758882428788,-116.29600861095516,-117.6603811070144,-116.26113960979694,-117.84825609090784,-116.72592737363766,-116.66551487633399,-117.77507369825622,-114.8951019684887,-117.51405868478055,-117.91476878812854,point1,-117.07302239864923,-116.96245114432509,-119.39672709109144,1.0089715944328819,-0.15611201910283695,-0.1906447553922077
HDOK,PLOK,17472,31,31,-129,-12,11,2,33,-117.43671541283854,-116.98842301426959,-116.35604701737313,-116.7312502889426,-117.87963081292736,-116.09811459763233,-117.82181707066562,-117.32655379578145,-115.53163346852891,-115.5646337807053,-117.18337613656843,-115.35799802841161,-117.89987931329418,-117.46137730037448,-116.34183644888797,-115.60272620601835,-116.98330514963673,-117.77979040282521,-115.99716819055824,-118.9671187663553,-116.53521517685162,-117.71704702827681,-116.15454148487125,-116.58160509709332,-118.22604012996456,-118.052547966248,-116.20181523118313,-117.25597726188775,-116.30044530992207,-117.34046524419648,-115.98177800248561,-115.32714337979965,-116.275461051158,point1,-116.82604477474341,-116.7312502889426,-118.9671187663553,0.8419834912521417,-0.2073258106257736,-0.7139727669417053
HDOK,PLOK,17472,31,31,-129,-12,11,2,33,-117.10802118082906,-117.21729686085675,-117.24551107147502,-117.76065152046156,-115.45998347575102,-117.53556845852764,-118.75654647315417,-116.25305111818413,-117.60252925979997,-118.92970062824052,-117.39479063495466,-117.33551660543299,-116.12140368891434,-116.00068259578043,-115.52107706515001,-117.0496447743212,-116.37181812341727,-116.83309507766252,-117.18588794296036,-117.4283317644804,-115.2830077865753,-117.00645065691586,-117.20116481727413,-115.68346487646399,-116.44656460043412,-118.33660762281816,-118.09089282355696,-117.22815337977976,-117.90108488121444,-116.30971171200567,-116.70616244649942,-117.64039933348792,-115.93042078365109,point1,-116.99621800124338,-117.18588794296036,-118.92970062824052,0.816386612632547,-0.01339584233092709,-0.36403992401934904
HDOK,PLOK,17472,31,31,-129,-12,11,2,33,-119.053418205616,-117.24340351472603,-115.54578065435753,-116.71861943842306,-116.86347534037499,-117.72125973497899,-118.7078800047347,-116.7604085500575,-118.91956556254681,-117.27594246272055,-117.14118654613604,-117.087909899756,-116.39183423612313,-116.01918619619373,-118.03662706369272,-117.31874846109945,-117.87989906932111,-117.66996823753011,-117.69943116489863,-115.95008820021305,-116.93606135330018,-115.43155670128479,-118.34967940003673,-118.26445422222147,-116.40766619254282,-115.93104870348337,-116.03113581599223,-115.56565985742574,-118.53505673866496,-116.02544056647474,-117.75770370345785,-116.56413364842842,-117.60056227400106,point1,-117.13347853699435,-117.14118654613604,-119.053418205616,1.0094280029017564,-0.10439043810847998,-0.8963755294924769
HDOK,PLOK,17472,31,31,-129,-12,11,2,33,-117.09530941868265,-117.55755338443815,-116.22228748227647,-115.5516076872356,-118.32516906398045,-117.18795266855116,-117.947258125365,-117.99100216416576,-117.47563577808745,-116.99175602150758,-116.24940065979887,-118.15883920370041,-115.97258234973233,-116.64130969295987,-117.46216397125737,-117.53890263294305,-114.95282863377597,-117.74004526724227,-116.72648256121059,-115.08971067156125,-116.49371090379053,-118.61964645640457,-116.43097005317696,-116.35916904907074,-118.38608108814611,-118.54089678500219,-116.21892470804382,-116.70429063694564,-115.3114690337723,-117.47515916774286,-116.36348636734145,-116.23788374902092,-115.89666008165403,point1,-116.9065498641995,-116.72648256121059,-118.61964645640457,0.9871536817814045,0.0673076571010927,-0.7950712545680743
HDOK,PLOK,17472,31,31,-129,-12,11,2,33,-116.79966564499128,-116.25922033215313,-115.6384308395974,-117.65011662219169,-115.61073267066047,-117.97118961033038,-119.14885980578704,-117.10655864476911,-115.60309288735264,-117.27318639802563,-116.30659290397912,-115.95065491671515,-114.84776148495041,-116.83412378918298,-116.57743436785393,-115.70354226052389,-117.1195610944149,-117.04125743955302,-116.936341536598,-116.41327080765535,-117.636181783359,-117.32812976550647,-116.89309398437383,-117.06177612619605,-118.67749940359491,-115.4678262674806,-116.67410225389298,-118.30408786223796,-117.11282660565675,-116.88944800520622,-116.16885163837296,-118.16184908921936,-118.49522500519618,point1,-116.89886338932058,-116.89309398437383,-119.14885980578704,0.9793554174092781,-0.21785378571482727,-0.19644174466075448
HDOK,PLOK,17472,31,31,-129,-12,11,2,33,-116.98534601651423,-117.24506203237213,-118.41103382218483,-116.3530513317496,-117.21876043652617,-116.00792357699909,-118.68336701536282,-116.35755071581917,-116.13857126133075,-117.78958558197988,-117.07606246904189,-116.61067244635427,-115.9327215970684,-117.01140361785272,-118.03304333831788,-116.86997697408367,-117.19370973742896,-117.01848389284359,-118.36400295117565,-116.34180202908614,-116.66349105982972,-117.02107098386679,-117.38508434057456,-116.35114374709697,-116.44925074234312,-117.1923217234174,-117.63044693135491,-117.268033915028,-118.39917053928235,-116.5132091910258,-116.63540080146446,-116.85032684085489,-117.14346151753159,point1,-117.0649861569019,-117.01848389284359,-118.68336701536282,0.5015128049996245,-0.6463212249440063,-0.1401068872264073
HDOK,PLOK,17472,31,31,-129,-12,11,2,33,-118.11577655743724,-118.25100322304341,-117.01828932262595,-117.54590441799989,-117.24494474797139,-116.56398044572845,-116.40678581104295,-118.92098107429739,-117.29859670714038,-116.81009092222534,-116.47373397478046,-116.84946519045367,-114.62575321070061,-117.13540854116204,-116.86898172657136,-117.15211350774956,-114.8207893425017,-116.91295451652807,-117.43716788684446,-116.47183314897421,-116.62616621265082,-115.03521787184732,-117.51182435011687,-116.79786423870891,-116.49786801660215,-116.50035293545396,-116.76755286372328,-117.93622995857892,-118.20121381196198,-116.54796152902306,-115.99064092213872,-116.83510756452252,-119.53152510828242,point1,-116.96072968664818,-116.84946519045367,-119.53152510828242,1.0161787536427587,-0.007083273526777532,1.2370231773371887
HDOK,PLOK,17472,32,32,-128,-12,11,2,33,-116.64643206373769,-118.04348249289632,-116.91648830665966,-116.72873521982163,-116.7181929595041,-117.3087129754933,-116.56155057158333,-115.78200757688843,-117.52120436676577,-117.17941912129031,-117.53634062509478,-118.68445596499586,-117.47633417919555,-117.37874133588593,-116.47134714956111,-117.27312485252439,-115.96978053747291,-116.0004051864243,-116.39980657046276,-116.86599232013809,-117.31972501131283,-117.7492397876124,-115.62585634711905,-117.93515272543733,-116.37806434134322,-116.64767324865402,-116.24680478730373,-116.1007707898009,-118.67678505889715,-116.79049660861882,-117.4600296460344,-116.66205046208219,-115.89110846398879,point1,-116.93776701983643,-116.79049660861882,-118.68445596499586,0.5858581283384361,-0.44261038743731196,-0.15729738736227006
HDOK,PLOK,17472,32,32,-128,-12,11,2,33,-116.49508099435758,-117.7442836783224,-116.1134061115073,-116.7399671702619,-117.6475326862857,-114.81528826512876,-115.72746636125245,-118.20535429495109,-116.69480878494122,-116.192668433703,-117.10227358639189,-116.1580903556238,-116.90772759823996,-116.3873393487552,-117.53177658841791,-116.61070222024709,-116.97132177887553,-117.75216788044027,-117.69786269932152,-115.64015221517313,-117.5739039874796,-117.77090857518651,-114.80305839716164,-117.57861290398507,-119.26451248660273,-118.56654387031789,-116.63263015613236,-118.5450331379938,-115.07194603954733,-118.45430861304943,-118.70364531163845,-117.91490031940134,-116.83430853550267,point1,-117.05604798139989,-116.97132177887553,-119.26451248660273,1.2362743255637783,0.2277108049217062,-0.4129940761379882
HDOK,PLOK,17472,32,32,-128,-12,11,2,33,-116.07870532795789,-119.18015780452909,-116.07489908391675,-117.21890796649727,-115.91794034847788,-117.94455594751173,-116.91450973207135,-116.31651267471916,-117.48871594733892,-117.0633679662623,-117.04330143191497,-116.97440625202903,-117.62603392188802,-116.40030576243046,-115.87236148658165,-115.95083263504706,-116.95597827528367,-116.28767472204001,-117.0990100097245,-115.5062574440017,-115.90269009290282,-116.38102737761348,-118.20878434777921,-116.11779115691226,-116.15665500332918,-117.79280473207163,-118.00105401769656,-116.56709869472904,-116.98006577537971,-116.90231080648445,-116.76696323772678,-118.64632330467076,-117.84792726552364,point1,-116.91472516827402,-116.91450973207135,-119.18015780452909,0.7506779573748543,-0.6680062405605439,0.0035720603088882363
HDOK,PLOK,17472,32,32,-128,-12,11,2,33,-118.40379248049824,-119.14631740354021,-117.15601696025367,-117.79519520646701,-116.41413531180783,-116.34304147770901,-117.09807374552629,-115.42989149855036,-116.7347670294351,-116.99193837708843,-116.65498217204966,-117.45913417847147,-117.54739204435162,-116.8894960512367,-118.8214137695518,-117.25153633072111,-117.94086432724349,-117.32569235224447,-117.84538134401758,-118.79292555094929,-117.02599337007483,-117.10909213203914,-116.50409599667313,-117.27780075035288,-118.03252390546642,-117.49888770187556,-115.6159933451749,-118.74744553038276,-116.34084724196524,-117.38515911696697,-118.58504749195639,-117.56279740399569,-118.73739065317467,point1,-117.40803218944883,-117.32569235224447,-119.14631740354021,0.819792565738215,0.003074606542283276,-0.3038100775602883
HDOK,PLOK,17472,32,32,-128,-12,11,2,33,-117.05574803962979,-117.93605242508033,-119.23980812153341,-117.81538741606057,-116.14714840321463,-115.68478764051711,-115.70387235242563,-117.66281184222193,-117.11215989636233,-116.49757195382142,-116.77859097383902,-116.49273490007263,-116.66267836174364,-119.06486556096992,-116.14173565912726,-117.02877532146789,-118.05551613810955,-116.01144190494647,-117.52063673127992,-118.85934945505959,-118.36069617112933,-118.1662710868473,-117.92041812786033,-114.68984794142972,-116.01383839996193,-117.39301776809047,-115.86273210478112,-115.72643205597457,-117.70397055573257,-117.2341945822406,-117.01151289028498,-118.73415278613004,-116.6473470937449,point1,-117.11927589883913,-117.05574803962979,-119.23980812153341,1.1907233827680679,-0.048925042339864805,-0.5341420545364204
HDOK,PLOK,17472,32,32,-128,-12,11,2,33,-117.21998337358774,-118.45561443100738,-118.71671465776745,-117.29183486962744,-116.0483720877902,-116.65948112317697,-118.8083304615733,-119.7674933291701,-116.07835941695505,-116.35225186907026,-116.7473836170551,-116.70953303876473,-118.59513709358109,-115.19435466865157,-117.3768864798306,-118.23878978287833,-117.50771212607312,-116.18429076898431,-115.99780754749966,-118.64554146528968,-117.98464080581356,-115.59931098945465,-116.86098357059244,-117.43272716832628,-117.2794353869052,-115.4923316549881,-117.50462499918049,-115.67813154392101,-116.42499187747255,-116.14754429146974,-116.11209502137629,-117.58633583697787,-118.38236194499198,point1,-117.12367840302437,-117.21998337358774,-119.7674933291701,1.2657844534175458,-0.3329553376952044,-0.658479737565163
HDOK,PLOK,17472,32,32,-128,-12,11,2,33,-116.88896961388987,-117.68066207726449,-118.44549539063493,-118.61799461017202,-118.24863336028658,-116.90751464246641,-116.96199770343767,-116.36421592797119,-115.42356460787697,-117.32274591832852,-117.68262278266327,-118.24880225180388,-118.31866145111013,-117.37235757657659,-117.26123566122666,-118.2116811662471,-116.18870984717968,-117.35024787047928,-115.92855109289751,-116.43534114342121,-115.86708134738488,-118.61362494589137,-118.10982271667035,-117.5755937796836,-116.67231757774749,-116.35734484303757,-116.60881678194654,-117.74556021672294,-118.30263511847848,-117.02999661652308,-118.19370865201518,-116.10699745419252,-116.55270378494122,point1,-117.26049116761116,-117.32274591832852,-118.61799461017202,0.787675516840795,0.161164309348312,-1.0719063092598264
HDOK,PLOK,17472,32,32,-128,-12,11,2,33,-116.69035747979103,-117.72600821512212,-117.24643199041893,-117.41381139034537,-119.02813307269608,-116.28839667320858,-118.01844698650005,-118.06080251435301,-118.12775592615269,-117.91832021629453,-117.38997695283376,-116.9734422770054,-117.08376947614012,-117.86132083503756,-118.67210684570003,-116.55612609088439,-117.11558559045453,-115.92475818681419,-116.94124762934194,-116.33970507727327,-117.90409949518441,-117.29120497109352,-118.46623147925811,-118.7212113471899,-116.03076359890619,-117.47921178798684,-117.23681934791541,-118.36584901493107,-118.37001310914306,-117.06946160098089,-117.95159409772012,-117.8478437006496,-117.35334693948175,point1,-117.49891375505482,-117.41381139034537,-119.02813307269608,0.5993330734428082,0.15070131856924818,-0.5100382230279119
HDOK,PLOK,17472,32,32,-128,-12,11,2,33,-118.24458849095534,-118.82939214534859,-118.72743261228277,-116.86916432931324,-116.35490385226726,-114.29324682917223,-117.22841943772387,-116.23960153629389,-116.63494028374646,-117.08721487868125,-116.8572256728119,-117.79935895691122,-116.13255023758,-116.66657532388939,-116.47125798398736,-119.23345966345043,-116.54123783201605,-118.5664925385287,-116.81910724104091,-116.91917188733332,-116.76453400102646,-117.84101673785206,-116.16495838835375,-118.23249125746406,-116.68175923756428,-117.29619432359488,-116.08533492539547,-117.35106532262965,-117.0160939571325,-118.35036486160647,-115.62097706149521,-115.53367757292965,-114.45871785505165,point1,-116.9670462798615,-116.8572256728119,-119.23345966345043,1.2827588389444102,0.1577557727117213,0.2473775065022621
HDOK,PLOK,17472,32,32,-128,-12,11,2,33,-116.51504204738252,-116.77968292869882,-116.31761807870444,-117.17766306326281,-116.60371335124057,-115.78794277554427,-116.27761720213377,-119.56141366555374,-116.43422322804007,-116.06212898089117,-116.80450277042944,-115.2746244884772,-116.24030268652841,-116.4883052348561,-117.70987195022491,-117.08750102807348,-118.77422262731876,-116.68846966147437,-116.65775494342296,-116.3125536293012,-117.26201163815858,-116.42816415181119,-116.53486929062579,-117.94356071151026,-116.70677054560647,-117.829251497363,-117.24925393695051,-116.55536959414988,-119.23105204802857,-116.54626261332803,-116.0957162782613,-116.88725351907418,-117.77211494700134,point1,-116.92717591252813,-116.65775494342296,-119.56141366555374,0.844260185900215,-1.263193861410352,1.7571135970083813
HDOK,PLOK,17472,32,32,-128,-12,11,2,33,-118.09813781528773,-119.40955403219688,-118.14211168322026,-116.10406815799044,-116.28907270720093,-117.9236217138806,-117.89743756120791,-117.20401606591994,-117.22891154483489,-116.23481964343424,-117.82869485016552,-116.00752500389669,-114.61271467710363,-115.43305762624398,-117.72017139988893,-118.09398053244476,-117.3211530385835,-117.22207718027458,-116.00591898996166,-117.86054204396831,-118.21093179181011,-118.81129443482833,-117.94436542752248,-118.29074939063969,-118.37486125669831,-116.98248138970969,-117.87121017789195,-116.96954020059991,-118.45693308318722,-118.01590431944274,-120.13938620530617,-116.32574767348918,-115.66845535812674,point1,-117.4151347568775,-117.82869485016552,-120.13938620530617,1.3603531157080702,0.23133297238401618,0.16720285036814309
HDOK,PLOK,17472,32,32,-128,-12,11,2,33,-117.59540551649219,-117.49197606262253,-117.6017897684017,-117.73353922547456,-116.31050340391275,-117.11590443532023,-118.52756071304294,-116.2962833577507,-117.1447290747593,-117.63585604201339,-115.28348731527849,-116.13759611277226,-117.47433788709623,-114.63795639529113,-117.36017103153675,-117.87045303362034,-116.44268647213434,-115.48746669837807,-116.6745100109345,-116.73126692438885,-117.45700892686123,-117.58393032708122,-117.68289554605497,-116.44036335320064,-118.12677899631959,-117.02724718759329,-117.35090329011832,-116.54754430736342,-117.16880196948146,-116.18899287225005,-116.18244369293491,-117.15902703458413,-117.26231043631108,point1,-116.96156749761744,-117.15902703458413,-118.52756071304294,0.6886496901141856,0.7932586855845508,0.7088849027113002
HDOK,PLOK,17472,32,32,-128,-12,11,2,33,-117.06162098035503,-118.64079781079049,-116.36722725934882,-117.61143699589748,-116.48808761020139,-116.88510887310956,-115.09628520464601,-116.18398950992564,-116.76364529653388,-117.30573255499446,-116.94742535649695,-118.7188364553492,-118.13770436620656,-117.80775913572153,-115.99667500867909,-117.14161345192045,-117.5407172730286,-116.87453267632401,-118.32856613627665,-118.58015324426134,-117.70035128283557,-116.83677992249505,-117.53769036316605,-118.26304358873061,-115.80288507849205,-116.32840725519436,-116.42985620219122,-117.00122599657125,-115.57576721239752,-116.22560236671168,-117.80488975943194,-119.52304552832854,-118.63236308557133,point1,-117.21635826794498,-117.06162098035503,-119.52304552832854,1.0320598167152992,-0.1451548984664548,-0.4258852606514334
HDOK,PLOK,17472,32,32,-128,-12,11,2,33,-116.13327203823017,-116.88893139148955,-119.59952115574914,-118.69192393036606,-117.19296130707747,-116.48260050669741,-115.68718995370983,-116.40014878175108,-117.09952392801027,-115.37041565449282,-117.0094947217997,-115.6413435399709,-116.72320936677954,-116.05707710840706,-118.12102024941734,-116.37020828126067,-116.5363249841562,-118.98457114896624,-116.82818454883046,-117.45864281474176,-117.99171119717285,-117.50593494831027,-117.50204550847643,-117.51976086734987,-116.84083344519455,-118.26476395396892,-116.53427983419519,-115.66958334203969,-118.0968590466908,-116.87772343751197,-116.65343895061736,-118.0923275331041,-118.25377450450624,point1,-117.12362430245582,-116.88893139148955,-119.59952115574914,1.0081301062642312,-0.4238185117947233,-0.20849385690355193
HDOK,PLOK,17472,32,32,-128,-12,11,2,33,-116.75690735440027,-118.00690310580472,-118.24563199783772,-117.65186897210897,-119.10101458357929,-116.89086341530931,-115.73254252403969,-115.43045341463035,-114.8900107066171,-119.12915974036217,-115.93417819019402,-117.82391563208984,-117.92724652080211,-116.2449315673935,-116.86016934348756,-117.01623832371756,-116.82448483075203,-117.13245301761552,-117.30733796131769,-117.08799991553111,-118.30422243900449,-117.40345175364182,-116.12935375839379,-116.09596340262364,-117.45890641875397,-117.43846727389791,-115.91728451273501,-117.54205143546692,-117.25464081745615,-116.94774865973753,-118.176128661636,-117.51321436149969,-117.57562263876547,point1,-117.14398082579403,-117.25464081745615,-119.12915974036217,0.9277436714585956,0.1710886864081238,0.0620142798407306
HDOK,PLOK,17472,32,32,-128,-12,11,2,33,-117.89816836020923,-117.42988600135787,-116.73234230994905,-117.44802461542032,-117.66820382607743,-116.64795532434094,-116.98270365455967,-117.11681334232017,-117.37596172363743,-116.65725543674591,-117.16897562561134,-117.04587350543963,-117.540530550632,-115.0196531859885,-117.86899579448028,-118.10996030630191,-117.36799774465464,-117.35184389636586,-117.75704593172266,-117.77321817580517,-115.91188491215979,-117.1516706707807,-117.43754326381055,-115.94101642176754,-117.90590718601086,-116.27305328660417,-117.37184424355259,-114.92680682062186,-118.58540834209491,-117.88917734780607,-119.88426759620188,-116.36308124735,-116.80435060211863,point1,-117.19416428037879,-117.36799774465464,-119.88426759620188,0.8756805122018623,0.11602392320770843,1.9418358240363864
HDOK,PLOK,17472,32,32,-128,-12,11,2,33,-118.64523496479906,-117.06292682817904,-117.64745387970348,-116.63944821647944,-117.1263256756585,-117.10827679529805,-118.26578355258115,-116.49110609421811,-116.777281836,-118.6919019526407,-116.45416087829378,-117.33651546784502,-116.53165693086822,-115.67811319105584,-118.01190083212838,-117.75255976383703,-117.39308542922323,-116.74582550518423,-117.56766393522878,-117.31324269325361,-117.18365265766352,-117.17268872912939,-117.24569684513361,-117.16146265075788,-118.39798195433522,-116.35516143517654,-117.1132368061867,-116.43296893901837,-115.933455193891,-116.03412116507828,-117.83068356510046,-115.83543036770074,-116.5056643945154,point1,-117.1043233068534,-117.1263256756585,-118.6919019526407,0.5916683522713995,-0.24547375875044103,-0.3705290579658458
HDOK,PLOK,17472,32,32,-128,-12,11,2,33,-117.76536485809399,-117.26024315837198,-116.8555353295342,-116.44216760529511,-118.41531182373592,-117.44776329605173,-115.15257855230256,-116.56294170298864,-117.16370709695391,-116.97397819025947,-115.76518474913262,-116.67403667972405,-118.71743824807575,-116.71143736388635,-116.90839519881621,-117.00760039887365,-116.12697578678343,-117.52767611587849,-115.42295312249841,-117.10659319912311,-117.04183424222138,-118.10019295345099,-116.34399556887897,-117.13028012007469,-117.84923045074714,-116.83112840705212,-118.39177999015253,-116.3105314486367,-117.63039839036468,-118.01916798577746,-118.39976210716425,-117.73307893691779,-117.6962769452909,point1,-117.13592545524573,-117.10659319912311,-118.71743824807575,0.7170172378394348,0.2828830887059908,-0.12259562366897025
HDOK,PLOK,17472,32,32,-128,-12,11,2,33,-116.60464681726303,-118.51228966954277,-117.54348074110543,-116.18887525678782,-116.69896455896888,-116.83911127586317,-116.25973028784297,-115.67056521954609,-115.72777657319979,-117.03904492343005,-117.20993984486925,-117.39445689934104,-117.9727442922971,-116.53829232426226,-117.74026166398285,-119.59926181018199,-115.82387917385408,-118.60010223452608,-116.4696916807626,-116.99333356201919,-117.53581839002716,-116.80653573748505,-117.59892566665418,-115.98494753518013,-116.01187474371632,-117.77765547474138,-117.79067406969881,-117.12842077647021,-117.98929966373177,-119.16465515309065,-118.16678019695117,-116.80832122597972,-118.45421445835254,point1,-117.23165369399172,-117.12842077647021,-119.59926181018199,0.9599837242865983,-0.40584635705046984,-0.29950074587538555
HDOK,PLOK,17472,32,32,-128,-12,11,2,33,-117.03267419285744,-118.85560915517077,-117.74322218179532,-117.1306005345407,-116.51598364091923,-116.4249155610297,-116.65868396724454,-114.47397060482231,-117.50952115871823,-116.14210286450984,-117.65328810620855,-117.73125610844657,-115.36946967165228,-116.98708013633768,-117.48082747118119,-117.53115684031569,-118.4559393848213,-116.2912703750232,-117.59463426079346,-118.6955065667047,-117.87790849689952,-116.69976546663275,-116.7354915529401,-117.42698581403046,-116.15190980971926,-116.53954964698889,-116.13311413332953,-116.65119127873936,-116.47116267666914,-117.7915424457565,-117.25616782168338,-115.80562802119363,-117.53920808576144,point1,-117.01082842525564,-117.03267419285744,-118.85560915517077,0.8381375372308081,0.35276498902980125,0.6934048311289494
HDOK,PLOK,17472,32,32,-128,-12,11,2,33,-117.0963382326571,-117.32098559007487,-116.82924573553379,-116.23910834656427,-115.72170887228641,-118.10896367270819,-115.17068147456334,-118.27309480470447,-116.9072268566681,-114.37374111409063,-117.57536369345472,-118.12626046279416,-117.31352568147446,-117.70901173945292,-118.75427403315302,-116.5816599994689,-115.67558703097308,-117.84926589348612,-115.8275020866094,-118.21954657672407,-117.15022472548286,-118.26128912956088,-118.38037151625603,-117.51189221581654,-117.39280078854098,-115.01757090041353,-119.14342981225303,-116.42322046056266,-117.34296344074428,-118.33143443083836,-116.68071749705064,-116.95841679044179,-117.47405816932866,point1,-117.143681265901,-117.32098559007487,-119.14342981225303,1.229614261122753,0.6034128288353398,0.004927251428634705
HDOK,PLOK,17472,32,32,-128,-12,11,2,33,-116.18746955093272,-118.32938637206529,-118.98723277469006,-117.59691969416888,-117.7523427676023,-116.25925118975219,-118.51013845889904,-116.39034618975694,-117.43967622934322,-117.19412740309599,-117.34016326393983,-116.54828990767562,-117.4207820226984,-116.29011544543923,-115.20627960256029,-115.22488297349034,-117.8024430713261,-116.12597050643332,-114.54684153444981,-119.30259895804717,-115.6025522092228,-118.76350387058513,-117.65441697645814,-117.57224756700379,-118.8577234643242,-116.80911602603952,-117.96947366289145,-119.45626519533472,-117.41659433936887,-116.85881878819362,-117.39155840367106,-116.33301773674278,-118.51238596487379,point1,-117.26221006427504,-117.41659433936887,-119.45626519533472,1.4520343870508103,0.19683737555620603,-0.4257898392074093
HDOK,PLOK,17472,32,32,-128,-12,11,2,33,-118.1845124590489,-117.74389704098512,-119.08785585494508,-116.38173450245175,-116.63060553959487,-117.99735358616545,-116.92040910552677,-117.37228061100966,-116.46475159614066,-115.21262044696523,-117.07491702663035,-118.416945505631,-116.36538786918908,-115.82246945523107,-117.36748918624845,-116.74900905868883,-115.57248394013513,-115.92334274975367,-115.7865739893764,-116.88666041746613,-117.83998209327054,-117.53120479669282,-117.77127871845528,-115.42229961701317,-118.51056840716299,-118.78226216069696,-116.29726475486868,-118.10319669937928,-118.76287157396709,-119.57287515593397,-117.61643271470402,-117.04021288505014,-119.20318053521179,point1,-117.28530091071485,-117.36748918624845,-119.57287515593397,1.3229072694184478,-0.07929971447338598,-0.8318866486429797
HDOK,PLOK,17472,32,32,-128,-12,11,2,33,-117.04038191487034,-118.83582245215167,-117.69660881310776,-116.02435024305935,-117.92141002823665,-117.64581475092268,-117.69677380641244,-117.64883638622271,-116.05055701979059,-116.46090759929099,-116.42877793768527,-115.07438896798939,-116.55679113952928,-119.28123423643662,-116.37156821334634,-117.35549550365862,-117.55540538387862,-116.02383265992869,-115.75403007061908,-116.23378221712291,-116.59825997538738,-115.90432342623656,-117.18791407597786,-117.75326634010031,-114.20197002026663,-118.40179892360501,-115.92060075181756,-117.26809411349086,-118.0171276830682,-117.90195222618655,-117.47699809559637,-117.92201374016305,-115.99690356305564,point1,-116.97599976603672,-117.18791407597786,-119.28123423643662,1.1648214531367143,0.24104452094425244,0.10361879293601062
HDOK,PLOK,17472,32,32,-128,-12,11,2,33,-116.59858645122891,-118.85551840328971,-116.14954039570796,-116.15157030747984,-115.01078483310992,-116.6269436837065,-117.61339430904218,-116.33613156643852,-117.4893983267828,-117.7913311791904,-114.59527994599503,-117.74863556084712,-117.2179720824518,-116.67963917312673,-117.22531040296406,-117.43347323688963,-116.61911267596332,-115.9724468824992,-117.950612739379,-116.18463675487534,-116.71117409340229,-116.56153984565206,-116.08631896711984,-117.31834150358932,-118.18314920989698,-116.58643392484926,-116.12577529604837,-115.50052569098068,-114.3748924510672,-117.479216904076,-117.29236569764187,-118.95504978664857,-118.78398165869433,point1,-116.85482072547377,-116.67963917312673,-118.95504978664857,1.2011628499161395,0.17484677793437525,0.063362405899412
HDOK,PLOK,17472,32,32,-128,-12,11,2,33,-114.94012521505132,-120.0355640595482,-117.18865808609253,-118.62088894555451,-116.49899060319918,-117.14866534178145,-115.27651099376342,-116.05434563746505,-117.48066090801959,-115.87532170759454,-117.79614428543096,-118.52719393409542,-116.90189026922131,-118.81934695237256,-117.35172265157392,-117.56130638301343,-117.46972295789404,-117.70065396737641,-116.58624511840408,-117.43851090536697,-116.11299583672522,-115.0171382141855,-116.2364640057506,-116.93580581723522,-116.38092155513266,-116.7212337708604,-115.46816517756909,-118.22656075197466,-116.81950151060049,-117.03010520800116,-117.79356501461925,-117.82163522113916,-118.12771455976728,point1,-117.08982653231453,-117.14866534178145,-120.0355640595482,1.2580396810599344,-0.16187144201058692,0.2950875300422995
HDOK,PLOK,17472,32,32,-128,-12,11,2,33,-116.43988928380017,-118.99397316335973,-115.31200173339327,-117.65493490187087,-116.33753008691681,-115.92919764275369,-117.24625773011056,-116.67140448754489,-117.42572248053648,-115.46676026541633,-117.62335255712675,-116.9799945984095,-117.60986996362622,-117.9573301477939,-117.25232687665769,-117.86769418516971,-116.11875161853001,-115.53354110991003,-117.69698724260614,-116.85245568830963,-117.34292003779518,-118.20260814149057,-117.04520014952237,-117.34857065350124,-118.57834953139302,-118.04722046492515,-116.64853529121399,-117.47934062234081,-116.46954757679745,-116.81859945618667,-116.92446285565286,-117.52594943754737,-116.54810214844709,point1,-117.08937521608048,-117.24625773011056,-118.99397316335973,0.7257119089124828,0.1494054808823202,-0.0627029020742178
HDOK,PLOK,17472,32,32,-128,-12,11,2,33,-118.17336908948016,-117.98554942398611,-117.46298883629774,-117.10619120165451,-117.11972089264026,-116.46926250281851,-118.54341669805673,-118.21771259581239,-115.54048595927668,-117.26829075542965,-116.76931485354126,-118.9684745464995,-116.64399137802674,-118.64534495168357,-116.63974473853672,-118.15403132300935,-117.37072901605283,-118.14345308587771,-117.08006005587575,-116.07128128528475,-116.36961921798769,-117.60358252703809,-116.51864501641182,-117.21958478277492,-118.32295554977149,-118.9631298104993,-115.42412351245426,-119.12935303128246,-117.74572463256798,-117.8656631498579,-116.68385859937146,-118.43110449079222,-116.85627249195139,point1,-117.43960696977582,-117.37072901605283,-119.12935303128246,0.9161906354762002,0.14664341641802328,-0.6467706301716514
HDOK,PLOK,17472,32,32,-128,-12,11,2,33,-115.98770421897264,-116.8704913019907,-116.65505680483604,-117.24419613028827,-117.26723766552375,-118.61953679846019,-117.80989679997631,-116.06663385563556,-117.475158887508,-117.22592021289444,-117.55497789242634,-115.53552000964513,-115.55427278716701,-116.2629510123462,-117.0673789186144,-117.42838071050429,-117.28396560730705,-116.67024668971476,-116.58223192473278,-118.52323433115033,-116.22167066571807,-117.4118653895647,-115.72602899397766,-117.02983864463096,-118.35361658660584,-116.43716106209106,-115.83777464987719,-117.78555952096174,-118.23704663828772,-117.20969376618567,-117.82282433796598,-117.79519029228989,-116.51979377055537,point1,-117.03251687510321,-117.20969376618567,-118.61953679846019,0.705218926051876,0.02678130728429268,-0.7452336276140268
HDOK,PLOK,17472,32,32,-128,-12,11,2,33,-117.28183038378067,-118.25983083171948,-118.76949010740218,-117.73260740210775,-117.3741745037487,-117.75638821027198,-116.66294568059075,-116.13994506098389,-119.11695475890592,-117.25135955098314,-116.7052580757549,-115.49586073731722,-116.41559723012885,-117.47443969458317,-114.69076358091941,-115.31442221522023,-116.98375393340534,-119.29582475904755,-116.90071193894235,-116.73689942586513,-118.03751837938388,-116.27263413377364,-117.75279805017756,-116.03537169148288,-117.81184201691755,-117.74439039048316,-118.76412552172103,-116.2159981618096,-116.96319583929643,-118.61533678136206,-116.46942435981177,-117.21065040238852,-116.14281648673588,point1,-117.16348970597039,-117.21065040238852,-119.29582475904755,1.1732221254897077,0.018625715759062193,-0.2559535478092929
HDOK,PLOK,17472,32,32,-128,-12,11,2,33,-116.11245694630315,-118.76052818101363,-117.97533721352998,-117.2735317086674,-117.65193759395564,-115.64997818538613,-116.45552651666172,-117.46791907585767,-115.95711312937587,-117.05462146708761,-116.16483872455984,-115.67134455990619,-117.12490503796153,-116.17897647303198,-115.37860395867132,-117.46420712555832,-116.62625779978205,-117.06548447076753,-117.64149966248586,-115.4331971155799,-117.57716852082471,-117.51725835618223,-118.02978833917228,-117.1245618415336,-118.80573494785419,-117.78989887355723,-119.35603151638041,-116.51327897370396,-119.02913298577546,-118.09131016997527,-117.55896896328159,-116.34613570179937,-116.744773732907,point1,-117.1391608445179,-117.12490503796153,-119.35603151638041,1.0484122770364106,-0.20185002821444262,-0.490366920027721
HDOK,PLOK,17472,32,32,-128,-12,11,2,33,-117.50228676773212,-117.01991299613493,-118.28287650008788,-118.246889810198,-118.39504728387887,-118.22261444193211,-117.13305726572416,-117.88246508962669,-116.88627610409829,-113.07098720929073,-117.45580488650637,-115.96269338554407,-116.43520235058774,-116.58351544721987,-116.9133029141809,-118.03364840911593,-117.44622656456283,-117.7096980765059,-116.76678668091397,-116.95069054473787,-116.87323835712837,-116.76621306577003,-118.66010678712642,-116.49171268020655,-117.3448789566004,-118.0158872334716,-118.76180919726693,-117.48014611738964,-116.61741695957394,-117.23107209448754,-116.85164216177049,-116.7330254844705,-116.1880331513954,point1,-117.17924742349201,-117.13305726572416,-118.76180919726693,1.0368185553963927,1.7774696492027136,6.838117859636345
HDOK,PLOK,17472,32,32,-128,-12,11,2,33,-116.73569726546671,-119.6486828235715,-119.05035918506005,-116.19440022561304,-117.38091245252066,-115.75810546196594,-116.4598559503411,-117.4734728981673,-117.4803380661623,-117.19685521021871,-119.22279707131031,-117.52112938940091,-117.97469617098062,-117.12106420223907,-117.60026879751992,-117.67035936814978,-117.11836704541187,-116.81504902591286,-116.93818093855825,-116.28664779506816,-117.09060921592693,-117.36422999653098,-115.44506327990494,-118.2862323227847,-116.49486126405981,-116.10485912088686,-116.59622600996136,-118.1365495185826,-118.3713480707868,-117.93407610383728,-117.77440781397665,-119.11769756012761,-115.32340099853394,point1,-117.32384244301635,-117.36422999653098,-119.6486828235715,1.08699263318177,-0.24426357986928302,-0.14265267215514932
HDOK,PLOK,17472,32,32,-128,-12,11,2,33,-117.09346022751804,-120.00674683500446,-116.21129850765143,-114.92939649024687,-117.05145319614832,-116.4100492181577,-116.50580483933462,-117.39064815632031,-118.01172939110313,-117.1843169843828,-116.77752587333829,-115.49106975208228,-116.80531002426136,-117.82253402555239,-118.13444863830573,-116.4216474590104,-116.75542176731803,-119.42634180848776,-117.20431351663386,-117.01164625729642,-116.8576824827783,-118.01586817483006,-116.02043878200303,-116.39545651282582,-117.65522377687779,-118.79884207689685,-117.92344670237577,-117.00644127255464,-117.47730222469451,-117.04884846185655,-118.01160156384292,-117.88216014284666,-116.48162401820318,point1,-117.2187908836588,-117.05145319614832,-120.00674683500446,1.0312395362411588,-0.5162942894823273,1.1759073737712078
HDOK,PLOK,17472,32,32,-128,-12,11,2,33,-116.34871831971047,-118.83445249838763,-117.72167490095343,-116.65478913502172,-116.91888671111963,-115.63542340803384,-116.37283244755004,-117.61285457936233,-116.11771418607007,-116.48920300131316,-116.76846990880136,-117.67667133348128,-117.64753974588933,-115.69388801893597,-119.08646379784021,-116.29462068707197,-115.54653639821343,-117.46168051615015,-117.35307029449545,-116.25503079718938,-116.64370773415801,-117.75429018046621,-117.07533530480784,-116.83581230013462,-117.69723145852873,-116.81009860661906,-118.6517333807169,-117.17013635128737,-118.262936777456,-118.19067396210424,-118.93197954077897,-117.46948570648338,-115.3994220945009,point1,-117.13282921465556,-117.07533530480784,-119.08646379784021,0.9561342766205191,-0.20638761767952232,-0.5848910956566025
HDOK,PLOK,17472,32,32,-128,-12,11,2,33,-117.27133309151755,-119.0327263301124,-117.81205885662351,-116.82679987583676,-116.7978266337471,-116.36801388904804,-119.50102621339477,-117.62452439192808,-117.98483798363904,-116.681288466661,-117.57402934445932,-118.02811715474589,-116.12892618965259,-117.75163541122424,-117.89754845903445,-117.96794677274953,-118.25694107441463,-117.61295779651176,-116.82038188687214,-117.16489649570705,-118.08949056504102,-116.69716143321901,-116.86683278774163,-117.69492741064259,-117.52150656910858,-116.72814536164186,-118.25211099495746,-118.41811334802964,-117.2042075434386,-117.12079064316255,-117.29502531824684,-115.96759320542324,-117.21584547059396,point1,-117.45986566573114,-117.52150656910858,-119.50102621339477,0.5909372644298237,-0.4022237859247131,0.42983950618509237
HDOK,PLOK,17472,32,32,-128,-12,11,2,33,-116.65527296033784,-119.16650522416046,-117.94338647526467,-115.73306375851963,-117.48977317436858,-115.56161105649501,-115.76096585246967,-115.96030468699884,-117.67108700020403,-117.05650605095205,-117.53884272844199,-116.90399064605145,-115.82072297753513,-116.49055818426021,-115.7930300504367,-117.61683991513156,-115.80300844615033,-118.46494659947393,-116.27539335101685,-117.5382928285959,-116.29874963314963,-116.35462519538332,-115.01527373341236,-115.88539480948937,-117.34910393742126,-119.59163367191665,-114.91746934301867,-116.2992407410438,-117.55817977806106,-117.27645219827082,-116.15619815765402,-117.4809483419471,-117.7379561366237,point1,-116.82319174679566,-116.65527296033784,-119.59163367191665,1.1959826768177804,-0.5075280618991208,0.03793957923441216
HDOK,PLOK,17472,32,32,-128,-12,11,2,33,-117.75070550639023,-118.58132991707025,-117.4203693750063,-116.72035927705981,-117.42973500396218,-118.8992216727994,-118.17420320512794,-115.36658241211073,-116.69804875027424,-115.38393558924284,-116.05022338730718,-118.63044706692109,-116.64679416295408,-117.90224522634321,-117.56488833555125,-118.28389614346918,-117.49396038515414,-116.20042039751664,-116.54052781597616,-117.55426030586848,-117.26732019322073,-117.16174614608624,-117.66191233140955,-118.05017663463482,-116.8363826500151,-118.03611853496852,-115.15299267102124,-117.58079816134216,-115.77538513767236,-116.64242276523505,-118.53854140217415,-119.28233527897899,-118.08772161141367,point1,-117.31412143800841,-117.49396038515414,-119.28233527897899,1.0711258795927814,0.35541254551228946,-0.4436451120238405
HDOK,PLOK,17472,32,32,-128,-12,11,2,33,-117.79716452596256,-116.66858717673841,-117.33148572300543,-118.0588073721876,-117.45226529100634,-116.4834097907892,-115.8660962928657,-116.18337823689146,-117.06772498783013,-115.82999875833983,-117.19401259715498,-118.33579706928005,-116.89938921675052,-118.63968120411114,-118.0982644677282,-115.9066786689917,-119.18074481256917,-117.86327079582028,-117.57609610043318,-116.53159703124668,-115.97927578137595,-116.73425449286967,-115.30102460988725,-118.5315292092755,-118.10449375301432,-115.12317018758354,-114.64296602548941,-117.97261374795552,-117.30936406142247,-116.87140701935937,-118.43557093896611,-117.92013428856337,-115.83268110752229,point1,-117.08251319221174,-117.19401259715498,-119.18074481256917,1.227104221268622,0.2742896934153328,-0.6657683777870824
HDOK,PLOK,17472,32,32,-128,-12,11,2,33,-116.64753845364334,-117.99131313068331,-116.82934336329285,-118.54553738777653,-117.9926893686392,-115.94708700024127,-118.12533439377832,-116.01800817777475,-116.25703842546196,-117.16174936173495,-115.66954685180669,-116.06520308428365,-116.98039033519365,-116.20327603996104,-116.40707248613387,-116.81355099004638,-117.17599262197604,-116.6737189181397,-118.60898294799172,-116.73714135458937,-118.1044772805484,-117.01638179460954,-117.50156989243204,-117.63442000194998,-116.64089066442244,-119.01895462572391,-116.31392469801497,-119.40684044140438,-116.44880070138251,-115.8382432774747,-116.7012819781193,-117.52888367446204,-116.70941986322232,point1,-117.082260714755,-116.81355099004638,-119.40684044140438,0.8822703388839533,-0.7442183860322844,-0.1411226367771965
HDOK,PLOK,17472,32,32,-128,-12,11,2,33,-115.95227145034028,-117.99439892570764,-117.34121626044492,-116.72075503979801,-115.52443582568175,-118.1397737595307,-116.13259890453013,-115.78804832730985,-117.46025736883492,-117.18936466638485,-116.4758243765269,-116.86592548774655,-118.77112586718496,-118.76922101301619,-116.98084371390306,-117.94416721245899,-117.86683865600413,-115.09473243967848,-117.19145425286456,-117.39377413072143,-117.94185586508492,-117.02456361283782,-116.91908145096389,-118.48826209304724,-116.07391464673653,-117.5409529236604,-117.33895170234479,-115.38363820916604,-120.38017654425215,-116.82662196538142,-117.40769755866759,-116.10673492093878,-118.38640018088823,point1,-117.19442058644358,-117.19145425286456,-120.38017654425215,1.222196003818933,-0.4128854689609738,0.7570050348321096
HDOK,PLOK,17472,32,32,-128,-12,11,2,33,-115.94527985507577,-117.28694258638457,-116.60573310230664,-117.69128286119025,-116.72831239448645,-115.1753250200581,-120.38478067437654,-116.67769239534776,-117.57364604194204,-115.58696864492481,-117.32071655274193,-118.29808147599502,-117.73109246714638,-119.22070220677598,-118.59299885773943,-119.06724229340065,-116.94366331061381,-116.7573192421252,-117.27771377275005,-115.5042730264361,-118.53628465658961,-116.59717520504162,-117.8772464122338,-117.84841315988002,-116.7661378367281,-118.21243181434055,-116.4373701020704,-118.96067362087423,-118.17879263306133,-117.50436284545678,-116.82796253016808,-117.60234459883372,-117.76342205016526,point1,-117.4388601287049,-117.50436284545678,-120.38478067437654,1.2581760990042818,-0.25170858887775505,0.33604768600878865
HDOK,PLOK,17472,32,32,-128,-12,11,2,33,-117.92192705881995,-117.75154230568295,-117.30799086568247,-115.52103015694777,-116.64337263291534,-118.61726202944838,-116.44551125696434,-117.2318058956965,-115.55452396509338,-117.46366982492648,-115.88389577164399,-116.31979554127611,-117.7434991326047,-116.5361447248496,-116.04643029071633,-116.85834402556956,-116.72452717541637,-118.08003769015971,-117.23768172071843,-116.51287727847019,-116.1946815379654,-119.11161685472753,-115.04747846713113,-120.01667366623592,-117.03782384096833,-117.1106823670489,-117.04648542925831,-118.21248455606661,-117.19709517151519,-116.40986166798756,-117.58883302245798,-118.05751030791842,-116.84757716788602,point1,-117.09941434547785,-117.04648542925831,-120.01667366623592,1.0637103041709968,-0.5603231649828406,0.8670401984068534
HDOK,PLOK,17472,32,32,-128,-12,11,2,33,-115.5089909984149,-117.76367690803967,-118.53712742367233,-116.91607434405826,-117.75737350821068,-116.29736646581107,-115.20164225227501,-116.8827488668063,-116.46632293369666,-118.88813769797514,-115.96469361435477,-117.29500822569125,-118.23846374837584,-118.66091530300572,-115.39904195632026,-116.47828638311424,-117.93822046413074,-117.37144640809117,-117.34500121058437,-116.85730610509816,-117.66003148537298,-116.41416862005129,-118.45099370638644,-115.61230335153543,-115.73179765184925,-118.2844497877253,-115.97057230766956,-115.79569147395769,-116.69379507475225,-117.22862531432077,-118.66253762265096,-118.00788588687082,-116.31649038235138,point1,-117.04839962070368,-116.91607434405826,-118.88813769797514,1.141795728869843,-0.031184545498330267,-1.1717749575700944
HDOK,PLOK,17472,32,32,-128,-12,11,2,33,-115.90549778877396,-117.69639265290117,-117.35098906547908,-115.63466401632961,-114.87031606512622,-114.43281834141217,-116.29820778122327,-115.07082894146205,-117.17499987325746,-117.53246120595949,-116.03450234285495,-115.3255694976073,-117.40484867751272,-116.33657084116648,-115.46925249101795,-117.17316538382872,-117.22967338651023,-117.20786666701714,-118.15592467056113,-118.18189882852965,-117.29246505630353,-116.99821664771602,-117.0170368056287,-116.29674006929339,-118.17267494709479,-115.48258337026371,-116.71821297414742,-118.80041784174246,-117.38250250037724,-115.45846147457051,-116.0472428075521,-116.39049945803994,-120.02399581841802,point1,-116.74446964514178,-116.99821664771602,-120.02399581841802,1.4314361821550001,-0.36574076841118547,0.3516248363154135
HDOK,PLOK,17472,32,32,-128,-12,11,2,33,-118.21146345122354,-117.45139463462546,-116.7837726873395,-118.61673511728742,-116.8273428876749,-117.72587748031962,-116.79426636230211,-116.80744206572194,-116.9089923474834,-116.60543198483835,-116.62398089050708,-116.33951911198949,-116.99481262273629,-116.66286404194479,-118.39071870201337,-119.62647733172022,-116.7860635007309,-116.83648074778235,-117.93866387409412,-116.82790210864584,-115.97750616969343,-117.09830724154138,-117.4489570480516,-116.00619702730472,-120.10445588830136,-117.494016047432,-116.89371308086535,-116.55298062043758,-119.15718336195621,-119.32033560919999,-117.40210910754215,-115.9605840131029,-118.3282560917669,point1,-117.37893343206595,-116.9089923474834,-120.10445588830136,1.0994398172859194,-1.002667710922826,0.35153942050560083
HDOK,PLOK,17472,32,32,-128,-12,11,2,33,-116.81056125800019,-117.24914768440216,-118.80460984599861,-118.58262598958623,-116.39139106540568,-117.54774792300391,-117.47589116462284,-116.74806019678238,-117.15370686925442,-116.92374858116378,-116.24064122654562,-116.00796645855242,-118.63130023311776,-117.32792414936657,-117.44735121968816,-117.37154975916623,-116.40282289917428,-116.59640071691791,-117.30071022642733,-117.79366640480694,-118.8803780898599,-118.38950075915487,-116.07254262262505,-117.54433080940727,-116.03996912595012,-117.58500467207463,-116.48085149020656,-118.20566247647729,-115.94969610044623,-118.15031994482705,-117.59055435152273,-118.36263498397959,-117.27109468197767,point1,-117.31304133274219,-117.32792414936657,-118.8803780898599,0.7223681751000491,-0.13338852832064577,-0.9002268454288855
HDOK,PLOK,17472,32,32,-128,-12,11,2,33,-117.30718434554421,-118.35232738902914,-117.49356456301688,-116.95803443820516,-117.5219331996648,-115.61147926118998,-117.67972727007366,-118.4005696194057,-116.59417429851247,-117.43502979716648,-115.12804735256698,-116.87147454654404,-117.36959624444992,-116.88915124708367,-116.94965677325388,-117.1113203684885,-116.61965787412082,-118.7954897494938,-117.04454098021289,-116.41711539566788,-118.73015819215422,-116.79006572691313,-118.50659493267653,-117.20392701130055,-117.59589572923177,-115.94038332937512,-117.81632851108823,-115.68962326454967,-116.88269646744104,-116.34362261970645,-117.82149513862032,-118.37527472397124,-114.80787348643601,point1,-117.12284890445925,-117.1113203684885,-118.7954897494938,0.9415067330123886,0.3850124442043106,0.015509721603485183
HDOK,PLOK,17472,32,32,-128,-12,11,2,33,-116.12596348609537,-116.96741694167336,-116.66919531597267,-115.16179037386893,-118.02439601227493,-116.11926149578491,-116.19763296789968,-118.51629714086789,-115.36982054730372,-118.10204421101092,-117.07267918083397,-118.06435555605997,-116.38635280263686,-116.0300927195458,-118.23144869230211,-118.00268432349932,-118.15915600558442,-117.14267406961041,-115.98115975732533,-116.61629766785894,-116.57573827724273,-117.31093582272578,-116.74010678086682,-117.87550753600034,-117.32970026922031,-117.33524345946243,-117.10497500888489,-115.02778843645937,-117.7202678208346,-118.76812855136235,-118.62600826361525,-115.91381519097354,-117.18926997546879,point1,-117.04418802003417,-117.10497500888489,-118.76812855136235,1.0028063993792784,0.1776608566532613,-0.7897375431498044
HDOK,PLOK,17472,32,32,-128,-12,11,2,33,-115.73377684181189,-118.62093371756349,-116.85600337815684,-116.81801395900617,-117.01003250304755,-116.32828285706485,-116.96670103388846,-116.78296827940818,-115.08668301729374,-117.46702385135596,-116.84479425915023,-117.46964931285795,-117.31631733527024,-117.26785322378291,-118.13504565381221,-117.45335876381611,-118.245140432507,-117.15308640539847,-116.88336531664883,-118.13949825493226,-116.42385054916625,-117.69869091198726,-117.28556983712583,-117.11862881563871,-116.63367739712923,-118.27895697416805,-116.67092683439402,-115.76624188050471,-115.98974437043378,-116.53055570804884,-118.48803302027895,-116.07237290456119,-117.62904861571727,point1,-117.06560079442205,-117.01003250304755,-118.62093371756349,0.6771131122510747,0.13508991304235346,-0.10985480742054143
HDOK,PLOK,17472,32,32,-128,-12,11,2,33,-117.25304557714642,-117.3775718163036,-117.44571070854708,-117.74936541182936,-116.1110696488518,-117.61201447924651,-117.63865648082603,-117.10801448608666,-115.64812110809568,-117.41251357270446,-116.7442795623425,-117.39002824601455,-116.37342762218411,-116.97652836234259,-116.05245234701022,-116.29276773080464,-116.6496932577656,-116.31032661448663,-115.40126663358903,-117.5706747573225,-116.25993201951836,-115.60166000205197,-115.88543480404263,-116.09688905483844,-117.46895181797605,-118.169464346283,-115.18540116326406,-118.0464727271314,-117.08667592867536,-116.25227731047218,-117.57432886121771,-118.87653261807117,-117.12051798838985,point1,-116.8709717292555,-117.08667592867536,-118.87653261807117,0.741116197763259,0.008941670439849196,-0.5041471740491303
HDOK,PLOK,17472,32,32,-128,-12,11,2,33,-116.19501534986696,-116.32473623069305,-116.30002338441385,-117.36422703373806,-117.2662378769305,-116.08169395682673,-116.49511654530615,-115.36097366816828,-116.18067935180015,-115.53568218600104,-115.88552283796315,-117.54008376372062,-118.55468754006708,-117.99713714332005,-117.35639950370836,-118.29936018067536,-116.65490300822485,-117.60573383248132,-117.95067927965522,-117.32894841907775,-117.07771941454442,-116.69798861332468,-116.06953162127887,-116.70763102953939,-117.56711593775292,-116.36545322319837,-118.34425452065956,-118.5354239346977,-116.90807786265675,-117.19406248047659,-117.22009776504022,-117.19318763704578,-118.59756839799391,point1,-117.05321071305596,-117.19318763704578,-118.59756839799391,0.7631525992773593,-0.09200288897394587,-0.760754864895175
HDOK,PLOK,17472,32,32,-128,-12,11,2,33,-114.40091726567827,-118.58838199108985,-119.58058941779282,-115.4254631019826,-115.03059016506933,-117.92156974220799,-118.4124037246108,-118.00567135415729,-115.29690850577225,-116.4671128431668,-119.40616977687364,-117.11224178400896,-114.69229063824652,-116.99867826635919,-118.73231972924468,-118.45596738133382,-119.31874800980785,-117.31689978473554,-117.23976098619991,-116.58062101655884,-117.67870414370917,-116.66392919491915,-113.96671269595879,-115.95709474964335,-117.1519050325561,-116.43710987921123,-117.8180622543185,-116.1721097890653,-117.48124073245225,-116.78723486296661,-118.72289119134896,-118.78601040460093,-118.1651843829995,point1,-117.17489378177717,-117.23976098619991,-119.58058941779282,2.1404321381383906,0.4029095192288012,-0.5264739675335299
HDOK,PLOK,17472,32,32,-128,-12,11,2,33,-118.22182135160443,-118.13224818870131,-117.95086648725503,-117.66803089187336,-117.48552135365871,-116.61948660685104,-116.42693787941002,-117.25814571617428,-116.13683488862098,-119.92505219735125,-116.81172741422188,-118.19596749786288,-117.92214953504296,-118.37019933199413,-117.68484706472759,-117.29193423784183,-118.09029907445658,-118.95459326883606,-117.48315168710097,-116.57358795859517,-117.0844284565699,-115.44911084448883,-117.59145664009135,-118.86056330035083,-117.35806381286028,-118.59627486524772,-115.99274820053564,-115.33873722708263,-118.43685067005094,-117.80794735323494,-116.59678199302658,-117.23536303087465,-117.84149986441355,point1,-117.49676451184875,-117.59145664009135,-119.92505219735125,0.986317421328546,0.13554554730440324,0.26163361642166993
HDOK,PLOK,17472,32,32,-128,-12,11,2,33,-116.98051853259702,-116.73647859088479,-116.47630236141752,-115.77180074847831,-115.1316321514246,-118.45902421524377,-117.708494820492,-116.31848094212205,-117.39721950306537,-116.93310636028741,-117.15349078662896,-116.73892897276858,-117.21444484909411,-115.61172099502059,-117.4294171422817,-117.15595378128502,-118.34601630132198,-116.54126271034214,-118.904325288919,-117.46074771188722,-115.8470115066701,-116.1868081048292,-117.0801177622433,-116.56960624898092,-115.29448748671714,-118.5142465985102,-115.29618517832535,-115.96461476742004,-117.54609378583048,-115.80784472044604,-117.04546022191187,-116.32140600706774,-117.6394061400992,point1,-116.83583803923074,-116.93310636028741,-118.904325288919,0.9029107613199269,-0.18373409113452807,-0.42085991141371304
HDOK,PLOK,17472,32,32,-128,-12,11,2,33,-117.16655032931243,-119.20649881844368,-116.60744763992231,-116.88015706921114,-117.6293177706832,-116.90779595866492,-118.49318952967934,-115.77759048502398,-118.16666767598385,-116.81167843565471,-117.27371848867531,-118.58287942952911,-118.58812091376493,-116.9590153676159,-117.32071816908179,-118.12997295402087,-117.48338455870812,-117.10211772859142,-117.50801970437334,-116.75165073051417,-118.19342894715287,-118.14152681281428,-116.68539552278986,-118.23434501555316,-117.02411757484097,-118.61773614188793,-118.17556771878368,-118.59287439140388,-117.5665668266637,-117.68839625494053,-117.30583134468586,-116.65655864953752,-117.56123435971708,point1,-117.56939610055232,-117.50801970437334,-119.20649881844368,0.5802062205821735,-0.037812438418986044,-0.4446404138876501
HDOK,PLOK,17472,32,32,-128,-12,11,2,33,-117.72536059898943,-119.0060611544396,-116.08034235081848,-117.63589814586271,-116.75903346708326,-117.9813743245261,-117.78285090533325,-116.45354333966729,-116.79567994838912,-117.40680012919002,-117.179262698514,-117.61750559033683,-116.70877965019412,-117.2634274368104,-117.0722506667491,-114.83707057789618,-116.87096338862742,-117.54207602373656,-116.35961987043925,-115.98210081588262,-115.43282518979908,-115.90488448252967,-116.9062490124001,-115.64361717103095,-117.40604445177291,-118.31240454620522,-119.73758496053166,-117.38325804006256,-115.71823984381933,-118.89782608247927,-116.74322771200984,-117.10412305963564,-116.6514169332538,point1,-117.05762735057625,-117.0722506667491,-119.73758496053166,1.0701220816516437,-0.34429293561642743,0.5480604994942833
HDOK,PLOK,17472,32,32,-128,-12,11,2,33,-116.84560497925114,-118.56438852432692,-118.36348567128485,-116.15199569068258,-116.8487250707696,-117.53785119875646,-118.80429446234866,-117.01120159627159,-118.00577064973133,-117.7997817164845,-116.97649332858627,-115.45491080723504,-115.88841624216492,-118.69509052780866,-117.41499017917887,-116.82524874611632,-116.54327001761435,-117.941119785077,-117.39809165339261,-117.89781946024787,-117.7287088701473,-116.23458050298471,-117.19237421210477,-116.57900064049831,-115.80702572748129,-115.98944168376059,-117.17179183382773,-117.73876967689637,-116.44224562085861,-116.92567629315658,-116.6642728194321,-118.4120522290699,-117.93579564739949,point1,-117.20576624439234,-117.17179183382773,-118.80429446234866,0.7660404773031522,0.010195311751439465,-0.7860301055798464
HDOK,PLOK,17472,32,32,-128,-12,11,2,33,-117.33629316017138,-117.39900396909124,-117.05610600006943,-119.7882088695688,-117.33738082047417,-116.54398482243856,-117.20535530244737,-116.54744291230256,-116.74954008118402,-117.6402642614568,-117.64174701582729,-117.39121231151135,-117.7224889647285,-116.34595370030121,-118.29149380824249,-115.29528095212005,-115.2452026192106,-115.86713187542337,-117.56003054574265,-116.79559744853167,-116.01685745754604,-118.43205529216797,-117.84957358559116,-116.6102670231982,-118.22625849291478,-116.18338802022689,-116.837206865955,-117.76261759689056,-116.62669448260003,-117.57022133033679,-116.07648687850715,-114.9855665936069,-117.14843405732037,point1,-117.03288930659716,-117.14843405732037,-119.7882088695688,0.9675486939077358,-0.1708000021386306,0.8252846604058024
HDOK,PLOK,17472,32,32,-128,-12,11,2,33,-116.40896924277341,-117.56028974342276,-117.64783954736237,-119.05389588900026,-116.68653391435728,-115.489463053182,-116.95403275684326,-115.3986263230963,-117.01631661917718,-116.0091829676582,-118.97493041265824,-115.73144725082034,-116.70118350609361,-116.87034155966901,-117.6144995244883,-116.66701543766855,-115.4236091734541,-118.66609879108175,-116.74696389510487,-116.24656625792649,-118.24871760931661,-116.99869158177263,-118.89657138316294,-118.5148867051222,-116.93747793444861,-118.13269335241093,-114.73317149600616,-116.72564866212205,-117.52315780275998,-117.08473012720508,-117.36925770469081,-116.35903571042942,-117.03793043949958,point1,-117.04332655681169,-116.95403275684326,-119.05389588900026,1.1498803405973455,-0.08929212311250523,-0.32584620124575503
HDOK,PLOK,17472,32,32,-128,-12,11,2,33,-117.73897578820444,-118.5281605615857,-117.4793264333202,-117.53944574015938,-116.41563594496655,-118.30296621013812,-117.56767947973155,-116.99614693143106,-117.62923186445431,-115.68354752327792,-114.41767728202448,-118.41217562337904,-117.85547991187744,-117.45887483058308,-119.64916035624275,-116.71486112535662,-116.9163967358054,-115.80097637587843,-116.96442141340215,-114.6635678851027,-116.50559395937111,-117.08970171301735,-117.68724278860215,-117.38888498110437,-116.98800720457373,-118.16364005563055,-116.05850108668457,-117.2086585882923,-116.90372260450013,-118.37573757943751,-116.73337562396034,-116.9427546949166,-117.2266960486582,point1,-117.15173408926272,-117.2086585882923,-119.64916035624275,1.0887845319579073,0.504697085602524,1.325941235286765
HDOK,PLOK,17472,32,32,-128,-12,11,2,33,-115.43494164669788,-117.77130859164605,-117.78750977367436,-117.72981793103529,-117.29353690862663,-115.43960896983042,-116.94180194057135,-116.6260646997996,-117.32718298319901,-116.16296586810829,-117.229009115143,-116.37913806551232,-116.18843461745593,-116.25797983141955,-117.12508211124016,-115.938995924081,-117.06044401389825,-116.70999775448615,-118.26668333496377,-116.22897956405419,-117.16822013571444,-115.60787110608928,-116.74305225089223,-117.42451018143628,-117.31031965613151,-116.90014755649271,-118.15959648428509,-117.05897621545012,-118.71295536782957,-116.59128613430939,-116.02053976278141,-117.72516837807868,-116.05455633620288,point1,-116.89020252154957,-116.94180194057135,-118.71295536782957,0.6513245575227392,-0.11750141691478805,-0.4528151312495017
HDOK,PLOK,17472,32,32,-128,-12,11,2,33,-117.93556939581477,-119.17637423299088,-118.20745366262642,-116.60706082699204,-116.56196039239883,-117.44061016042531,-118.10023850434015,-117.0148852266701,-117.44328252304692,-117.05942865119606,-116.95928800182203,-117.47473243667432,-115.81049895477183,-117.47822511410658,-116.56228834501353,-117.59770189127336,-117.76293816731021,-117.55302219096887,-116.88289252983805,-117.70842843000847,-116.32852969027051,-116.2038882055911,-118.22267165801738,-115.17111166595981,-118.72158284938065,-117.23596003806331,-116.01231297779447,-116.79969563188173,-116.29452052972056,-118.14806831075174,-116.33654126569283,-117.33872436511541,-118.06559534756238,point1,-117.21866915679063,-117.33872436511541,-119.17637423299088,0.7494495822639085,0.07467202135368978,-0.06556435865338672
HDOK,PLOK,17472,32,32,-128,-12,11,2,33,-118.05424730141091,-117.6870013728671,-116.86247189381258,-117.86002420173809,-115.8829857064757,-117.6585282408329,-116.49215815419232,-117.50567539296286,-116.01812479016581,-115.83927691931652,-118.10462748498385,-116.78119343571754,-117.05780667892253,-116.62969385744232,-117.10417913140627,-115.23294792769818,-118.70039517282757,-118.00176495018476,-115.38975631772232,-116.63338764437886,-117.86146720762403,-117.02188270267709,-119.09752800176615,-117.54089287988211,-116.19760941360055,-118.16618327880514,-117.55241226654857,-120.1057789868742,-117.63627569969326,-118.28376971779014,-116.49475564174959,-116.24308733311256,-118.20393535518136,point1,-117.26975227455648,-117.50567539296286,-120.1057789868742,1.1312501173312515,-0.26126621817364537,0.23187377067882853
HDOK,PLOK,17472,32,32,-128,-12,11,2,33,-117.08350780452425,-116.788177871743,-116.50950123611034,-114.6666692478152,-116.7463092979157,-117.60247264136085,-115.81330926478448,-115.80078555504754,-117.57636539018839,-113.94550011971569,-116.92089263508927,-116.07187347839506,-116.08694750250407,-118.03391018230045,-118.03664376302018,-117.4707341374757,-116.5643928406901,-117.88077520427052,-118.51761882312168,-119.5341000471399,-116.71280637327898,-116.48757358483356,-116.95713420024187,-115.67798241626227,-116.66340257790095,-119.81514282504189,-118.12819123946555,-117.22784477865719,-116.28410371222293,-116.45482425225111,-118.51680996875783,-116.98452596117595,-117.20224968933522,point1,-116.99282056432234,-116.92089263508927,-119.81514282504189,1.4253684432481584,-0.0379609808711606,0.9766193298096533
HDOK,PLOK,17472,32,32,-128,-12,11,2,33,-118.72718753975137,-117.59369311214398,-117.11248303052928,-116.7186231444399,-116.91210263674293,-116.77047107827993,-117.43171499059557,-116.79942617826282,-116.52699165602291,-117.21243045062101,-116.7909861977216,-116.80528645731722,-117.72717314075078,-119.35367574259618,-118.63393675485182,-116.61120282858519,-116.45270065854541,-117.19526255240407,-116.48072090216903,-115.70114745743608,-118.52339553563199,-117.57876052059414,-116.82701704965517,-116.40598421734359,-117.57038057630355,-116.63016993487356,-115.1622915169819,-117.23791428759272,-118.55929724355646,-116.5802334271273,-117.48939261285362,-118.25869583635748,-115.43948732831915,point1,-117.1460677756654,-116.91210263674293,-119.35367574259618,0.8589600125762252,-0.298791263022876,0.24433977320681732
HDOK,PLOK,17472,32,32,-128,-12,11,2,33,-118.55456259689144,-117.51798503075533,-116.84795066807516,-116.65116298132158,-116.64361341510374,-117.14141585023307,-118.40720351275377,-116.56103004873454,-116.35713744856302,-117.9057625137887,-117.33930372364378,-119.0500535098162,-118.17337467982597,-117.24844907305392,-116.23897659654014,-118.60732167016062,-116.1981325583555,-117.51467801089811,-116.60649691219761,-115.24141291586815,-117.31244214643914,-116.47677475608316,-116.94460040074284,-116.78586337987109,-117.39139940760995,-118.28384850742893,-118.81925160168586,-117.87878609771613,-117.32070652680754,-116.21555053248085,-119.66182920874803,-115.77194819238547,-117.83547629229889,point1,-117.31831820505691,-117.31244214643914,-119.66182920874803,0.982647866491589,-0.2924810578816029,-0.23168113791087697
HDOK,PLOK,17472,32,32,-128,-12,11,2,33,-117.39524096179342,-116.59286040308123,-117.60970563374933,-116.69662140656067,-115.86283174688067,-117.73287383594088,-116.33614474934303,-117.81965612406427,-116.14233766951365,-116.58340105444327,-119.18725108980453,-117.07482050402746,-115.84347029061014,-116.98759586531641,-117.4047716309931,-117.9115850773087,-117.92657063280373,-119.29964099755266,-117.03866187258127,-118.05006032478963,-116.64652001707199,-116.45390696399839,-118.40197618860743,-117.57903409065345,-116.57297605351664,-118.87874538989416,-116.7619061936429,-117.48881806448993,-116.6789074165947,-117.61735437106651,-116.69150039221444,-115.64537964617362,-116.06826308470414,point1,-117.18125423466019,-117.03866187258127,-119.29964099755266,0.8466948207394164,-0.5469620549261043,-0.12161130769870532
HDOK,PLOK,17472,32,32,-128,-12,11,2,33,-116.55800824136935,-117.14877997142915,-120.38647327171167,-116.07098022069643,-118.6455515033636,-118.21267334446514,-119.13576719978937,-117.76960383395406,-117.36632716335716,-118.39454516083568,-117.67593080576232,-117.11872553197547,-118.59883000393951,-117.36225430762731,-116.93908145838448,-116.65055644367753,-116.58161344555299,-116.87914494686508,-117.14028628878648,-116.14658937587392,-117.96377765567075,-117.98305982812491,-116.78477192443238,-117.75472868778786,-117.82602849509476,-118.60008467213598,-118.18128927213239,-118.22781340652385,-118.4011078558153,-116.0620863045392,-116.34590005516074,-117.03578288050826,-118.96152565167507,point1,-117.60332361239448,-117.67593080576232,-120.38647327171167,0.9680652181557141,-0.5138518516493007,0.31873001795786715
HDOK,PLOK,17472,32,32,-128,-12,11,2,33,-117.60447054732036,-118.23594379427709,-116.20545809030033,-118.39491508364569,-118.05559513378718,-116.52516088298243,-116.68820769893667,-115.96229697900367,-118.37398155595781,-115.88367729352838,-117.87352214873043,-117.69212358300705,-117.31321614721288,-116.70590011539838,-117.1273724248594,-116.83321729431579,-117.08386976968892,-117.14469934333299,-115.631709840613,-116.92559610467441,-116.16924384105705,-117.72009290672501,-116.92853607854596,-116.56105812803813,-119.62918612017691,-114.50666183229346,-117.93903639620385,-116.4234400159193,-117.38904508599515,-117.63302383224998,-117.32170195059312,-114.93629486958875,-117.03179384861701,point1,-117.04394087083564,-117.08386976968892,-119.62918612017691,1.0332132682193822,0.1822985344518762,0.8699280427992382
HDOK,PLOK,17472,32,32,-128,-12,11,2,33,-117.16185383222447,-117.9214532355238,-117.00023365596842,-117.16930462995661,-116.43863115520857,-116.61580332365334,-115.5361592859505,-118.04417854804751,-117.57184571575922,-116.72161176202238,-116.26181079032698,-115.94586687153016,-118.38880585045375,-117.3330816692457,-117.26281634805248,-116.50483425153494,-118.26387625959958,-116.95679950276032,-118.99592582006163,-115.89498809943461,-116.28300232544049,-117.78041584997064,-116.55484703619425,-115.58643720799213,-117.36479061366688,-116.6176234535491,-116.92986880719882,-115.26634636019874,-117.06948299129022,-117.75697336412081,-117.15862150478135,-117.14263598087634,-117.36518689308191,point1,-116.99594281805085,-117.06948299129022,-118.99592582006163,0.7025401709906298,-0.06107006941266946,0.006690270121534336
HDOK,PLOK,17472,32,32,-128,-12,11,2,33,-117.3190345769465,-118.31716469311262,-118.72355727355553,-114.98572144457184,-117.60986170483764,-116.72266414818553,-115.03125890728579,-117.14652768999069,-117.34458056975632,-117.65137992539209,-117.35462351760714,-116.75955802812952,-117.61966507782176,-116.04045269914819,-117.60535716628947,-117.28253064844341,-117.83600602772924,-115.98174086979267,-118.70053046687207,-115.31782824234745,-117.66617342303265,-117.83739580680603,-115.26563292766056,-117.77276481399234,-117.9970504106919,-115.51289943142197,-116.69659828323026,-117.06293819328843,-115.73207745242036,-117.7258668007348,-117.86076089548207,-117.11894268484896,-117.98766629982447,point1,-117.07838821518938,-117.34458056975632,-118.72355727355553,1.056359841635732,0.672591886722438,-0.47504669529195276
HDOK,PLOK,17472,32,32,-128,-12,11,2,33,-118.19062822167817,-119.59670538714542,-115.84529002180017,-116.81758720682775,-117.42913840126882,-116.09512851055437,-116.32039572691656,-115.5349048145207,-116.97596728487581,-115.67042977664639,-118.12552191052117,-117.0839391407427,-117.6953272853957,-115.59391250346836,-118.54938679459332,-118.30627279487683,-118.75985113622892,-117.66278396966943,-117.04295547544932,-117.49615782228479,-116.52933620181551,-116.56880421191336,-116.04538822722685,-118.26248751793709,-114.34455605323988,-117.24266904361966,-118.75939444119652,-118.39668903628602,-115.70604935985777,-116.67587530537834,-117.61653690298063,-119.38672941389385,-119.58525686378202,point1,-117.27006232619974,-117.24266904361966,-119.59670538714542,1.6283116155600867,0.04407108364714962,-0.5188585091206703
HDOK,PLOK,17472,32,32,-128,-12,11,2,33,-117.50155753439442,-117.81842501116391,-116.23868848368738,-116.62828981812662,-117.99255746020965,-116.94516998433134,-116.60663247590247,-115.33016652783478,-118.55682399428666,-116.42833270097663,-117.0125662842658,-116.0217409767374,-117.99243806414209,-119.00549657209284,-117.97348366479068,-119.54043270352243,-117.8580914875196,-116.83794848435437,-116.17241742449508,-116.2668391814686,-117.31803627233836,-118.50289343416674,-116.72751693933614,-117.08899467283234,-116.77408921913755,-116.83526991037743,-115.57428592516621,-116.27379746406906,-115.7890343343368,-118.51977333098787,-117.377189701066,-117.4009556367967,-117.96806255517212,point1,-117.17812115848749,-117.0125662842658,-119.54043270352243,0.9915458633791111,-0.3320107440344003,-0.351630851006818
HDOK,PLOK,17472,32,32,-128,-12,11,2,33,-115.40161489488358,-117.6003355854601,-116.85917106714089,-115.57122200246027,-116.63799835609935,-118.05656183891142,-118.47124811403285,-118.48578969460915,-115.62717391687112,-116.75413277564168,-115.29957459740173,-117.36209447815777,-117.10937159212976,-117.99402204496693,-116.9295881305557,-117.73349229260683,-117.3921254530924,-115.61172370667813,-118.30759561381478,-115.04495576072561,-117.59037640092261,-117.4026107976584,-116.3092773352922,-118.89154567967266,-117.87810259446103,-117.72124240794263,-114.83216512762355,-118.3877547669793,-119.7182558735371,-118.07572099031493,-116.2701808069517,-117.48216079754594,-118.58761429633111,point1,-117.19384241792345,-117.4026107976584,-119.7182558735371,1.4482969475755427,0.28920451253710566,-0.5979987152924968
HDOK,PLOK,17472,32,32,-128,-12,11,2,33,-118.7584379765579,-120.34258171996616,-118.1345738121169,-115.07936216017039,-117.06866474029508,-117.57865347082182,-116.73569348053992,-117.55367742408833,-117.49723534713148,-117.51827659017792,-118.96606166854957,-117.3718013812609,-115.96758084712316,-119.37222512312395,-117.60817946915462,-115.48024748982549,-117.83836021997276,-117.98654376444289,-117.4890990759566,-118.05874610904314,-118.28258662149209,-117.38462522860189,-117.04672865854101,-117.17276494885994,-118.76800800749191,-117.43449081929755,-119.03591608555243,-116.89731596207699,-117.0792896569236,-116.32395164307307,-116.88747710520265,-115.10293256427221,-117.49489600335119,point1,-117.49445409621381,-117.49489600335119,-120.34258171996616,1.2858357084391632,0.010786616728994888,0.6783612680907445
HDOK,PLOK,17472,32,32,-128,-12,11,2,33,-117.83091488247307,-119.49796145756449,-117.2319782010823,-116.9658341518118,-119.16824312892611,-116.70203838087153,-114.59883002193608,-115.57268216023608,-116.92425018686122,-116.66952904998324,-117.507462057425,-116.7904622654768,-117.63119117640598,-116.50869798655597,-117.5148796306775,-117.3744039050419,-118.08158469051048,-116.66022902315136,-116.57815995215509,-114.94014934664905,-118.6552781858389,-117.08880623173893,-116.7412726415826,-116.66160253663261,-115.9114571807071,-114.59422239321124,-117.77800940403645,-117.66649097562863,-117.6233452342363,-118.07728923775389,-117.20631328976611,-116.69683963571656,-116.9326027031921,point1,-117.0419094335102,-116.9658341518118,-119.49796145756449,1.1917396964598739,0.2694365756491759,0.8068044715505445
HDOK,PLOK,17472,32,32,-128,-12,11,2,33,-118.28866770126328,-119.33288957574824,-118.2206475573827,-119.21463373380325,-117.74375721261585,-118.96878836650318,-115.32694657674162,-115.15562586544613,-116.83458001326525,-116.55860753935139,-116.05632049854773,-117.94370092975737,-118.06363668570836,-118.17192541733793,-120.42668071308366,-117.62183139010565,-117.85381757046142,-116.45395781291722,-115.69763108273243,-116.04920483325049,-116.50015605752976,-117.65376300789146,-116.11017577841659,-116.8084371524366,-117.11614215952297,-117.89185926645159,-117.22399473979367,-119.3773984814151,-116.87221347195033,-116.47070976343235,-117.59419472438385,-116.22306732915465,-117.09845218490418,point1,-117.36134591494869,-117.22399473979367,-120.42668071308366,1.4958420268416261,-0.40488681115120834,-0.10902544580250817
HDOK,PLOK,17472,32,32,-128,-12,11,2,33,-116.32917767883127,-119.14990865651968,-117.92038255471802,-117.05768749028115,-118.92012102016822,-118.19357594106802,-115.69019900347395,-116.35732817474653,-116.46552807141374,-114.83777371562616,-117.44613943854571,-116.39568180649484,-116.01232617624154,-115.45090266926155,-117.3614593611509,-117.27688719759239,-119.03206147669124,-117.56150098242881,-118.38006409955976,-117.14555665503613,-116.59360210064372,-117.36262934717271,-115.77377296160867,-119.9555802718685,-117.87459698280442,-117.08806129423904,-115.69603523816986,-117.75237029933712,-117.21694244170777,-117.61145086601685,-117.67612745897839,-117.77404703693094,-117.6697950975221,point1,-117.24331132020758,-117.3614593611509,-119.9555802718685,1.2784137570404028,-0.1264055346575876,0.02135224597824914
HDOK,PLOK,17472,32,32,-128,-12,11,2,33,-116.50336421359746,-117.70018274323864,-117.6460549652362,-116.31976850546245,-117.36701014100993,-116.30919393789151,-116.08317701149647,-117.06944231695257,-116.0631716612539,-117.26018176684987,-117.03756099531365,-117.8270631612943,-117.60773110864626,-116.8653024297593,-117.05091924472809,-115.22189041305684,-116.86106726078971,-116.06300135037705,-116.34961782481103,-116.95398611411119,-117.56374805218505,-116.42786061870858,-117.62484358347791,-117.25944559601145,-116.70304360882272,-117.30990328797738,-115.69199868919601,-116.3605797649759,-116.24034987529988,-117.2281104306493,-117.16417668567277,-115.91627148031004,-115.84816899881767,point1,-116.77267235872668,-116.8653024297593,-117.8270631612943,0.4375131037989424,0.3123035948980135,-0.7533206162827146
HDOK,PLOK,17472,32,32,-128,-12,11,2,33,-117.89773070556465,-116.5329550664022,-118.55282111373579,-117.09857015177221,-114.95953539230716,-116.62690630292384,-116.96261082782684,-117.37989409521424,-116.66788711918537,-116.18885665587574,-115.59544863453522,-116.80343500617609,-116.0104652130962,-114.66389210161161,-115.54835222966469,-118.01681597213926,-117.58378716731949,-116.82396196207779,-115.20349092075871,-116.83520810276997,-118.54767527259963,-117.86665034663437,-116.84020071745569,-116.4898736802488,-116.67865871568026,-116.78724685155339,-116.63823674703497,-117.90081913396035,-117.04394791735668,-118.81542227497238,-117.29953130186861,-117.4589570828121,-117.76691685209231,point1,-116.91172004955232,-116.83520810276997,-118.81542227497238,0.9796760689555468,0.2884326741495206,-0.026640471156095025
HDOK,PLOK,17472,32,32,-128,-12,11,2,33,-118.484370395579,-117.05969221368689,-117.53088759473341,-116.22564983205572,-116.88277880608042,-117.80451852380453,-115.34405272344348,-116.7344032140755,-115.30230903609639,-117.02552593487816,-117.11111693821546,-116.30266284931372,-118.72366492673567,-115.97051315085618,-117.34355279158135,-117.98144758433057,-118.7476534036398,-116.90575485252201,-117.16080715188791,-116.54719030873194,-116.51355219755695,-118.66669260709736,-116.96762169339206,-118.53634217677386,-117.79011635643688,-116.65464768570665,-117.2551181303981,-118.6359735264029,-118.41424655678493,-116.38203159012393,-117.17909249034922,-115.68987476720554,-118.14742910228533,point1,-117.21276639735643,-117.11111693821546,-118.7476534036398,0.9443582996481249,0.048876629627005425,-0.7409893306559541
HDOK,PLOK,17472,32,32,-128,-12,11,2,33,-115.00917344574479,-118.48956456533683,-118.289380412746,-116.7191760418401,-114.65154597466176,-116.3132329238785,-114.69125961913404,-114.29534516437663,-115.9192109478552,-116.33959660629213,-117.68070229415572,-117.49985435124341,-116.2263714632413,-115.53830753552342,-116.7766793725678,-116.17559389951646,-115.94113256251994,-116.18050744285041,-117.82990471011587,-116.82599329256882,-117.28341754266748,-116.45529903362754,-117.53573806289607,-115.76673345857178,-119.24858889865621,-115.81841751400415,-117.94519846587583,-117.52927336017704,-117.67773097501428,-117.99349832756042,-117.3488081798621,-116.94891775843891,-117.2928602743493,point1,-116.73445498417786,-116.7766793725678,-119.24858889865621,1.3330279512787782,0.17332094364215064,-0.31542565551756985
HDOK,PLOK,17472,32,32,-128,-12,11,2,33,-116.02498113441757,-117.91885492657316,-119.34062737085236,-117.09594447529652,-115.92051340278198,-116.66676757918287,-117.01761925188288,-116.71322869251547,-118.45238901169972,-116.51692990906666,-116.36246381614339,-117.82888378374903,-117.06092718274932,-117.31901707846734,-116.42634476135599,-116.77088481949968,-116.86448745589111,-117.13607836118422,-116.81114075200801,-116.1848315352888,-116.73996983341927,-117.77253716835602,-117.29078630277289,-117.61931919513685,-115.8678830106246,-117.39179093136656,-118.26831003871956,-117.9254161155774,-117.568365963636,-117.59479585375489,-117.10419559101457,-116.78056349520828,-116.30512807666179,point1,-117.11096899626833,-117.06092718274932,-119.34062737085236,0.580212969580148,-0.6955007989181224,0.8002644115468001
HDOK,PLOK,17472,32,32,-128,-12,11,2,33,-119.71546034120877,-118.28365485844013,-117.48475741827582,-117.45672689138344,-117.31988435394265,-117.1571613383255,-115.91109434851755,-117.06656152476734,-118.6437856053264,-115.51568282950358,-116.54415233504771,-116.51473406991873,-117.48218893676658,-117.17158949106204,-116.80010995622733,-118.16829956218032,-117.91290624260301,-117.58189232119209,-116.85094896073902,-117.49184219515917,-117.50361032215642,-116.63073869812303,-117.16839459193297,-117.9395136620228,-118.03637631243596,-118.40401026984173,-115.08762762949323,-117.89810591720045,-116.30175018867584,-116.00863515819363,-118.37910396000619,-116.37391403971623,-117.2949031169042,point1,-117.27576113476634,-117.31988435394265,-119.71546034120877,0.8904725804526913,0.02110047920311857,0.5225465351383507
HDOK,PLOK,17472,32,32,-128,-12,11,2,33,-116.41167123577233,-117.64837938393002,-117.8426504601625,-118.4087957585954,-116.94934499190846,-114.91191256372255,-116.25965671501615,-115.86697741866413,-116.53362701252017,-115.47140445921784,-118.91386538988962,-117.59957191995585,-116.25077578566076,-117.46499405914838,-116.91691303738854,-119.01244091085962,-118.44456479057037,-118.2012066009395,-117.76734407168408,-117.61448989584315,-116.13866708523759,-117.88383020046646,-116.23117716432073,-118.20095491131997,-116.85981892766641,-116.68510448901245,-116.40103699297738,-117.5351125674582,-117.05146551443859,-117.96441587380153,-115.73997105855668,-117.42255901035607,-115.28409213968581,point1,-117.08753916353781,-117.05146551443859,-119.01244091085962,1.0688946937644905,0.13854469754898474,-0.6843140061444286
HDOK,PLOK,17472,32,32,-128,-12,11,2,33,-113.96636913653154,-117.5238898174327,-118.57177447536532,-116.95430010127774,-117.57004718065018,-115.57645088868738,-116.55285221570377,-116.44536963579328,-116.6095882036674,-115.64015520971662,-116.6009567981864,-115.81219597924516,-116.48825682021759,-116.74774799020304,-116.76203113658437,-117.30798466266177,-119.0637901469616,-115.63043845117127,-118.5507237832476,-119.11569774458435,-116.02705238467522,-115.02309210715097,-116.45407073551294,-116.8742078498468,-114.97324463587128,-116.27719251015264,-116.5652506162901,-116.69281938031884,-116.95329511038233,-117.39074317986807,-115.79581608432184,-116.02759964793886,-116.94222800885461,point1,-116.65112826148709,-116.6009567981864,-119.11569774458435,1.227062165790518,-0.27275785234102146,0.7215218265578964
HDOK,PLOK,17472,32,32,-128,-12,11,2,33,-117.15682178474346,-117.83231589899135,-117.51766075500298,-115.96740861620917,-118.02914731340805,-118.70708641638078,-116.36795766837018,-117.98129484413757,-116.34198941905254,-114.73067371138626,-117.0796601520788,-117.49171215012403,-117.9879811104764,-115.74415807758355,-118.1530623484763,-116.82870049131616,-116.55819482257303,-116.42327381260513,-118.79066719677455,-118.16757423974263,-118.542495090775,-116.36283076068433,-115.38319572566026,-116.69138229438144,-116.53206872122509,-118.0785923092576,-115.1688957110065,-117.71667221046108,-117.3931362387179,-117.94001666052573,-117.75142379190275,-115.17782316763655,-116.9915176230218,point1,-117.07840579196025,-117.15682178474346,-118.79066719677455,1.1421726141305364,0.4421201542680801,-0.6315272217557899
HDOK,PLOK,17472,32,32,-128,-12,11,2,33,-116.02851934767945,-117.77148752773795,-118.45858503224457,-116.34763842240625,-115.67837179577322,-117.33097349491022,-115.39715108307219,-114.9580377918985,-116.35829680580756,-118.19315639885089,-117.32992158043196,-116.1971979914074,-117.86878416076749,-116.58332888638307,-116.89016967660612,-117.44081322177959,-119.20038273321558,-117.36514581460882,-115.32898167696081,-117.48184306976907,-118.39338680310571,-117.02419609448668,-118.18481833750609,-117.4084402731159,-117.986624313802,-116.86379758042784,-116.93412047386323,-118.30707848366593,-117.6199877008503,-118.81107761679067,-119.08922779559511,-117.28194529642455,-117.20094035011672,point1,-117.2519523524867,-117.33097349491022,-119.20038273321558,1.1115697163414564,0.2728412665330848,-0.34181728728632166
HDOK,PLOK,17472,32,32,-128,-12,11,2,33,-117.66628156199654,-117.29353498739673,-116.44034566375787,-116.59152663650984,-117.5727642454255,-117.13795898860147,-116.12147589408367,-118.64670404368329,-115.52451747577167,-116.42531323662398,-116.03987812136744,-115.35017339023402,-117.69254484257837,-118.49110253878592,-117.36149322770191,-117.85076573543704,-117.28475943217322,-118.77059425169124,-116.97701404605117,-117.01104205021225,-119.15750054235511,-118.11942203512629,-116.7181373991712,-117.19597420731559,-116.63993807472504,-116.59554728890336,-116.62302933674376,-117.12846506328667,-117.46712355877544,-118.03239280388286,-117.2664058323729,-116.32782752226387,-117.92616877065232,point1,-117.19538553956535,-117.19597420731559,-119.15750054235511,0.7772247780654383,-0.1325937685477779,-0.11517770573627661
HDOK,PLOK,17472,32,32,-128,-12,11,2,33,-118.86934435463554,-117.5967262051269,-116.80774353909148,-116.40042048389242,-116.94393724144123,-118.80231987489675,-116.84843920483469,-116.19834970451826,-116.07051952796093,-115.64163177302295,-115.88764735146684,-114.5982947788334,-118.84065516109577,-116.89036331288672,-117.82015135691142,-118.12425988105872,-118.39757459310282,-115.45459569900454,-116.22783247837032,-115.10162081048794,-116.9574715184502,-118.38213878309024,-117.40247855575255,-117.81885647783112,-116.80763988065404,-118.00918678159978,-117.85679389122565,-116.91502923655918,-116.91578894514119,-117.27050717584356,-118.1490885772348,-117.01905920274284,-116.08589449846265,point1,-117.0640109350675,-116.94393724144123,-118.86934435463554,1.1636287307283348,0.213669941866358,-0.4717491919139998
HDOK,PLOK,17472,32,32,-128,-12,11,2,33,-117.76212559452227,-118.50433240731107,-116.02611755320407,-117.15980963376218,-116.91473990990913,-117.07816425982809,-118.08792822740853,-117.52773510601557,-118.14380672788886,-115.87881676887335,-117.5848160026313,-118.08542780551983,-117.76471105140385,-118.3865078220577,-118.09730519021305,-116.54837495718466,-117.68160101718402,-116.02634118278901,-117.2572612875357,-118.36589095185536,-117.66476924710959,-117.20335110765043,-118.08915024066326,-119.04152532106745,-115.85668056264997,-117.65742636942608,-115.64531753551677,-116.55159875460792,-114.44839031126142,-116.11542256197711,-117.51703696720584,-118.60042378475843,-117.75565079123731,point1,-117.30389566703727,-117.5848160026313,-119.04152532106745,1.0271723602668923,0.790926782234282,0.3742025542889542
HDOK,PLOK,17472,32,32,-128,-12,11,2,33,-115.97400555105607,-117.87709921648057,-117.4830993322537,-116.7138422736067,-117.1425016213645,-116.81656579945053,-118.43934787438867,-116.45967627342118,-117.42916521402097,-116.57976148685997,-117.66449024952504,-117.68264289381018,-117.48851510893286,-117.92061733924292,-116.1268434464974,-117.47794668364327,-118.15375637537625,-116.06209731213313,-117.28671353014587,-116.68160499256751,-117.38662787180812,-118.6595354482771,-117.98043038926194,-117.35761662511831,-117.70722898282452,-118.42434859171964,-117.1148678665347,-116.09734547797224,-115.39024230421069,-117.02998023951348,-117.90683734934541,-117.34155546935186,-117.92773304993038,point1,-117.26620128001956,-117.38662787180812,-118.6595354482771,0.5968982970515384,0.4581234375362958,-0.23329031959003954
HDOK,PLOK,17472,32,32,-128,-12,11,2,33,-116.58225527970373,-117.59452754824123,-118.86999843455499,-116.15593056647843,-115.09430131533544,-118.02108942079968,-116.55377714682722,-115.24494628094466,-118.21251490049997,-115.6835897507615,-116.68419136774882,-117.09459821522948,-116.34696094632237,-116.91662716557627,-117.30192802458795,-116.08958889634943,-116.6384409761814,-118.96545464314407,-117.28278980402196,-116.7458228442201,-117.28486663138933,-116.3624359065934,-114.65033896254089,-118.31523546045595,-117.55975731641131,-116.17954298181081,-116.1239730605706,-118.16501613732488,-117.65529847784872,-117.1954540069209,-116.93579181755148,-117.90236878241478,-117.16608668487066,point1,-116.95683332588582,-116.93579181755148,-118.96545464314407,1.0180655159316505,0.1323452752801269,-0.08600122514329911
HDOK,PLOK,17472,32,32,-128,-12,11,2,33,-118.45764604761823,-119.1853366857529,-118.15405338923827,-116.51207911186607,-116.77011859886656,-117.00077121973622,-115.78077787641351,-118.0290893029711,-116.19452648508899,-116.93557701906839,-115.74228989441508,-117.86496861002004,-117.175426989609,-118.92334992301872,-117.31488219904782,-115.18065697221415,-118.16901436753244,-116.51909292493632,-116.95156064652312,-116.70220649829558,-116.11052202676755,-116.59954883353622,-117.43635309754143,-116.65093242124844,-117.780257176519,-119.5084679322238,-116.41430135115469,-118.84843476901297,-117.41818434490517,-118.61647916671355,-115.48355417995727,-117.60242060732425,-117.49476965773904,point1,-117.25841364626896,-117.175426989609,-119.5084679322238,1.1604861373891888,-0.19011310120710015,-0.5623044392947043
HDOK,PLOK,17472,32,32,-128,-12,11,2,33,-114.92120627922219,-116.14871902354561,-118.5356612679339,-117.67857112598111,-115.59338529070483,-117.23996951827088,-115.39510385670346,-115.76118189377227,-115.4425891859088,-117.70371635674152,-116.49506110118125,-117.45679272265218,-119.25453334764264,-116.80785541435283,-116.93529898857525,-116.33377082642292,-116.90847621577404,-117.70829774255496,-117.69571965742162,-115.8576455380651,-116.46695329444287,-116.31268410882515,-116.42968216102007,-115.79065582351852,-116.53762304558839,-115.84263642225238,-117.72632081839915,-116.36225727415655,-116.22171875693255,-115.74242000243567,-115.28357470193028,-114.28979708413009,-117.97395656056935,point1,-116.57132834568571,-116.42968216102007,-119.25453334764264,1.141137620305496,-0.33865729906075587,0.051422475469495854
HDOK,PLOK,17472,32,32,-128,-12,11,2,33,-115.50807485459448,-117.32858811025757,-117.01938368473705,-119.28364782837761,-117.24821361852047,-117.64583630206798,-115.03887865924344,-117.9451429787587,-115.93945697235719,-117.88676200676638,-117.00257761053358,-118.54113633523522,-116.64193063000988,-118.17299737061929,-116.20826580254759,-115.60750897029324,-116.90648388673526,-117.75627428060012,-117.70123410596769,-117.39035703449929,-116.19148242966766,-117.84737931152947,-116.0460345309022,-118.78741673757906,-118.17285163095961,-116.82291580723415,-118.68536719012883,-116.69467542789786,-116.59452159117876,-117.33028786048253,-116.74312668554373,-116.55617336095617,-117.53458611278383,point1,-117.17513847635048,-117.24821361852047,-119.28364782837761,0.9689567920912174,0.03623690238525803,-0.31768639409552435
HDOK,PLOK,17472,32,32,-128,-12,11,2,33,-115.49347349344762,-118.83270655525952,-117.40815471892368,-118.12138535481836,-117.51343218843544,-117.19080853680731,-117.51865025770206,-117.15065001528632,-116.19609106039017,-117.12663447373714,-117.19530630176101,-117.49560380880726,-116.67181258058899,-116.00930027052516,-117.48898600867636,-117.28913522134053,-118.55167547792064,-118.37758316066694,-116.9229667105421,-116.9867620158245,-116.05201908471706,-117.09926409630198,-117.57724048856495,-117.71743399131032,-116.11928309271305,-116.35153526061124,-116.5932137271873,-116.15181129633002,-117.59868483418278,-117.37345057459976,-117.85822498664444,-116.81874237625696,-116.64003863207685,point1,-117.13612305008962,-117.19080853680731,-118.83270655525952,0.5738381544096013,-0.05128690836193561,-0.09287991370139848
HDOK,PLOK,17472,32,32,-128,-12,11,2,33,-116.4219745242799,-118.48508606261701,-117.03303809509566,-117.94948170428088,-115.85544950414027,-116.62517616322006,-117.94745822124936,-118.95200891863938,-115.66428343089999,-116.829667021727,-116.30350728247718,-116.01714626430835,-117.74585730294014,-117.13329045811525,-116.72355651192575,-117.75658744888226,-117.05104512637895,-116.74032906562681,-117.38097567680495,-115.95847907954482,-116.20450163597071,-117.51597971702773,-116.58213119139309,-117.03644030810065,-118.61377748105572,-116.11252904860025,-117.56523171552185,-116.60529488076892,-119.39790894277841,-117.96602004725806,-118.97395708432191,-118.65425606440026,-117.41974224684519,point1,-117.24915661294536,-117.05104512637895,-119.39790894277841,0.9628419219331028,-0.42504634447889506,-0.6588309024298162
HDOK,PLOK,17472,32,32,-128,-12,11,2,33,-116.38394114043533,-119.11912041917034,-118.64418465003604,-118.14560490210445,-115.62076555370705,-117.28143479241544,-116.3240862947207,-116.61577563684243,-117.67932053025471,-115.7514745765456,-117.67418376229661,-115.38155450822032,-116.80639953517245,-115.53379535065277,-119.26036615692419,-117.94316264182865,-116.41344157047078,-116.14847950113892,-116.3811602069672,-117.81940328756644,-115.88447768596535,-118.89974776381149,-118.64456163846938,-115.24726751449755,-116.83426391801972,-117.38291703923942,-116.2550268893278,-115.21589845600121,-119.18677583986695,-115.92936801240357,-116.8375325990351,-118.86294746140408,-116.89731669036851,point1,-117.06078050078426,-116.83426391801972,-119.26036615692419,1.5373246346013805,-0.3390286719436939,-1.0890130278722334
HDOK,PLOK,17472,33,33,-128,-12,11,2,33,-117.52277754904846,-116.69576804766486,-117.63804074034887,-118.36855776764348,-118.62958946703506,-116.82110338686226,-117.77259081111353,-116.767560722473,-115.78691417095327,-116.7803626649759,-115.96873130010673,-116.84609591877643,-117.80386961252282,-116.53306292930078,-118.83877449613728,-116.49129699198859,-116.0118515954846,-114.30161603711383,-117.0578666465153,-118.55613095214993,-117.22946619152053,-116.81746520608267,-118.3678014020444,-116.56942364751826,-117.18424373326641,-116.31325184633056,-116.63818043500972,-117.81832501557189,-117.12083450429752,-117.87123100261631,-116.48491844688716,-117.76550896802416,-117.86201941174458,point1,-117.12834035209485,-117.0578666465153,-118.83877449613728,0.8803331538049194,0.4807405286128203,1.068748532609351
HDOK,PLOK,17472,33,33,-128,-12,11,2,33,-117.37572510120182,-117.62616777690533,-116.50563354718923,-117.79755745600625,-116.93647478227379,-118.76107985833339,-118.91574649934877,-118.5842970450303,-117.58562067588186,-118.07802928245584,-119.7927899979599,-115.97213000893986,-115.51941630778738,-117.42010033637995,-118.51962158339379,-118.81596430572378,-118.31778412186038,-117.35634300610194,-117.2560824178822,-117.16097160845699,-117.37815251252967,-117.25353019910581,-117.01126044414463,-116.86144322280107,-117.82269824308214,-117.2864856314345,-119.26764621176147,-116.43398217998462,-116.68983732787181,-117.0777574812392,-117.4992030416176,-117.90748653130628,-116.6855925670964,point1,-117.55977610039659,-117.37815251252967,-119.7927899979599,0.8597753995335566,-0.2984050606506422,0.14825544255756684
HDOK,PLOK,17472,33,33,-128,-12,11,2,33,-116.6963230256209,-117.84298304619674,-117.46647505060339,-119.89597745809682,-115.74943238600162,-117.3962893953169,-116.40191587587286,-118.1359855648748,-117.97201642544876,-117.79856366365519,-118.22259630536361,-117.9789678386624,-117.15380986348326,-116.60016755990468,-119.49015670776622,-117.8985262037853,-117.93941262996277,-117.21071782662831,-116.04509734126364,-117.20628204934859,-116.4778797161305,-116.79728925900606,-116.61795310016275,-118.53017238461442,-116.02310471344603,-116.90780529381036,-117.51786307869801,-117.96500442531739,-117.3372367901345,-116.73659964773603,-116.8857309555309,-116.0771251143628,-117.93121082881639,point1,-117.36080822804918,-117.3372367901345,-119.89597745809682,0.8626442510039372,-0.6245138042338569,0.6867010158806175
HDOK,PLOK,17472,33,33,-128,-12,11,2,33,-118.11925825319841,-116.4317772623985,-119.48056657975349,-117.59481269338386,-116.17756571241165,-117.37521989575505,-119.2748798947077,-115.83107117098436,-117.47023239882179,-117.0316180220558,-116.64209130838091,-116.66502975937527,-116.61859593768189,-118.72961187810756,-117.95489286801585,-116.27555202745943,-116.71482023867075,-116.66909164169209,-116.52271517817498,-117.10117982411992,-115.68571955965774,-115.90092865462066,-116.5850009475198,-116.40773373885854,-118.44133990154201,-116.45247563727311,-117.9988811525893,-117.32182374733135,-117.01927351468892,-117.0460395177452,-115.15749366766148,-116.94561548966968,-116.84750415534072,point1,-117.04516400695901,-116.84750415534072,-119.48056657975349,0.9454346078709952,-0.7367601235283093,0.5166369789685867
HDOK,PLOK,17472,33,33,-128,-12,11,2,33,-117.47448504358451,-116.63398498064491,-116.44296885097518,-116.35239526124505,-118.80437197824371,-117.04523192613159,-119.4396300640723,-116.86807491193224,-117.24502953616326,-115.02186248835189,-117.47288530155107,-116.10376851773285,-119.21953880596722,-117.46285008119975,-117.15817297356085,-117.70012302149163,-116.06212247905734,-116.57930679381846,-116.73462666452154,-117.35377767516874,-117.51414131113313,-117.12214813989131,-115.66766977296157,-117.86411348762981,-117.22037683650026,-116.5133926264527,-118.64624008155384,-118.13381057375406,-116.8169534015316,-116.33005501658492,-116.5408798855697,-117.6718934267723,-117.566515262219,point1,-117.17525445993842,-117.15817297356085,-119.4396300640723,0.9017464780743435,-0.395577683986341,0.5401115103415415
HDOK,PLOK,17472,33,33,-128,-12,11,2,33,-118.19601725763569,-116.52840840891248,-117.64503859918652,-118.37356245173693,-118.83634461679172,-118.19366883975104,-117.08556262113248,-117.67040990247574,-117.05128976137625,-116.82464699771764,-117.34764831449166,-118.58291845506207,-116.30308312515888,-118.58305260336701,-116.70730322921732,-116.92046344826905,-115.8090912126763,-116.51465560678534,-118.00976471746345,-117.0742351203424,-117.61255940461335,-115.44224608448384,-116.26001631370082,-116.29632762536106,-116.20229337640346,-117.65888516769743,-116.78579947604155,-117.4236708349354,-118.32105829773349,-118.83536148333096,-117.89872679469184,-116.85849535397826,-116.53978506597207,point1,-117.28461789601495,-117.08556262113248,-118.83634461679172,0.795527055581225,-0.04350014995092473,-0.8627864042257141
HDOK,PLOK,17472,33,33,-128,-12,11,2,33,-117.85911537407011,-116.98629553595806,-117.9996779373563,-117.74684874371181,-117.94979006523502,-114.56826473287978,-118.62655222874653,-119.16017491505312,-118.1857142501565,-117.27655456094801,-118.8935499735997,-116.61959627261552,-116.37659162202559,-116.43434499221638,-116.88924404272235,-117.28120838898147,-116.12981399881075,-119.48567119088068,-115.56088803650016,-117.77931292858295,-116.96286928045423,-117.65924613139066,-118.99572583842446,-116.19694537666511,-116.0922539905516,-116.18535926640348,-113.93928568885309,-118.41890117269514,-118.75622733677403,-117.56581364897286,-118.57229990938559,-117.81537503113648,-114.61256309930435,point1,-117.26006289582004,-117.56581364897286,-119.48567119088068,1.8179312765491535,0.6120985646420192,-0.00328417296598138
HDOK,PLOK,17472,33,33,-128,-12,11,2,33,-116.95032961416769,-115.90093979541606,-117.50847226870503,-118.49037548885399,-116.47415975930039,-118.96407343473679,-117.64823061250881,-117.39697714111354,-119.07494502175632,-117.12206548500784,-116.39105336726963,-117.11636963083427,-117.50717056271313,-117.21584465108272,-116.69391207917262,-118.04547404595928,-117.2518173725637,-115.0327569394656,-117.26347680877838,-116.44941783494833,-116.30390173708301,-117.22917691354843,-118.25091752399972,-118.85641541972763,-118.72328709716982,-117.16199846233542,-115.2654621018047,-117.05003765396314,-117.28474970299393,-117.96679613080966,-115.86285046697934,-117.0517181739599,-116.84373496946611,point1,-117.22269418994526,-117.21584465108272,-119.07494502175632,0.9441786337170168,0.0586715274429171,0.02875610148929919
HDOK,PLOK,17472,33,33,-128,-12,11,2,33,-117.62238762322009,-117.48530709452673,-117.19965674550072,-115.36315711168533,-119.06672135240134,-117.89036329287119,-116.98034490893201,-118.81268729327489,-118.58040924643724,-117.76910655321188,-116.63043227453376,-117.33229061203544,-117.54969727405509,-115.27277237711775,-115.26849776354825,-117.09990905824637,-116.61265655065041,-117.52677192291765,-117.74696472566951,-118.31922492839112,-115.04146790478814,-117.61727981200065,-117.0052886481721,-117.34539900157505,-119.51380134195689,-115.17976625313206,-117.25198995393852,-116.46340853668639,-118.77987553272555,-117.25250072213434,-117.47165287902264,-118.88970213376936,-116.98753414685783,point1,-117.30087956290866,-117.34539900157505,-119.51380134195689,1.285026461366056,0.34255926288622396,-0.09562928952986915
HDOK,PLOK,17472,33,33,-128,-12,11,2,33,-117.58641967703757,-117.98709466305364,-117.23753439022462,-117.63832274470332,-116.20760351471084,-117.10310872881013,-116.03416866451447,-118.06003953306941,-117.18110274877732,-115.95668153424404,-116.91886922686949,-119.04727802096974,-117.76418202070685,-116.36913395048664,-116.41626246828179,-116.95779234162717,-117.05224036060797,-117.42312378191397,-118.09234831243997,-117.67509741272356,-116.88367231523718,-117.59579495114761,-116.53343250987616,-117.30834387164205,-116.55518869987945,-119.76498279627208,-116.64897145147108,-116.29396790680654,-117.0979554785933,-118.52232976973481,-118.55791801315961,-117.6025837929058,-115.34548248392002,point1,-117.25512206473992,-117.18110274877732,-119.76498279627208,0.8425589081261385,-0.5063829209115103,0.6437489103024259
HDOK,PLOK,17472,33,33,-128,-12,11,2,33,-117.5243588009667,-116.04126747172644,-117.12930074792314,-117.46023507160272,-119.16632186463038,-116.60301027996611,-116.75582019452158,-117.89260339842764,-118.760584640283,-117.61190567899831,-115.70623164659679,-117.71338061218364,-116.99776373894557,-113.82376355292644,-118.60787222089786,-116.25492019863593,-118.25593101542677,-118.12848948990602,-117.08799623468467,-117.5011392460671,-116.3600557836343,-118.16986336638655,-115.61312206854468,-117.20862604892562,-116.03981749494125,-115.612051133219,-116.71050971033102,-119.76817155042802,-117.33241337161341,-115.94502416130696,-116.51119244079094,-115.65890234882713,-116.93925392771565,point1,-117.05733028824187,-117.08799623468467,-119.76817155042802,1.4127633873286396,0.11521667254146815,0.665732413752282
HDOK,PLOK,17472,33,33,-128,-12,11,2,33,-115.37196123674968,-116.82882174689952,-115.89398889241652,-117.11670234834011,-118.27810756694184,-116.72967170555584,-119.18232927019136,-117.79305545271417,-116.80186815037383,-116.72223006969678,-115.918278102827,-116.43852475190218,-117.24535684423259,-118.6869559928473,-117.37986980438987,-117.64127914276361,-118.25126346550456,-118.99707328300818,-116.85539652205354,-117.97994561511261,-115.00647734190368,-118.81913494389944,-118.80376491258326,-118.7826586631711,-116.83272090921038,-116.76470353186342,-117.5146852196801,-115.6657197651826,-117.48606947119552,-116.76551794113202,-117.55705794420975,-116.48849604380528,-117.67653777092622,point1,-117.28109770979646,-117.24535684423259,-119.18232927019136,1.126366377288591,0.06484400343654816,-0.5272476255176852
HDOK,PLOK,17472,33,33,-128,-12,11,2,33,-118.46854198106125,-117.68190260939663,-116.26454861800292,-117.81591884547286,-116.94941720652695,-118.72913570592253,-115.7162588833885,-116.43401187978176,-120.06220526241253,-117.22900748160134,-116.06558470139471,-115.89001592647692,-117.37021945546269,-118.03604214727667,-117.75064777464165,-118.88395086448827,-116.05919899886266,-117.08539460809297,-115.84565832111318,-117.15036088171526,-116.22630160834983,-116.72101112192777,-116.5188322559502,-115.75290516200764,-117.34760412308536,-115.83798785118731,-118.57542587208489,-117.78719822520536,-116.20763434183527,-117.69121994407745,-116.65322299887154,-116.63541907346178,-117.86226996339211,point1,-117.13045620286452,-117.08539460809297,-120.06220526241253,1.105185309386425,-0.692343499332734,0.17091486228012753
HDOK,PLOK,17472,33,33,-128,-12,11,2,33,-117.43209152863008,-117.77503696109882,-117.40461315915469,-118.71754788953046,-118.41069965533802,-116.6864800376103,-116.64982337219932,-117.23778918327329,-117.04055120481341,-115.73395307694939,-116.21582675293301,-116.6085637909191,-116.35286266817029,-119.01079383152933,-114.85901474902599,-117.37087901314469,-116.80757778432834,-118.96263690440396,-116.60649740162809,-116.2785737073134,-118.26493693464586,-117.71028076368515,-117.96961865497786,-116.02800360887667,-117.14135714192987,-116.48411142006395,-115.99703316351834,-117.64453099165483,-116.04467804499407,-117.31049039432834,-118.78434874909595,-117.6804142498746,-117.7151208090435,point1,-117.17990113935403,-117.23778918327329,-119.01079383152933,0.972280541725215,-0.019179995666846767,-0.32590139538532403
HDOK,PLOK,17472,33,33,-128,-12,11,2,33,-117.35630828652917,-117.93927149867265,-116.59925763056665,-118.01438667808232,-117.42864090682885,-117.93978680566077,-118.07522170673205,-116.96055474557302,-116.28839855172563,-117.35391131045847,-115.92340260196579,-116.14178771105848,-117.43482667885617,-117.78411950105226,-117.93383346511781,-116.38131703248344,-117.139874966844,-117.26853740928723,-117.87668843240563,-117.29222619323592,-117.35995816246697,-117.002466913465,-116.93038880548745,-115.79479766215756,-116.99561625443528,-117.08295198847105,-116.54479335142418,-117.08678683430175,-117.41400461301343,-119.08210110436457,-116.57081119917845,-117.4766283827803,-119.09242013200367,point1,-117.25957810656624,-117.29222619323592,-119.09242013200367,0.5707914122710289,-0.36215259041603187,0.5583902373036187
HDOK,PLOK,17472,33,33,-128,-12,11,2,33,-115.79103014705927,-118.68984287888317,-117.75112478529378,-118.4410864180495,-117.05039732377357,-116.69957400823087,-117.72753831037474,-117.20897139059865,-116.05094662894231,-117.11690447674361,-117.47948824129944,-117.40945101840269,-116.54927403974008,-117.14939060385807,-115.08240644280194,-116.69943439479428,-116.26860766789102,-116.94783313606455,-117.10229247597246,-116.96008625727285,-118.99773047092086,-116.29783078259288,-117.66714783999231,-118.44221189507931,-117.9889669787986,-115.3781182232251,-116.4032960743045,-116.77354112999534,-118.0229060529713,-116.68047874475728,-118.05000077157838,-118.33209834795804,-116.16445345249528,point1,-117.13255943668835,-117.10229247597246,-118.99773047092086,0.8680937896337481,0.058224711545936045,-0.36888752135834135
HDOK,PLOK,17472,33,33,-128,-12,11,2,33,-117.32627125858981,-116.19060740605487,-119.8540569088107,-117.89826144198962,-116.86437639126736,-114.7974483950615,-118.84088613429397,-117.48843338530385,-116.84238322467951,-116.53502327774787,-119.82354491465897,-116.88389963380651,-116.55368971233504,-117.45126403110147,-116.7739081148119,-116.78216972000362,-118.85835943689213,-117.97774108693194,-117.04053885847175,-117.46253230468042,-119.66309705482931,-115.55112765648332,-116.45334941418936,-117.32645307146116,-118.73475229474566,-116.39754722299746,-115.92679027272352,-117.31358147069894,-116.77789055958239,-117.83766286000835,-115.98554572414568,-116.84950315381647,-117.60559004512807,point1,-117.29297837691826,-117.04053885847175,-119.8540569088107,1.3672906035433992,-0.5515275107680935,0.3017523442628196
HDOK,PLOK,17472,33,33,-128,-12,11,2,33,-115.39483855811766,-116.43626554772658,-116.57274297924744,-117.41020208402006,-115.85351429704662,-118.13591374998917,-115.83039450994846,-118.28296123196473,-118.62589661990268,-117.89014028213235,-117.62929338533928,-118.5567635971713,-116.86284215755161,-118.50534088461714,-116.4813948488167,-118.23177856331874,-115.93898057629927,-117.7014974877209,-117.54913431355034,-117.14358689315017,-118.1755470634495,-116.79868205178722,-117.09362214410217,-116.93076688616364,-116.4494922493097,-117.38450799014254,-117.70153510987377,-117.5921476069708,-118.44342013819853,-116.70438804989476,-117.19105779909957,-115.88224346811538,-117.1593724673029,point1,-117.22849289672855,-117.19105779909957,-118.62589661990268,0.7763427122328899,0.2168685483991017,-0.8336022347500411
HDOK,PLOK,17472,33,33,-128,-12,11,2,33,-116.83184661778704,-117.78147423797064,-117.53311022247372,-117.47533839029845,-117.82114040085544,-117.70993239675487,-118.24919480832261,-116.10934326104237,-118.02193906269474,-118.54405947518664,-116.79493570826511,-117.34732400540268,-116.88344267145733,-117.28061550941261,-118.01491484681144,-117.09369165880594,-117.78423562281357,-116.23421734891116,-117.53893202812006,-117.83215493313593,-117.46549413510041,-117.1522656556299,-116.44342768892183,-118.24364727865282,-115.79646081352485,-116.11662881945504,-116.32029114846239,-118.57974636083406,-117.40816885415457,-117.40813121187787,-117.58708260032083,-117.59960195626866,-119.0879847360135,point1,-117.3966901353254,-117.47533839029845,-119.0879847360135,0.5780206725960817,0.18446148291768494,-0.15821640062994868
HDOK,PLOK,17472,33,33,-128,-12,11,2,33,-115.49920193207038,-116.52399343872491,-116.70639618181973,-116.35094361398079,-117.38138998824192,-117.46472051453347,-118.04084884340138,-119.88541035299626,-119.38836674544054,-117.46808493908256,-118.3270059766885,-116.21631054472076,-118.99641452135124,-116.49067562826308,-117.5517631520212,-117.60538951343038,-116.5176220508535,-116.91142455351473,-117.63662947379049,-118.64766603592092,-117.23371909974054,-118.0084227014229,-117.30075222394109,-116.34403817401088,-116.32978937624567,-115.72509902875387,-115.38817192965733,-118.19352671248697,-116.85716492399995,-117.2261523169414,-118.05839790283589,-116.11727692881226,-116.07194382955193,point1,-117.22620342876506,-117.23371909974054,-119.88541035299626,1.1565161507741786,-0.4924914577615792,-0.07201945552182432
HDOK,PLOK,17472,33,33,-128,-12,11,2,33,-115.03607196770447,-116.66250423927207,-115.91893352084911,-116.72451731717106,-117.81079475056892,-116.09822140460444,-120.50417953288937,-118.09000176378191,-116.44857999342445,-115.58822052653245,-118.33244294181601,-117.79611222944484,-116.46536310259998,-117.39281949091799,-118.85201938937945,-116.83582349043382,-117.59146363901985,-115.05195313018362,-117.05778336364865,-115.76574796743728,-116.45773426178987,-116.88868920981842,-116.92166843583966,-116.49468687883387,-116.36187589996969,-116.9678651718242,-117.46685260023791,-118.55352330692477,-117.53300995546275,-117.36091978919754,-117.38436634274302,-117.12527465752116,-116.68444580513383,point1,-117.03710503263562,-116.92166843583966,-120.50417953288937,1.1717529832486189,-0.7895123992890715,2.046769379196864
HDOK,PLOK,17472,33,33,-128,-12,11,2,33,-117.29426815896474,-116.09272838402124,-118.69653918684497,-116.92396186169428,-116.23823611727565,-117.19341099977046,-119.71789034764235,-120.29793265414658,-117.0060543580948,-118.27658734008575,-117.82855587242621,-117.22021086170483,-117.20517958460455,-118.28700815322627,-117.98254610899765,-116.35554834698603,-118.35452989134117,-116.94202837191274,-117.07652881481069,-118.10031247031938,-116.64252866494223,-117.67828183180393,-115.79111680318996,-117.42539299696493,-115.56844517597614,-116.32219159969412,-117.23718726029632,-116.3328173855873,-115.59613715135228,-116.92571808276547,-116.47835553107045,-116.91760179040043,-116.63521031913345,point1,-117.23154674175903,-117.07652881481069,-120.29793265414658,1.1222045219640318,-0.93328136218618,1.2180092405705012
HDOK,PLOK,17472,33,33,-128,-12,11,2,33,-116.91019825726212,-116.48519944311857,-118.01501465521416,-119.28881552125209,-116.79423385606542,-118.0075558514654,-118.62147525823518,-117.67358738120612,-116.81568018078528,-117.9637694646952,-117.3545986712869,-116.33666242376795,-118.42995968918522,-116.15079961159321,-116.65418380049859,-119.24547775862874,-117.94460330800906,-114.89312679131872,-115.76517035910548,-117.00819109646852,-115.62482195724368,-118.07329331458037,-117.26843631710847,-117.73769519160628,-117.38879867177191,-116.81647285803531,-116.62820107678651,-118.19619477555393,-118.15744614041411,-118.06248590273212,-117.45044814903076,-119.1178241371236,-119.10628311712284,point1,-117.45414257540216,-117.45044814903076,-119.28881552125209,1.1271215569592987,0.23862140699799209,-0.23737055348307212
HDOK,PLOK,17472,33,33,-128,-12,11,2,33,-116.17136321164888,-117.39646671541381,-117.65748465618167,-119.17887561881642,-115.39183833732187,-117.76003596305863,-117.48430633237842,-117.08458423494558,-118.75661962636168,-116.41877603394947,-117.2655689671716,-117.71821115102928,-116.49322988019256,-118.85091052271557,-119.33813549594578,-118.06599954499893,-116.83085792748774,-117.18617650553823,-116.28707724560823,-115.91363846740545,-117.0245114897466,-118.96682254282067,-115.6926086106065,-117.17453112008302,-118.30043218399886,-117.28835998366007,-117.88904237638334,-117.78221956850707,-117.53554341871991,-115.5827348921886,-117.655599646183,-117.72242393697054,-115.01886239337952,point1,-117.29951056367932,-117.39646671541381,-119.33813549594578,1.1658691075420897,0.1461566740157061,-0.3680969716124767
HDOK,PLOK,17472,33,33,-128,-12,11,2,33,-117.82707559608076,-115.19707121671411,-117.07462818517781,-117.1547297539541,-119.36824847082002,-117.80010429623556,-116.12294111278598,-116.50070036424609,-117.78457983297534,-117.22744481109824,-116.08429442168487,-117.06311485030761,-118.04483715683295,-117.82569987344999,-117.524157072067,-117.05257331216468,-117.91666924936047,-116.63175721116511,-118.65572410778404,-118.51203211711648,-116.22412701352859,-116.1090702138202,-117.94845193832894,-117.68074192896763,-118.34490323743827,-116.70457142854306,-116.60264596693501,-118.82607693413024,-115.50056934228077,-117.52728757206727,-115.64266462882404,-117.75239363981007,-117.80428748174748,point1,-117.27382346480132,-117.524157072067,-119.36824847082002,0.971220281391508,0.17792562870443837,-0.41639215269747476
HDOK,PLOK,17472,33,33,-128,-12,11,2,33,-117.74433149709334,-117.34872862206835,-116.80812297504539,-118.53479982416219,-120.19428392108992,-117.17184190715409,-120.02716670094247,-118.82972685541961,-116.36195925645036,-116.91875127319452,-117.20951095467746,-116.55376140386244,-117.95516736910989,-117.01691206704807,-116.63875133882196,-119.01398008051535,-117.31270757225874,-117.74273368317881,-115.5338506517847,-115.99896607790845,-116.14192822420634,-115.58418578714843,-117.31685400623489,-115.83614238454281,-115.12642313392783,-117.71038803962503,-117.78059704516049,-119.47925495640386,-117.31325307102455,-115.9390105310529,-115.97727887058866,-118.28786972921851,-116.87188588608592,point1,-117.28124623324258,-117.20951095467746,-120.19428392108992,1.5657890219365427,-0.5758342031804546,-0.03261349414089443
HDOK,PLOK,17472,33,33,-128,-12,11,2,33,-118.01873063183129,-115.8035416255331,-119.17265217855,-119.00498904130097,-117.47113351881582,-118.2500541150876,-119.56785551939466,-117.64589604863217,-118.0083882280588,-117.67686619826264,-115.97108008740234,-117.81497584912209,-115.6475422072394,-117.42016502200086,-115.37717368184049,-117.77887824520211,-116.6165892371352,-116.99330790957973,-116.26028184021263,-117.98131663477736,-115.90839316355074,-116.86495794308728,-116.32369380256385,-117.37899626462512,-117.77308699294787,-115.05034192449813,-116.66219083318641,-116.76252584720996,-118.25561893383204,-118.2559706840461,-116.89390388610117,-117.72481065893912,-117.35014794332487,point1,-117.26321383933005,-117.42016502200086,-119.56785551939466,1.1519250704490829,0.07204974367688281,-0.33291647348819353
HDOK,PLOK,17472,33,33,-128,-12,11,2,33,-117.63466146557633,-116.34683107688822,-116.60055662624255,-116.78195286189158,-118.25521709560934,-118.05239677185295,-116.82450271886674,-118.27598751520235,-118.43260778975105,-118.91188332193244,-118.40507431482646,-116.33110902598179,-116.51243360064923,-116.71818114224295,-116.16738572326003,-116.94973814063542,-117.58601389451587,-116.90431828897728,-116.36059408198871,-117.15176350672753,-118.78081519555644,-118.32193266175709,-117.09259559571352,-116.39683433199986,-116.45045060769964,-117.10047097160266,-118.28124228519235,-116.9938321365759,-115.61322626462099,-118.15091971641925,-116.04321838664463,-115.56048987305175,-119.2743340982315,point1,-117.25041124511166,-116.9938321365759,-119.2743340982315,0.9663283765064028,-0.2914161793633548,-0.9590020169278866
HDOK,PLOK,17472,33,33,-128,-12,11,2,33,-114.92540077050155,-118.0612223772662,-117.5872748018171,-118.14455967764687,-116.11052180935526,-117.60882484430014,-115.83636274971278,-118.30462057068978,-116.03401296187079,-117.3406808480738,-118.86727654321842,-118.68441849157219,-116.94771035166747,-115.90867056957637,-116.75241712992494,-116.63592749308692,-117.26347738451294,-118.08991217339181,-115.83652806714565,-117.43992884978387,-116.05485952670475,-116.2827711934705,-115.32832635714328,-116.17721954674046,-117.31990704731349,-114.9742633194498,-116.38840658638456,-114.82843301037789,-116.07696887169611,-119.54888814607162,-116.31727712801343,-117.05270600528382,-118.36012872145584,point1,-116.88151224015816,-116.75241712992494,-119.54888814607162,1.4014396653184165,-0.23545213274981233,-0.5957493228256912
HDOK,PLOK,17472,33,33,-128,-12,11,2,33,-116.39016143208563,-114.79315583772998,-117.08378507222527,-116.88770149877409,-115.80390769637522,-117.60186354064905,-119.75595012553893,-117.50483923813626,-114.5043429639916,-118.95367360635747,-117.33957058188268,-115.15526002824062,-117.4865026559239,-116.67635246046002,-118.21220496925562,-115.13238743374498,-118.19568915160708,-118.14190855775628,-117.10368786412432,-116.9420168579727,-116.68655644195302,-117.2410579477643,-116.40949025997362,-117.59047788838733,-116.84416464491609,-117.47106046255483,-116.47555132118235,-118.31453260152946,-117.78353961411644,-116.49407584778257,-117.3386608165966,-117.77391524541284,-117.49965496050378,point1,-117.07841514016681,-117.2410579477643,-119.75595012553893,1.249940038657714,0.31175639700719443,0.6427791941868315
HDOK,PLOK,17472,33,33,-128,-12,11,2,33,-115.14098234203547,-115.96891873558891,-117.29410906800581,-116.35001155577206,-115.94659984774589,-118.08649355523063,-118.70632582987926,-115.94815094715142,-116.18585962888186,-119.10106248119159,-118.37581771209533,-115.95520424464252,-116.56622179922863,-117.9025749745644,-117.62800335348962,-116.46505855005695,-117.19382779437652,-116.67616276692114,-117.57693649616691,-119.3126084762697,-117.20805977086404,-116.14497499257114,-117.61920269674556,-117.49038884765001,-117.05806384717039,-117.57665272380156,-116.95674267832521,-117.44927871785009,-118.69907631415818,-117.92875405308573,-118.57347568846585,-116.03459978260057,-115.95765920198204,point1,-117.18417755983532,-117.20805977086404,-119.3126084762697,1.089905861537385,-0.1993643774200603,-0.7521882680409924
HDOK,PLOK,17472,33,33,-128,-12,11,2,33,-115.61779417145081,-118.11051695991819,-117.28658682513735,-117.71514844073513,-118.07431669761853,-116.83665995330114,-115.58009014958462,-116.58594261142598,-116.91263726363691,-115.79256737972446,-117.07843483542955,-116.84767443993526,-116.86184353155873,-115.73403785147312,-118.86963135790103,-117.51057944033089,-117.21730718260238,-116.58967665827596,-116.09510321291415,-117.81241455397299,-116.10766989303117,-117.50824581585724,-118.03765213268102,-115.89907258553758,-115.73787197284827,-116.22701664699221,-117.19381686343945,-116.66926775022598,-116.19798109475774,-117.63103849798435,-117.15227242594635,-115.1246517556377,-117.29300246912679,point1,-116.84571283093916,-116.86184353155873,-118.86963135790103,0.764716068178187,-0.08085029959248678,-0.538976198153093
HDOK,PLOK,17472,33,33,-128,-12,11,2,33,-117.5303620506808,-118.22699058447911,-118.46868231850516,-116.2212479339814,-118.69739989639774,-117.75935675990026,-117.91238436066399,-117.04822009798195,-116.0889053003919,-117.0959398446445,-117.67751706331178,-116.10763603120218,-116.25399692422371,-116.8329642036698,-118.48720674860616,-116.12864384705786,-116.44029659694235,-118.45949320370802,-116.08830916116759,-118.44903177993379,-116.86737213721254,-118.53130403018314,-118.28304618387186,-116.47838524553386,-116.94833727457983,-115.63247908959934,-117.30187610345159,-117.43261810109931,-115.35913917221968,-117.68769897802763,-119.21946338729376,-119.30524501571917,-117.71305766102506,point1,-117.3555941541596,-117.43261810109931,-119.30524501571917,1.0921291812517055,0.008810353505542818,-0.9735514219128922
HDOK,PLOK,17472,33,33,-128,-12,11,2,33,-116.28637390895851,-118.68644202603714,-118.55743869847052,-118.37667561272154,-117.43580400560272,-115.66639958293186,-118.15729292840659,-116.19108150335077,-118.26128236702168,-116.70216419906154,-117.82223210677701,-117.78537794670729,-116.11731134363187,-117.14730113199761,-117.16285041096083,-116.91312696298723,-117.59616936661935,-117.02024177686117,-115.11922932501776,-117.30667879610101,-117.43876368309796,-116.63912288881181,-116.2423775587801,-117.37002808007813,-116.09953194917414,-116.89248151288514,-117.40520676689187,-115.80462939332418,-116.70849530319724,-118.69491565245133,-118.35020003689132,-117.48599749600558,-118.1029568462567,point1,-117.19836912630512,-117.30667879610101,-118.69491565245133,0.8428746285779666,0.21710830599398756,-0.6234207006177672
HDOK,PLOK,17472,33,33,-128,-12,11,2,33,-117.73968135054703,-117.32941247296311,-118.85123491111574,-118.30572769722093,-118.97719573428841,-117.00245328192774,-116.99813544790673,-118.52438674174427,-116.22985410915159,-116.24916322129451,-115.30867255111976,-117.17325697890577,-116.55323490507732,-116.72256520363791,-117.67010704465488,-116.84829982991268,-118.5944805928112,-117.48394290393718,-118.16698458219166,-115.84168947035603,-118.04853241752646,-116.87488527045122,-118.33956799785396,-117.889094466518,-117.45761381836246,-117.60352381204422,-118.63467005419955,-116.41629215045634,-116.22614842952349,-118.74865633051476,-114.48156043543055,-118.89003772605861,-118.94360327280222,point1,-117.42802015795475,-117.48394290393718,-118.97719573428841,1.238994474131951,0.5616301287098694,-0.06848343169155102
HDOK,PLOK,17472,33,33,-128,-12,11,2,33,-117.78543060716558,-118.7859896787169,-119.01690066243913,-118.15927010329757,-117.80972368539831,-120.86476926966142,-116.7614692020977,-115.67664612005429,-116.2924058883397,-117.07737992829901,-116.27073569285292,-116.59257626951828,-117.17474558768035,-117.36946660753983,-117.74661148860386,-117.41921791617919,-114.41319055962283,-117.84343316104484,-116.17089893948939,-116.74891171333219,-117.37647096900962,-118.71127899973558,-116.59411073929923,-116.94059746148578,-117.61312275938977,-117.32911730413791,-117.71519540850333,-117.0148553763849,-117.48980431762324,-116.51041130732165,-115.81124500110599,-117.7206541611804,-117.08359698823975,point1,-117.26940102650754,-117.32911730413791,-120.86476926966142,1.2465248680387127,-0.5647784156605157,2.830881370907067
HDOK,PLOK,17472,33,33,-128,-12,11,2,33,-116.921015181153,-116.3640830343603,-117.04110352816636,-119.1607776058392,-115.51155136776093,-117.0371040616904,-116.8881583882146,-117.70690155665865,-117.19447412135256,-118.2309796299157,-117.44283734127949,-117.46678710179641,-117.48374548347448,-118.07633751556304,-117.24034287560968,-115.77176397464031,-118.6473992238033,-118.79118414886527,-115.7252961420015,-115.95609130623747,-119.25459396233741,-118.50596043538326,-115.068326248413,-118.62792691452086,-117.1148830927904,-116.67985847312384,-117.99587957413584,-117.19090783086497,-116.04462086703988,-116.88747879290383,-117.26892974328142,-116.85721138688612,-118.57419044250227,point1,-117.29480913189593,-117.19447412135256,-119.25459396233741,1.1175096424244426,0.05364473248006971,-0.5370303533749334
HDOK,PLOK,17472,33,33,-128,-12,11,2,33,-117.61490938226456,-115.18851772023946,-118.74724740120647,-118.35794843104455,-117.33965072767417,-116.88377011616058,-120.23370725053167,-117.83229232966728,-117.33450732218736,-115.27360586702638,-118.0003859728461,-115.9592931142513,-116.75608962289509,-117.83168146353374,-118.05633930923794,-117.00679164393303,-119.35150463549425,-116.64778358542446,-116.88707427744643,-116.33303045801134,-117.36359396965067,-118.59422910377543,-117.37327930097517,-118.10147623018939,-118.3370322351659,-117.46785430406598,-118.5986335242482,-117.47368111855508,-116.91067514399491,-116.19219714652984,-115.85418694504213,-117.30495871901579,-117.73418360818556,point1,-117.42248824183241,-117.37327930097517,-120.23370725053167,1.1671931577434724,-0.12540028185772167,0.5112536258889331
HDOK,PLOK,17472,33,33,-128,-12,11,2,33,-117.12826593015502,-117.77008903490227,-118.51524086645209,-117.3820769462605,-117.98176416581177,-117.43975217494061,-118.65565158502726,-116.61074285092157,-116.22266707749978,-116.50759373519153,-117.78984121737346,-114.20984999312735,-117.18433461246916,-116.69055485930025,-116.17473311376503,-117.4771295534467,-117.47708461561463,-116.61900224901517,-116.69129135286084,-117.58198460599982,-116.53363772052116,-117.98666407229057,-117.38219425834416,-116.77727396523701,-117.8176874019414,-119.49820171744443,-116.12249457680866,-117.48623348461673,-117.49347302507483,-115.43490508138946,-116.93115689834082,-118.14623128836428,-115.99689911206322,point1,-117.14293039825974,-117.3820769462605,-119.49820171744443,0.9651065518499187,0.4374866784664504,1.6333028750980163
HDOK,PLOK,17472,33,33,-128,-12,11,2,33,-117.02813467903206,-117.21174794336108,-117.82748926369031,-117.13376377811169,-116.49509625410924,-118.21988222227122,-118.39559745861844,-119.54685614451466,-118.25555435715727,-117.97789749053764,-116.41523039477529,-116.42266286635805,-116.31299571288253,-117.64017808342287,-118.21186521811073,-116.81600105458692,-116.43355075243194,-116.81359375926995,-116.30147570384018,-117.27463715076571,-117.85889312899002,-118.54538002668221,-118.40939592836936,-117.61700276814022,-117.84217131859165,-118.4379332115166,-115.96902321640356,-117.15974548142343,-117.72154634697347,-117.51640768880021,-117.32926579970768,-117.30837513983558,-118.99792569217831,point1,-117.49840230410486,-117.51640768880021,-119.54685614451466,0.7145508708230905,-0.224926629459217,-0.38849188549502367
HDOK,PLOK,17472,33,33,-128,-12,11,2,33,-118.6251732473678,-118.19292322457116,-116.88873814470779,-117.42832349568324,-118.67194098733304,-117.24799890602728,-116.98727900374222,-118.57444185670835,-118.71971288017085,-117.22880891836263,-117.88020027013077,-115.92499660206214,-116.98120135803319,-117.00512273075547,-116.96829432727858,-118.47733353586901,-118.03625638264192,-117.66151633859087,-116.931433700827,-117.41457100042092,-118.17332802654133,-117.97028884307159,-117.67504350963297,-115.73326640520919,-117.30136118084052,-117.73584145985028,-119.25197235279218,-117.0571463866529,-117.47738222639062,-119.30052954193775,-116.38838751266437,-117.28242188039279,-117.73317837461856,point1,-117.60383074581449,-117.47738222639062,-119.30052954193775,0.6961508701315424,-0.007417024204883329,-0.016557706311156828
HDOK,PLOK,17472,33,33,-128,-12,11,2,33,-117.08746361418393,-116.08655002465886,-118.06020171038244,-118.10423238548735,-116.48350591762124,-118.07731346755763,-117.80896102642893,-117.03986807320832,-116.23300415615287,-118.75142222054711,-116.85188265603928,-117.29950384268274,-117.00353810008343,-116.03746829510575,-118.77874341603845,-119.11634473360566,-117.37013610564705,-116.73098435212991,-115.95249168116403,-116.35688770454912,-118.39961526632437,-117.54548222463605,-115.70289151152485,-116.97733491278987,-117.77827408059837,-118.14626881366463,-117.79081062368222,-116.39640615653302,-116.68190328105459,-117.19433599799613,-117.08921098816255,-117.6790155459044,-117.55111003158679,point1,-117.27767160356763,-117.19433599799613,-119.11634473360566,0.7436942971261744,-0.1720764941339079,-0.6324240434296664
HDOK,PLOK,17472,33,33,-128,-12,11,2,33,-115.49379821123205,-117.82204080753205,-117.30884471887744,-118.83921666519885,-118.94796215795577,-116.656883036098,-116.1901342608309,-118.15654952404725,-116.70224173952019,-118.91395307268198,-116.57507691766294,-115.0710958569595,-116.85763578170342,-117.74048682083294,-117.85075671686438,-117.69163545977536,-117.78305436277579,-117.71745827081021,-117.85487828581145,-116.83127051033264,-116.71065413349379,-117.22600032764966,-116.33345984980362,-117.31311887961976,-116.5958631287613,-117.12412626066116,-117.68546375107063,-118.01325846218005,-115.84548039199963,-118.94871444059537,-116.86640926731508,-116.35594215320225,-117.62434308076041,point1,-117.26205476680654,-117.30884471887744,-118.94871444059537,0.8993451935703209,0.10293020350255119,-0.15737039525198382
HDOK,PLOK,17472,33,33,-128,-12,11,2,33,-116.14423787043091,-116.10439418033673,-116.13979000524112,-115.86245392380069,-116.67548662734538,-116.67626146683152,-116.13582329156301,-117.17698967854982,-118.01652852897399,-116.21278298156368,-118.94753987934473,-117.32288540329188,-116.65971140617442,-115.79934986730646,-115.04282586261758,-115.58110623076524,-118.4639920244401,-117.95556714781699,-116.63170507174834,-116.44568017363807,-118.29375020638331,-116.33495852225309,-117.40570387911548,-117.62911696334784,-117.20664279428058,-116.42533810005828,-115.95911011043385,-119.73811221535986,-117.4331645504678,-115.51693804117438,-116.93940511368845,-115.70742948077809,-117.60120657011507,point1,-116.85412085361324,-116.65971140617442,-119.73811221535986,1.101760668683224,-0.7632069063657799,0.38287433603567544
HDOK,PLOK,17472,33,33,-128,-12,11,2,33,-116.70474512175585,-117.87574816186591,-119.29218608558571,-118.96685397362985,-118.83822071891632,-116.50954785147681,-118.64400008467976,-116.31104723930967,-117.07945647590012,-117.69942514118786,-116.15023864571765,-117.1337773523627,-118.07590025298597,-115.51291426913501,-117.91584651516207,-117.19214000947906,-116.26392734119374,-117.47822059852975,-115.50239525641646,-115.97678420280441,-117.83003950223419,-118.05257122466102,-118.98919382537176,-116.08813648473698,-118.11132309218422,-117.79794278533538,-119.55710732133672,-116.28517106276213,-116.98464417258928,-115.19562150672684,-118.28716789829087,-116.7547594149289,-115.63381046676717,point1,-117.29366254715212,-117.19214000947906,-119.55710732133672,1.3883205866217259,-0.07444867711469962,-0.9541160312712913
HDOK,PLOK,17472,33,33,-128,-12,11,2,33,-118.23353831552564,-116.98006212194876,-117.07480845215238,-117.84171111513834,-116.95279088916607,-118.60953290262894,-118.96410041516785,-117.52917293508592,-116.22805965178566,-117.79822424552181,-117.8456626012368,-118.81991894768086,-117.17031847606965,-118.57883715113738,-117.05486722513712,-116.10919536386301,-118.24496297182135,-118.8860841166297,-118.04284668605905,-116.64390902767704,-116.92455467509417,-115.97931175607943,-116.37013611954428,-116.13078910314374,-117.4532454251381,-117.55280805821533,-119.59007258156915,-117.69341346619208,-116.16285470787096,-116.52088766210593,-116.872825655224,-114.88684457739357,-116.3331289292361,point1,-117.33574170691635,-117.17031847606965,-119.59007258156915,1.0879909032479667,-0.060694308619626554,-0.30585563617679146
HDOK,PLOK,17472,33,33,-128,-12,11,2,33,-115.74138801937413,-116.49303495650328,-118.59514500632952,-116.37259859524033,-118.13131535129017,-118.57949589355505,-117.79590671753414,-116.27175456187531,-117.37946198499756,-119.16926979886168,-117.53850190244577,-117.94977080975389,-116.4845735466542,-116.9996761237304,-117.58191921791278,-116.63607073109706,-117.74336027754936,-117.42735934340865,-118.12378957012608,-116.98216295545987,-117.15274266345196,-118.3502265448028,-118.92252874231231,-118.43035191851213,-117.12195513946459,-117.14475262763686,-116.49714955730629,-116.36569716629631,-116.89744102378314,-118.70565087143626,-117.35333024725661,-117.30853396717204,-118.46029752047082,point1,-117.47597616223037,-117.37946198499756,-119.16926979886168,0.7445509008817149,-0.09964498065168143,-0.8441690005533564
HDOK,PLOK,17472,33,33,-128,-12,11,2,33,-117.23694264090247,-116.19428716741079,-116.93846307291744,-117.76708505228703,-117.70089648805433,-115.2889964109895,-116.22504922784735,-115.21329998046834,-115.69250646538823,-117.82944565797325,-116.80312296518697,-115.49095195489087,-115.95314780440769,-116.70285526184537,-116.39139208396702,-116.3718449631086,-115.01037599156871,-116.75574370279091,-118.2553854751414,-117.8933126490036,-116.53282857124648,-117.54182206045226,-117.25740100385244,-118.32108039807885,-115.69626423867827,-116.57552401246934,-117.373847639597,-117.79680100277672,-116.50898865585776,-115.07219710846807,-117.91663917413743,-116.55981951339342,-116.31730640797421,point1,-116.70259469100402,-116.57552401246934,-118.32108039807885,0.8812339171207978,0.08845419309130274,-0.9320808098592894
HDOK,PLOK,17472,33,33,-128,-12,11,2,33,-118.2279311519482,-116.87023695472526,-117.56739274516545,-119.34054323580041,-117.61112846370834,-119.41465495355345,-118.45413595725582,-118.82809312375477,-118.47864336618099,-118.63899678007652,-116.2844323011272,-117.90757807785951,-115.79383537078427,-116.34299840983881,-117.15470526551967,-116.94463514539349,-118.71152965279335,-116.59387474089816,-116.03071311995116,-117.21541882171464,-117.8418450837075,-116.37309442765657,-118.47887582434987,-116.11781804628795,-118.03952999806317,-117.72842509969367,-117.77113679909715,-116.68140495798963,-116.49971971464602,-118.6125182809164,-118.24997440797708,-118.17088724882743,-116.76532261965556,point1,-117.56794030748236,-117.72842509969367,-119.41465495355345,0.9926167352442488,0.03327996025718927,-1.093010551712407
HDOK,PLOK,17472,33,33,-128,-12,11,2,33,-116.66614883683894,-117.1171802754628,-118.0044811235759,-118.09364130867577,-119.4027214642619,-119.30999162187481,-116.53109706416542,-116.14188541216058,-116.86564278539765,-118.86972726198698,-116.7546408775804,-115.91876023005327,-117.17602920795142,-117.58718094780362,-119.3940846790953,-116.64542590635783,-116.99330327087135,-118.76964412516139,-117.12843695125092,-116.98630283278726,-115.71162576679485,-117.80425640572574,-116.86199367194803,-117.26865056891785,-119.58515684147801,-116.9024635682114,-117.95990088688767,-117.3385155527845,-115.53794814734522,-118.11562654321595,-117.28710469633978,-116.89556913377747,-117.89812048783332,point1,-117.44009874104766,-117.17602920795142,-119.58515684147801,1.1071912110782147,-0.4631787323423374,-0.32114808302177833
HDOK,PLOK,17472,33,33,-128,-12,11,2,33,-117.43047942002615,-116.93964839793198,-115.16751258289474,-117.48751159858223,-117.28313690231316,-119.0041982513629,-119.03155323493965,-117.22831939092393,-116.81637520158851,-117.24031746343177,-116.09057576539304,-117.59541936921546,-116.46847515764523,-117.04504742958036,-116.99723343566492,-117.3314827500271,-116.39598173907274,-116.36643147370029,-116.12143269133043,-114.16073640782382,-116.27134120328176,-116.72850100878449,-117.75844151582582,-117.59246720147256,-118.05515722663135,-115.92355434243748,-117.49914013154583,-117.37529516316127,-115.27085465896675,-116.72755107840635,-118.24914124483755,-117.36232289343532,-117.73393969464463,point1,-116.99241139475392,-117.22831939092393,-119.03155323493965,0.9943494986308601,0.5089315676124061,1.2119230636832685
HDOK,PLOK,17472,33,33,-128,-12,11,2,33,-117.66108012285589,-117.61221491332365,-118.38952517872569,-116.9897783523909,-117.61506960980543,-119.41289311777804,-116.74245576064192,-117.46804509192678,-117.90875613937517,-117.68216766066837,-117.01172954341624,-119.75117603096398,-117.89632383029854,-115.9231529905531,-117.19258468525291,-115.6840373410178,-117.670266975454,-117.67815439495843,-118.59748816979317,-119.65660685475805,-116.46663470359589,-118.14013405950772,-116.37635596040364,-116.15104084786677,-117.68034931580516,-118.73888825485028,-116.02844795129842,-116.733984166645,-115.95949088578902,-117.23780535971979,-117.82651454368734,-117.88941586453912,-117.02338194924732,point1,-117.4786651705125,-117.61506960980543,-119.75117603096398,1.0481091932179192,-0.3575710104984528,-0.056073575040044954
HDOK,PLOK,17472,33,33,-128,-12,11,2,33,-117.8764496058812,-117.15829430942463,-116.35708268799324,-115.84555126344311,-116.55788506737875,-118.0350265936217,-115.8905667945562,-116.93688070104704,-115.25063945070559,-118.02795690915791,-117.10157530824488,-117.38350266493343,-116.82331484282915,-116.70098175170969,-115.46237209636085,-116.49769772003573,-116.01754351481856,-117.99373579065553,-117.3981466436381,-116.64509309240752,-116.58088350023141,-116.904123846148,-117.04802321415713,-117.90588405182513,-116.736385713839,-117.90551563390454,-118.29287409243504,-117.83640569277452,-117.3431986894114,-116.79856004447024,-117.06286849972,-118.27194283727061,-117.66007807379887,point1,-117.03960729390391,-117.04802321415713,-118.29287409243504,0.6279426041868713,0.34282793028013697,-0.47153103000387153
HDOK,PLOK,17472,33,33,-128,-12,11,2,33,-116.64881408282189,-115.79112702125778,-118.05998572748258,-117.49002013382605,-118.04524080167572,-117.38635557931177,-117.4196936251522,-117.0891628783697,-117.55171453129604,-118.71776900864099,-119.24843438418196,-117.96974246051369,-116.21851774854582,-118.87397327992073,-115.85269043189389,-115.43171708290478,-116.232946443262,-114.77054169537483,-116.0658847938196,-115.99982036123048,-116.5400316067863,-116.78321842191102,-118.90731537316795,-117.53460005190763,-116.1761508778276,-118.78066636473228,-117.0107963774092,-115.61792556627562,-115.78971156370292,-116.68990537515688,-117.74874265655235,-118.9629041660498,-116.14429764217782,point1,-117.07728539742847,-117.0107963774092,-119.24843438418196,1.375970082744271,-0.19912054800976534,-0.9086950327337613
HDOK,PLOK,17472,33,33,-128,-12,11,2,33,-117.41546237159115,-116.95277552402113,-118.14280093494193,-118.14304053900406,-116.16134210443138,-118.25777177405574,-118.36167829745838,-117.61214964712343,-116.1240137658769,-117.21656742938002,-117.73610621948605,-117.03614814518602,-117.40858835669219,-116.4737786859339,-117.79834151969145,-118.31354495028198,-117.00882738610346,-116.84611099773099,-117.16164488118838,-115.38949390266976,-116.93489742712062,-116.9204531219099,-117.8244970816844,-116.48646619953969,-116.58189343837897,-117.74465752213996,-118.45239305551972,-117.13344601959588,-116.46534878860471,-119.381393038893,-116.33975272161344,-116.30415492857261,-116.50230651017849,point1,-117.23126809959395,-117.13344601959588,-119.381393038893,0.7054426648509954,-0.2865152493763764,0.020606404132693434
HDOK,PLOK,17472,33,33,-128,-12,11,2,33,-117.43350478909727,-117.01504099152861,-119.0751109873538,-118.0668252845983,-117.39133373181835,-118.81336690963855,-115.03649368559786,-117.89431911686802,-117.92797307754424,-117.08351351142797,-118.6234213366858,-116.38633096467365,-116.74576556456473,-116.81598045715266,-116.38629913245775,-117.43402355186606,-117.20441043811498,-117.04551641280767,-117.73861757438208,-119.03675007152643,-116.94733592707895,-118.91443986440208,-116.90562260351705,-116.71723484387019,-117.48280241031166,-116.43652910850899,-117.0730049305962,-115.02467651664894,-117.73684146314962,-118.89915113900389,-116.6586199368971,-116.29252347629736,-116.16456119204175,point1,-117.28508912127361,-117.08351351142797,-119.0751109873538,1.0305332607647613,0.04319969706512757,0.01583142147708516
HDOK,PLOK,17472,33,33,-128,-12,11,2,33,-115.62775939581222,-115.97499846834427,-116.59853967092393,-118.61781959064453,-119.68652417974103,-119.10396115156415,-117.0100655552772,-117.44959470378818,-116.7379516327207,-117.28371601665965,-117.47267796866124,-116.66900071662337,-117.32292710952414,-115.40770786986597,-118.2225104266808,-114.9510318426086,-116.97689840312454,-115.37553994371838,-116.05179325495861,-116.95708480851728,-116.87644205395772,-117.09970892935735,-117.95013925959091,-117.4199976938794,-119.79149088575959,-115.68633945755693,-118.30275936013624,-117.96224072618635,-117.25257369378353,-118.0040099127774,-117.63253511479972,-118.10753327330963,-118.80261211883861,point1,-117.28443894514223,-117.28371601665965,-119.79149088575959,1.4071856978908763,-0.09685912460813413,-0.2529783674791428
HDOK,PLOK,17472,33,33,-128,-12,11,2,33,-117.1367236478781,-116.21794727575273,-117.43986333833959,-116.31952282123788,-117.80724307017879,-116.81714476358128,-117.4210733629304,-116.25123490264431,-115.1509034032121,-116.46053009892523,-117.15182178366,-118.84077924469409,-117.46560882190181,-116.11677924881553,-119.29627627020643,-116.71932681540756,-114.86186784828197,-116.28167282173284,-119.38506529619667,-119.21443822517887,-116.40811969403047,-116.54882080708428,-117.26611925289373,-117.0304019705406,-115.95528861464715,-117.33682454529911,-115.21384688734882,-118.54751056083987,-118.08710064799767,-117.12896831782798,-118.23109766642337,-115.7023419539526,-116.16937518682151,point1,-117.02974664140795,-117.0304019705406,-119.38506529619667,1.3434630251735604,-0.3686599332173726,-0.305917619449398
HDOK,PLOK,17472,33,33,-128,-12,11,2,33,-116.81738144742842,-117.08936971947335,-118.85662762672506,-117.49873329481272,-118.90012113094005,-116.70965056972845,-117.47111627565569,-117.75769951763647,-117.09587888955197,-118.07942744983124,-117.58163539034311,-118.76699742653965,-115.77357995123175,-118.15221445364267,-118.15413177494533,-115.87081809906074,-116.46482185855383,-117.27881929921213,-116.85956428867594,-116.457557045214,-117.77092392260442,-116.20473864286159,-118.13644102347295,-116.06585238381759,-117.61415614943822,-117.85469251861932,-118.70873910643596,-116.13901489827549,-116.85294159417266,-116.49385725199484,-116.99785460324053,-116.89556688597871,-116.57490191387677,point1,-117.27108564860579,-117.09587888955197,-118.90012113094005,0.7631454894861622,-0.22969111838218118,-0.8251284162197243
HDOK,PLOK,17472,33,33,-128,-12,11,2,33,-116.45739620289709,-117.0267319505525,-119.74264020514704,-117.60584086026445,-117.98813554365631,-116.52740510998626,-119.00424199176666,-115.94694406161615,-117.83014837387006,-116.76475314275748,-115.67865495735256,-118.2710804031093,-116.3802804819663,-116.84046501376558,-116.98892734940331,-115.61161022661476,-118.46153537139601,-118.7478228195518,-117.74249847521912,-116.63645045943446,-116.26558416071228,-118.4295255425174,-116.92757224015241,-117.01179291979967,-116.76703537356865,-116.2921541458942,-117.62597582773978,-117.78456385268471,-117.13848064235634,-118.38815366299512,-115.81720740754704,-117.83094716397406,-117.45639232873368,point1,-117.27239237178793,-117.0267319505525,-119.74264020514704,0.9931543686088319,-0.3778704533653696,-0.3116840342470484
HDOK,PLOK,17472,33,33,-128,-12,11,2,33,-118.39169357388856,-115.6362010013361,-115.24189715722268,-116.71893307162259,-119.12649885758105,-117.2795361750477,-116.82036892849501,-115.90838629686932,-116.6130209762238,-116.29499386934192,-115.72569237846935,-115.07155985782232,-116.84703841996541,-116.36503883050365,-116.64740107545208,-115.45756891709684,-117.86220243095919,-117.10880718767596,-117.35615808413901,-118.5251831450236,-115.67883922870588,-117.27086975053608,-115.9750942423192,-118.61216308558473,-117.69912756886642,-115.64967235061805,-116.43359228036068,-118.26788333352445,-116.0507302446552,-119.29810402646474,-118.67533586559003,-118.92237590114823,-117.37975998557843,point1,-116.99732509389966,-116.82036892849501,-119.29810402646474,1.4380605154359969,-0.3266548850293153,-0.9922279833567749
HDOK,PLOK,17472,33,33,-128,-12,11,2,33,-116.78217536592804,-116.75969621670485,-116.91948299029727,-117.57075754144803,-117.22420336398189,-117.20172228377218,-116.8736110935561,-118.30118418002766,-117.59883576783622,-117.85770464690556,-118.64874570581699,-117.75437611194324,-117.64608973849096,-115.62393075590447,-118.34903492303516,-119.10961860036794,-117.16341843562859,-116.87517183185057,-116.6449260999335,-116.45216629569629,-115.51306444937825,-116.72515730401248,-117.80044362723696,-116.92699975545666,-117.85498327211067,-116.7849571356282,-117.63622027232849,-117.21266712361317,-115.75320478032414,-118.06747539362071,-116.23082614116952,-115.03652768652759,-117.62997262791647,point1,-117.16755610661966,-117.20172228377218,-119.10961860036794,0.8012143563474491,0.2841898115571909,0.19052900458214195
HDOK,PLOK,17472,33,33,-128,-12,11,2,33,-116.77699502769559,-116.89711749067219,-118.85536774414363,-117.15926172873776,-117.24619613645507,-118.28189067768673,-116.24053028827002,-115.2536130197254,-115.63405567122142,-118.02827363679928,-115.0395048801857,-118.219550808515,-116.4458909644612,-115.46820839899777,-117.2783195326785,-115.30246726880593,-117.14167230671377,-116.70330359807048,-118.5778254795862,-115.74084152161804,-118.21229147824896,-117.98411295079846,-117.7583561789142,-115.92262404219336,-116.05557172222258,-116.3369147162532,-115.33963231399133,-116.18941513581126,-116.95556194856563,-116.25082783899079,-115.91630691947711,-117.84333279425645,-118.01368674249558,point1,-116.82028851403818,-116.77699502769559,-118.85536774414363,1.1587359367303116,-0.13392763178293104,-1.1435839325705301
HDOK,PLOK,17472,33,33,-128,-12,11,2,33,-117.48042450967047,-117.1570734689566,-117.95313008999477,-117.70136464709529,-118.6213997021928,-116.5604809261099,-117.1155906497531,-117.59068440031209,-117.13394176795607,-117.16346707458614,-115.41809870544,-118.58436070999504,-116.53762059015139,-117.70015922830899,-118.02960247490262,-116.3987730274509,-114.21322608367593,-116.47342333226413,-116.40891205665382,-116.29552288816288,-117.18769698651715,-118.18243311496644,-116.5800942748048,-118.10668810441908,-116.93972825247275,-118.06437482871539,-115.8242294861304,-118.88954761283145,-118.8463384051872,-118.61027000344478,-116.09463338497827,-115.59534443494833,-116.31000786844328,point1,-117.1445043361058,-117.1570734689566,-118.88954761283145,1.1641707114536153,0.4134425959876539,0.10359086981533228
HDOK,PLOK,17472,33,33,-128,-12,11,2,33,-116.24841009988738,-117.711649301203,-117.30820056727305,-117.89336372683836,-118.94039487563,-118.13322905328681,-117.06002851585342,-117.2006293929549,-117.67041007941343,-117.8363722821774,-117.51680938451804,-118.39463884438334,-117.21595035766855,-116.63977691720667,-116.36569729517181,-116.25354272639241,-117.1856286991083,-117.94255875028385,-117.45366147094192,-119.79587857419509,-117.69132562143271,-117.24047650598061,-115.61372350794511,-119.05626486935799,-117.98326740833248,-118.14128109757793,-117.35419287357686,-116.55943238505043,-117.06557319123188,-117.60522136747278,-118.13191911750017,-116.57312032197486,-116.5221892404899,point1,-117.46378237643367,-117.45366147094192,-119.79587857419509,0.749670968233503,-0.3823283018028392,0.6344960481595803
HDOK,PLOK,17472,33,33,-128,-12,11,2,33,-117.00134808746782,-116.22502848690375,-117.3295693288049,-117.66193062188826,-117.72229463773607,-116.65852177238477,-116.11283799115535,-118.19698067724265,-117.64324931933808,-117.72396835311832,-116.73193182775698,-116.52876913626581,-116.0380139122898,-117.88725533426194,-118.07905540667713,-117.57729014017686,-116.21290070759842,-118.14781491540768,-117.49988413448587,-116.96073508143162,-117.44747396910424,-117.94355162217344,-118.49664155529949,-118.32532218961525,-117.78786885831185,-116.32758100892589,-119.84898168358902,-116.83458744649468,-114.63797206413686,-116.34027237794659,-116.37146370586193,-117.76613605311954,-117.87645158506155,point1,-117.2710207270313,-117.49988413448587,-119.84898168358902,0.9175927971215853,0.1377098969791026,1.225969794699607
HDOK,PLOK,17472,33,33,-128,-12,11,2,33,-115.6266270601329,-116.78795079013445,-118.29482640017716,-117.74397140358468,-119.86508478124273,-116.62071196622647,-119.17484982834394,-115.0989534698076,-117.21367886135047,-117.98701282969147,-117.27074274036022,-116.9533244009672,-114.79096761117844,-116.31481489203291,-117.10555568039204,-116.2554333988773,-115.47388988903725,-117.93873326567794,-116.19479250255846,-119.97990831331684,-116.75203863615499,-118.19720786942075,-116.30198415955557,-116.36371398544334,-118.52756626909114,-115.65391991531885,-116.49193384968224,-115.83128631301489,-116.18596624329713,-119.03099860424821,-116.3741432370157,-115.67791843257241,-117.6949681698802,point1,-117.02349926575106,-116.75203863615499,-119.97990831331684,1.7016533373816698,-0.5969321372193052,-0.24009750522969497
HDOK,PLOK,17472,33,33,-128,-12,11,2,33,-117.77148139719432,-115.66433394203466,-117.08983749400142,-118.01947054437699,-117.5703599374112,-117.40825062894952,-119.71517581546394,-117.13792975522938,-117.42962784645218,-117.01656800386372,-116.42792003558449,-118.1765899863542,-116.98484168843864,-116.28812413968016,-116.82276908278182,-116.43074928175419,-116.43841074835822,-118.6934229627734,-117.1444455141548,-117.2522019064121,-116.68181641930987,-118.10024083081923,-117.42586871283844,-117.19780570327241,-118.91553374736726,-117.16555907711593,-117.32706167330596,-117.07210441952287,-118.02666778714793,-117.4263211921006,-118.0022476219516,-118.11080710604213,-116.78952114112808,point1,-117.38557776191492,-117.2522019064121,-119.71517581546394,0.6451432537255221,-0.6461474639988951,1.1714817321366175
HDOK,PLOK,17472,33,33,-128,-12,11,2,33,-116.68861835105935,-117.18167355789596,-117.12432598038455,-117.53031614068156,-117.2266731541762,-117.51139726883311,-116.2171615256805,-117.5132730622866,-115.09750137025927,-116.81182368161998,-116.94697716588527,-117.08547948826171,-116.50506935335785,-117.11963834461282,-116.82557177639279,-116.53736591811524,-117.56200925633824,-116.43671681958351,-116.01985147201962,-118.39051432840853,-116.98954093342377,-117.37601167398863,-116.38331721509678,-116.19831915116667,-116.70509117024103,-119.19541110191473,-118.07946924904566,-116.85511333577527,-119.06751787713503,-118.22079871025554,-116.01521551343306,-116.70975760901837,-115.89834709773436,point1,-117.03108692891155,-116.94697716588527,-119.19541110191473,0.7445535575824727,-0.579472277276633,0.8640933206619548
HDOK,PLOK,17472,33,33,-128,-12,11,2,33,-117.33870104168732,-116.10123784500941,-118.51616992133062,-117.0720130148438,-116.87245933142901,-118.50504259830481,-117.40658440405834,-118.38201796313332,-117.38658165178259,-117.62874413820035,-119.58392066940415,-116.76183089797163,-117.73756103348421,-117.17544087239257,-117.09655526280044,-118.29883268037054,-116.86332230743896,-116.27684256420531,-117.92494523855234,-119.23981217121715,-116.70606014113532,-115.03154959850426,-115.47962205156209,-116.75197338114783,-117.00382899714977,-115.08880649290347,-116.15660077702005,-116.41963301673796,-118.49876409653852,-117.37747349592277,-115.33829804132104,-115.21190948898871,-116.87192329793497,point1,-117.094092681348,-117.0720130148438,-119.58392066940415,1.2925121801768193,-0.06030658652043877,-0.27379104888402317
HDOK,PLOK,17472,33,33,-128,-12,11,2,33,-116.110316767741,-117.0477900451389,-118.09733895744414,-116.36946697156247,-118.71764767361533,-117.6682863968793,-117.12086392432361,-117.2569128408851,-116.20549951357785,-117.74517847563224,-117.27349542099117,-117.9764594391478,-118.64173013025355,-117.04146162862622,-118.99775292591791,-117.24455937296167,-117.75973175429212,-115.849619733673,-116.23394352529718,-116.01763035738854,-116.46810711497523,-115.55932824997737,-116.42410728713877,-118.3911509576422,-116.96091069319262,-117.55543757171887,-117.21679605400071,-118.28308599130389,-117.85970112343946,-116.09264926962435,-117.85788866695664,-118.86274047747379,-116.82645863267706,point1,-117.26466811955969,-117.24455937296167,-118.99775292591791,0.8607133747576969,-0.08013249452145782,-0.9131414047526114
HDOK,PLOK,17472,33,33,-128,-12,11,2,33,-117.01759528543873,-116.77128773641029,-117.10772381145247,-116.13588150945702,-115.83398383594377,-118.39914263033499,-117.39224224851316,-116.20239853302132,-117.06543945581808,-117.60913187311776,-115.83528646228413,-116.47178264075903,-118.54255296951747,-117.96816987322516,-116.35358491108732,-118.39002280684993,-117.69116345334726,-115.2356454489602,-116.64916887722389,-116.25054873022486,-117.22035319343348,-116.67693369643086,-117.02362428747439,-117.24854129816995,-117.29994893550725,-116.71003592721725,-119.0253437788246,-116.0563238034912,-117.02618356965132,-116.8283843102353,-117.4643324449135,-118.77812644125589,-118.59952195435046,point1,-117.11758808284672,-117.02618356965132,-119.0253437788246,0.8412967510353443,-0.30221400281265787,-0.403041260952965
HDOK,PLOK,17472,33,33,-128,-12,11,2,33,-116.7781434221658,-116.86432732004569,-116.33648446170544,-116.83156635576958,-117.65133255432207,-118.37948999785915,-116.81476895618411,-118.04839113648335,-119.86508577939472,-116.38071231229263,-117.45748526132508,-116.81962764311518,-118.38074661376966,-116.06258135059294,-116.4862452517989,-119.41151829412179,-117.00589243248189,-117.83406631903074,-118.04641868371097,-117.0857056893411,-117.87537277749935,-117.33085689627724,-117.25542950618832,-117.15071887257159,-115.83205515479267,-117.82569574584628,-115.89946743944891,-116.37359952152099,-118.10919263490851,-115.09998174978377,-116.94948463507986,-117.9706827814469,-115.60384557719594,point1,-117.20657494327487,-117.0857056893411,-119.86508577939472,1.0434211679450864,-0.40886159764421925,0.48484512257196233
HDOK,PLOK,17472,33,33,-128,-12,11,2,33,-117.36244494642897,-116.46201723126319,-117.00148916766595,-117.07825752989459,-116.73212067549804,-115.97836679434337,-116.88464269910737,-118.7871480348424,-117.62026650379279,-115.24578762317813,-117.61221825294365,-116.33810757949759,-115.334953598321,-117.39121115010597,-117.25251514067453,-116.86194470958088,-118.66194967489737,-117.90176268151187,-117.77021939588877,-115.62857873904959,-117.33007976788447,-118.36568757305858,-117.64316724850646,-117.7248733268408,-115.46603098070605,-119.10852162623054,-117.72203485828464,-118.59942550641614,-116.97694967051181,-116.93644826968695,-116.72006345158388,-117.3233532552025,-117.81390940749132,point1,-117.20110748699668,-117.3233532552025,-119.10852162623054,0.9208763622456444,0.23859343089289287,-0.14010126999850625
HDOK,PLOK,17472,33,33,-128,-12,11,2,33,-118.80832692170819,-116.62501966869614,-119.38182064155592,-119.49436158146092,-116.6340786964976,-117.13958040091283,-117.60528200828122,-118.60818423136766,-116.80337322600374,-118.78122913449236,-117.41228372669524,-117.8778809436488,-114.21268439809216,-118.06665811185125,-116.67164731837552,-118.07573981542068,-117.27918878973381,-116.77756347427105,-118.27743419751778,-117.99681406554798,-117.28483327507145,-115.91335213819222,-116.27826067095454,-119.56071552993244,-115.36493255519444,-116.57784765009073,-118.92962637221444,-118.92824797940037,-115.9868956689627,-118.63655581532406,-117.1579796996847,-117.15401767839683,-117.30623049647174,point1,-117.50329232975827,-117.30623049647174,-119.56071552993244,1.5033330472938444,0.3653121378293395,0.12795898473313283
HDOK,PLOK,17472,33,33,-128,-12,11,2,33,-116.33247605250787,-116.79457320104233,-119.42174717826153,-117.39234479650281,-118.37357412268453,-115.63214984380245,-118.22664219706104,-117.5467674368351,-116.83018654006848,-117.1512044554159,-116.60469340289593,-116.24473435584214,-117.18921738476341,-117.23530593390527,-119.19846928565036,-117.70735516792931,-118.48229912065379,-117.25053210924219,-117.67195149261143,-117.44921826160652,-115.62389563156803,-115.85750724981843,-116.60541447132161,-115.78078550629198,-118.75600962189644,-116.90028942706016,-115.2521129515514,-117.52851947103159,-115.89088296517762,-117.18653047292666,-116.21502502372955,-118.5337582032816,-117.1070804001545,point1,-117.15070465863914,-117.18653047292666,-119.42174717826153,1.0893630520132354,-0.27444352294349766,-0.43203843133535846
HDOK,PLOK,17472,33,33,-128,-12,11,2,33,-117.93848540678373,-115.74604055004647,-118.11604252176109,-118.5559999619538,-119.56896105846586,-119.06162329760444,-116.93955016179825,-116.22348886575129,-117.83331654261428,-116.06805687472716,-118.01645951463617,-116.87339498827907,-117.28032188489209,-116.93476695036382,-118.9902782529256,-116.019329876372,-117.57717995493437,-119.09193262094287,-115.3970481172621,-115.90545528515551,-116.32410905726776,-116.49886159877349,-116.48819662047599,-115.70773600479113,-118.64631747595303,-118.38121470162814,-118.79480754748334,-116.89392311284402,-117.88977840292026,-118.50092615324304,-117.84795082880743,-117.5495102024815,-117.44412503761419,point1,-117.42742998277437,-117.5495102024815,-119.56896105846586,1.2847071307571274,0.019263348797871036,-1.076958496868209
HDOK,PLOK,17472,33,33,-128,-12,11,2,33,-117.64616573571416,-115.92779672354186,-117.2251161910057,-117.93533209656898,-117.5688413629209,-116.6940463133499,-117.33737085146007,-117.28441790642378,-117.14481713015556,-116.82357762978354,-116.7423243779504,-117.89300673822937,-116.46967429496557,-117.81151599374789,-117.18154225492125,-117.83960550034276,-116.7200496680157,-116.72307616355636,-114.82173448783819,-116.41306542055014,-117.24297292645917,-116.25768285700245,-116.45784713719458,-115.60713749614447,-117.64487424349299,-117.45462591863628,-115.87348330106934,-115.76268090186932,-117.97957456231005,-117.41832290866438,-115.40108818914405,-117.54924798538616,-116.66644143492476,point1,-116.89451686979817,-117.14481713015556,-117.97957456231005,0.6347292328273828,0.7109779856663472,-0.0972807413755179
HDOK,PLOK,17472,33,33,-128,-12,11,2,33,-115.86474324341084,-116.36191155995131,-116.90161884342993,-118.4708507259042,-115.45899536821737,-117.511668645883,-117.36774211315286,-115.99617858137542,-116.27103639175213,-118.39543911068014,-116.20471327761861,-116.52897036194382,-117.70606977608011,-116.08416386941747,-115.85694744263556,-117.6610835932654,-117.96058176948478,-116.94967074689735,-116.75868272595562,-117.21542944677485,-118.79216966003978,-117.18944313046245,-116.93837134908196,-116.7524456777356,-116.70700353346784,-117.50643154804919,-116.19995224263953,-116.16034257163705,-115.14369720283946,-115.93926732221443,-119.49144325634836,-116.63110499719812,-114.88763528390771,point1,-116.84441834452886,-116.7524456777356,-119.49144325634836,1.0506108676604646,-0.5135241897746574,0.23484604129423792
HDOK,PLOK,17472,33,33,-128,-12,11,2,33,-116.57252498281915,-115.6671796345609,-116.0789671847599,-117.483577374683,-117.43517195243287,-117.15798713957923,-119.37207484390493,-116.84513020336595,-117.34497219974102,-116.98614714780956,-116.42461659399297,-117.71901188516456,-116.71814471175796,-118.43215991068962,-115.9372797467148,-116.9073845954728,-118.03811354203901,-116.14138838286328,-117.75744494296062,-116.4500347607406,-117.16459265815838,-117.68215167062037,-118.20159770220015,-116.34393724785991,-117.30695911821375,-117.64420238408154,-118.67307117340776,-118.97163398485229,-118.23669173308244,-118.0446215102164,-117.06710587259491,-117.76768947809695,-117.53502811571447,point1,-117.33662407227732,-117.34497219974102,-119.37207484390493,0.7623296768295288,-0.20987193286512762,-0.2658539917133065
HDOK,PLOK,17472,33,33,-128,-12,11,2,33,-115.44539254157151,-116.62793995406494,-118.82593238173541,-118.48745810094698,-117.09739427220121,-117.01679865397927,-116.84789614034685,-116.93103531751535,-118.07458989454425,-118.48046671163603,-116.45460941472955,-116.13499323766833,-118.0321456499859,-116.65306759575141,-117.34766128423799,-119.12795665768309,-117.14633103167932,-119.03021557855153,-118.6207531912353,-115.68024808501731,-116.38974997155515,-117.13051292681489,-116.96564166726503,-117.15155902967209,-116.94536771320344,-115.55111376680755,-117.12642865427769,-116.58801390488217,-116.03079611128778,-117.09090752972973,-117.83702894275628,-117.80586618649592,-118.46835833843517,point1,-117.24679486176562,-117.09739427220121,-119.12795665768309,0.9704102090729598,-0.20396388459442039,-0.6535296008756135
HDOK,PLOK,17472,33,33,-128,-12,11,2,33,-117.18193273616184,-117.17407286297288,-117.28644546521652,-116.51969739309405,-118.04610094963714,-117.5564197660009,-116.46602237482946,-117.58944398282692,-117.85692034021334,-116.63631174166395,-119.17773655704056,-117.96115926474599,-116.10747571338577,-116.9298712763866,-115.46707242968222,-119.00607891530123,-115.86720635611854,-117.6514830005919,-117.98592171184609,-117.7935477758826,-116.69609866494272,-116.80190171902464,-117.13897863219027,-115.61606873215106,-117.41170882601827,-116.01862119823889,-116.9097288981536,-117.42365686452146,-116.5896411891695,-117.39559047920326,-118.16062391710966,-118.7778747156137,-116.40269939256738,point1,-117.20012466189401,-117.18193273616184,-119.17773655704056,0.8086381650748864,-0.1889188544659403,-0.1747235957139619
HDOK,PLOK,17472,33,33,-128,-12,11,2,33,-117.8675310896671,-118.14702955161519,-116.16492929781539,-117.82785331799187,-117.96408403768429,-117.56767719783556,-117.58616581315758,-117.07385131861467,-115.57093498079892,-116.5400418983342,-117.10247729139351,-116.08329709593949,-119.33014285889085,-117.42636103839757,-117.26953823216647,-116.6526933492933,-115.47785594840319,-118.44373051630627,-116.81455499018533,-117.15764552521695,-118.9649545745551,-116.81929019675066,-117.50690544210298,-115.45066722445219,-115.61505836342148,-115.68880254496071,-118.34181479177983,-116.30486139423799,-118.63708345299368,-117.11135947476697,-117.86516744769185,-117.36943326097219,-117.20347639458474,point1,-117.18022030039327,-117.20347639458474,-119.33014285889085,1.013351718258587,0.005815352666446597,-0.517140952637622
HDOK,PLOK,17472,33,33,-128,-12,11,2,33,-116.74377679131172,-117.57952518800421,-117.00142401821037,-119.90954733247979,-117.75423279370669,-117.81983985475713,-116.48007223192411,-119.88846993421252,-118.41067981002952,-117.05031684287681,-117.04999662448245,-118.69979720452376,-116.97489397854282,-117.0362724708668,-116.36432190589147,-116.83826746181977,-117.75782960504782,-118.83939388108801,-117.04383768733004,-116.07748906490714,-117.07004829111698,-115.90258365606364,-119.14034343471953,-117.0580897488633,-117.10397279859859,-116.96639958680868,-118.2266824548325,-117.81945301097242,-116.54605357257536,-117.19660630922742,-119.78299038586549,-117.43106209002457,-116.1195153432788,point1,-117.50556925348361,-117.07004829111698,-119.90954733247979,1.1317154756443952,-0.8948962189681535,0.15695752782073624
HDOK,PLOK,17472,33,33,-128,-12,11,2,33,-116.41239616548879,-117.75769377936491,-116.85989319545307,-117.16785922630432,-116.84940117740867,-118.21385376216563,-118.55808412222176,-118.12539637952386,-116.8856263129335,-116.39335653696432,-117.43914591272313,-117.53696604822917,-117.09346320434503,-116.29911714998413,-117.96486312192768,-115.92685446358792,-116.29297147217882,-116.33332918128167,-115.23779452493193,-117.80370486921264,-116.61409607415374,-116.66684470130197,-116.83022914124315,-116.86974961548403,-118.85432003730172,-118.08016891742669,-115.63494000264402,-117.05077553959977,-118.64421970494438,-117.75894528218069,-116.28186495528048,-118.04732579564227,-117.41204119685986,point1,-117.1484027748574,-117.05077553959977,-118.85432003730172,0.7699987771947371,-0.01218289573146797,-0.5754220375402803
HDOK,PLOK,17472,33,33,-128,-12,11,2,33,-116.72160367201776,-116.76295512298444,-117.58383651398178,-118.79762742374893,-117.91353652519629,-117.10634260670149,-118.35364084984947,-116.45831073353703,-117.83309077301885,-116.12709280160807,-116.99292390606495,-116.95040530210903,-117.5151021454355,-115.96934335746766,-117.59297252605506,-118.12454869694696,-118.56259056948302,-115.71231914188583,-115.77509674288606,-115.84722601013293,-117.90141178160411,-117.82326028355465,-117.49234132378494,-117.8643990493774,-118.13864675075332,-117.91815137469158,-117.82281177846548,-117.89542205277327,-116.63064202406187,-115.8644680016104,-115.70180661299032,-117.84519131575176,-116.27595264437714,point1,-117.2083354671184,-117.5151021454355,-118.79762742374893,0.8189305215963817,0.3057187799578684,-1.1464856896561053
HDOK,PLOK,17472,33,33,-128,-12,11,2,33,-116.22724703339995,-117.34993679561417,-119.51283218141583,-118.26447441702778,-117.57601997980106,-117.31952223589003,-117.51940704875582,-117.42709335479834,-118.66395465721685,-117.9754003948499,-117.68146908137311,-117.13203008551042,-118.50317726769997,-117.91107302137306,-116.69512013413761,-118.80889407162921,-116.20217556113896,-116.53724345072587,-117.06943316778005,-118.26233493673948,-116.65342619984314,-118.49492431958714,-117.81631294604482,-119.02926450996468,-117.00321810627385,-117.95937132278742,-116.73832319149088,-117.55760492691303,-117.07776827369231,-116.97246618184117,-118.2949959868086,-116.8366110614838,-117.04629903416868,point1,-117.579376513266,-117.51940704875582,-119.51283218141583,0.6575401780035547,-0.38643470445464834,-0.43088953605584024
HDOK,PLOK,17472,33,33,-128,-12,11,2,33,-115.3270839016909,-116.70393210360305,-118.24715468840797,-117.4069138963673,-116.86581032145473,-117.11395894261554,-118.49167299626846,-116.48161668892402,-116.05855477592918,-118.39358704619895,-115.1838021190288,-113.51273962794806,-117.75237779901065,-118.73123130078137,-115.60403535224417,-118.02950883659233,-116.05692446456358,-116.40661905082807,-116.7352325423897,-117.70054585623916,-118.06811528161074,-117.6341663896172,-117.68276956722286,-117.1388660752253,-118.2773103985512,-118.32811633070777,-117.96006652472542,-117.72848419175044,-118.54581851624098,-115.22846594975717,-117.29159101917215,-117.61569787502447,-117.7824600582026,point1,-117.15409789360288,-117.61569787502447,-118.73123130078137,1.4088238811337368,1.102461530799365,1.1232746019443547
HDOK,PLOK,17472,33,33,-128,-12,11,2,33,-117.8369562539658,-115.3231216300323,-117.89312207193016,-117.98658766924913,-118.087066228775,-116.72674985669205,-118.006716837426,-119.42749495985075,-116.13981387514742,-118.31947033039069,-119.22350930487647,-118.49033295382152,-118.63300124330259,-116.44491045623674,-117.14710623931185,-117.32878110708032,-116.12242325200474,-116.19913300617502,-114.94387938296651,-117.83504411801755,-117.37124770104418,-117.71159358045377,-118.50442890529688,-118.0824374204858,-116.63282299573757,-117.94616692026402,-118.24451065589882,-117.45879573571858,-116.18680370952467,-116.88750068526315,-117.6355523999769,-117.38270850482728,-115.7856074712679,point1,-117.39228477160641,-117.6355523999769,-119.42749495985075,1.1218900910727532,0.39172216383416836,-0.2744761297576326
HDOK,PLOK,17472,33,33,-128,-12,11,2,33,-117.11923422779465,-116.13931090779666,-116.94797137602461,-116.55152832572172,-118.04637046149172,-117.3709272167484,-119.05783928632104,-117.79080399952551,-116.56798677767262,-119.62320129160929,-116.87718764183745,-115.78390798912827,-118.39501460804973,-117.38491724850302,-116.44118347298362,-118.41270221467485,-116.94443461573809,-118.64051644556002,-116.28524302346581,-116.54013045545294,-116.65988582637415,-117.34884064201438,-117.0942852244557,-116.48115742660161,-116.445026854544,-117.27861075838715,-116.12981314999338,-116.09952454066821,-115.61015630592613,-117.01431983899788,-118.00721728599996,-117.58716645476866,-117.37128295504942,point1,-117.1529605712085,-117.01431983899788,-119.62320129160929,0.8653990828127653,-0.746225615883613,0.28844347402114323
HDOK,PLOK,17472,33,33,-128,-12,11,2,33,-116.57098675804686,-117.28804497420485,-118.25148959953258,-117.92001082132154,-118.96842975210139,-118.1684948461197,-117.73726901317185,-115.4682642294432,-117.02781778013706,-118.30034674161492,-116.55326650628326,-115.43258606966364,-118.72154465179578,-117.89572607568488,-117.0363794590086,-118.80514040501834,-117.10272800833704,-117.8992891285818,-117.69814863864951,-118.89602265273375,-119.34121129680987,-117.53709046244532,-118.34851023885935,-118.39833992368513,-116.64545510213568,-117.35715938997228,-118.0051560060984,-118.38303197127264,-118.11971529527392,-116.7383640802166,-119.47818314470577,-115.34627128098433,-117.04685500878577,point1,-117.6511311912938,-117.89572607568488,-119.47818314470577,1.0913504243627463,0.5288675098614394,-0.04942402691800796
HDOK,PLOK,17472,33,33,-128,-12,11,2,33,-115.09942482183432,-118.71669502788616,-117.51968774626864,-117.22721808792491,-116.45853037148207,-118.31400425135868,-118.54174014137314,-117.48826183522523,-118.79986558649128,-117.66995798179622,-118.05058526425788,-117.32446729373595,-114.76174072154181,-117.53141698804592,-116.7603582899984,-117.00640929960664,-118.26599198624271,-116.51698338844218,-120.40581120041439,-118.11688636410919,-118.15326206417012,-118.71388824804298,-116.84687903376899,-114.33992727404886,-116.06179823967622,-116.90895617263715,-116.59842138782692,-115.97905513277635,-119.07190144819562,-116.74827607453638,-116.8251735798877,-118.10871273612527,-116.63796317142933,point1,-117.32031064276237,-117.32446729373595,-120.40581120041439,1.5838297582360292,0.1917688927879837,0.5355353119044679
HDOK,PLOK,17472,33,33,-128,-12,11,2,33,-116.87998586623351,-116.56265575098041,-116.95939819263135,-117.96195983462415,-117.67501447336853,-118.2537439506714,-117.53541110504916,-116.05115736682869,-117.63145621396421,-115.92148387299412,-118.42201045837004,-118.61529548437461,-118.97205619006715,-116.49499624761725,-117.55811103735041,-116.51390478917376,-116.32164743825511,-116.06882194310379,-116.59588816982887,-116.79080271415923,-118.79024418060702,-116.25361859227544,-116.59051700060662,-115.69916480593865,-116.63154519756519,-117.32920881665848,-116.46810241774922,-115.92237055918275,-118.51732159350958,-115.77926963220793,-116.34194820316459,-117.2442705805652,-117.81655265401508,point1,-117.0657556161725,-116.79080271415923,-118.97205619006715,0.8753334346475149,-0.49457305947730473,-0.8883366392749363
HDOK,PLOK,17472,33,33,-128,-12,11,2,33,-115.61045344549751,-117.98577656223364,-117.93557056995259,-117.90640261679829,-115.59703821357078,-117.49088949648453,-117.13203323914006,-115.99487173315804,-119.54868829915435,-118.45180813317094,-116.59963046973655,-115.87694949009733,-115.13895203215269,-117.18362607127003,-117.88329328741871,-116.9944975727457,-115.27328573253516,-117.55897102815946,-116.24898210744287,-115.3604298621665,-119.630890961768,-117.43831478746598,-117.3463053706351,-118.08246369647526,-117.76825730354656,-116.88345892816122,-116.53941577517044,-118.77891967655545,-116.82715452540091,-118.64325858761906,-118.02076730016499,-117.2352312892186,-118.1291965933149,point1,-117.24532681086006,-117.3463053706351,-119.630890961768,1.3390153485626488,0.035053266156762984,-0.45978293642137125
HDOK,PLOK,17472,33,33,-128,-12,11,2,33,-117.81639663040689,-117.05274428608381,-117.23108294041509,-116.88261550529096,-118.65607216184235,-118.83453992192925,-120.11474965250686,-118.32080941461511,-117.42850901097019,-118.16249287245317,-117.37181319292684,-116.81565202486506,-117.95734805846547,-115.9530771842894,-116.55667131852046,-116.82076174674589,-114.91033830033881,-116.91883241453125,-117.30945906733609,-116.28736201951432,-117.75375897219044,-118.75163043286804,-116.13451300403995,-117.75431887670263,-118.10474491094354,-117.32248268338074,-119.8402109526709,-116.37632278333992,-118.68622588276821,-118.19951451648026,-115.68911248782895,-118.90910462260167,-116.76052148530054,point1,-117.50556937379284,-117.37181319292684,-120.11474965250686,1.3096554393302393,-0.14199349630704886,0.03510833519259471
HDOK,PLOK,17472,33,33,-128,-12,11,2,33,-117.3118614767556,-116.4205404882947,-119.48176232591806,-116.93008347577447,-116.82468112523324,-118.7082020467427,-117.6665671830159,-118.49534314967747,-117.17285740589517,-118.39679844377005,-116.62396397166033,-115.77728789266867,-117.40181043842848,-115.64998678174317,-115.50695200255008,-116.49739734137097,-117.38064866136787,-118.18570722981339,-116.49323302286824,-118.78956011044764,-116.94155345484437,-115.99267035369539,-117.79034628911636,-116.76997658016191,-117.8393275377356,-116.34201950538,-117.47188471790936,-118.18598562535807,-116.0091822871202,-117.80384733576929,-115.74895482968722,-116.75789490203529,-118.51662900849351,point1,-117.20865203034249,-117.17285740589517,-119.48176232591806,1.0271767271744279,-0.21803173700703327,-0.7189695536574265
HDOK,PLOK,17472,33,33,-128,-12,11,2,33,-117.72904061014486,-117.15953954767805,-116.75675141643333,-116.59679938951628,-115.29783622830071,-117.40241703934679,-116.86097328402714,-118.57606540296023,-118.17306087261261,-118.11131664211597,-117.12238692814992,-115.54306403132156,-115.20705019177261,-116.63904574110161,-119.00307618619946,-118.166553154476,-116.9125082768969,-116.71982762503846,-117.27947546920667,-117.95933319152392,-118.95567937247421,-117.90135074368881,-117.57638320879964,-117.42480320104448,-118.141870562999,-116.86570177135167,-117.98243801274047,-115.51264014398515,-118.56936292681765,-117.3775069351924,-118.59411536197788,-117.25435898787659,-116.1228162872627,point1,-117.31803481045557,-117.3775069351924,-119.00307618619946,1.005599974400347,0.43591589308279544,-0.31579083998606494
HDOK,PLOK,17472,33,33,-128,-12,11,2,33,-118.80348224417908,-117.27393662238708,-118.51436904170203,-116.8061546697645,-118.55347985112348,-117.54860037720503,-118.30319100175087,-115.59978791501308,-116.29592078142672,-117.63736668039093,-117.36854171004858,-118.14145424592809,-117.71859913172466,-117.21197680946771,-117.53344056991061,-118.32088161236742,-117.45842242305909,-118.335439802254,-117.41277591256738,-117.83387539906771,-116.14253399833889,-115.44721919853728,-117.0020486121239,-115.17289087205086,-117.91470143695446,-115.65555211071546,-116.6501479938268,-117.36272312824683,-116.86371320203997,-117.49058890713512,-116.31615676094202,-116.70808491656874,-117.35415264756577,point1,-117.23491547231468,-117.36854171004858,-118.80348224417908,0.858228605383763,0.5017877152404147,-0.3254762477322517
HDOK,PLOK,17472,33,33,-128,-12,11,2,33,-119.82882078257077,-116.0945192488897,-117.03417377474517,-118.77122730027901,-117.94173857252046,-117.04625244911107,-117.28099127542356,-117.12593106847048,-115.70979275779581,-117.94654038696122,-117.96963139139217,-115.71184428816089,-119.09892408737463,-118.14075839808993,-115.57213998824838,-116.59341959782036,-118.0669143460859,-118.60189831450592,-117.4757166746536,-117.50058535219804,-117.0936112515259,-116.95841752714446,-114.98443680126154,-117.23552139476692,-118.15627646018133,-118.8129049840172,-116.81943618190414,-117.67878286986264,-117.47197764609218,-114.86231289149494,-117.20377835553602,-116.37852717092417,-115.8266100037021,point1,-117.24225495738517,-117.23552139476692,-119.82882078257077,1.3364373811162373,0.10894616471063535,-0.17477023901695965
HDOK,PLOK,17472,33,33,-128,-12,11,2,33,-115.97153275059219,-116.68180348269291,-118.05562655511527,-117.11795366702287,-116.69922853182786,-117.06633614683074,-118.70001062370184,-117.62173931365676,-117.1565918454945,-117.98653017454134,-116.9269062479668,-116.82778399282104,-117.06134944646541,-116.8535403219299,-117.87762107128256,-119.42559607605993,-119.59126923967673,-117.5975290075505,-117.56571789191074,-118.03001740999825,-115.38248335673602,-118.11872301002103,-117.7396817160432,-119.1038037342799,-117.6314058127692,-117.08670838018814,-116.32813875924968,-117.05451078548616,-116.91654423358573,-116.99517259036834,-118.98018359654168,-119.28235435140417,-117.25528593793081,point1,-117.53605091096188,-117.25528593793081,-119.59126923967673,0.9468047461636717,-0.3843726536258723,0.02513905779090564
HDOK,PLOK,17472,34,34,-129,-13,11,2,33,-117.02674835811054,-116.3159186633819,-116.64585064692265,-116.83843067451456,-114.25126542549873,-117.0999897322942,-113.76804801597352,-115.12014799093288,-114.1779343131512,-116.32925926688202,-115.79981403801557,-115.3780016878942,-114.52805127384553,-116.24165825409929,-117.91700253315436,-115.6206190892269,-116.34518102895163,-116.46657459425661,-118.32777698455352,-117.70764108112446,-116.86274751292886,-116.00753546281581,-116.77437031280479,-116.34716302546616,-117.83979296285892,-117.24507004007417,-116.44703783084,-116.78506260780942,-115.38670523047179,-117.95398900352883,-117.5974662453701,-116.93180843546286,-117.62111529020606,point1,-116.41532659434613,-116.46657459425661,-118.32777698455352,1.291947191540387,0.601062311928363,-0.10650783614008752
HDOK,PLOK,17472,34,34,-129,-13,11,2,33,-119.04319859706138,-116.26789282670278,-115.28513858247865,-115.88442966241423,-116.01749647798522,-117.63511044308196,-115.59865577285802,-114.97610430797434,-115.8079453830349,-115.36427524633345,-116.38805004457544,-116.1770549752741,-117.06990330965255,-114.34329507192818,-117.64735263127432,-117.08097641738095,-115.86045104134259,-114.09443574636032,-115.99569148205731,-118.11427658003788,-114.90407028105061,-116.64544041450029,-118.59520124690351,-116.47932814894939,-116.06692330848517,-116.4872279673571,-117.91178414592531,-117.29877264253754,-115.42737949830713,-116.20028225601278,-114.761969450437,-117.39697071984055,-116.85537083132836,point1,-116.35401380337707,-116.20028225601278,-119.04319859706138,1.3597036873888066,-0.27651969552618844,-0.20590145599990084
HDOK,PLOK,17472,34,34,-129,-13,11,2,33,-117.01240920153674,-114.25691750655966,-116.00758130262048,-117.79983835922523,-115.79572358963985,-115.45294596134532,-114.66667509966994,-116.50754118623156,-114.70734166965035,-117.73715050702945,-116.78566778985736,-115.952947865867,-115.60715335140267,-115.64830016533563,-116.71189611684102,-116.85468308114672,-117.01388591224098,-116.55635425243878,-115.88566081768879,-116.08686325608032,-115.89596282555017,-117.48969713713595,-116.57046535291346,-116.86295643848193,-115.49508733998898,-116.82383716533047,-117.1066563301068,-114.17382941097434,-116.72875652648557,-116.13205967556404,-116.10655247460461,-117.41754463881225,-116.74492721308714,point1,-116.2604808945892,-116.50754118623156,-117.79983835922523,0.8345224356709217,0.5750379321926394,-0.008048600642109438
HDOK,PLOK,17472,34,34,-129,-13,11,2,33,-117.21862490211441,-118.56524222892531,-114.05139359932963,-118.37684539517126,-116.01308470031644,-116.90689397095143,-116.45106070262499,-113.54745971574422,-113.71981485281799,-115.71025118830238,-115.91373445779467,-115.3131124897168,-115.87703150620163,-116.41125787832179,-118.29226688074894,-115.13890816042141,-115.92159053898048,-114.13675457970221,-116.28978377205392,-116.77904222761791,-115.14986971920985,-116.3853650533143,-113.73281922723358,-116.7452063951688,-114.49565340903986,-116.74762238174614,-118.28133777384386,-116.02042753440163,-118.39103481350695,-118.83321908227396,-115.93150138193766,-117.41521687022934,-116.14189091740629,point1,-116.20925206991423,-116.14189091740629,-118.83321908227396,2.108632644082077,0.03675868693034037,-0.5751028226874819
HDOK,PLOK,17472,34,34,-129,-13,11,2,33,-114.63127036412537,-115.49291463548839,-117.01110849755537,-117.65734702772734,-114.75349509931141,-115.09232074714232,-114.98739892187999,-114.58084221755925,-115.06570987599463,-114.9423850622227,-117.21958936757298,-116.0984955471676,-115.39740234072885,-114.99666552835204,-117.25990203153485,-115.8430963082453,-115.56653178608292,-116.35126188938021,-117.37633668935291,-114.7690226786023,-116.20759642372728,-114.66387558370978,-116.7167307910158,-117.8138540166512,-115.01553183088289,-116.55815479122774,-116.15268861703457,-116.29947180631369,-117.06887411778419,-114.96226843982727,-117.71038007317122,-116.65602015770519,-118.31249022434966,point1,-116.03730404513416,-116.0984955471676,-118.31249022434966,1.1942596193019632,-0.3444292066237674,-1.1437367897047404
HDOK,PLOK,17472,34,34,-129,-13,11,2,33,-118.54181888007956,-116.10841956537877,-115.72583131899682,-117.57119140234822,-117.00600068950548,-117.67929958151896,-115.21272013435879,-115.8063928854731,-114.22086046494678,-115.25566854481563,-116.1256392449035,-116.53399109789406,-116.07478477031734,-116.33961160108387,-115.9157604597313,-116.58488136835041,-116.39643127979693,-115.73106619909349,-116.6474090952552,-115.42851904917342,-116.11653522958619,-117.2483538434624,-116.32611149900494,-115.47569086107546,-115.1910001396316,-117.36060237807921,-115.95459270528637,-116.44191032399763,-116.88320276377061,-116.72088574018768,-116.81296147894369,-116.47672172446717,-116.91838604671806,point1,-116.32828037476462,-116.33961160108387,-118.54181888007956,0.7000810158663953,-0.13525454828748504,0.8881951590893373
HDOK,PLOK,17472,34,34,-129,-13,11,2,33,-117.12387945223088,-118.25552382246309,-118.27737662020783,-117.15144664550674,-117.0091935285525,-116.56670902616759,-116.20482322709525,-115.54458481892827,-115.02057251052638,-115.8379905924409,-116.66431962157384,-116.36373995684782,-117.37732378364849,-116.20285468173105,-115.70372788796898,-115.16956258334966,-117.42653730734772,-116.83041234834874,-116.1216561272908,-117.3679889316521,-115.99364564171859,-116.03943241257647,-116.93687488705446,-117.24734541857192,-115.81323807117221,-118.39642040530309,-116.29338686920698,-116.54650873163108,-116.82967306812264,-117.25635189134076,-117.08427277923457,-117.35238398620581,-117.76267203631998,point1,-116.7203766567375,-116.82967306812264,-118.39642040530309,0.7026727976470102,-0.04588738094901698,-0.3787050799942042
HDOK,PLOK,17472,34,34,-129,-13,11,2,33,-116.33767650813934,-115.04214667616915,-117.91785559869338,-118.61492459251049,-116.54668237589192,-116.41203219070373,-116.26305487328762,-115.6866958958269,-116.83137501421993,-115.31484066310674,-113.80315855691073,-117.30963006676896,-115.6779804903874,-115.54444715410682,-114.51676985973022,-117.2920795914143,-116.3556833084941,-116.16927627169125,-116.87123877822792,-116.4452239996563,-116.14141279715449,-115.81970566185004,-117.03875275789059,-115.2520362289202,-116.57642941349562,-115.7948435583746,-115.76225185720853,-117.40167257725926,-117.97167378362865,-115.3362095384759,-115.86730463786726,-116.57157417207144,-116.10602214920982,point1,-116.26038368482858,-116.26305487328762,-118.61492459251049,0.9609480450060202,-0.05409989776933763,0.6380860709634804
HDOK,PLOK,17472,34,34,-129,-13,11,2,33,-117.74632795557622,-115.01131726729992,-115.78975340937701,-117.79726770384214,-115.75662683189897,-115.80174143936013,-114.63612879055192,-115.592318624513,-112.86744884946668,-115.69875015772743,-116.08242060906201,-117.02962201510772,-116.4140961501324,-115.51514153793175,-117.01146524270716,-118.2658669585537,-117.54052535046227,-115.77056254513728,-118.04522308395445,-116.25747304834157,-115.56007236191097,-114.88295959116961,-115.13590131344968,-116.44695380042276,-116.37374618507867,-116.60457266436826,-118.82061509407588,-116.62871670359787,-118.41534328320499,-116.0640699829285,-117.64698074335068,-115.83911368360164,-118.13739288260433,point1,-116.39959138972023,-116.25747304834157,-118.82061509407588,1.5986537265017202,0.21068337165810164,0.4468186024836731
HDOK,PLOK,17472,34,34,-129,-13,11,2,33,-118.4229094669257,-117.1653095673588,-116.84648848086374,-115.39044875577393,-116.54302959628039,-115.24464152157556,-115.7883959866519,-115.99596762389257,-115.68849599189267,-115.20642498049185,-115.35261733146486,-117.25105431488178,-116.73092278650529,-115.64072092872419,-116.35563015438433,-118.13896919277332,-116.36368571392502,-115.12231254138823,-115.61301004987718,-116.78176621610328,-117.54253051687637,-116.70338688088076,-116.93553884271358,-116.34916624285627,-116.56267571721659,-116.87294863706343,-117.32731890750438,-116.46707453254403,-118.20003235816804,-117.35147171722215,-116.52633064043911,-116.82884866396549,-118.44732777783507,point1,-116.59871068597029,-116.56267571721659,-118.44732777783507,0.8390076256065847,-0.28401193708607675,-0.4768047382237861
HDOK,PLOK,17472,34,34,-129,-13,11,2,33,-116.43765305571185,-117.58402267105784,-117.52421582508302,-117.88965535269644,-115.63078982331012,-116.33288739409123,-114.0573449492628,-115.49775299570692,-114.17177365537523,-116.82258571099673,-116.10728551726574,-116.2687292369513,-116.43914278063116,-116.33355373615655,-116.50907925384945,-115.23711398692514,-116.40388799400147,-115.91104150558246,-116.78437276261705,-116.22059179694304,-117.44312443645258,-115.88364389563303,-118.80472748374831,-116.22651448477177,-116.14820348355437,-116.20402923674695,-115.62000996280982,-116.96132824674505,-117.21086298491035,-115.97807109325764,-116.08653759525846,-116.05879625370403,-117.75580131111639,point1,-116.38015546887648,-116.2687292369513,-118.80472748374831,0.9057096643979948,0.03966231423845361,1.238816214202029
HDOK,PLOK,17472,34,34,-129,-13,11,2,33,-115.23817235922125,-116.23334139454107,-116.815194104451,-114.89074685544014,-116.80941352501262,-116.33891577975089,-113.10034877107049,-116.13546058867685,-114.22189604067276,-116.85223312388732,-116.70423527459835,-115.4554608984914,-115.83619046441073,-116.85479994092731,-117.98939851817502,-116.10778210280853,-115.98722190065179,-116.84922400156228,-115.78215078692918,-115.42375488402622,-118.00827177526274,-117.15301818982968,-115.69167459726292,-116.53695810805455,-117.36405906638934,-115.40161160324612,-115.63300621112629,-117.3141129426978,-116.86506577236155,-117.96229204062256,-115.8003953058083,-115.983419374397,-115.98443231981148,point1,-116.22194723097502,-116.13546058867685,-118.00827177526274,1.0628566162025375,0.6432238472476768,1.419070478104517
HDOK,PLOK,17472,34,34,-129,-13,11,2,33,-116.27113004793026,-115.30375943264043,-117.10162523408744,-116.4520359516674,-116.97622201941361,-116.39218746394832,-116.06741813409002,-115.35307117383888,-114.33624686143429,-114.30683784943227,-114.95803587453992,-117.22910838228684,-115.66522392674113,-115.2561343813232,-114.03147587891084,-115.53304746895357,-116.58842069622531,-114.83914272699845,-117.07434336254757,-115.92358956330244,-114.43952636904429,-115.46159307221124,-116.6584168111903,-116.69825075993856,-116.68834059589838,-117.44463574731188,-118.03331108873103,-116.153467028654,-117.84709178972548,-116.95579656524356,-116.97644230773297,-116.96338447287445,-117.36105844500524,point1,-116.16182943890527,-116.39218746394832,-118.03331108873103,1.1184716920022375,0.35766642008124744,-0.7685198116018763
HDOK,PLOK,17472,34,34,-129,-13,11,2,33,-115.82132206673049,-116.1414366192977,-115.20420773875006,-118.00188612285558,-115.75272355934264,-116.08418002976225,-116.2843784740836,-114.46366239978283,-116.59307409932408,-114.49399445179625,-115.41183045392755,-116.63421869081257,-115.126068853715,-116.90085713226252,-116.30118005687412,-117.84334367061236,-117.89480452091945,-117.32751685412524,-115.66617955475245,-116.26220938266317,-116.92847779446033,-115.69843755510034,-116.52096589768347,-115.07504144485043,-117.7126330444865,-116.30180804994062,-116.89417167648409,-116.39350270720213,-116.12779908374483,-117.53120132636013,-117.61342948580695,-116.26962885354354,-116.66888069274599,point1,-116.36197128317572,-116.30118005687412,-118.00188612285558,0.8601762964460036,0.08396362785883028,-0.43393077211331077
HDOK,PLOK,17472,34,34,-129,-13,11,2,33,-117.33973184356383,-116.2167247652583,-114.84958733809786,-117.31907258199223,-117.4152984185515,-114.68750350993892,-115.65972119305827,-115.48492680843103,-116.34950252929583,-116.6476751500195,-117.47343006679147,-117.36832566121149,-116.01197504445204,-116.29210704829643,-115.85797095769696,-116.01831713923384,-117.17979176010095,-115.80396491479969,-116.8359885627234,-119.35624492393555,-115.56550713413591,-117.19530087958373,-114.10509167114495,-116.96187097577376,-117.80862399007327,-115.44754806479172,-117.01927108112379,-117.23579857380686,-116.3874747515397,-117.5803532342847,-118.1606710973186,-117.9524678142115,-115.92535822511009,point1,-116.59130902152567,-116.6476751500195,-119.35624492393555,1.1808466872700907,0.007454620095257493,0.26487777458693396
HDOK,PLOK,17472,34,34,-129,-13,11,2,33,-116.87581535494387,-117.27049976717237,-115.49014833876186,-116.91337127968934,-115.04643797232313,-115.4238709574516,-115.34202746772272,-116.65652752594352,-115.168540990437,-116.43672875205243,-115.59566994874184,-115.99872253565266,-116.57084089550474,-117.04791005939214,-115.73592566627882,-117.15417990090208,-117.31668954922439,-116.84916054523187,-115.96253891784755,-115.44397635958039,-115.91934070892084,-115.39462105317267,-115.53885619646509,-117.08172439367435,-116.44173310191186,-115.81161655919941,-114.83014333687987,-117.43475875463619,-118.26433866803369,-117.04662475207037,-116.98851029496828,-116.88659964242959,-116.65263410964,point1,-116.3209419502078,-116.44173310191186,-118.26433866803369,0.6861645164936769,-0.08354978816701397,-0.8034505775615415
HDOK,PLOK,17472,34,34,-129,-13,11,2,33,-116.15131629119784,-115.3636687422861,-117.0000826493039,-116.54510465834952,-116.2868200661729,-115.3977766597253,-113.78727211585269,-115.84865481983071,-115.21858206639253,-113.40990359509979,-114.09101343571696,-115.47926628487755,-115.30288590993253,-116.11245647120315,-116.65514355607985,-116.07924332756191,-117.37775588779652,-118.03935220943083,-117.16641626721281,-114.95274501673332,-115.8728882434594,-115.20070033482462,-115.28686151172677,-117.99343981772611,-118.01354357800712,-117.59036712442217,-116.31871480036403,-117.66957196735937,-116.54732795385625,-117.43406950177254,-117.77157172372151,-117.16839468837618,-116.27803029123237,point1,-116.22457398689714,-116.27803029123237,-118.03935220943083,1.444093718434447,0.4002773700058794,-0.29899985578396704
HDOK,PLOK,17472,34,34,-129,-13,11,2,33,-116.29849787874498,-117.22511589234966,-116.52883816703303,-116.372086757106,-115.87074301941244,-116.16953446641494,-113.2578687504614,-116.19420082653495,-116.2583012849164,-115.3953491367808,-115.4762244375958,-115.39393683096849,-114.53777025626718,-116.72732674939293,-115.24675704506177,-116.32256639255523,-118.11931346460509,-117.10438215355217,-116.77737922075706,-118.42283518552976,-116.16382395324678,-115.82228606686662,-117.71652614476761,-116.81636378224488,-117.05772949446065,-114.92784049350797,-116.32796388080276,-115.93287805214892,-116.55549776456053,-115.39255775394825,-116.97944943432263,-116.83885780550591,-116.22260642451951,point1,-116.25616390808919,-116.29849787874498,-118.42283518552976,0.9843961161405682,0.492288687436704,1.703531334456971
HDOK,PLOK,17472,34,34,-129,-13,11,2,33,-117.74671876121147,-114.74257396487782,-116.19171446744184,-116.60112507212898,-115.66053632142525,-117.64884521760737,-115.45900901558835,-114.86212347820963,-116.182433002471,-116.73938765424845,-116.36963020180137,-116.45336176128224,-115.39286235409139,-118.37287376637413,-115.50535347968305,-115.2106426465156,-115.174894447828,-115.6088197907977,-116.56727706697357,-115.72746760632306,-116.6215974975597,-116.44020853863631,-116.7639599915742,-117.16670732676116,-115.72275082352148,-116.80580618506406,-117.8019960415443,-115.33160424772989,-116.84351481231126,-116.20472368939095,-117.4421252908351,-117.5365139364956,-116.52870932133925,point1,-116.34629902362555,-116.44020853863631,-118.37287376637413,0.8161151934975478,-0.23453968207856657,-0.5889698740821903
HDOK,PLOK,17472,34,34,-129,-13,11,2,33,-116.84643667469278,-115.67297132073502,-116.21410121201379,-116.54088751598542,-116.01938897449578,-117.25742310415835,-113.4195169978695,-115.5345353998403,-115.89036917724358,-113.47919503674714,-116.10599797868305,-117.0838739745931,-116.97330216637958,-115.22365487217256,-116.94960604315321,-116.56050435482285,-116.42176206190297,-116.34572558387832,-116.30752738404813,-117.93591938177883,-116.94496847961025,-116.40398247610004,-116.35831735906496,-116.88810138069499,-117.89023274171497,-116.27548216579511,-116.32472590804186,-117.02820297908139,-118.14671034402564,-117.16121653081088,-115.01959235274849,-116.46332760925337,-116.28121628845359,point1,-116.36269017668451,-116.40398247610004,-118.14671034402564,1.022201033706583,1.1834079209110044,2.5863469400978345
HDOK,PLOK,17472,34,34,-129,-13,11,2,33,-116.39451621681589,-114.19360051244419,-117.28520631700073,-117.69459789815758,-117.12722989398286,-118.14124651619369,-116.23117604818553,-115.18806723233118,-115.1401991045599,-116.33463731178144,-115.31869703789091,-116.36662491819168,-117.3234151877769,-116.94564869342388,-116.23365112847733,-115.85653766998432,-116.46538045683711,-116.34353266987542,-115.17444317935312,-117.07970183102127,-116.1015991604242,-115.05725984155913,-115.03199801271336,-115.01522041929212,-117.87900176995745,-115.41755733180385,-117.18008265836558,-115.82417951969057,-115.64908480719009,-116.47585321329495,-116.04133831934838,-117.01913055147634,-117.89581559701806,point1,-116.28564336443696,-116.33463731178144,-118.14124651619369,0.94708364529691,-0.027214588268539917,-0.6931853090237485
HDOK,PLOK,17472,34,34,-129,-13,11,2,33,-116.38292169628205,-118.30212898620522,-117.35339242041331,-116.20983053406418,-117.46863520791982,-115.60102188509146,-115.97967895312723,-114.26449594050924,-115.07253400692602,-114.8594911889295,-113.94469155042532,-115.46125764284568,-117.05744101590481,-115.75135552635375,-115.539880965356,-118.7935332869296,-116.81084975929808,-116.36246418745189,-116.36473545306266,-117.85300930969603,-116.32396708099196,-115.49181012016254,-117.69524200086092,-118.59878004797807,-116.80658165651681,-117.47309998262817,-115.78296688032083,-114.61415274221793,-118.94767299209204,-115.96685713968705,-116.73303918047833,-114.60256432493468,-116.45919714319993,point1,-116.3917963881473,-116.36246418745189,-118.94767299209204,1.635800160541409,-0.19250427055476188,-0.49345681203065617
HDOK,PLOK,17472,34,34,-129,-13,11,2,33,-117.56989382618791,-116.21497979117406,-116.39076890719747,-118.24142182765401,-117.55360061859328,-115.31078395782907,-114.72949702672275,-114.86410571080069,-116.1768579333683,-116.63862580246922,-115.4912870913197,-115.88024132911188,-115.20404738545305,-115.2532423153249,-116.186963840706,-116.62495774925264,-114.77018066595456,-117.26358484895387,-116.35015436681121,-117.7879811557361,-117.51217023596348,-117.46503345749997,-117.32285572283438,-116.77657261048462,-116.5753320736022,-117.22933747423738,-116.84855919033271,-116.67151771887083,-116.63947765672889,-116.00051853172069,-116.17597805148853,-115.12267274777813,-116.08931952490863,point1,-116.39189458021428,-116.39076890719747,-118.24142182765401,0.8541452744296015,0.1086647197974237,-0.7544294425670048
HDOK,PLOK,17472,34,34,-129,-13,11,2,33,-116.99158956138274,-116.8415303531027,-116.68228600882408,-117.68004908237803,-114.74804302240406,-115.17432879139257,-114.92660302518212,-115.3173718083629,-115.51046847885017,-114.93265153895481,-116.68877095596146,-116.84337418248172,-115.36145110350095,-117.26551453593059,-115.90146342036918,-115.85293755366989,-116.572047322779,-115.7933355566402,-114.55647100146497,-117.7213889242997,-117.09801887643735,-114.43542416081937,-117.07983223555601,-116.5719661414604,-118.2055053980284,-115.74352364920668,-116.7084590277503,-116.62663002836268,-117.25305287393705,-117.60338081045829,-116.34031667365551,-115.33558996492094,-118.49206855509868,point1,-116.32895286738257,-116.572047322779,-118.49206855509868,1.1266033037601866,0.003221309744768721,-0.8274508694888247
HDOK,PLOK,17472,34,34,-129,-13,11,2,33,-116.70681224974155,-116.32832919110588,-116.47673287477562,-116.55932033054133,-115.22468746433339,-115.58470062372946,-116.02525031856884,-114.2880959950169,-115.62643430893941,-117.58472873864659,-115.28855517546792,-115.41691042825605,-116.34570847097403,-116.14170741525189,-116.24816253793209,-116.11098668632137,-116.28838631965183,-117.11732146330313,-116.24654450236505,-116.98953536202387,-116.42108097430358,-116.02930706395277,-115.18591297824503,-116.21434185467092,-117.26661411246127,-115.37530221385312,-116.98441905254421,-116.87036191756732,-116.98395148253235,-117.43081933680654,-119.67462957619878,-117.86759962028336,-116.51964656515995,point1,-116.4067544607735,-116.32832919110588,-119.67462957619878,0.9199665246134244,-0.8922332683469432,3.0502020293379384
HDOK,PLOK,17472,34,34,-129,-13,11,2,33,-116.65566269208846,-115.8400875728968,-116.11475538578382,-115.56033351335836,-117.59678238730403,-116.62791029290152,-115.84177359215465,-114.6286012835661,-115.7040573132442,-115.06267631276383,-115.59285021851406,-115.72185538407449,-116.81150089721304,-116.33132368784689,-114.63825628191655,-114.53847356181763,-117.93549177909347,-116.93436179445096,-116.66312157952537,-117.24136831605097,-117.10605652335965,-117.42913477893151,-116.13503918381357,-116.45111655407243,-116.51041885392603,-116.35908907208238,-117.75460665752865,-117.32519619087209,-117.8757061554231,-116.77879336011827,-116.90319640456633,-116.11925112650025,-117.39376547365391,point1,-116.4297761873156,-116.51041885392603,-117.93549177909347,0.8361633447343682,0.3829723192660052,-0.4270445764721824
HDOK,PLOK,17472,34,34,-129,-13,11,2,33,-115.51346589709404,-114.81026309105252,-118.10942032690355,-114.54852767380972,-116.46399491088498,-115.88429874276495,-115.41715791642294,-115.91279344870345,-115.9627893157361,-116.2907067643884,-115.91045685106509,-115.96198753063248,-116.06983002269423,-116.1705900673897,-114.28552066437707,-116.21440035533738,-118.21007365879369,-116.31201633654535,-115.61752921281875,-117.43035752673823,-116.98366274379576,-116.82200587346844,-115.50296674631556,-116.80828542843231,-118.32801069082684,-116.86381418667614,-117.78312598512963,-116.20335409271611,-115.47857123590458,-117.13239230784247,-116.69112646356528,-117.453328668162,-116.71831397769182,point1,-116.35954965802057,-116.21440035533738,-118.32801069082684,0.9514416291814464,-0.12512589205118174,-0.10694187149069245
HDOK,PLOK,17472,34,34,-129,-13,11,2,33,-118.96314079331954,-115.24016413985078,-118.14800659279202,-117.94670536797342,-115.37594550703453,-115.94992060738082,-114.83817718902732,-113.7236968459677,-113.24781153947143,-115.61214171370723,-117.3842142646635,-116.38101769839307,-115.49967297788143,-117.29431324615612,-116.42844687338602,-115.56986522631954,-116.58485677054544,-119.01030797512375,-117.34893503156864,-115.35149215515209,-115.59057957595162,-116.44269686826175,-116.42728498202784,-115.79995035099235,-117.29045363466068,-116.9153388667508,-116.90456252861134,-117.60923853976092,-115.80461598749967,-117.47639037160934,-116.79547890126342,-117.077859083927,-116.48293252664843,point1,-116.43988529495998,-116.44269686826175,-119.01030797512375,1.598983758664511,0.26214503785661414,0.5239907823418166
HDOK,PLOK,17472,34,34,-129,-13,11,2,33,-116.19811197640375,-115.7336067620717,-116.56578138063061,-117.32620686519175,-114.92026436222325,-114.58724497570262,-113.97424566601386,-115.01529632019198,-113.80545460172573,-117.85883515715382,-115.21134037915829,-115.16498977903356,-115.8912936380581,-116.10938986583713,-116.2290099801268,-116.50817321465858,-116.54888175102916,-116.58680034108731,-114.88614808264128,-117.36936663927774,-117.09494822704107,-116.96886183517546,-117.66878900010845,-115.87531627533714,-117.13805287202167,-118.39469372365264,-115.59577304201547,-116.00322214744466,-117.25816015174487,-116.81758343404758,-116.06510151354307,-115.67960709638558,-115.95649868439332,point1,-116.15172878003422,-116.10938986583713,-118.39469372365264,1.1467340063765694,0.1860746905023814,-0.2187212813724404
HDOK,PLOK,17472,34,34,-129,-13,11,2,33,-117.64385619534312,-115.16799002013957,-117.05352463285674,-116.70622710375712,-115.20744188252225,-116.95935681600224,-115.23904951328952,-117.15799504763436,-113.93727471184751,-115.01564379798045,-116.2938887202342,-116.25356579323699,-116.3403366963856,-116.03438138979992,-117.84978555808007,-115.76958026286533,-117.55164409189932,-117.4154023944559,-117.98855877137592,-115.50529930642895,-115.38011164136088,-117.3890312497282,-117.43169125695736,-116.37806839183915,-115.69499038385182,-116.7777433041033,-115.81143816974115,-115.85791573382109,-117.41092275143995,-117.52598355581118,-117.14024041502768,-116.3891536078354,-116.81181775456085,point1,-116.45727002794585,-116.3891536078354,-117.98855877137592,0.9344794048748423,0.46735315105395925,-0.33550332659822146
HDOK,PLOK,17472,34,34,-129,-13,11,2,33,-117.01472740243923,-114.72619807278674,-115.91359087355318,-116.25829617684983,-115.29902283601447,-116.31363813733623,-115.63648087277417,-113.15352403385451,-116.71529181343035,-114.72942717603547,-116.5904669834578,-116.92089924181606,-116.46051352886396,-116.32778171621754,-117.41518275355575,-116.01642205415999,-117.94475447727872,-116.8404275632426,-116.74630067449628,-116.0663112928713,-118.16866771846878,-115.8033248622072,-115.77128693912243,-117.4572127291068,-116.33036694243047,-115.20325922174244,-117.8441757609257,-119.80238341390913,-117.41876542241238,-114.29869558578173,-116.14397431605366,-115.8979745279663,-116.42447553338364,point1,-116.35314608044074,-116.32778171621754,-119.80238341390913,1.4778632056126366,-0.09093886301845297,1.7017672680960394
HDOK,PLOK,17472,34,34,-129,-13,11,2,33,-117.46331873914345,-115.46133929218269,-116.20856600993324,-116.42019029646134,-116.15830547481296,-115.75448541485488,-115.77336308896814,-114.91054568452252,-115.27084739284086,-115.80335723665944,-116.03542318015096,-114.97182493090264,-116.11432623085919,-114.32734991895717,-115.98990971825344,-115.86771797196596,-114.81966839286339,-116.28699483049255,-116.1728683234912,-117.38385885200674,-116.80934931283599,-115.84555980119192,-116.4258196656899,-116.46798480857241,-116.85614002894894,-115.96568273355021,-117.0276018022815,-116.36232322063898,-118.31404939272545,-116.7675981201081,-116.95942479947706,-116.62484128482826,-115.75560952845798,point1,-116.16291652968572,-116.15830547481296,-118.31404939272545,0.6452186622220014,-0.1526104183038826,0.7955181929056301
HDOK,PLOK,17472,34,34,-129,-13,11,2,33,-116.68885434347267,-115.87251148051642,-116.85615370876435,-115.3745084543626,-115.20134108732495,-116.45960198993065,-116.16608849146782,-115.2251454664759,-116.72421593756576,-115.58782969177442,-115.42165281824148,-112.49562011872578,-116.63964697159936,-116.46589561842949,-116.13829525975903,-115.51094474831154,-114.93436213271335,-115.98495140658598,-116.22018193692222,-115.76714034930366,-115.67677401084782,-116.72088672083301,-117.05601627363897,-116.15035847780734,-115.57837122187722,-116.88933319937834,-116.101532778689,-116.52486435601826,-117.02353923479782,-117.69461928531172,-117.85218152622376,-118.2513785449607,-116.06131684461224,point1,-116.16109437840129,-116.15035847780734,-118.2513785449607,1.003244401023719,1.0806775610176607,4.461231353089559
HDOK,PLOK,17472,34,34,-129,-13,11,2,33,-118.16155439128451,-115.31756791421903,-115.55969352391885,-116.65879176647732,-117.07496859089248,-118.06082789836229,-114.75740375850162,-115.73718904609511,-116.95345805689372,-116.06106128576691,-115.52411128739422,-114.82690418803148,-115.192477187592,-114.86405310153184,-117.05529184256228,-116.76498366039579,-116.96509930528549,-116.6064978157528,-115.85330687624803,-117.23126996194732,-114.70155715818228,-116.81909411298368,-117.640872171716,-116.36847767015932,-115.95187647119253,-116.62559824548532,-116.76415595348472,-115.8496614397448,-117.76956120239446,-116.4116116161349,-117.46675080692461,-116.81359474943383,-116.42158506404904,point1,-116.38881539760725,-116.6064978157528,-118.16155439128451,0.8867700654359386,0.12847155937365334,-0.7009405692600583
HDOK,PLOK,17472,34,34,-129,-13,11,2,33,-116.50224831234803,-114.9933252025254,-114.21792364372808,-115.81355859280931,-116.43685251510455,-114.90585293055469,-115.94157186915233,-115.31140758746423,-116.15388529567844,-117.28205374620644,-114.7198875079097,-116.029994526653,-116.60539382925725,-115.677513915649,-116.42333423094372,-115.39456979948666,-114.93138968186092,-117.43504515355511,-117.87983501959226,-117.3453943852535,-115.37924750098117,-117.56903985330297,-115.39963805778052,-114.84195424839503,-116.42516822049726,-116.72485838840036,-115.63096669163986,-117.33605115398481,-116.71816164143945,-118.40436386816194,-114.75240932175328,-117.15923761527229,-115.1707204686506,point1,-116.10645014472702,-116.029994526653,-118.40436386816194,1.0877890084427333,-0.2579994135928484,-0.8000655597745197
HDOK,PLOK,17472,34,34,-129,-13,11,2,33,-117.25999157193321,-115.52613107530823,-116.57131092068086,-115.41250557559592,-115.85936667860467,-114.5628786633031,-113.84765058795085,-115.54940012026088,-113.35580158701028,-115.20263915134935,-116.20614618306469,-114.57582949364087,-115.48707378323117,-117.6821433984798,-115.1849134618936,-116.02198481607336,-115.71323455850884,-116.3451169050471,-116.81656387411844,-117.17191223108097,-117.70937794871266,-115.47153725094603,-117.90301986034974,-115.66091725173244,-116.78931780383323,-116.6369704389452,-117.84740410684412,-116.00487967155786,-117.17131119836456,-117.5910248092899,-116.2550653162486,-117.54430928220062,-115.07614931131305,point1,-116.12163269355983,-116.02198481607336,-117.90301986034974,1.3090830108918834,0.3244348117872805,-0.3016476269266346
HDOK,PLOK,17472,34,34,-129,-13,11,2,33,-118.31387432420436,-116.78908501264353,-116.37168293205667,-116.89163233555804,-115.87809185789477,-115.3325500107973,-114.7389682612943,-115.07035300495411,-113.78376827821717,-117.60148295929046,-116.37003834282127,-115.86409933706165,-116.90089311304712,-114.80108761310022,-116.14449852980562,-117.96878158548519,-116.41130193457127,-115.69829392308868,-116.8274644842312,-116.03658599394446,-115.21265166813785,-116.86571329573417,-116.01438273625833,-117.19498756184103,-117.6544934484936,-118.68835166363887,-116.0337641207869,-115.0690001263676,-116.60103344630927,-115.45579177683543,-115.94473094498662,-116.45798250848824,-118.29513111446231,point1,-116.3418954014063,-116.37003834282127,-118.68835166363887,1.2260335333346322,-0.12860622863635474,-0.06543739990859532
HDOK,PLOK,17472,34,34,-129,-13,11,2,33,-117.89065371016828,-116.36283492644397,-116.3954346347755,-115.74871521441818,-116.24720311568674,-117.48964985187433,-117.45532356890378,-113.98181251070551,-116.43821663204365,-115.03944533985467,-114.02752869444986,-115.03540233429693,-117.9965465934047,-116.68916797900576,-115.88804509000198,-115.36774372144933,-118.67835585598777,-115.10382792901451,-116.73651285672126,-116.22928628154243,-116.73638514091896,-116.94573964813112,-117.14307385004793,-115.28324412625953,-116.46281214055055,-116.94073294139257,-116.04458816270652,-116.10781157771669,-116.12513836569386,-116.55242115458644,-116.00213060968458,-117.13903899650172,-117.65536791597503,point1,-116.36182398396711,-116.3954346347755,-118.67835585598777,1.0965446917610866,0.24222563495870372,0.27190458852306865
HDOK,PLOK,17472,34,34,-129,-13,11,2,33,-118.21250990854321,-116.8892092685021,-115.7256853299466,-115.85382947680628,-116.55936228450791,-117.44044518399726,-115.94159441190452,-115.40938577364079,-117.60161935499512,-115.27375251531879,-115.2925656744466,-116.1581612026561,-116.81082811214017,-117.0209600502072,-115.92034300255101,-115.53542347260614,-115.46515153137238,-117.16598191710756,-117.62933886634423,-116.70177111749338,-115.53105959162488,-117.27608568279284,-115.25397510578067,-116.47744025852859,-117.19315300953117,-116.08681181952196,-117.61517620130077,-117.29267367587359,-117.99940848710078,-117.94220663489726,-118.22802401879308,-117.33100231433663,-116.43146080515938,point1,-116.6444362442524,-116.70177111749338,-118.22802401879308,0.8541189858826959,-0.027272477967747153,-1.2595751699635978
HDOK,PLOK,17472,34,34,-129,-13,11,2,33,-117.77320226336427,-116.08268590156376,-117.12505485381988,-116.63633075781472,-117.0602595806572,-116.8130577335619,-116.45313575969111,-115.97586612772547,-117.47946242761712,-116.5031263283995,-113.88041236305864,-115.13230269293439,-115.87356619130682,-116.23155618692753,-117.50037150113806,-116.81112451154218,-116.58347474062235,-115.77837885147152,-116.96692163104566,-116.43995871627894,-116.04255125554786,-118.78809299653076,-116.19824132931808,-117.74036628582445,-116.12687517714274,-116.57202509059708,-117.06964501442141,-119.11119315600773,-116.91473154231724,-116.32195289360621,-116.0718868996893,-118.80457590341322,-115.52799595344021,point1,-116.67849644298173,-116.57202509059708,-119.11119315600773,1.056051149095105,-0.21538894513770143,1.4538554999043396
HDOK,PLOK,17472,34,34,-129,-13,11,2,33,-117.48297312113166,-117.29355296333232,-118.19736586915877,-116.03423207216397,-117.08942142076737,-116.53278308341041,-116.72857281069689,-116.03746408428528,-114.39683588333256,-116.03827882402321,-116.3329393864754,-117.40340474372707,-118.165556331207,-114.48478839046238,-116.37242302596704,-114.30527199757123,-115.99789306201657,-116.26642306622436,-118.01842826240315,-115.87000657694479,-117.8168526032192,-117.18517706000851,-117.6915509534014,-116.42595953237908,-117.03105877307615,-117.70231789720214,-118.05425389415998,-115.83357202837452,-116.43840859417189,-117.66076571727451,-117.13658358681349,-117.17722734866152,-116.38739426824492,point1,-116.71484052219057,-116.72857281069689,-118.19736586915877,1.042043768642344,0.7183364235751012,0.28052607867208135
HDOK,PLOK,17472,34,34,-129,-13,11,2,33,-116.2242500457188,-116.31903595860463,-118.18082184871642,-117.57766706088793,-114.6121189122858,-116.83494807902149,-117.29949241857403,-115.58068422596276,-117.26524410362005,-116.06088000955351,-115.36392904082497,-116.1211125416092,-116.77021781774417,-117.24471424631221,-117.80440446897737,-116.97184723090488,-116.71569245089168,-117.00803599131986,-117.54812443869139,-115.76857677554545,-115.50071036068077,-116.09545707767967,-117.01093323664236,-115.42628683116777,-118.11379732015656,-116.82408247457127,-116.47384986404808,-115.63134056099238,-116.98506977763508,-117.152529383004,-116.24221183684614,-118.44044951141038,-116.48468694235495,point1,-116.65615766190777,-116.77021781774417,-118.44044951141038,0.7784134532276377,0.07159105451130619,-0.2928378220452674
HDOK,PLOK,17472,34,34,-129,-13,11,2,33,-115.88386874947483,-116.99459914944242,-117.61845422855257,-117.69124840376251,-116.15586234578117,-117.57493190969427,-114.36293518607128,-114.92392338621232,-115.60477539208601,-118.02339785053485,-115.75297736126865,-114.02435578801206,-115.18316391253038,-117.73146238875854,-113.31707102463602,-116.97383447001215,-115.98074806118937,-115.59851011272676,-115.06071802768798,-117.55986707225362,-117.07330125507777,-115.67161592383088,-117.01345371474034,-118.16599704724179,-116.22849968806315,-114.83584414261927,-117.50447674674054,-117.67507065350412,-115.41596346832085,-116.88222821920488,-118.21726604402355,-115.70774303703065,-116.37643163977648,point1,-116.3268059515413,-116.22849968806315,-118.21726604402355,1.5915695966184216,0.384337828750795,-0.5954874619912767
HDOK,PLOK,17472,34,34,-129,-13,11,2,33,-117.41109714703019,-115.6901601194635,-116.30397162545208,-115.69372321047877,-115.24374077760515,-117.77156396318843,-115.23496485339979,-115.96063829053833,-116.48118196036422,-117.00076726890981,-115.38536965303128,-116.31809531585981,-117.73470578271478,-115.5195497797591,-117.10376393581447,-116.921216920328,-115.59813339199637,-116.47897270419762,-116.0076903712617,-115.40988651473175,-115.13856206372732,-118.05139449719172,-117.09624835774488,-117.18270857754277,-116.1656806591622,-116.90822534353511,-115.9324039421316,-117.29306035375382,-116.34476483484684,-117.23078647869183,-117.5788495230979,-117.07081931256087,-116.12474538407491,point1,-116.46628614891476,-116.34476483484684,-118.05139449719172,0.682493285247432,-0.0872347821501372,-1.1432843657444165
HDOK,PLOK,17472,34,34,-129,-13,11,2,33,-119.07196190830157,-115.30279976950226,-116.69357610915168,-116.1017164719779,-115.84098918190004,-115.86995823570938,-114.83242236659846,-115.74255235106413,-115.4154825179779,-116.70747580737513,-116.0203319416498,-114.4463508511098,-116.6642457144277,-114.93608955082063,-117.1268568293438,-116.84902326847711,-116.65552210054713,-116.93881357567173,-115.62915563840131,-115.9024215509699,-117.61959739964459,-116.5820128049213,-116.71852704913917,-115.94057371207302,-116.01995455416312,-116.21101541318251,-117.45025802238774,-115.19373659550847,-118.43850748530099,-116.87360673577965,-117.60655551478104,-116.45764185134811,-117.98077429609467,point1,-116.41940930834248,-116.45764185134811,-119.07196190830157,1.0322104045891023,-0.46050080951482764,0.3516187074734889
HDOK,PLOK,17472,34,34,-129,-13,11,2,33,-115.4745152355847,-117.15502590774518,-118.85217171430483,-117.13476905373395,-117.47588555627621,-115.30236723162831,-115.65049078629481,-115.72664916996418,-115.92672240566759,-115.02178640480983,-116.00340334441786,-115.19102259557044,-115.02349435103943,-115.27409139316724,-116.36796348326136,-114.95942367535075,-114.42275126446998,-114.393437878288,-116.43562794004418,-115.35364421255069,-115.94585104735035,-115.2161404564453,-115.54275669197592,-116.62586153429673,-115.18910163738416,-116.57341730849086,-117.44973055608497,-116.60493822710067,-116.48928027546643,-116.72819908152681,-117.27644847937617,-117.03045768276952,-116.59977765946144,point1,-116.07324861339087,-115.94585104735035,-118.85217171430483,0.9758190100241759,-0.5322747152015032,0.25677347577803245
HDOK,PLOK,17472,34,34,-129,-13,11,2,33,-116.77215230549729,-115.44971880143882,-115.45414395760399,-116.73482933706634,-115.86046894786146,-117.10273049781492,-114.91685873762529,-115.5526707103253,-115.06975288238145,-115.54452251727781,-115.73031971545993,-116.1539087480727,-116.3951286829531,-117.63492109704622,-114.34705143112316,-115.87405689646661,-116.30769129132064,-116.84955506115739,-117.23255553844334,-116.71188685023374,-115.5178704661042,-118.09123783879788,-116.06014776968297,-116.553539271176,-116.61638169008049,-115.43992507995873,-117.03773030140479,-117.68829465568572,-116.72307381164488,-115.59475958337231,-117.5443886732086,-117.48044537182584,-116.4193872138291,point1,-116.31703350708909,-116.3951286829531,-118.09123783879788,0.7755789619460689,0.023696820897551766,-0.5478559083492791
HDOK,PLOK,17472,34,34,-129,-13,11,2,33,-117.5503463770505,-115.45487280688329,-118.58064642835978,-114.92546060466934,-117.39221312245627,-117.61660065085103,-116.14751010575809,-115.34068705856534,-115.80906228029983,-116.64327498523967,-115.65836440551828,-117.29634227110488,-115.14495123116569,-116.07075931259536,-117.20576895368609,-116.13647959604916,-116.62549638836305,-115.74132805441639,-116.19073484133652,-114.32927618904492,-116.67420282750416,-116.87980552448028,-116.73128721806229,-115.41080363582037,-115.17687564990099,-117.37211832293852,-117.35792315085061,-116.3461354754418,-117.23524658637247,-116.93008977713241,-115.87921934250988,-115.92092809868123,-117.48773482073454,point1,-116.40189533617705,-116.3461354754418,-118.58064642835978,0.8846866290464036,0.014018206498736325,-0.40529736756996115
HDOK,PLOK,17472,34,34,-129,-13,11,2,33,-117.48019005851762,-117.85584118724903,-117.26343646375261,-114.70450473566025,-117.16834211829068,-117.00544923898018,-114.50002513721107,-115.54143397979081,-116.71010974553889,-118.07884379185474,-114.83699243876792,-117.4738218397268,-116.93427946586368,-115.55717495568943,-115.6848347070102,-116.22550624717375,-116.54279160029876,-117.00308515282153,-116.89792785506205,-115.91806599139296,-114.47711179524127,-117.91585551963529,-116.6855291264816,-117.88635674132557,-116.3717960838829,-115.86572543701044,-116.68301756234142,-116.91002379259831,-116.75859974459806,-117.47300306226155,-116.43890922195513,-116.66773334219933,-117.98259579039971,point1,-116.59087617971464,-116.71010974553889,-118.07884379185474,0.9906436679163246,0.6154741279222814,-0.26556262894217886
HDOK,PLOK,17472,34,34,-129,-13,11,2,33,-116.74015565564818,-114.55551494789272,-116.02698574351618,-117.0326577080916,-117.230370636666,-115.5730627659483,-114.52539997929227,-114.64322937432317,-115.13406060532786,-116.92948146539166,-116.3839559509328,-115.17860302546732,-115.69126255036288,-116.84209364933487,-116.66079002699988,-116.88755063051934,-116.89834796051426,-116.43360492133927,-116.07016239787674,-117.11597385169216,-116.0080953148958,-116.11323655450668,-117.06409039512347,-116.85481701840223,-115.85317292369481,-116.61958192086385,-118.21988038867,-117.95108062224692,-117.54520713636597,-118.46250004006016,-116.63971386607112,-116.5005593671739,-116.50252150801207,point1,-116.45114305767346,-116.61958192086385,-118.46250004006016,0.9026135000267776,0.21462565118918725,0.08208317779838348
HDOK,PLOK,17472,34,34,-129,-13,11,2,33,-117.92116800441437,-114.0455218363648,-116.68691952056801,-117.52271524209942,-116.50210100191988,-116.92173427570752,-113.79214229469194,-114.18690018399823,-115.79828305196122,-115.33565027388158,-113.47874967408522,-114.54243780896377,-116.30034238624295,-114.89679421844806,-115.58568099041014,-115.8296507705924,-116.04041279620536,-116.56429929903904,-115.17928362694016,-115.62401081625173,-117.74443552591039,-115.51001522161393,-115.66848119462455,-116.17809376337473,-116.55951259353557,-117.06831380191377,-115.74986134413874,-116.0421738660976,-116.43726765755568,-115.63483568391818,-115.79135929031024,-116.9625749849613,-116.55078645161026,point1,-115.89856089249552,-115.8296507705924,-117.92116800441437,1.132519527369755,0.3833520570846763,0.011097762030726877
HDOK,PLOK,17472,34,34,-129,-13,11,2,33,-117.95198590283714,-116.30149386446095,-116.0154585558424,-116.4536534040955,-118.36052081648526,-113.91752467107281,-115.49807627106672,-115.55810846827049,-115.1345415972111,-116.71645700521383,-114.20813067735263,-117.75168404155265,-117.46411248856927,-114.20331645374068,-115.12814368699856,-115.57408998325629,-115.52226733712142,-117.22201115276621,-115.30465861056615,-117.88129473335445,-118.13380767413213,-114.6899970308583,-116.13146269676042,-116.64879737438567,-116.82698324033937,-116.81702431808672,-116.68269200473426,-116.88906005901343,-114.45968860876009,-116.47394570559129,-115.92955839910313,-117.11592348420254,-116.42603431137566,point1,-116.22401529179322,-116.42603431137566,-118.36052081648526,1.386378725171207,0.15332001990796257,-0.6874929635393281
HDOK,PLOK,17472,34,34,-129,-13,11,2,33,-115.4996892979377,-116.18983946043686,-116.08095019397244,-118.32251813548196,-116.34827128607697,-115.09393408544378,-114.05083189793015,-115.67140117318533,-115.54500825159957,-116.18813711474154,-116.76927872797037,-116.76599330096239,-115.40770509321734,-117.96002180743643,-117.15436532734286,-114.72391231554644,-116.03871369828485,-116.99497751818608,-115.00398466698284,-114.49547116938506,-115.76608590191849,-117.63795836608502,-116.5640932541775,-117.36273833862636,-115.80326812560462,-116.36379972454417,-116.47915421695524,-118.31534297785504,-116.18558558766844,-116.78086763874434,-117.64268229320388,-115.13170635622495,-117.15534518832366,point1,-116.28768583309251,-116.18983946043686,-118.32251813548196,1.1131067913527224,-0.03861312039657784,-0.41658605329569864
HDOK,PLOK,17472,34,34,-129,-13,11,2,33,-116.09121637311624,-114.59743485873942,-116.72460503418102,-117.48787937211229,-117.05916693120935,-116.50297745031673,-114.63839189902316,-115.85141200869921,-115.69795591363827,-116.05740066073423,-115.96142589049134,-116.56363400656944,-117.36338622709751,-116.43696861604488,-117.91967679820006,-117.29679414926801,-116.18677644937324,-115.71291100238071,-113.74995549022854,-116.93566227938628,-115.26363621945083,-116.10072062495504,-116.87833708731814,-117.27202819449242,-115.97564679840215,-117.53318715129332,-117.62815138346444,-116.08717100419092,-118.31292751499409,-115.95170209153457,-115.77676659256989,-116.11358338533711,-116.32197771609856,point1,-116.36519597499729,-116.18677644937324,-118.31292751499409,0.9369651401068508,0.409387723036263,0.6000284890066068
HDOK,PLOK,17472,34,34,-129,-13,11,2,33,-116.950757918503,-115.61710462400794,-117.16810583528711,-117.88150323680674,-116.40271263881822,-116.34661027324321,-115.16302470974729,-115.35590020442255,-118.29611074610233,-116.60507519287951,-113.55284788051618,-116.85810903330223,-115.23012626877407,-115.78584103259497,-116.95829706652587,-117.09719426717211,-118.3319994369506,-116.11648147640753,-115.39520684918088,-117.12956858566956,-115.3245290108589,-116.27678102938508,-117.90707724517557,-115.81781840877345,-116.89054362649993,-117.58795671888306,-116.11359682053728,-117.86188134705098,-118.14333341138887,-116.31140504064169,-115.07884369581016,-116.66314608877215,-117.39561596232826,point1,-116.53379108130352,-116.60507519287951,-118.3319994369506,1.1845890900719502,0.3807015512659879,0.13269811805882714
HDOK,PLOK,17472,34,34,-129,-13,11,2,33,-117.13734533581332,-115.62949358240719,-116.09008875502697,-117.86412854995667,-116.06554377576799,-117.7831710849266,-114.1913306487864,-116.4624616188128,-116.29074045324298,-114.73791987761172,-117.40111276509172,-114.59492876927419,-116.45427484143018,-117.21833222434165,-116.26071545536531,-117.55633090971826,-116.80173679992369,-118.34015239391258,-115.9103873989831,-117.4730945867161,-116.36971556370561,-115.19709473878186,-117.27457934224554,-115.28190053959639,-116.13393985622595,-116.05322626703813,-116.55600076383091,-117.27854824753024,-115.11548762049017,-118.0331275424394,-117.36966503083042,-116.37787003130752,-114.67247832139313,point1,-116.42354314219769,-116.37787003130752,-118.34015239391258,1.131489182803053,0.27710205241121955,-0.6687941712373227
HDOK,PLOK,17472,34,34,-129,-13,11,2,33,-116.36656400101846,-117.69817824963782,-116.05256921565156,-116.72452189267545,-117.23310881067549,-116.653722962607,-115.1572969602093,-116.02467811705844,-115.19761076719239,-115.46741947358578,-115.92873408130608,-116.76297983821583,-115.00690509982572,-115.31377630485672,-118.45040226745849,-116.88340886440035,-115.31962143501191,-116.27945789685556,-117.50879298259416,-114.41095623508927,-116.84199797915306,-116.0113271290259,-117.13903840324208,-116.98867741932447,-117.4370008690731,-117.40355738945672,-116.67536421848469,-116.68824571887944,-117.16302791909995,-115.6382019027776,-117.29718851432548,-114.61744166440779,-115.61871274468675,point1,-116.36243900993523,-116.653722962607,-118.45040226745849,0.9133525911105046,0.14691985594897236,-0.5971275531027462
HDOK,PLOK,17472,34,34,-129,-13,11,2,33,-116.28580153931767,-116.19154154009082,-117.60873556855738,-117.2343919912793,-115.40580148782313,-115.53842946509788,-115.3810172640088,-115.66778246330885,-114.90504552157417,-117.75125341689257,-116.73036312581104,-116.26661912879774,-114.86444666095944,-115.72104920307908,-117.04633257745925,-117.69300557638931,-118.05325493507145,-116.29461923750544,-117.29839896665045,-116.2589645443474,-117.60767979658254,-116.10923732364921,-116.85231800800588,-118.51344420296859,-117.82411474265233,-118.57935531092355,-116.11616784882413,-115.38059479588745,-115.70461436237609,-117.00470134300672,-117.4664838212564,-117.25856823527698,-117.19319823955695,point1,-116.66082824984811,-116.73036312581104,-118.57935531092355,1.01230676722848,-0.03406361083232772,-0.9411826307142848
HDOK,PLOK,17472,34,34,-129,-13,11,2,33,-115.71982565479301,-117.70152797451097,-115.78539605467066,-114.84659120318155,-116.50585959401656,-114.43563751638101,-114.4072736130551,-114.41722890932328,-113.6411815944481,-116.02999259232755,-116.22215141431155,-116.03465680508977,-118.39479821389924,-114.91390081696683,-118.12810100594177,-115.91208751759822,-116.65266754828713,-116.06760578220552,-117.48127949041948,-116.34574029935015,-116.31246525942663,-116.33021302323971,-116.6239774415845,-116.39497870673964,-116.39682780213859,-117.64573550240657,-117.39147479784887,-116.12707348563886,-117.55932023782552,-117.29737135224507,-116.41339733398499,-115.92810797419492,-117.35749755848252,point1,-116.28551345686466,-116.33021302323971,-118.39479821389924,1.2399954854971145,0.35614849518449754,-0.06118094629671278
HDOK,PLOK,17472,34,34,-129,-13,11,2,33,-117.32990406282248,-114.72493304506172,-115.26151710928445,-115.87550723818343,-116.516966896412,-115.84550551317386,-115.20470090343963,-116.44296663314351,-115.07776667913951,-115.1036210623546,-117.65736208826057,-115.15916482846414,-116.36604173596898,-115.1534841828706,-117.06185455130083,-114.10254741922748,-117.6122298798933,-115.15364736733719,-115.9919254466029,-118.32266949924403,-116.96541527014452,-115.0639594360205,-115.93630636804713,-115.72224376725246,-117.60884021728248,-115.36581720879828,-116.67081529316225,-117.71571719007576,-117.68730789390139,-116.64176518957512,-117.09521672321947,-117.35942309369302,-115.87575052722872,point1,-116.23251194910868,-115.9919254466029,-118.32266949924403,1.1297979514852492,-0.09945100219109942,-1.0273018031533443
HDOK,PLOK,17472,34,34,-129,-13,11,2,33,-119.21404979170664,-114.25193227203744,-116.1163325393255,-118.0010278694748,-116.88589136514064,-117.90009469945528,-114.54865800843525,-114.87177141016035,-117.69336561562488,-114.66266039065745,-117.17801875729585,-115.71926448822052,-115.84196176855323,-116.60845640705409,-116.98368073516227,-116.10679821639982,-116.87748003772128,-115.93593598147689,-117.57318581723595,-115.0975720915564,-115.84498853171478,-116.08936305346475,-117.72811101774074,-116.17755379499471,-114.5515231799913,-117.11520311679335,-116.98474074818012,-116.3401654083873,-118.3212003193985,-117.05694165797719,-117.86084808704838,-117.27963424985744,-115.99929595801962,point1,-116.52780931473525,-116.60845640705409,-119.21404979170664,1.4129467873774775,0.07433998754948971,-0.4234852943564351
HDOK,PLOK,17472,34,34,-129,-13,11,2,33,-118.09676962822532,-116.35926379366546,-116.11100192248985,-116.3856369293982,-116.69291912070125,-117.70359723088944,-116.52818901567018,-114.74912439098645,-115.78357804839058,-113.01825059643325,-114.51103656681954,-116.29018789842414,-114.71266077171276,-115.10669158143007,-117.21347219159698,-116.2292500964659,-116.17361118884962,-115.31009890824014,-116.1026434846306,-116.26061466985162,-116.47665172926564,-118.54930935476568,-116.47889980784831,-116.91249710536515,-116.71809310120297,-116.1941537680606,-116.44940600248894,-116.17060696341609,-118.24460512146766,-117.39083613508807,-116.5941200492334,-116.74528022588017,-115.57332387177013,point1,-116.29807215971894,-116.35926379366546,-118.54930935476568,1.1945503876693218,0.5332694384173171,1.6183422620853496
HDOK,PLOK,17472,34,34,-129,-13,11,2,33,-117.88617026389207,-117.66379966258516,-117.26770474562385,-117.19144926517521,-116.50572153333923,-117.65883508152749,-114.53835321490382,-115.44647382068862,-115.9407836823814,-115.96614306701434,-115.23719524215188,-116.60197483415256,-115.77390792765196,-117.16958217028105,-114.19035681966491,-116.43313859622774,-115.44918608583491,-117.84416448595269,-115.18209897817141,-114.81641800680505,-119.07163346822803,-116.2027093127049,-116.78643921871718,-116.37844007213029,-118.4242324291027,-117.18066483961186,-116.4096108597724,-116.39305405867323,-115.69254884244101,-117.4313950047658,-117.28296830122316,-115.81927984502003,-116.68203252975543,point1,-116.50055958382337,-116.43313859622774,-119.07163346822803,1.219907754422525,-0.05069353837279264,-0.19262749173387128
HDOK,PLOK,17472,34,34,-129,-13,11,2,33,-118.14222686532983,-116.48984898472379,-117.78986827798984,-116.88720924435452,-115.73213905682131,-115.69959943865034,-114.71869010445671,-115.04889688122425,-114.77375696930028,-116.996620544676,-117.39873770132154,-115.75367957313436,-116.19427073571522,-115.50926288736495,-115.51762070026479,-116.47101981630074,-116.04304366083333,-114.99705765725314,-115.59323570305767,-117.52832920566091,-118.25283925163833,-117.39403829423912,-115.76509828707539,-116.4540139345388,-118.59530941862667,-116.08627474191115,-115.63259885247999,-116.1097135732325,-117.26532931671275,-115.52769465141546,-116.0048794115706,-117.2208380563289,-118.63635408240063,point1,-116.43121502668495,-116.1097135732325,-118.63635408240063,1.169185840701216,-0.4717551279668455,-0.6890468319448462
HDOK,PLOK,17472,34,34,-129,-13,11,2,33,-116.53825681734826,-115.66274346253424,-116.75003622487999,-117.97644486291061,-117.20606608001073,-115.97229926913441,-115.54697760737487,-114.64057486014903,-115.99323293375886,-115.1880010803543,-112.76766388191211,-116.35121989384113,-117.40734851134584,-115.25607043490228,-116.05726508667706,-116.88850528716586,-116.28698649715038,-116.38476745359134,-116.18434885813826,-116.97305664717345,-115.98877336007887,-116.45804161963623,-118.38467761505484,-118.43260968184659,-117.81437931005519,-115.68049552358154,-117.2838923642358,-118.26760421600669,-116.011515556938,-117.11565764891049,-118.15316593889912,-117.22956923612085,-116.6359965444054,point1,-116.52994679897343,-116.45804161963623,-118.43260968184659,1.3538740389534791,0.7552591257538226,1.9389431951326634
HDOK,PLOK,17472,34,34,-129,-13,11,2,33,-115.76942852220255,-116.79439286121827,-115.98374500930476,-117.1892129816646,-116.7746141015547,-116.21648685316792,-116.42086252309498,-116.68500288930862,-115.5571432361407,-117.47456805953303,-116.96600789009233,-116.15875006448904,-116.4991913297137,-117.9857201865134,-115.76841137938027,-116.93934708838633,-116.81377863864826,-116.5218641081692,-116.50887786420454,-118.21801539492427,-114.86073238404701,-116.36531531028137,-117.40705247152333,-116.73569978808517,-117.19975478492199,-116.49836183680078,-116.50235389734975,-117.28266623661351,-116.10674036496334,-116.79227668297636,-117.38793329706786,-117.61644559926835,-118.97142069796065,point1,-116.75673255556276,-116.73569978808517,-118.97142069796065,0.624559334630517,-0.3826052156934667,1.2321638407625293
HDOK,PLOK,17472,34,34,-129,-13,11,2,33,-116.66161725157706,-115.76261788109558,-115.54814623682891,-117.59325380977765,-115.62366654045901,-118.40177368064495,-116.22824291900812,-113.08749900904544,-114.81819444346455,-116.16249124969269,-114.87809218030223,-117.46912925437947,-116.03435700148168,-116.26832342832351,-116.0458742591407,-114.83666594040302,-117.01564928509328,-116.92758802095032,-116.94624018891324,-114.61235796583851,-114.63803484275356,-116.76415848455906,-115.58251064718652,-115.61347102976798,-117.50032250230846,-115.69908349024936,-115.07297095381996,-116.7804192539005,-117.02752874775666,-116.4587318321052,-117.9523485897908,-116.5888300035792,-118.1765949891076,point1,-116.20535714888801,-116.22824291900812,-118.40177368064495,1.3335242671532972,0.32025622633199574,0.24751191796869287
HDOK,PLOK,17472,34,34,-129,-13,11,2,33,-118.30607290827524,-116.68144837978264,-116.00999224598837,-115.9447031665,-116.77992641796958,-117.5551260229183,-116.20319659150805,-115.65257652570386,-114.07051753430868,-116.07662241196225,-116.32603848003565,-115.75053641141105,-114.3310484122209,-116.49583890206021,-115.54810448496598,-115.92967608819434,-116.11636991930129,-117.23277709513056,-114.79839650071933,-118.14356288763979,-116.8682963599132,-117.47545221529445,-116.38759797270743,-117.21406384052254,-116.7980018610089,-116.67510782547944,-118.11010291778743,-116.14634109838482,-115.68112710910185,-117.47654641682276,-115.64327728457891,-117.2621780912152,-116.31423636159596,point1,-116.42438971942448,-116.32603848003565,-118.30607290827524,0.9685744057202111,0.2371571050984063,0.23812318314202763
HDOK,PLOK,17472,34,34,-129,-13,11,2,33,-117.2967649821733,-117.50080788568849,-116.62762788220014,-115.91429565159156,-115.84304649753213,-116.06871644176526,-116.3259316872525,-117.02151187514283,-115.2703619230962,-117.05674718266684,-115.91005032327142,-116.38970489929949,-114.50248208773357,-116.72439656292246,-115.1125965443676,-117.18206735097873,-116.60716661742663,-115.49456575821236,-115.93420460315927,-117.69214402427956,-115.56177368090304,-117.08019626936212,-115.90521134879432,-116.68687982652925,-118.18995257988988,-115.61600333973944,-115.80675913729678,-115.2416316906535,-116.34114740221844,-117.00558864849758,-116.96536485965882,-117.39798736124888,-115.75969309899962,point1,-116.36464787953187,-116.34114740221844,-118.18995257988988,0.6923162248035561,-0.013960701085862316,-0.45478684931007773
HDOK,PLOK,17472,34,34,-129,-13,11,2,33,-117.49103065684722,-116.04448075439169,-116.00606620795588,-116.67972499393377,-117.27986812668121,-116.40675570877559,-115.09306761441805,-116.76415434088703,-115.22794709784287,-116.95203265261222,-115.4286982384039,-115.8387558060983,-115.14473421538604,-115.3368683128374,-115.18664923922425,-116.16344984504974,-117.19170672655551,-115.83042731624059,-115.93207485979407,-114.75798242833594,-116.84010976301032,-116.03640480724097,-117.52751906874784,-114.70787453773555,-114.69763868365419,-117.71871843773786,-116.09416093559057,-116.27898359414014,-117.48802449529941,-116.6620929649765,-117.71871329309681,-116.83988948456513,-117.13363582060116,point1,-116.2575830614748,-116.16344984504974,-117.71871843773786,0.8321835191097778,0.09029592127344689,-1.0924344893620823
HDOK,PLOK,17472,34,34,-129,-13,11,2,33,-117.18954178987853,-115.81194820633428,-116.18705044569477,-115.63073495209078,-116.07965659445989,-117.42704409450933,-114.08023785070161,-115.93006499622489,-116.19613422701056,-114.88058494656667,-114.90336800436316,-116.82777436256661,-116.13800185367863,-115.43221482475955,-116.48185499937034,-115.65079267685638,-116.65609219105093,-116.66146654295952,-115.23911230029151,-115.41448347250454,-116.40129917337646,-115.4493582754282,-116.87577918753745,-115.90768449143582,-115.08067485362423,-115.34085764642869,-116.78797451787678,-115.99860180843564,-117.92187320971766,-116.9439354136055,-117.59523287566662,-113.93667019702943,-116.5817128526575,point1,-116.04969132832399,-116.07965659445989,-117.92187320971766,0.8425303322966828,0.23027212465049413,-0.0024927240657102168
HDOK,PLOK,17472,34,34,-129,-13,11,2,33,-117.41875744622085,-116.99997641092837,-116.08369247707702,-118.09679194169989,-116.2828601830772,-117.22643976874538,-114.17310342823612,-115.68183604953593,-114.6814534057886,-114.95005500471703,-115.7004089483311,-116.42442688775022,-116.28146229391066,-116.1481671995609,-115.95336270876261,-115.87605282777004,-116.73348746554967,-116.4434203797491,-114.87470465424968,-117.5995172256924,-115.68259986606407,-116.3236330668809,-117.11983271632195,-117.76251017732267,-115.19939526953326,-117.85841667332274,-117.01224290296422,-117.49642010176883,-116.63361433989681,-116.77331748590787,-118.01670105736662,-116.72515530755054,-116.83563307261763,point1,-116.45664996196581,-116.4434203797491,-118.09679194169989,0.9564246517706781,0.3646446024502166,-0.3298828255296917
HDOK,PLOK,17472,34,34,-129,-13,11,2,33,-117.29202693939988,-115.91927716298964,-116.31934245839898,-116.00052671437486,-117.61940633186207,-114.52869382652001,-114.81514763072772,-115.81524192212939,-115.4523220446109,-117.80403442695632,-115.36145653941,-115.43407907673573,-117.45438953929427,-116.10741216286745,-115.77302371698899,-116.12473671610043,-115.40103163888396,-115.67421570390783,-116.17491486630345,-115.08497121178738,-117.50516985904937,-114.26053140646381,-116.73616103843582,-116.98976884200856,-116.72529397514077,-118.03584744673789,-114.85335014930648,-118.2901215004212,-117.36061262930644,-118.15538249661441,-117.308667401999,-118.76879578919308,-117.83131384457384,point1,-116.45385657604548,-116.17491486630345,-118.76879578919308,1.4026424646625404,-0.07218761603067979,-1.0087471132649202
HDOK,PLOK,17472,34,34,-129,-13,11,2,33,-118.33762058371008,-116.16618853552684,-116.87809821615933,-117.34983679198,-115.06038997741825,-114.72910467188214,-115.42248470046633,-114.82391618878673,-115.98334274734982,-117.04363184130455,-114.70691071151136,-117.32480414616889,-117.02290190421273,-114.90669793083691,-114.45084328491821,-116.97941661123988,-115.82732569080167,-116.44478486416726,-114.4592777746083,-115.31682557352514,-115.85805674789448,-117.07406755564199,-116.34617466332638,-115.86703447509693,-116.02977958961337,-115.57297290637406,-115.92259655871801,-118.13291077709167,-117.28007393101748,-117.06098818967419,-117.08086159077823,-116.99561609330625,-117.15100534931007,point1,-116.23050124770964,-116.16618853552684,-118.33762058371008,1.0918386823557524,0.04866918021464898,-0.8792782200283118
HDOK,PLOK,17472,34,34,-129,-13,11,2,33,-116.90969993013904,-115.19189670189809,-114.90950396354398,-116.0260414017233,-116.83610205352451,-115.79146333647445,-116.4230753324351,-115.46778194215881,-114.26390859249388,-116.7974821603902,-117.02867141047243,-117.01385303671012,-116.29542683818737,-116.74896371833314,-117.28779534388201,-117.87376663416822,-117.38907186768733,-117.74495132513556,-116.19781765585553,-116.79371066740288,-116.86778428151904,-115.96738863546302,-116.81424604324258,-116.29608809219091,-114.06045097396374,-116.18725169229027,-116.84950469208313,-115.34600909806369,-116.18877258136953,-114.39964472621992,-117.17150710917807,-115.42953382851269,-117.05220222163052,point1,-116.29155660267708,-116.4230753324351,-117.87376663416822,0.9127294067232016,0.7252785575699295,-0.03286023380881842
HDOK,PLOK,17472,34,34,-129,-13,11,2,33,-116.42518585419373,-114.50417674311684,-115.82586097613235,-118.94047812805653,-116.13935268334062,-117.5996332925933,-116.84694594727144,-113.07163260897508,-113.39035514146269,-114.61449976243446,-116.14751061410117,-115.85170155562982,-116.37268911733229,-116.055250430593,-116.91715803895978,-116.01721221673658,-116.99784721583072,-114.00449582411942,-117.44601815209309,-115.74720279026491,-115.11683992725914,-116.34891464228708,-115.48771863738077,-117.51320358506234,-118.22946084675664,-117.12368049073861,-116.35419905505321,-116.28659714802629,-117.62261708075758,-115.23539583662509,-116.14783836475773,-115.2077103854852,-116.61972306024491,point1,-116.12754867132342,-116.14783836475773,-118.94047812805653,1.6201364931775615,0.3622634437305121,0.4684847381930872
HDOK,PLOK,17472,34,34,-129,-13,11,2,33,-116.61935010585034,-116.27190192857834,-115.4639947017525,-117.41258919680625,-116.1831928232901,-116.83976945517976,-114.61747510855994,-115.33687890177669,-116.10771101559851,-116.83625761106732,-118.80797763821786,-114.19427176947502,-116.06840472981034,-117.2366500383353,-116.35435683136514,-116.20880911244689,-116.630573008255,-117.40835385125219,-116.1386280963981,-115.32721911813724,-115.38769093126992,-118.25358348230925,-117.72299552178153,-115.79775850886178,-116.30361874937543,-116.65185395172503,-115.26315860673665,-117.72946702761465,-116.43226861552392,-114.96956102585759,-116.34791265497638,-116.78234105397507,-117.01536066808612,point1,-116.38551320728018,-116.34791265497638,-118.80797763821786,0.9959100174012482,-0.13317005928299874,0.22956042060278614
HDOK,PLOK,17472,34,34,-129,-13,11,2,33,-117.01167194472133,-117.82008009727446,-117.27217054339481,-116.77065376345344,-115.36295279136833,-115.6731555208829,-116.06228805712126,-116.34364715400962,-115.94892143017256,-115.41606514275136,-114.78690143378854,-113.48518512342623,-115.22979868400465,-115.28971888308104,-115.15552188351633,-116.31543010642233,-117.00996634565138,-115.69879402060506,-115.20385656447861,-116.87883242450167,-117.01340644319446,-116.93458563554502,-116.53556123697352,-117.01214323692912,-116.86116956267276,-116.80772377315058,-116.83355154473331,-117.44405890556199,-116.18913928199834,-117.39526657600884,-115.46792762116544,-118.53590329276697,-116.23829306403175,point1,-116.3031618814957,-116.34364715400962,-118.53590329276697,0.9956381554692982,0.4116171750506984,0.696241349914541
HDOK,PLOK,17472,34,34,-129,-13,11,2,33,-115.58756266872749,-116.44418560647244,-115.73593864159464,-117.68642046633127,-115.77774891797489,-116.49746293217588,-113.57447762588633,-115.66848355768353,-116.70618170486047,-115.05047836238336,-117.70732186332904,-116.34755186402397,-116.3039198828241,-115.16629865328716,-116.6079202752124,-116.09877444583381,-117.3389128533613,-117.98837728267381,-118.60459682647236,-115.96966972729696,-116.35746576541574,-116.6442850231919,-116.58983864381231,-117.07904230757504,-118.35608907880702,-116.66351420168836,-116.85497909905466,-117.5283305186842,-116.88263560122876,-118.18044219697927,-116.93804774011231,-114.80953985188515,-114.69160546139119,point1,-116.49812423176459,-116.58983864381231,-118.60459682647236,1.2173492211847168,0.33339450765823436,0.32706891525849313
HDOK,PLOK,17472,34,34,-129,-13,11,2,33,-116.14070920050251,-114.98803050212517,-117.77382757308871,-117.04192974002824,-117.13506061213545,-117.17641071088094,-113.703918259865,-116.39983582935615,-113.5857078257173,-116.42176135862864,-115.51597350209023,-115.9128918021829,-116.13401476589705,-116.07775947667918,-116.49505958263532,-117.07782450730048,-115.87234132739755,-116.34171823330236,-117.0522787814386,-115.38649596738425,-117.1808494844106,-116.36550325944621,-116.35863391896788,-116.7364438128261,-117.94886184825812,-119.28804352637593,-116.85150883074049,-116.22207608080222,-116.2853559057281,-117.07822344830345,-116.9602094750188,-117.05981495727514,-117.26843495058881,point1,-116.47992451689025,-116.42176135862864,-119.28804352637593,1.1380665071823173,0.5662608976316494,2.4020316692780104
HDOK,PLOK,17472,34,34,-129,-13,11,2,33,-116.82620410595452,-116.5581905055068,-115.9509561088782,-116.15441981062493,-114.89617283598456,-114.39473187149432,-115.77988126351643,-115.024683541798,-113.72114094020115,-116.40141742449865,-115.14507410279217,-114.94416040386126,-116.8972004879411,-115.73237857298047,-118.01333532257298,-115.26963610992684,-115.48377212646642,-115.74789407726755,-115.37219167340082,-114.16170206773265,-116.51477744079241,-115.07671019141065,-117.72077884803613,-118.06292249564515,-115.81205374559163,-117.72865981299066,-117.3709061566466,-117.02898256147115,-117.50200803671788,-117.58041033044324,-115.69086780998369,-114.49271773076447,-117.47306959533937,point1,-116.076666912401,-115.81205374559163,-118.06292249564515,1.393202332538788,-0.022193804890628933,-0.9675997987882341
HDOK,PLOK,17472,34,34,-129,-13,11,2,33,-117.44618892893428,-116.29054218896485,-119.04132701211859,-115.61729881259059,-115.57604497019716,-115.94392286855407,-114.27488953332389,-116.84219727508297,-115.50421452284316,-116.44595522286014,-116.34584450907428,-116.35005668330011,-115.27853008585474,-116.3000787480162,-115.83738062756223,-116.58362711595083,-116.37271081798518,-117.55918247774305,-116.83498687946704,-117.98949127401028,-115.1871736320378,-115.47504737596618,-117.60981314759111,-117.11866990722449,-115.84754109397682,-118.12174420513513,-116.81893186645874,-118.00045059716965,-115.35364619200098,-115.60960274120886,-118.67063958942408,-118.12779793322038,-116.63364853820704,point1,-116.57603567800167,-116.37271081798518,-119.04132701211859,1.211761802898513,-0.3547150106097939,-0.3663338240309333
HDOK,PLOK,17472,34,34,-129,-13,11,2,33,-116.1275347810861,-116.3002755322093,-116.57175512049596,-116.8204610795299,-115.55794897080773,-116.04516742348854,-115.08320967107583,-115.5632765911744,-115.35905192863142,-116.03076815045075,-115.54032921049358,-116.01363446723833,-116.44890510716111,-115.43634636336553,-116.9629261699596,-115.27508244924836,-117.06511552890873,-117.11727111748819,-115.3281702378977,-115.23531495378941,-118.28669640321988,-114.18823245882639,-117.50045945214762,-116.39294290513533,-116.66058122147463,-118.3253652168088,-118.84093576656164,-114.84255882598534,-117.3435098488598,-117.84051696398599,-117.3200123297225,-117.54121278814851,-116.73608808447044,point1,-116.41520173090447,-116.39294290513533,-118.84093576656164,1.1722406186476313,-0.2479226021370819,-0.4120954991131516
HDOK,PLOK,17472,34,34,-129,-13,11,2,33,-118.5646758377394,-117.32937307271563,-115.58921510308281,-116.85596160759853,-115.00416125828002,-115.91349958921052,-115.90421843969989,-115.09199861444648,-115.03742490558832,-117.10516502551936,-115.4088934107156,-117.10161015185187,-114.88477554224377,-115.38482717561936,-116.84115460943634,-117.34172774529478,-117.75024919951808,-114.58932846118972,-116.04043097168646,-117.57086681037538,-116.28889390979677,-117.08307847578902,-115.43824250593893,-117.11869482757206,-115.85804292409408,-114.91142314765472,-116.54462061089765,-118.48881585158632,-116.81774119517789,-119.02233598185326,-117.22017746616758,-116.75170517191815,-116.77918031287874,point1,-116.47371242161023,-116.75170517191815,-119.02233598185326,1.2733616213880685,-0.26294517484241203,-0.5407309183474056
HDOK,PLOK,17472,34,34,-129,-13,11,2,33,-115.35969117317457,-117.19569425358559,-116.22465199072748,-116.62503456587422,-115.91702968758324,-115.17826615413031,-115.82357997659902,-115.35613443660263,-115.54189495433184,-115.44718547360249,-114.87377742710454,-113.91631090717667,-116.24495087477072,-116.3219369646754,-115.67735778574797,-116.9423583048772,-117.68595503227016,-117.40785829803464,-116.66999573014932,-113.78566077470224,-115.7028462622937,-115.6091134285306,-116.23929812133622,-115.97128847919207,-116.81605107833587,-116.1572309942064,-115.88088112048418,-116.24338776539318,-116.62989377304983,-116.73670322342834,-115.62358873902035,-116.8164362015876,-115.66289193987815,point1,-116.00863442098353,-115.97128847919207,-117.68595503227016,0.7208763850943556,0.571662559331385,0.9564308400834638
HDOK,PLOK,17472,34,34,-129,-13,11,2,33,-116.3405777571013,-114.96336269825805,-116.27033141028468,-117.28997825717214,-116.50034366863548,-117.24288602875403,-115.09114200955068,-114.48246263798839,-117.08973552636014,-117.18297205633246,-115.6638097675476,-115.46625240584193,-114.40976862537285,-115.7525517555383,-117.40663511632172,-115.5456145438461,-117.0207492676413,-115.85934668887587,-115.34319563782684,-118.02530101758418,-114.16832209141089,-114.96995237516201,-116.47820313174688,-114.28513912352939,-115.06408177278254,-116.77357340568739,-116.26330833685807,-117.09511491893679,-116.1183786252848,-116.75749506686749,-115.60875297400999,-116.60156737803659,-116.10476342137368,point1,-116.03744453025821,-116.1183786252848,-118.02530101758418,0.9879592828553345,0.1577681252934824,-0.8012994860375264
HDOK,PLOK,17472,34,34,-129,-13,11,2,33,-118.4292443403177,-116.04356327897555,-115.8292334395495,-116.33811408623914,-115.87121885299939,-118.14564673063347,-113.46348232149383,-115.75924590609544,-116.34923294066888,-115.3729036956173,-114.87624497333579,-114.98624174730048,-116.98817993144202,-117.42566250270292,-115.56566730666005,-114.95697232284442,-114.82093514420636,-115.99277912608565,-116.01476952777269,-116.14119252054155,-113.5808941860272,-116.35074755351359,-117.47775980592496,-116.98038351196914,-115.27713438719853,-115.50051911604938,-115.7925854159039,-117.4550188683652,-116.71349797122794,-117.76114522664679,-115.66283678691738,-116.6414234111149,-116.39756008907366,point1,-116.08975869773984,-116.01476952777269,-118.4292443403177,1.2648704716430605,0.13997339644313778,0.32146953710747495
HDOK,PLOK,17472,34,34,-129,-13,11,2,33,-115.55127465434087,-117.5161650983516,-115.75263036022315,-118.5454524221343,-116.28217499606131,-116.77098541152317,-115.95287752241146,-115.92324924627069,-114.70775334674748,-115.67844605116036,-114.5102274247351,-117.19985772612534,-116.02270465982546,-115.67475435733213,-115.24400591900722,-113.91796823800942,-117.0618519584527,-117.04492481192814,-117.46887867786334,-117.5503064752383,-116.60540422565559,-117.84798445721589,-115.93438178273009,-114.85766411872783,-120.50873961030851,-115.51808498556086,-115.12004717221666,-113.66916034346076,-116.61733208759567,-119.04825740617356,-117.95757849714388,-117.34099921389115,-115.01692684307761,point1,-116.37633485156061,-116.02270465982546,-120.50873961030851,2.1334326527683407,-0.569272844312536,0.6472959568535401
HDOK,PLOK,17472,34,34,-129,-13,11,2,33,-117.54588332334684,-115.28873060330471,-116.27679976444952,-115.36154264942671,-116.11589466325458,-116.07595967227512,-115.20145845062643,-114.7802870271812,-116.40165095277015,-115.26069354395719,-115.39002736838512,-117.02620417958984,-114.29570607961095,-117.3628206114177,-115.3721373692947,-116.38407489983246,-116.613886337866,-114.75864451526455,-116.1348963915846,-116.18122919604977,-117.05525776822225,-115.04707374903212,-116.84346461523619,-115.45350229029965,-117.11502030640689,-116.07822276987112,-114.95138297482465,-116.74760453177772,-116.93635887009539,-114.55673556407304,-116.693169212579,-115.43538616753729,-117.45037617390571,point1,-116.00582068464693,-116.11589466325458,-117.54588332334684,0.8100355290184584,0.04553254062411509,-1.1137694183347637
HDOK,PLOK,17472,34,34,-129,-13,11,2,33,-117.68097217396028,-118.0676673941946,-116.00651566684245,-117.73999052778191,-116.4247491735487,-116.33987094873143,-115.23980554345759,-114.10954674286425,-116.17384155629843,-115.26706469213813,-115.24416858935169,-116.8657771382382,-115.35751400773565,-116.23193493036847,-116.74074219505313,-116.27298418934475,-116.08720669129292,-116.87826760976547,-115.94785255961929,-118.62037787173799,-116.30752552922694,-116.16779112893707,-118.00818023447229,-116.34932956157168,-116.40555365969398,-116.23245256393109,-116.28708758844606,-115.12990246409034,-118.71802769984119,-117.5756129617839,-115.9431442286738,-117.84474712500624,-117.79768062862779,point1,-116.547390472019,-116.30752552922694,-118.71802769984119,1.1260011738346756,-0.2051515739673138,-0.2000648013071733
HDOK,PLOK,17472,34,34,-129,-13,11,2,33,-116.3162834879925,-115.68323623509558,-118.13025794226616,-116.37776290288606,-116.15285030723594,-114.69727336233822,-116.06182958833185,-115.31813144573393,-116.27476862070671,-117.1741883812186,-116.22373836560232,-115.59550177761119,-115.36882333687566,-116.33957915101736,-116.61548893993258,-117.36705171244891,-116.94142140932303,-115.3577545732516,-115.9781101754351,-116.55080444062303,-116.27721065033404,-116.1709544573878,-116.90405155120236,-115.93403566416845,-116.23415015813278,-115.57809527553536,-114.67251108287961,-117.47268511561168,-117.46381745304687,-116.70966642218852,-117.44592663602435,-114.47828013389513,-117.27100913775146,point1,-116.27688636042681,-116.27476862070671,-118.13025794226616,0.7373324272009314,0.11111310155554859,-0.21917385455560012
HDOK,PLOK,17472,34,34,-129,-13,11,2,33,-117.04097851314886,-115.9973788248274,-115.64578512888032,-116.69831724379557,-114.02185408022848,-115.83049597369231,-115.45939466658396,-116.20101904040645,-115.98312604358394,-115.53651085200714,-115.83173083879652,-118.9860025650164,-117.19287220899935,-115.5829217115375,-116.02855722921609,-114.50957660475203,-116.27669673883179,-116.56822001207655,-117.15536379827616,-116.27279313125,-116.53160835976186,-114.40121878050812,-116.41762255558271,-116.34508516792924,-117.84907517307047,-116.0066153405564,-116.74892273093,-114.9674266236118,-116.22487478837468,-114.91807462411862,-114.25032243814273,-116.51509220384803,-118.48141842928827,point1,-116.13566522489786,-116.20101904040645,-118.9860025650164,1.1828772605041789,-0.365019666438485,0.7872873263494022
HDOK,PLOK,17472,34,34,-129,-13,11,2,33,-116.35048884741106,-115.36810637088549,-116.34406785236976,-117.05489557818679,-116.0931079142441,-115.04018029489872,-113.16426316400364,-113.02033127756441,-116.88693084277013,-114.88585546128624,-115.34138946896253,-117.66932567512002,-116.32971849005907,-115.56457012077244,-116.45628850702462,-115.54174294156617,-115.67296153509844,-115.55219300246162,-116.0899390415293,-114.84922881137724,-115.05889903612542,-114.97798516743039,-115.94504062147745,-115.5982832882866,-115.48431444560434,-116.71196057566418,-118.47215873443744,-116.98185784138307,-118.44482626613878,-116.31363463438436,-115.63575879992277,-115.14520156707236,-116.84728258177002,point1,-115.9058420835542,-115.67296153509844,-118.47215873443744,1.3489406460463702,0.11469609966106296,1.1900785114770094
HDOK,PLOK,17472,34,34,-129,-13,11,2,33,-116.51924897771728,-115.93019026924631,-115.09335963663467,-116.18529418565508,-115.09765752329866,-115.86438275171568,-113.98356548957234,-115.40295434081072,-115.99241436097451,-117.17462801341614,-116.10880261036422,-116.95701104398663,-115.59652773978588,-116.94894213525936,-116.49358555495432,-116.19623019411878,-117.8124557225886,-115.87251285020287,-116.50863627393638,-116.96101863749968,-115.6702076222131,-115.91227408758388,-116.92402745310473,-115.83085377563042,-115.3648964318797,-116.31610963179422,-116.4239062897459,-116.76148140827631,-115.43696060185991,-115.81785814808556,-118.46644243485876,-115.3187824183352,-117.62184394459923,point1,-116.19894128968801,-116.10880261036422,-118.46644243485876,0.7577571248455014,-0.25351513362337647,0.9427754897927509
HDOK,PLOK,17472,34,34,-129,-13,11,2,33,-117.92201658738124,-116.13148745988416,-115.75630172230528,-117.0165414964439,-119.41800547165623,-117.55228454937523,-115.20973629782783,-116.38563896856984,-115.01982305125169,-115.43543214561772,-116.40062413870542,-116.74210653774057,-114.8110498744378,-115.80736248986463,-114.23016064109584,-115.35646075635465,-116.85892093316376,-116.7575422538721,-117.93588448183418,-117.46202777085259,-115.4928939190937,-117.04663545861246,-115.22665194940532,-116.50433588067915,-116.09452738771567,-116.21853704216312,-115.14363875767361,-119.5320572066245,-116.88259391361112,-117.50447651523976,-117.31451358330735,-116.64445322390017,-117.86531133190913,point1,-116.53575859994454,-116.50433588067915,-119.5320572066245,1.4702360663390084,-0.5144430268586174,0.32060062389305743
HDOK,PLOK,17472,34,34,-129,-13,11,2,33,-116.21329443398852,-118.19404178055507,-116.1931330714516,-116.26946430633988,-116.6684495394167,-115.3800744658308,-114.43216200147928,-116.11168405284182,-114.27334715356707,-115.24505326258726,-117.3095820362288,-117.89460985439722,-117.04316816672508,-116.53642328558203,-115.69456788645867,-116.5280255365682,-116.75965291416696,-115.64833806289097,-116.67105274084318,-117.96332030169535,-116.6497024785539,-115.08855331211133,-116.37221205607207,-116.36477826904573,-116.72908085273241,-118.41469765350776,-116.46028254282551,-118.86236192942795,-118.57771480206685,-117.81152310817265,-116.40393875180175,-117.169061065013,-115.63651376180925,point1,-116.5930262253562,-116.5280255365682,-118.86236192942795,1.2168191319589785,-0.09344261695516648,-0.13352488402594753
HDOK,PLOK,17472,34,34,-129,-13,11,2,33,-116.10672018900024,-115.94046541265732,-116.66774237094948,-117.25936398397387,-116.81973607922146,-117.20204780104089,-113.87834617242122,-116.3242493337511,-114.837146420369,-115.95731565860137,-115.92177468618496,-114.1791005938356,-115.01700710022313,-117.24847417254684,-118.09053991266882,-115.0651291099233,-117.03784415540345,-115.78449826047931,-118.13360846578261,-115.70202579556819,-116.0368134730572,-117.74610763526469,-116.27962891896779,-115.50774515533885,-115.8146068567851,-115.48303375625481,-115.14226801657155,-115.58816201644991,-116.70691978574712,-117.96553089801834,-116.90660949275471,-116.96616881788607,-115.50899316213874,point1,-116.20684011090417,-116.0368134730572,-118.13360846578261,1.1062257874182737,0.041538018663884776,-0.34596467257011865
HDOK,PLOK,17472,34,34,-129,-13,11,2,33,-115.79635581555902,-117.94943407648739,-115.76759271694058,-116.08434153657635,-116.74953958694476,-116.68104000516959,-115.42976733038738,-114.4339986710519,-115.1074863880384,-116.66758090267703,-117.07474679302437,-114.8252282244706,-116.41918819750963,-117.28731803022178,-116.71221526244983,-117.5977899976866,-116.17581460497466,-116.82444161029646,-115.32568957284958,-115.80587349735053,-115.62703678003439,-116.73259757153488,-116.50981233932826,-117.25127554815813,-117.87618079366018,-117.04860284522312,-115.92887200156527,-117.45537791889896,-118.26839735895373,-116.66294588633708,-116.02099354202687,-116.71974812644393,-116.8721248098814,point1,-116.47543661644585,-116.66758090267703,-118.26839735895373,0.7948069852333283,0.2007970023593514,-0.21206418068504806
HDOK,PLOK,17472,34,34,-129,-13,11,2,33,-116.1132572555037,-113.6589086829446,-115.7658880960656,-115.96309361056515,-115.2800170576575,-118.10150173639806,-115.67799977954401,-114.65258909300009,-114.37535429946051,-116.90083929415373,-115.99032141760344,-114.39581373644423,-115.43951054722713,-118.2005207672563,-114.8175043827801,-116.9519369380217,-115.26489364677201,-115.59922811672944,-116.67462792878872,-116.614951334208,-115.54731338898341,-114.86846106063544,-115.39987963145741,-116.45962491011565,-115.12715074632459,-117.3859878327007,-117.33603595398314,-116.58045909714694,-118.11581005589473,-116.31791735327491,-118.68701789523085,-116.26748311845041,-116.74427338956608,point1,-116.09927794408752,-115.99032141760344,-118.68701789523085,1.4055386791569582,-0.2682798203808941,-0.2894780957824943
HDOK,PLOK,17472,34,34,-129,-13,11,2,33,-117.65620001623199,-116.21433500981146,-113.56809164036287,-116.63133458233386,-115.38857480049339,-116.5422302643236,-114.43788278859469,-116.56483077343418,-115.69440987490503,-115.59223825910846,-115.10660930988402,-116.00841139938156,-116.0753587115597,-114.70462302180081,-115.4832543881415,-115.58840245271804,-115.01918028006824,-118.24270563903161,-116.4688086609484,-117.43316579034638,-117.04715432713743,-115.4241743989102,-117.31002737417828,-116.53158693154224,-115.76010040053248,-115.76424732809312,-117.93119535078647,-115.49406921766204,-116.7649327973448,-118.69597739758764,-116.2306244078512,-116.48830818911759,-116.39372416372542,point1,-116.18959908933178,-116.21433500981146,-118.69597739758764,1.170046583819641,-0.134556020062746,0.37812437423978906
HDOK,PLOK,17472,35,35,-127,-11,11,2,33,-116.2798802163492,-118.270379746126,-117.73059711854862,-117.12354153710292,-116.85029803721172,-118.35394779924918,-116.52159381588065,-117.62318092414333,-116.46032456993844,-118.16074828140235,-115.5167852502767,-118.6697189553688,-117.53693963477528,-118.07128927879862,-119.0126205605432,-118.01134111700304,-117.74639934898805,-116.2191044565287,-116.9892915400482,-118.42360484142395,-115.85967151979726,-117.67109256092688,-119.26160651854632,-116.66201939958049,-118.666999660205,-118.1022537485132,-116.20431440098405,-116.19304226775279,-116.5104464409502,-117.71172345226711,-117.89859073912396,-116.88586213018557,-116.90975470016757,point1,-117.39724135056689,-117.62318092414333,-119.26160651854632,0.9124010324618061,0.029827989371209878,-0.9223539191502912
HDOK,PLOK,17472,35,35,-127,-11,11,2,33,-118.67109010715042,-117.33959956401343,-117.83499831745279,-117.42186803256435,-118.55551987416081,-117.08401964568,-118.82344275795914,-116.18464776962581,-116.47470680362589,-118.42510654986305,-117.6538371764241,-118.50771974899469,-117.73890522242208,-115.55591971943441,-117.25098272771929,-117.32516408731323,-117.19452442775633,-117.71478083720388,-117.01991771485127,-118.72113642704178,-116.56630312931883,-116.69144247379424,-119.68408326875999,-117.88556343188914,-117.77912381158467,-118.39978691069017,-118.67923270916,-117.64824185841623,-118.29567265350772,-117.69663072985975,-116.55385742540405,-117.9493544571317,-120.13561959164032,point1,-117.741296968558,-117.71478083720388,-120.13561959164032,0.9260368927552578,-0.17352735885405168,0.386328072572502
HDOK,PLOK,17472,35,35,-127,-11,11,2,33,-116.80513555848871,-117.49388109060499,-116.92109148529215,-117.91234910600339,-118.94389353753533,-114.99918724737194,-117.0017848877798,-117.9994076250402,-117.0941335368883,-117.34964668888794,-117.21242418710733,-117.49788738070184,-118.09716551946475,-116.95213755913721,-117.19340030935612,-119.00038913098224,-119.81784935457648,-116.56044309050525,-117.89404780013115,-117.07898968041134,-117.51354088071513,-117.6002659022475,-117.42150971778945,-119.84013328665861,-117.3787691413677,-115.84561673222821,-117.79206439584944,-116.85981445344007,-117.329147383135,-117.08363247437929,-117.34040308251417,-118.79308637951375,-116.01779678078242,point1,-117.47397046626931,-117.34964668888794,-119.84013328665861,0.9847984881977222,-0.36520431314858626,1.278162759047531
HDOK,PLOK,17472,35,35,-127,-11,11,2,33,-114.856929526418,-118.08032246301104,-118.61426273029423,-120.54474259262963,-117.29642298776704,-116.29773847057825,-115.64113305395063,-116.81934051702105,-118.18225282852134,-117.65575406512046,-117.48322562373772,-116.56523171897666,-119.52327528260574,-116.54793972334195,-117.78159347832505,-117.50682568003735,-116.93648888727907,-117.40073533058121,-118.21747511847383,-118.23844509309885,-118.65092742511169,-116.61712230380577,-118.24786236846029,-117.48361473928294,-118.37900443712218,-115.54373463585307,-116.63473339051367,-117.12489233841418,-117.67565853995735,-117.5146921120753,-119.7324410057232,-116.52979428514487,-118.152595907018,point1,-117.52961238364401,-117.50682568003735,-120.54474259262963,1.3811110711830297,-0.20721646745377403,0.6514741290350861
HDOK,PLOK,17472,35,35,-127,-11,11,2,33,-116.10816107842106,-119.42462116683423,-117.42236956875327,-116.37030855864859,-117.21388836616713,-117.9623096772568,-117.0072704846989,-117.3049691718334,-117.19692256487586,-117.79951757161227,-116.12924721986874,-116.79542977506388,-117.38997132526313,-117.86560162213974,-117.32433544236784,-117.46114583953423,-119.26945305327015,-117.25188394168626,-117.93448782646622,-116.77242691587205,-118.77415515051966,-117.25445372876052,-118.23168243067985,-116.79661764407312,-117.67783305512692,-117.68174275803284,-117.73721997819445,-117.12929267945847,-116.99544539855565,-117.80151622922213,-116.98261874452626,-117.71144921761446,-115.66907127464681,point1,-117.4074975593953,-117.32433544236784,-119.42462116683423,0.631691194069374,-0.4296674483674517,1.0651479991566313
HDOK,PLOK,17472,35,35,-127,-11,11,2,33,-116.59800416186735,-118.18143675888113,-116.26451697238888,-120.40563590999385,-118.19675445212654,-117.83423373195049,-116.76254128748609,-117.48799446525929,-117.58043427214476,-117.25070466349113,-119.06931613079976,-116.88547233090598,-118.9151784204387,-116.51555115884588,-116.42748905593798,-116.96460680981572,-119.04174939879513,-117.15650464882779,-117.09064590437303,-116.95271372942445,-115.92412336180347,-117.5171756542859,-117.14304523050497,-116.0988811488204,-118.16338890886242,-117.69618315280711,-116.44511047839927,-118.38831144636579,-117.38792248032219,-116.68775136356027,-117.72604091710845,-116.64479210513066,-118.24430198516716,point1,-117.44389431808764,-117.25070466349113,-120.40563590999385,0.9553857088254522,-0.931905351674794,1.0586796618793257
HDOK,PLOK,17472,35,35,-127,-11,11,2,33,-117.91128400953168,-117.15483495989145,-116.15508243348529,-118.09096780654662,-119.17392164905837,-118.28134585746398,-117.61777719651509,-117.67882410789352,-117.67831896666121,-115.7279382707046,-117.14393182602241,-117.15257664275408,-117.72202045337417,-116.2745249514166,-118.72182766564516,-117.40861759194202,-119.74549137660918,-119.13698518816562,-117.87301732381292,-117.06483838150903,-117.67387488538091,-116.57045508192085,-116.88291271353691,-118.3764242532735,-118.81360531665995,-116.73621146679476,-115.14377112706846,-117.56625370489776,-117.93869645254263,-117.38865914804033,-116.88295457559744,-116.86994190027681,-117.28211567131993,point1,-117.51030311988828,-117.56625370489776,-119.74549137660918,0.9503583628276048,-5.7523117170149916e-05,0.41178081355270946
HDOK,PLOK,17472,35,35,-127,-11,11,2,33,-117.37832158988672,-118.42259411563339,-117.70221373066254,-117.7943190454989,-117.22064934579677,-116.97818564268053,-118.34026271277267,-117.59468403019467,-116.38593705285399,-115.77487909079085,-117.1332898565582,-114.48521845351698,-116.65146377859678,-117.20981168003101,-117.58000381652589,-119.44099345725138,-116.83092609352602,-118.81760449385035,-117.27226773213769,-117.3609609092696,-117.71194051768718,-116.2592259446257,-118.08641509031756,-115.01764524422717,-117.17468978785767,-118.02612263290482,-116.36384109869911,-117.12119048910738,-115.89645942541169,-117.67049375144133,-118.56957575082612,-117.47488208045235,-116.9527645519497,point1,-117.23332827253158,-117.27226773213769,-119.44099345725138,1.0284105167418844,0.5408178379366689,1.018556295624999
HDOK,PLOK,17472,35,35,-127,-11,11,2,33,-118.16357300852322,-116.95040651198977,-118.11370085650503,-117.9299076033352,-117.08299926689355,-117.85084835986706,-115.44503751657808,-117.58649937416094,-117.77486651878426,-117.82579088269748,-117.01933335373454,-118.32822723928045,-116.84840861400191,-117.00765918765308,-119.50345503010956,-117.48421961805896,-118.60853735882934,-114.80709449338089,-117.16128329456738,-118.22178172948655,-117.98261545590294,-117.80150790428414,-118.95570224065739,-119.3480862500797,-116.18885456689893,-117.24046650599165,-117.2673570152259,-118.76733757897082,-118.50177421105514,-118.60897690261251,-117.21931379763186,-115.57942538236863,-117.65953418139975,point1,-117.60104793368232,-117.77486651878426,-119.50345503010956,1.0824703280566434,0.683939955830834,0.7846864070408421
HDOK,PLOK,17472,35,35,-127,-11,11,2,33,-115.31664705259139,-116.67740261882452,-116.66046907033578,-115.32441900875172,-117.47480805764232,-118.58204407879671,-118.61721555099314,-117.3279586289026,-117.08301102929674,-117.56280066327446,-116.25799484407406,-117.12051614535551,-117.26974848804637,-115.86663621855786,-115.63164249252459,-118.26252052340084,-116.7892323011731,-118.03319515809955,-118.96396799314331,-116.14605914114586,-116.76456359784208,-117.12429090928555,-117.63229989757755,-118.9542265132657,-116.18195414352745,-118.9165324168336,-119.93498122223555,-117.76945701636413,-118.20009497412369,-118.66416716828252,-116.23884352868708,-116.37083965979046,-118.1430805713486,point1,-117.32920062679072,-117.26974848804637,-119.93498122223555,1.3174509121561564,-0.1591948319318054,-0.6416764147286123
HDOK,PLOK,17472,35,35,-127,-11,11,2,33,-118.99852104641307,-118.36164312902712,-117.78802123984201,-117.98782104963813,-117.51264758537931,-116.66610191831134,-117.34278188297844,-116.0725550859218,-116.501218490796,-115.51054929668109,-117.57698091917722,-115.90704237301523,-117.91849439335058,-117.28483694520256,-118.92247759290544,-117.612272317668,-117.92431163397397,-117.07785724846718,-117.21467520330587,-116.33344362615179,-117.21400072957584,-118.55318763260493,-119.82591733594971,-117.31423063648418,-117.51239194223253,-117.33767788513298,-116.05195887879603,-117.9920133349721,-118.21281289001624,-116.41412114470309,-118.30038407849267,-117.63459389242081,-117.46922018338896,point1,-117.46505344069625,-117.51239194223253,-119.82591733594971,0.8767001483528193,-0.09694091997139119,0.22994145962751222
HDOK,PLOK,17472,35,35,-127,-11,11,2,33,-117.56966224951235,-117.84225046788765,-116.80203544444512,-118.21778023659205,-116.58245859164359,-118.80724764046808,-116.72186922016267,-117.7665194525647,-117.20380175928639,-116.61887121328722,-116.84286247721174,-117.86130896260703,-118.11374856315007,-117.38864078404477,-117.14814282967882,-118.99259477558017,-116.06465503724377,-118.16238869917532,-116.14922676355677,-117.61294663186112,-119.52265549074986,-116.33494737127675,-118.2718846658162,-118.38252865978939,-117.28301244208535,-118.6415150807439,-116.48727992762126,-119.6897443120584,-119.43494308157943,-116.25151489666455,-116.90197996037165,-118.74283070168062,-117.64782796577416,point1,-117.63823261685367,-117.61294663186112,-119.6897443120584,1.0134945388914631,-0.3220568653588644,-0.7872414996158126
HDOK,PLOK,17472,35,35,-127,-11,11,2,33,-116.07487782629549,-117.24091040037975,-117.62196149368758,-115.02809402145868,-117.63475057875601,-117.33523086775169,-117.28798632067404,-115.53695069145763,-117.46072836009391,-117.21794733455597,-118.84793816014447,-117.71175709245759,-117.67425921000545,-117.0127840311057,-116.95850927977934,-118.53064614567582,-117.43394674264005,-115.3632858156896,-116.19181025416816,-118.98883788696749,-117.71145993550594,-118.98360699442274,-118.71324749051925,-117.61249054822997,-116.76486319724867,-117.5739703460087,-117.17686164167897,-115.39846576773913,-118.43443628549326,-118.39076760921886,-119.92841693402075,-117.0259232037094,-116.80801963814777,point1,-117.38411339714204,-117.43394674264005,-119.92841693402075,1.2379554365514946,0.1386619052504328,0.09197135294909975
HDOK,PLOK,17472,35,35,-127,-11,11,2,33,-116.41137444562278,-119.50422452139395,-117.3698474870007,-119.1968811976426,-118.01090844305888,-118.43291442106825,-117.8423978737971,-117.20153933252513,-118.1977855572477,-117.66976465818846,-118.21865276636383,-117.55168060168901,-118.79476502801228,-118.86095807144112,-118.45531288652658,-117.31509758862883,-117.26674470325689,-118.18795289068075,-117.76439308108415,-116.64443487207276,-117.23641515112955,-116.75429832512847,-117.59423884970788,-118.00963976913808,-118.75751718462789,-119.04743980049926,-116.86366280992155,-118.03064056299762,-117.25937996617012,-117.97217143029991,-117.60327821224729,-117.44048846943045,-118.22678555689657,point1,-117.8695026216817,-117.8423978737971,-119.50422452139395,0.550006248047358,-0.1992791361482385,-0.37907064792581524
HDOK,PLOK,17472,35,35,-127,-11,11,2,33,-117.71905007156995,-117.85145740719972,-117.80925530207699,-119.68227508874773,-117.45362481154243,-118.31806662500478,-117.49570418060887,-115.72578158403034,-116.26031760585093,-118.11225664406693,-117.84865221113851,-116.78511215773123,-117.41960683465784,-118.6032918899417,-119.0211411871313,-119.6325882336436,-117.01918749067184,-117.00436795814912,-117.19359520340457,-116.8583153658806,-119.55276612970415,-118.58846393570013,-116.971884154688,-117.38286173858508,-116.9101208749647,-116.76623891524274,-118.12192185762775,-116.36500196010282,-117.22420830626862,-115.90985167745478,-116.92055099481624,-116.5070547663397,-116.2644674269375,point1,-117.49391032095399,-117.38286173858508,-119.68227508874773,1.0353109324845797,-0.5719293953518273,-0.14858910706942652
HDOK,PLOK,17472,35,35,-127,-11,11,2,33,-115.87492209215702,-117.95681656195273,-116.63615237211604,-119.54575239998105,-116.29290498263981,-118.49702212610302,-116.9738926590774,-117.44277746302286,-119.11686849317518,-118.09805037239464,-116.70025840609325,-116.98072406804158,-115.17417442369154,-116.77935663168789,-117.23557246374142,-117.79520790841683,-118.35905654736148,-117.40407961669165,-116.68473217741045,-119.56587220366126,-118.00370669648326,-117.87285699492587,-118.3518904451693,-115.95997807555615,-117.24504111039015,-119.23550591245892,-118.08477907204545,-119.11324873370171,-118.4142362487747,-115.73706423448822,-117.25060811694077,-116.55194328342387,-115.66656142582553,point1,-117.47277619150304,-117.40407961669165,-119.56587220366126,1.3306742415284467,-0.02384203288552357,-0.7191350437782713
HDOK,PLOK,17472,35,35,-127,-11,11,2,33,-117.85669433991622,-118.62668448061133,-115.82587750339745,-118.24694941264133,-117.66653452055301,-117.85073841014905,-116.68882699832147,-116.4773884608731,-117.3898525864636,-118.18007203496508,-117.22877510782469,-115.87055767626696,-118.6191086458071,-117.02995130994634,-116.68473845022383,-119.65168304242916,-117.67610960633557,-115.8028998093262,-117.10039210510291,-117.11547188721599,-118.27414930716354,-116.89326207301748,-118.3289772097626,-117.52828937557665,-117.29648623919529,-117.7303052949257,-117.8432398198177,-117.64536593765027,-117.75388678409992,-116.46716819252546,-116.12579287603715,-117.91898974277898,-119.67436669488663,point1,-117.48695714956992,-117.64536593765027,-119.67436669488663,0.8972055615265007,-0.22485655583124758,0.16729931657834918
HDOK,PLOK,17472,35,35,-127,-11,11,2,33,-117.55693940614648,-116.99725149535058,-116.91714904612819,-117.11648941830052,-115.91197108344159,-117.10589724766085,-115.86933360764691,-115.11164968214531,-117.07687455844304,-116.3085457519221,-117.82348313315683,-116.85972538629055,-116.41404476918837,-117.88938257938946,-118.54788707176293,-117.627475801362,-116.88705839215004,-116.78649473661275,-116.76875048212065,-117.6844891869901,-118.83340687451825,-118.99920862972148,-118.59285602175262,-119.0984663615488,-115.318561272421,-116.94692505508681,-115.87456531973406,-116.6488075268479,-116.56779250105177,-116.04402152153456,-115.65142370611873,-117.80283764670361,-117.25944463078434,point1,-117.05755181527374,-116.94692505508681,-119.0984663615488,1.0332417542006844,-0.2460683504638417,-0.37563833850354644
HDOK,PLOK,17472,35,35,-127,-11,11,2,33,-117.98259080475317,-119.55869941230698,-116.61625586906075,-118.17938623003936,-116.80788000387919,-117.88156367925912,-116.09708081844214,-117.3747964781824,-117.84326222565173,-119.41837864370937,-117.88160655014475,-117.21579177008743,-118.23047169655231,-118.1314746873389,-118.5131937847718,-117.05003512243904,-118.18398247042113,-117.34499372763248,-117.87557203555905,-117.35075330687219,-117.15646941334491,-118.22407170692988,-118.41792591787632,-118.2344654198924,-118.19323346971831,-117.2805974846684,-116.8040228133983,-117.18054015874314,-116.78758465318366,-116.33786665282088,-116.38456200032915,-117.00764092200147,-117.23814046774615,point1,-117.59954213326533,-117.3747964781824,-119.55869941230698,0.6481490902528346,-0.37115262748703487,0.07964908336691945
HDOK,PLOK,17472,35,35,-127,-11,11,2,33,-116.00063401770855,-119.2011880959299,-118.52642276527439,-117.34020998403435,-118.04904838388767,-118.54872134563222,-119.10297549560697,-118.31182453658643,-118.28458740260348,-117.42620656729902,-118.6887220829436,-117.52421589608288,-117.06742575000644,-116.66833654241384,-118.25034802396176,-116.83195260485617,-116.05136617231945,-117.18231767062818,-116.86725791423423,-117.78465692146221,-118.12502980052568,-117.91821096480459,-119.9736625389701,-115.80495179127898,-118.2789025437099,-116.8964641217343,-117.01040929152782,-117.42512541597067,-117.8654438870421,-117.3903470435819,-115.18408596883586,-117.85943578472337,-115.99741294268819,point1,-117.5587242505717,-117.52421589608288,-119.9736625389701,1.0912391533579806,0.12320751439927317,0.016063365397327
HDOK,PLOK,17472,35,35,-127,-11,11,2,33,-119.66939691024334,-117.1255724174852,-116.44937179758772,-118.63649391521601,-116.21517994661029,-116.95219789317544,-117.7540338388054,-117.42125126713978,-115.89258497352284,-116.69182585113035,-117.9270321515995,-118.839606422585,-117.21653967116679,-117.66368720742169,-118.9548528135351,-116.64205524665995,-117.92042501918134,-116.81711279591202,-117.69323292581933,-117.41910510086113,-118.18053393030368,-116.99532002968103,-117.30821362135458,-118.29805736036789,-118.33524549315725,-116.98008073422487,-118.86134245958785,-118.60805784900488,-117.6062156080583,-117.66079536826888,-117.42552116438443,-117.00416108289554,-116.68724409727929,point1,-117.57128324134021,-117.42552116438443,-119.66939691024334,0.7377590237822247,-0.36744497817905747,-0.21834336918966013
HDOK,PLOK,17472,35,35,-127,-11,11,2,33,-116.34602469376907,-115.7665863302231,-118.11290485686605,-116.91146680562453,-118.13950308275479,-117.44011779156078,-118.25959152720048,-118.17572392859378,-117.18250506473689,-116.55650431045483,-116.04655263613768,-119.215571206178,-118.6297133623466,-117.6809948220921,-118.46827176118174,-115.83231863422354,-116.74697105623592,-116.65719677716189,-117.63391695280569,-118.70290112431626,-117.5780093100252,-119.02375018847289,-116.01350593657827,-118.44096394707991,-119.55854306382173,-116.48745028143819,-117.75138482814,-118.875342260159,-116.18530082108774,-118.05335878920255,-119.87707701578435,-116.64393279748643,-117.67069625097238,point1,-117.59589855196099,-117.67069625097238,-119.87707701578435,1.2456196654848988,-0.09304016523226705,-0.9218187510536904
HDOK,PLOK,17472,35,35,-127,-11,11,2,33,-117.07369431153889,-117.38074668112355,-117.70429776830927,-118.6647541948036,-118.08877480180135,-117.29286597953762,-119.40973138741424,-120.04749604691517,-117.99514748078998,-117.55901790819537,-116.88709083113528,-116.98215904814,-116.4258117967228,-117.07192338007312,-117.00938397680846,-117.31035319735757,-118.57730438218901,-118.92972529588948,-116.66648074455303,-117.4898684313109,-118.64859989162522,-118.25906258685322,-117.92920147134095,-117.74531083050086,-116.50622832399421,-119.11024657507126,-118.41840328111996,-117.63373158457203,-117.51698411857491,-117.14384443635602,-118.77522873501921,-116.22157721271836,-115.00166329636748,point1,-117.68111242390066,-117.55901790819537,-120.04749604691517,1.0198532547528223,0.03126935204572754,0.5826327938062175
HDOK,PLOK,17472,35,35,-127,-11,11,2,33,-118.70961908814174,-119.0604962444346,-117.07860719080304,-118.86914617480076,-116.99139625276939,-116.67207516085848,-117.13997815222767,-118.96232380516398,-118.44742519718889,-118.41790481990546,-117.06113675586106,-117.5078470988442,-118.79294197724982,-117.99303948858491,-118.21974883582143,-118.2215541029419,-117.00721693670975,-118.6234622064769,-117.86158025645543,-116.84979131120369,-116.2382112045036,-117.14516936289998,-116.84672466754705,-117.96183503466834,-116.01166098761786,-117.14934747639771,-117.87292489622584,-118.11206568205837,-118.94415278957575,-119.62128552111204,-117.22230347314215,-118.55675300744599,-116.93296306462459,point1,-117.79099055225038,-117.87292489622584,-119.62128552111204,0.8067819607433475,-0.011781936552512952,-0.9462279153289206
HDOK,PLOK,17472,35,35,-127,-11,11,2,33,-116.00340824405973,-117.21873279728253,-116.38266239307413,-117.23202460097602,-116.13071246433769,-115.62596749679832,-116.37330743691948,-116.72166763909249,-117.44571149923782,-118.79713716509039,-117.70808633164097,-115.94229415784577,-117.63257908614129,-118.07923919220526,-118.89060355552336,-117.51289782521397,-119.58266041343177,-117.19824834111405,-118.46632869153945,-119.15286444948855,-115.95705655263365,-118.02024406610391,-120.1770734079946,-116.6544938041312,-118.3530757941327,-117.36718158739403,-117.68266475520792,-117.18130251011918,-118.29394535724944,-116.85733190706026,-117.05137196749479,-117.01788110230093,-115.09234772499852,point1,-117.38797285811617,-117.23202460097602,-120.1770734079946,1.3245719518447894,-0.3404032507099426,-0.05835394119556092
HDOK,PLOK,17472,35,35,-127,-11,11,2,33,-115.85838319613119,-118.87870768928043,-117.94633880991461,-118.0602550690798,-119.20336782133096,-117.04663604271033,-118.63410941761418,-117.24124610222721,-116.66069093137801,-116.77230603819494,-116.96565824530968,-117.39595025082599,-117.65918053752692,-117.91940322317448,-116.22414649075178,-117.74335926107102,-118.20692375102556,-117.86680677367717,-117.99185062828269,-117.38412086822385,-116.5327418202011,-117.95881237868116,-117.59789796030626,-115.69955556345458,-118.90975678730751,-117.00684615512453,-119.23692836159476,-117.21946851253894,-119.21460178483,-116.88408330532792,-118.32659584412603,-114.4030714543447,-116.42948226401458,point1,-117.48725101029036,-117.59789796030626,-119.23692836159476,1.1616613443946548,0.5246214633028782,0.6639080690236057
HDOK,PLOK,17472,35,35,-127,-11,11,2,33,-116.58730260963397,-118.41397038493801,-118.91924798932867,-116.96849560173627,-116.6451198748919,-115.4676486937704,-117.35307310413616,-117.68287938753055,-117.26781424014781,-117.34919785736581,-117.21130103526775,-116.42971914812563,-117.86664542985478,-116.77802527820232,-117.87030248735255,-117.1568291327613,-117.5364248798392,-116.08815974448703,-116.6794349391081,-118.5574281151254,-118.82902025278086,-116.9845614394938,-117.38180882656343,-115.93792852552762,-116.69351404800261,-118.3679263811548,-115.96828196553786,-117.0535116787273,-118.84146314389767,-117.09457517286363,-117.61840523768325,-115.93340329906985,-116.21987676846001,point1,-117.20464535373837,-117.1568291327613,-118.91924798932867,0.8033620175610519,-0.24349135776907999,-0.529597221469599
HDOK,PLOK,17472,35,35,-127,-11,11,2,33,-118.4448614252374,-118.30864114000383,-116.67217692601064,-118.53356536611527,-117.04042749896908,-117.42399878921455,-116.21113889689885,-119.47723917549258,-116.1822305897829,-116.51763125112035,-117.05285517351282,-118.64214351832591,-118.58723602691447,-117.71299696682357,-118.02444703591104,-118.54878378987692,-117.12885229137176,-118.03492683057992,-117.70620047519535,-117.02299122645832,-116.97045586504888,-117.03167030418179,-118.36992639462451,-118.50180460763305,-116.77165118318558,-116.43142193074033,-118.12782430416911,-117.11975927403604,-115.95944655616366,-117.369549335067,-117.83772108895268,-116.24389794309612,-117.33943265443848,point1,-117.4953910859137,-117.369549335067,-119.47723917549258,0.7626880505850171,-0.13831329875432682,-0.7980340053894466
HDOK,PLOK,17472,35,35,-127,-11,11,2,33,-115.37001189246578,-117.930322531943,-116.80191366197302,-117.98608243752894,-120.5192321371213,-117.01163191692734,-116.7164378066719,-117.82060903693375,-116.21926937286607,-117.67115236188224,-117.7083344875073,-118.7547854384976,-118.43505422493139,-117.45169857502488,-118.17318948114824,-117.60201043918526,-116.17442741069402,-117.69680145432282,-117.30171660186997,-117.91378481728371,-116.50432913805587,-119.70864758589022,-117.07893691559941,-117.83936739251034,-117.41427817087737,-117.06130082326233,-118.36822334957404,-116.42089029008245,-117.33752174144952,-117.66208099281098,-118.0433269844072,-116.53680220304884,-117.09418184716966,point1,-117.52510162186414,-117.60201043918526,-120.5192321371213,0.9651614335012425,-0.729248592164931,1.9931158999795229
HDOK,PLOK,17472,35,35,-127,-11,11,2,33,-117.7892400871981,-117.3147877246823,-118.10767792109272,-117.22969008893166,-116.90017172059332,-116.90961963777404,-117.47509073786644,-116.42469760012968,-118.50260967149129,-116.29591075545426,-115.72283959389233,-116.48193898623865,-117.82390734986612,-116.45105703725261,-116.71063817126787,-118.95321355673069,-117.8651873164051,-117.49952676755122,-116.83217512639725,-117.00518798088517,-115.69739322591641,-117.60775529610274,-115.92621446212331,-116.8884545243477,-118.60596423431339,-117.20301675757081,-117.19681298263275,-119.05339229080981,-118.08441562288674,-118.31294858532728,-116.14597868870851,-117.36701153701493,-117.38141789471177,point1,-117.26563466467175,-117.22969008893166,-119.05339229080981,0.752203249813054,-0.16704214435722614,-0.4671161849776819
HDOK,PLOK,17472,35,35,-127,-11,11,2,33,-118.00682962622031,-117.55649286189875,-118.09085570324626,-119.06511282403011,-117.20719960226997,-117.47734643535507,-117.31677839761265,-117.84240761082486,-117.53216623196882,-117.9320176686903,-115.92013499767116,-117.19576578710083,-116.60519637032299,-116.68776668199145,-117.30175477590284,-119.74498692366947,-118.16833889290055,-117.60700478914191,-117.73929651648037,-116.887882734746,-117.14731263668844,-116.58888941979579,-117.10592008102364,-117.53091101577024,-118.75447337733371,-116.53582400434792,-117.18797334198365,-117.58649337890317,-117.50414426078561,-118.24264054321203,-118.30465474163638,-117.31292516059753,-117.25164722054402,point1,-117.54361044286871,-117.50414426078561,-119.74498692366947,0.5592007092190233,-0.6916974350329286,1.4939582325685383
HDOK,PLOK,17472,35,35,-127,-11,11,2,33,-116.81396788305324,-118.35032548176913,-119.02081776191471,-117.66385191969685,-116.9730448912744,-117.50445795623367,-115.71921948616048,-119.0243165050207,-117.4012267759181,-118.95310363446265,-116.16990787174808,-118.16152535228912,-118.04544637601481,-119.05402881351142,-117.01727487408414,-119.64358547517558,-117.53487507082338,-119.0358687428718,-116.88325581110966,-118.46971355808728,-117.92003603874193,-117.63396352458965,-119.28849595784327,-117.12416859019316,-117.05415546137829,-119.23145308352925,-117.86803148040538,-119.35354804760064,-119.92624971687731,-115.39593595439051,-120.37224273835238,-116.87838907880932,-118.38330566172742,point1,-117.99605422956539,-117.92003603874193,-120.37224273835238,1.4171884305027542,0.12672149982325498,-0.4861065285626385
HDOK,PLOK,17472,35,35,-127,-11,11,2,33,-118.97697481478477,-119.93830810752934,-118.73211442186927,-116.95563098883964,-118.4973398690759,-117.36857057380804,-115.64421906729613,-118.31142938664242,-118.10503825070029,-115.95957450693614,-115.99474040220656,-116.94240216845608,-117.71160498017058,-116.01206502671978,-118.64636549886444,-117.04012290787357,-117.07116861507542,-115.55244291867317,-116.14173121554742,-118.25504277421089,-118.5480640874498,-116.73380954525172,-118.1299591187176,-117.82285852517974,-117.137672277897,-118.69318356183328,-117.31646244695916,-116.41491972245413,-116.69904462602797,-115.63923427172976,-117.47943435734116,-116.11139924482882,-116.99570737424327,point1,-117.32056471682404,-117.137672277897,-119.93830810752934,1.2340765106905165,-0.2277452472187361,-0.6940072585078507
HDOK,PLOK,17472,35,35,-127,-11,11,2,33,-118.30090038282047,-116.63650158932124,-116.67223015392162,-117.85808615681474,-118.46726259554721,-115.00485127305168,-118.20148523427463,-118.10057103921852,-116.88391314844674,-116.31973968529662,-118.9141053426044,-116.47267139890525,-116.75791420276767,-118.31094808412611,-118.5836537237904,-119.0399276462683,-118.30394376983782,-118.15123243703138,-119.1339957102266,-117.31629569891642,-116.74330923836463,-115.979478138487,-117.72064238305383,-117.01772867730224,-115.52643579785827,-117.6146887809299,-118.23868938900932,-118.04737021511308,-118.65017783492358,-116.95930524672349,-118.65596934551246,-116.21126988125269,-117.39965121666177,point1,-117.52105895207212,-117.72064238305383,-119.1339957102266,1.0938618903747386,0.4813101868813113,-0.5431841391678867
HDOK,PLOK,17472,35,35,-127,-11,11,2,33,-120.0909757323896,-116.56157436934191,-115.9100226392054,-118.2598829354213,-117.5177489425236,-116.73247899709075,-118.30178455579687,-118.89937055677315,-116.34001972407812,-117.29584595656465,-117.12553726513173,-117.61130649964623,-116.36631844439658,-118.53042526694699,-119.17628328466321,-117.89447650943151,-117.62849886387322,-118.9577652770003,-119.5116063010814,-117.64598303667657,-117.19599926127532,-120.58308860527472,-117.81312623663159,-116.21382798565638,-116.71947906181418,-115.39099134017916,-116.84299309360499,-116.35744718564791,-115.74090358587581,-116.99786445204492,-118.26522112704305,-117.49356460555225,-118.27762916192216,point1,-117.58333457153195,-117.5177489425236,-120.58308860527472,1.4970804545175456,-0.49162230734488127,-0.06733403234774782
HDOK,PLOK,17472,35,35,-127,-11,11,2,33,-115.89625501166383,-119.22398694678583,-116.9324543768492,-118.29839789198961,-117.26320390405951,-117.50163591725561,-118.98665290067763,-118.72536435071704,-116.62022996149753,-116.24567422075923,-118.16816482849477,-116.15656349067211,-118.37626447821924,-117.63138946313273,-118.63319703045717,-119.13879455277365,-118.66901417756209,-116.50920298340502,-116.87094124350807,-118.11919962487652,-117.37950211575199,-118.67427740477643,-119.04600970197652,-118.8566959176647,-117.29104382723077,-116.4325652462975,-117.09772263167984,-117.24692519414975,-116.88732827946362,-116.86978528279754,-116.71851340633381,-118.6590708036993,-118.0525079054244,point1,-117.67207682038193,-117.50163591725561,-119.22398694678583,0.9648568759835023,0.017829971166989582,-1.3305757027350016
HDOK,PLOK,17472,35,35,-127,-11,11,2,33,-117.61730942409417,-118.67547868337111,-118.13771788362213,-116.32988090236614,-119.17733418518775,-116.90744904952714,-117.116379995591,-117.1419239664144,-117.7870536080076,-117.67938924708363,-118.69992435751281,-116.94385641392755,-118.76530233360619,-115.92221744320011,-117.48714937843785,-117.2271793578727,-117.09780311345747,-116.77786026869916,-118.54631495968148,-118.2669833119811,-119.03458572791153,-116.02064927091335,-118.3289080395099,-117.89263393496142,-116.68641892419069,-117.5935161718783,-115.73977374320488,-117.28662208106176,-117.40853145759672,-118.00807918266034,-117.11390500806829,-117.54960383503891,-116.65516757747174,point1,-117.50372432842758,-117.48714937843785,-119.17733418518775,0.7677842918638725,0.01409167575418359,-0.5197954060093437
HDOK,PLOK,17472,35,35,-127,-11,11,2,33,-118.27490974520745,-117.45169952073888,-117.3902205837815,-119.83750174293058,-118.78715705575706,-117.05942021450612,-116.76314464448575,-115.93292114662569,-118.59219616667588,-115.91567358559678,-116.87061120479125,-117.19062649236514,-118.43379205832352,-117.18605954010481,-118.55455405774197,-117.4128415081071,-116.03121025120814,-117.35658056480666,-117.64907195993051,-117.97216206586077,-119.94287817985844,-116.33274307624002,-116.31135158861031,-116.8764524903389,-118.2381605533152,-115.98665997828877,-117.86208424369737,-117.26458863245702,-117.99756749009687,-117.85168430610757,-117.0843609402217,-116.690589093433,-117.50220938541368,point1,-117.47283891114013,-117.3902205837815,-119.94287817985844,0.9989309790425038,-0.5492167718066575,0.29810655168739464
HDOK,PLOK,17472,35,35,-127,-11,11,2,33,-115.97137643712877,-117.72240072666388,-117.40697802470123,-119.3999759738361,-117.31029547959119,-118.8208899692576,-119.1653129562327,-118.40812181408947,-117.53250954716631,-115.96999107133281,-117.12640859216852,-116.98229408011798,-117.85855385972346,-117.98935834894372,-117.36528008294515,-117.67459873231287,-117.02147994851889,-117.7973125777845,-117.92681383576176,-117.58432519277376,-116.53126032904413,-118.07404427646676,-116.69492098536298,-117.78154054346504,-116.68453594741352,-118.94464564020491,-119.51303828905282,-117.28493011656107,-117.77279745761231,-115.19161062232538,-117.10595065232656,-119.00246682035083,-117.85705209883994,point1,-117.6203960918205,-117.67459873231287,-119.51303828905282,0.9505202775728443,0.1213357614196923,0.2593516233947408
HDOK,PLOK,17472,35,35,-127,-11,11,2,33,-115.99900698394733,-117.5350041927334,-117.71561369133958,-119.4171560399092,-118.10489888746977,-116.8037794182293,-119.39356404030485,-115.33752607273651,-118.28761661782973,-116.20865832172683,-119.12640795220648,-117.35859604359854,-117.19780084384246,-116.88019264503518,-119.49559588731671,-116.37848921612336,-118.50953161352786,-117.93773455734049,-118.70765075561752,-117.18645514060212,-116.74953989693167,-117.43849548127397,-116.79813650570816,-115.7214885587131,-118.9758489942104,-117.0532990806829,-116.69397724158361,-117.0570523358806,-117.14773369349906,-117.29060675336152,-116.89125948031821,-118.01164031348478,-117.12794817558638,point1,-117.47085774038398,-117.19780084384246,-119.49559588731671,1.117632381123512,-0.29934785102146866,-0.41357477189637315
HDOK,PLOK,17472,35,35,-127,-11,11,2,33,-117.12915495033907,-117.44884642273254,-119.19513712994672,-118.47365658869228,-116.79395222940593,-118.3423776488179,-117.54480358148864,-117.90092416510683,-116.78939770343476,-116.06736567277869,-117.25830380836719,-118.76159937661369,-119.02908423529281,-117.60272604108101,-116.83085867998564,-118.42507415800672,-118.29468523483854,-117.88321407529051,-117.19714132862927,-119.18580481735297,-118.56923212094678,-119.235754116684,-117.28181296582959,-115.98078943035239,-117.53661075437861,-115.42403638456841,-116.17417042893872,-118.06472248616801,-117.83899077396684,-117.12399447568288,-117.4495583086741,-116.48140296137703,-117.77474470365087,point1,-117.60878568967942,-117.54480358148864,-119.235754116684,0.9328750915995642,0.18206306485763837,-0.43082059391227734
HDOK,PLOK,17472,35,35,-127,-11,11,2,33,-115.68697643540342,-119.1814635708349,-118.58839159494703,-117.11629460078805,-116.40744876870193,-117.64838547839891,-117.93844564867581,-119.02908740926671,-117.30928983690407,-119.26605943469528,-117.58310481746238,-117.73279789041175,-117.69030079343105,-116.6828646171388,-117.11471255494396,-117.47352364221685,-117.44488852115005,-116.99624968895917,-118.2418146051415,-116.0535860168271,-117.68829638706403,-118.0174009146057,-117.40940465395819,-118.81811503633502,-117.3466576914912,-116.34197591288836,-118.47272863220694,-116.59621119979484,-116.79763906804504,-117.60000152373105,-116.45527668502753,-120.34987223485132,-117.96282036446215,point1,-117.60733594638663,-117.58310481746238,-120.34987223485132,0.9966013722104152,-0.5347110414202397,0.49908491900694374
HDOK,PLOK,17472,35,35,-127,-11,11,2,33,-117.41744760379298,-118.1303104752839,-116.53717570162651,-117.89771538569293,-117.50511593909815,-117.92485141785106,-119.53658900718891,-118.84384461333059,-117.52569757808827,-117.86039386360679,-119.21597890436472,-118.19652913183164,-116.88706016421621,-116.53770240221134,-118.71397611339754,-117.7152998701728,-116.8786421537792,-115.5405450731229,-115.50009814877112,-117.11521606936076,-117.78229421467941,-117.86897278000173,-116.72089893949844,-117.2542600655476,-116.67774464197834,-118.10379499312567,-117.50139421383767,-117.41520933523223,-116.74419581755389,-119.2334983629331,-117.6518354519165,-117.35642336963947,-119.48248510732824,point1,-117.61433930030485,-117.52569757808827,-119.53658900718891,0.9523812306203597,-0.056582218622542445,0.10137772848932336
HDOK,PLOK,17472,35,35,-127,-11,11,2,33,-115.95817712559906,-117.31780191684929,-117.46853976549485,-117.14224151938222,-117.0625595481373,-118.55829043511945,-118.14398688173736,-116.17927168840674,-119.3375127948011,-116.64599273292048,-115.49925239204416,-116.21844794009439,-117.7890898459905,-117.9681692698861,-119.21540425934224,-117.13494689759133,-118.29168557373121,-117.25096417345718,-118.06945330159944,-117.9585924436785,-117.58379286189898,-118.18738142171034,-116.28442149490274,-118.94406488136299,-117.51249548874878,-118.61155777603096,-116.1415695144841,-118.4807533921238,-117.23082717867901,-116.97445554681426,-116.34979640981842,-116.82782808036204,-117.42945115655559,point1,-117.44753865785923,-117.42945115655559,-119.3375127948011,0.9238152660612291,-0.03098346732389655,-0.6267443236789658
HDOK,PLOK,17472,35,35,-127,-11,11,2,33,-115.33023577191152,-118.45222776241874,-117.89050776118364,-117.13121690727642,-118.45721723433945,-117.39082780521446,-118.81409551050986,-118.17497412945885,-118.333084973661,-115.89503460529963,-117.5741675797078,-116.4427058632669,-117.73741725847583,-119.06429900506076,-117.76561681017631,-116.24082848603561,-116.59280107582546,-118.91438037285414,-117.8374431108207,-116.96532436324652,-116.92042524095197,-116.44436904282016,-115.5905663019302,-117.87786369883827,-116.7071952295792,-116.29886317664219,-118.17511695603778,-119.04207674059728,-118.79420740622106,-118.11346096239284,-118.74314769379394,-116.59284998862681,-117.08856125472565,point1,-117.49676091151217,-117.73741725847583,-119.06429900506076,1.0764349709272654,0.2696865681640729,-0.9280693550088426
HDOK,PLOK,17472,35,35,-127,-11,11,2,33,-116.74045560547172,-117.403249166857,-116.07083358134437,-119.34848854625663,-117.90009625965521,-119.19161686102395,-117.79738050300558,-117.98356660661301,-116.35807338633371,-118.0394472266151,-118.59868305723792,-117.8373246355714,-115.1944971865881,-116.84829045197522,-117.34991151716333,-117.1640000586564,-118.11190675385373,-117.83712978851288,-118.40484993013499,-116.27132990229852,-116.98495822082114,-118.79354728404913,-116.04015384539646,-118.42334564983717,-117.74125069298584,-116.23003909191944,-116.64143476650827,-118.80519374025754,-115.25810227487179,-116.06909426274643,-117.83439096142597,-117.62230302936781,-116.25295144687668,point1,-117.36811806946157,-117.62230302936781,-119.34848854625663,1.157967301000956,0.17915527393228892,-0.7220297796069657
HDOK,PLOK,17472,35,35,-127,-11,11,2,33,-117.70612090541673,-118.57472059888826,-116.25657599935812,-118.0419108563953,-117.48431615965812,-116.84282997936369,-118.27415924351587,-118.29788490575852,-117.91939840617765,-118.91402736510261,-117.07882855845368,-116.45899532360657,-117.63360976979175,-116.4110324775273,-116.58061280214044,-118.21728285468154,-116.50838174543816,-117.18053425420219,-115.89034493207879,-118.8150608065674,-119.62576405084383,-118.47212627520182,-116.24236543213996,-117.43940963813608,-118.15628197630586,-119.47688826385028,-118.54505392265537,-118.49587642964421,-118.48760075394662,-116.99181828898706,-119.96952254712212,-117.00504182109447,-117.56881510330103,point1,-117.74433916507127,-117.70612090541673,-119.96952254712212,1.0665037992611688,-0.1568058350341278,-0.6618408853285236
HDOK,PLOK,17472,35,35,-127,-11,11,2,33,-115.74093849309592,-119.12948393135204,-117.89565896369494,-117.12978560468319,-117.8546155276175,-118.53612912872485,-119.23098859456813,-116.84182178645979,-118.16139321691196,-117.52977056166495,-115.71356446945607,-116.86460391314255,-117.10258628788107,-118.77888468511868,-116.35923962556076,-119.41359571010051,-117.79136085285639,-117.4862200221598,-117.18862699729621,-116.93881345497913,-117.97791707033413,-117.37858189950857,-119.45632973273555,-116.5146226257722,-117.01617402471399,-117.09726031577674,-117.64257689361345,-116.29125965214408,-118.19786136643135,-115.73743930299551,-119.66086048301287,-116.97583990260028,-116.25734008083502,point1,-117.51188318720598,-117.37858189950857,-119.66086048301287,1.1804618281537376,-0.31833021765873437,-0.5855171293632475
HDOK,PLOK,17472,35,35,-127,-11,11,2,33,-116.55746012629648,-117.64101533772624,-114.49866301335129,-117.90338608292954,-119.95964964560072,-117.09666310190694,-117.52965937156871,-118.99335521987254,-117.01538061673808,-119.90146909440928,-115.24981223822418,-118.08579427977386,-117.78617073270603,-117.29811037833746,-116.88613176665626,-118.73286481443824,-118.09056851742783,-117.3632101170169,-119.6177417968642,-119.32530735567835,-117.36812385968386,-117.14234527083444,-118.10495699603825,-117.85746785283679,-116.3180631374597,-118.76730206720207,-116.17231006536772,-116.94375059614907,-118.33657621914385,-118.0571064847031,-118.09063040181162,-117.92727976317964,-117.6250986259032,point1,-117.7043462105405,-117.78617073270603,-119.95964964560072,1.3947888949249705,0.3671564401712805,0.8705785629915144
HDOK,PLOK,17472,35,35,-127,-11,11,2,33,-115.18344143252695,-119.00170947825607,-115.14708917934666,-119.95339060853175,-117.04039746696255,-117.45865810730139,-117.1828451190704,-117.8335606514097,-117.2746741829817,-117.45793122848707,-118.69309362381775,-116.42126011336542,-116.80351178835022,-118.13925253221097,-117.56911740735538,-117.4516253054371,-116.59482170168013,-116.11122357837274,-117.8494234742757,-116.72513426129994,-117.97944929134081,-116.99580019101009,-116.1999593838883,-118.21904063393787,-116.37677463465967,-116.9423587318962,-115.52427202935851,-117.12180419027365,-119.34910948690596,-117.87979065979823,-118.85679768907349,-117.93840875872404,-115.96303360630826,point1,-117.31026547055194,-117.2746741829817,-119.95339060853175,1.2634540279563582,-0.16109936362967275,-0.04515702620650952
HDOK,PLOK,17472,35,35,-127,-11,11,2,33,-116.57716589822078,-118.47771120101092,-118.60328152496169,-118.14863088399964,-116.95964571134303,-115.35721143938768,-116.79754873305075,-117.02996461630117,-116.85652248021879,-117.20433562821205,-117.47745751154818,-116.29946107834267,-117.11173361023256,-117.886131454207,-119.02770656022108,-117.88087079308991,-117.09540596312344,-118.54280309871177,-117.1580169276506,-117.23249218621046,-116.93398442441016,-118.18957302046248,-116.52861592773311,-117.22256442557833,-117.94645314834055,-116.67351976717868,-116.06739572238037,-115.65232720637884,-119.141750488611,-116.27180019606547,-116.26526436706487,-118.89725021904964,-117.88241057931778,point1,-117.31506081189741,-117.1580169276506,-119.141750488611,0.911165327113796,-0.13781525879208978,-0.5860283853555552
HDOK,PLOK,17472,35,35,-127,-11,11,2,33,-116.63309212824473,-118.25330060447463,-115.43621542682465,-118.24498636152033,-117.1092945861684,-117.82337112413445,-116.84192058960897,-116.32612647685465,-118.19480544122001,-118.19293227745321,-116.42565134114477,-116.75045525178798,-117.87346819836468,-118.0455178790467,-117.21788067024671,-117.64456365708402,-119.6981497280633,-118.29924989699278,-119.58441660928905,-119.2289655825606,-118.69252910943048,-118.0959610431135,-117.9647613932256,-117.57411392214149,-119.16892725960282,-116.99654833430489,-115.55924842160108,-116.2490803902637,-116.86530669479407,-117.69159364021566,-117.04980020266436,-117.58225209860662,-117.49639798766863,point1,-117.60032982814296,-117.64456365708402,-119.6981497280633,1.0578323730687238,-0.01201943399946871,-0.1404718336630313
HDOK,PLOK,17472,35,35,-127,-11,11,2,33,-115.98690227428496,-117.12983646582326,-119.92119445325551,-117.05965787464385,-117.3351478801773,-118.1357050091948,-116.98771203843255,-117.43464612503416,-118.68859514524151,-116.44186805791705,-116.63219470049101,-118.41990801032864,-116.39586216144906,-119.11885847827689,-116.83033373245888,-116.10916710786297,-117.09226188717074,-118.6207126389393,-116.78893545410607,-118.2395690329508,-115.81138691404772,-119.45443548329959,-117.89501610905386,-115.7491737440542,-117.22104665415077,-116.59159947134755,-118.50915140184425,-117.44145693960358,-119.0692548325004,-118.25497664940363,-118.08037897004495,-117.68825157671182,-118.4883558488648,point1,-117.56435009463537,-117.43464612503416,-119.92119445325551,1.1537065997254632,-0.21342746479269792,-0.7164662171089451
HDOK,PLOK,17472,35,35,-127,-11,11,2,33,-117.49407362705772,-117.89274614645335,-116.69607744028391,-118.04190130542169,-117.29175390722011,-115.71949745948618,-116.65617780059799,-117.97439739751886,-118.80471029221036,-118.24209413679054,-117.6983006000086,-117.87805682091022,-118.08575494693055,-117.52986826140527,-118.94715571769069,-117.61159109729962,-118.3073124801486,-118.35231809337245,-118.3227121248997,-117.5197996590725,-117.05431150415548,-116.97869425538258,-118.34250625077166,-119.51149123674305,-117.66348849427794,-118.2971742388522,-115.4953415338467,-117.31131242369806,-117.61071089909251,-117.57537755311682,-117.61156689005807,-116.88429151477295,-118.06249292324863,point1,-117.68075936463013,-117.66348849427794,-119.51149123674305,0.6598995999948977,0.5879573132947256,1.3315979883207443
HDOK,PLOK,17472,35,35,-127,-11,11,2,33,-115.89270434882752,-119.28096412224377,-117.9822047053414,-118.66118538172059,-116.14898276984106,-115.96049552753644,-116.52239792533126,-116.53632247142367,-116.10815196874734,-118.39608043764353,-117.96779587772319,-117.56532571492198,-115.81893181914973,-117.45632474583829,-116.94640413132612,-116.39090688489537,-116.89438872284975,-115.96720694908434,-119.14702883491054,-117.21725372149047,-115.90408388554941,-119.02749596372084,-117.71530241374954,-118.48536377397507,-116.99846976220319,-116.76814187750763,-118.25945042302972,-116.68821208231851,-118.48064623587278,-117.28659943042223,-117.67996639951211,-115.14933590577195,-116.88529144306598,point1,-117.21786111083469,-116.99846976220319,-119.28096412224377,1.1663345235643487,-0.2164119426901097,-0.8775404703790475
HDOK,PLOK,17472,35,35,-127,-11,11,2,33,-117.70653124889026,-118.30993736997232,-118.12909566526517,-117.57954953051059,-118.09122974102017,-118.72505599799007,-116.80971038830138,-115.00139297441717,-117.44949335122647,-117.45112419659175,-117.5036444679487,-116.11077639700845,-116.74257699675019,-117.20688488981006,-117.05203921311947,-118.11605743357117,-117.04713719117021,-116.92493978767301,-118.67361660686471,-117.05373232186037,-119.36238819276122,-117.82497768505345,-118.1360446830385,-116.81781632062071,-117.44117675519638,-117.36093919215158,-117.10721407087688,-117.66722972775045,-116.17295028315934,-116.59988639386775,-118.17933490271508,-117.67200121228933,-115.57248555075103,point1,-117.38178699212708,-117.44949335122647,-119.36238819276122,0.785550884698414,0.41662619252440136,0.8459567953802227
HDOK,PLOK,17472,35,35,-127,-11,11,2,33,-119.23448669931784,-117.88714947838487,-118.03501226820318,-119.72682753610938,-117.58230253022072,-117.7206225992456,-118.0992099263246,-117.05928184554419,-117.39421778486481,-117.56669875711194,-119.20975814729792,-118.74616695140189,-118.34118285021128,-119.1622274460618,-116.60356710098135,-118.092905324714,-117.43344771658202,-116.57914358289852,-117.10010864851145,-120.76790500434653,-117.10280038215937,-118.36705804644991,-120.12167334082707,-118.28332732876856,-120.11496054156902,-118.91079761763208,-117.8201774075824,-118.09884436053514,-117.98866195113882,-116.36100051712906,-116.5399161346758,-118.14510746166884,-119.02732380808905,point1,-118.15829912413815,-118.092905324714,-120.76790500434653,1.1640278232988217,-0.47070667803880056,-0.14375500515421358
HDOK,PLOK,17472,35,35,-127,-11,11,2,33,-115.30939473152687,-117.22379066371998,-117.0944266254116,-115.24445124301641,-117.6114478070822,-117.3902874571595,-117.49863050729377,-118.34428061667766,-118.54644055199161,-118.01719192598021,-117.49305658072238,-118.3744340351994,-117.49904831445033,-117.69941093063038,-117.76975343352687,-117.07931000529294,-118.7156313619431,-118.91438322500036,-117.66091476355844,-118.23501306266,-117.01097496786933,-117.52044388978766,-115.92895240672473,-119.16660331769803,-118.11014480607247,-117.5272108248286,-119.075420873456,-115.84444828492774,-118.22552800205987,-118.57707113694532,-117.25958641832068,-115.84203389244398,-117.54520486370936,point1,-117.55620974326328,-117.54520486370936,-119.16660331769803,0.993861901267179,0.7304071411530416,0.25644577362807164
HDOK,PLOK,17472,35,35,-127,-11,11,2,33,-116.51919339214425,-117.8336198689506,-117.55049894904002,-119.36153750506952,-115.89318531022242,-118.56670613838548,-117.39908471275386,-116.63733370034774,-118.0870505748813,-117.01375215179063,-118.62614320775963,-116.020284918721,-117.47065498269518,-118.30890039175155,-116.76689401710877,-116.66932910342662,-117.68197306218175,-118.19109114171874,-118.76567343548825,-116.8776362952016,-117.81852144363265,-116.8366053983573,-115.55666420042172,-117.39475328917874,-117.60034633384876,-116.77218666278253,-117.616528799009,-118.58096959980917,-117.99523777319217,-116.98799585588841,-116.83355594361417,-118.52299215974686,-117.5635554142006,point1,-117.46425623434308,-117.55049894904002,-119.36153750506952,0.771141750016397,0.061000177738495344,-0.3623892620786777
HDOK,PLOK,17472,35,35,-127,-11,11,2,33,-117.14389760489942,-118.38698501283677,-118.29113677747688,-120.62980498590883,-118.16145538815901,-115.3584231311575,-117.07558456151442,-120.59745930440715,-115.97672967734333,-117.89417723950325,-117.58989785913813,-115.91741653272656,-117.08853677181253,-116.89096646006819,-116.94932615569046,-118.39630187444206,-117.06194338747167,-117.45286365132338,-116.21035648953577,-117.86785966694987,-117.62143264379164,-117.75183744118083,-115.88328122634667,-117.47154604037219,-119.56364258345299,-119.03960345894508,-116.02094865349247,-117.97155218135654,-116.36885318448681,-117.54336926692767,-117.02441468348941,-117.15312840062352,-117.22456054736386,point1,-117.50240281346045,-117.45286365132338,-120.62980498590883,1.4604990122421482,-0.8223139659904767,1.057674669132909
HDOK,PLOK,17472,35,35,-127,-11,11,2,33,-115.68031222783878,-117.8004008461991,-117.65290404455037,-120.05943154205775,-115.81963386295672,-116.57656044560723,-115.7686858971771,-116.00821442010164,-117.35831629709718,-117.80575360030406,-118.09414349937006,-117.70164239365837,-116.8858608700148,-117.89681468609196,-117.11544609374926,-115.59626148753529,-116.67060281174653,-118.58666646412235,-118.79778916015361,-118.00681967230645,-116.16955127691182,-117.29635216423921,-117.68796449592868,-117.4191236227815,-117.50225596973732,-119.03250750754283,-118.02360839919784,-116.21254636323015,-117.89031781787968,-117.47005225857723,-116.55081460209192,-118.79251439801831,-116.60623837723547,point1,-117.34957901745489,-117.47005225857723,-120.05943154205775,1.103311905209469,-0.2554583390368676,-0.06655959553945934
HDOK,PLOK,17472,35,35,-127,-11,11,2,33,-118.65845034423171,-117.77745651061977,-116.28348461519303,-116.45578130405461,-117.90007096003812,-117.08470773066553,-118.18727144962847,-118.00923572945504,-116.93212344890047,-117.27038635768473,-117.9674376794429,-117.44193595881063,-117.57304247125592,-117.27009582566268,-118.24335600540711,-117.3146976640426,-117.9560772047778,-116.27012445870903,-118.45955124017463,-117.58094515171793,-118.91403534000344,-118.70983703037346,-117.37463353965465,-117.54702573425008,-116.89811380115135,-117.0539499907019,-117.39674702767933,-117.76918117855966,-114.98314181230728,-117.7981238699856,-116.80669513915689,-117.2986659872976,-116.22173046749536,point1,-117.43660948572999,-117.44193595881063,-118.91403534000344,0.6519714018638838,0.6899891414356649,1.2930465997340161
HDOK,PLOK,17472,35,35,-127,-11,11,2,33,-115.77657203314607,-121.5366250706429,-118.17878768665057,-118.45142597918856,-117.75282184254426,-117.40911753888344,-116.15668766117092,-118.30901041687379,-117.856919741727,-118.8919794815487,-118.42317910569125,-117.5073317607855,-116.82426426978714,-116.62671129544147,-117.8090084164144,-119.8596160028075,-118.81970825249965,-117.56580226106432,-116.22174684797636,-118.11365031840715,-116.35108127399164,-118.7453845686967,-115.6753258885507,-116.4974877727382,-118.32654521336192,-118.3079186755782,-118.26053044301787,-116.99173760023774,-118.69480211048534,-117.00320899279198,-116.97395615471483,-118.91363899464955,-116.7365378412922,point1,-117.7445188337381,-117.8090084164144,-121.5366250706429,1.4744046376460664,-0.6829343870431599,1.426343943340631
HDOK,PLOK,17472,35,35,-127,-11,11,2,33,-116.18840604070597,-118.91792266282476,-117.59205491447287,-117.68316766499659,-118.67361280883357,-117.25326382382393,-117.44390131455275,-119.17554019122713,-116.59428622292533,-117.33821470085172,-117.14664448379035,-118.25753389883073,-117.68728308663201,-115.96182604508961,-118.28686172207307,-117.57268289442436,-116.74669737970038,-118.08202564771501,-118.00143329131643,-116.30213910590518,-119.8474973567044,-116.28762377309148,-117.74377450983819,-117.70599801167822,-117.58676195576503,-117.1232873323511,-118.35639384952191,-117.51784492672796,-116.92600077393374,-116.27925521682215,-116.87066352221466,-117.73853094449142,-117.24256272149768,point1,-117.51914220591905,-117.57268289442436,-119.8474973567044,0.772040142689829,-0.4500293734332532,0.33317484996085645
HDOK,PLOK,17472,35,35,-127,-11,11,2,33,-116.4664294418123,-118.743223687086,-118.17301123665044,-117.62734113034219,-115.03571297148949,-119.18493821819854,-116.39223148021303,-117.63622494156454,-117.88490242342075,-117.96293472441505,-115.1123216518038,-118.44150768793324,-117.23607153414697,-118.04487241800359,-115.92844844656526,-118.4607339339605,-119.04157176989436,-118.01618434673945,-116.64786870196029,-118.74532887600746,-117.94686368138919,-119.43909550005823,-117.01697843561199,-117.2380769076439,-115.9984338247925,-117.32284622754456,-119.08249738488749,-117.25359512602988,-116.33859960362446,-116.81435740050352,-117.80646384658608,-116.68220545243518,-117.79503444995484,point1,-117.50051234737178,-117.63622494156454,-119.43909550005823,1.2318500829666292,0.3580340593671181,-0.32772713378098306
HDOK,PLOK,17472,35,35,-127,-11,11,2,33,-117.39600656866243,-118.5293790109403,-117.65502594661957,-117.43167222843522,-117.16401171476764,-116.32026265630411,-117.88609685874681,-115.94846284793633,-118.47468564264493,-116.63384756640984,-117.13483888616814,-118.25688303327091,-117.3766801531224,-117.89650305443456,-118.46620975124826,-118.3758598519944,-117.1396529459192,-117.15315161233192,-118.47568565514108,-118.14893749564396,-119.02055073768042,-117.34769954513445,-119.07596081718296,-117.40928089890245,-118.07286887975383,-118.66642821951828,-114.63135196446306,-117.07517579518081,-117.92795586333975,-117.51258067095216,-117.558953815931,-116.95704901074929,-118.87002039364161,point1,-117.63605242706585,-117.558953815931,-119.07596081718296,0.8404890124816884,0.9997725722523209,2.13054889377556
HDOK,PLOK,17472,35,35,-127,-11,11,2,33,-116.67998454515201,-118.49060308050869,-118.8604429846712,-118.23946372079233,-118.61519812114818,-118.7777073054991,-116.89623235399382,-117.5593784494642,-117.57398828070482,-116.8486786804276,-120.20307507019879,-118.7606354461912,-116.84892485825009,-117.8425046345321,-118.69568932029097,-116.62346763922368,-117.38405357592453,-116.6527280342794,-117.69937433722508,-117.2233635177989,-117.41492396545982,-117.7910367685132,-117.98742442726383,-116.63560519638904,-116.02008747267583,-118.28299915424137,-116.5443012257842,-117.34695033329558,-116.40936653132319,-116.459484805359,-116.89950603325488,-117.91737372021012,-116.94501671898236,point1,-117.5493809184554,-117.41492396545982,-120.20307507019879,0.8502753159074891,-0.6971793280522863,0.3543074480292634
HDOK,PLOK,17472,35,35,-127,-11,11,2,33,-116.49612415288011,-117.13928379735593,-118.21870614499487,-118.04929128411433,-115.99424912239826,-116.91344849059212,-116.90396343375552,-117.07520291874056,-118.7441385890998,-118.08841015386517,-118.17523020277395,-117.59502569614583,-118.44910129967313,-117.72520283536,-117.51942184891706,-116.63467441874096,-117.88327042709389,-116.2924330125139,-118.10819572454335,-116.51638104864017,-118.24219722666868,-117.54939906996158,-117.73327893460626,-120.09642615224868,-118.6620140837013,-118.20507218368463,-118.68182804660273,-117.29936149330203,-116.92297740074267,-117.76836654392355,-119.14327419937905,-115.7597381601313,-117.06239596898928,point1,-117.62569951715578,-117.72520283536,-120.09642615224868,0.8649362862794022,-0.21199434690016944,0.25588886081346773
HDOK,PLOK,17472,35,35,-127,-11,11,2,33,-115.89861851581156,-117.08452782523804,-115.93661533191514,-116.9153442836842,-117.18202638315195,-117.15077630436932,-117.80174364526081,-117.57277965860071,-115.92270399715935,-117.23116089127225,-115.97049529392177,-116.13968079976357,-118.00124563886071,-116.77805257832136,-117.03007445379944,-116.21197402211546,-119.19853453067519,-116.18812989581501,-117.1272396796154,-116.56918658276409,-118.00595613407836,-116.8159799592213,-117.06266169478631,-116.47810734853596,-117.53166074632742,-119.22969178029554,-119.19484960802086,-116.41517855789536,-117.61266524919988,-117.5800745924591,-116.70060110836761,-118.79181758854745,-118.38270395337983,point1,-117.2034199585827,-117.08452782523804,-119.22969178029554,0.9109437128256255,-0.6713777748386268,-0.20625368997326365
HDOK,PLOK,17472,35,35,-127,-11,11,2,33,-116.10208897289509,-117.81499956025111,-117.53286195867125,-117.45960135456629,-115.98512957493614,-116.9595243135364,-118.16547801883193,-118.52346950781477,-116.42372407759457,-117.91676635793898,-116.77511822159009,-115.78835269987648,-117.26505363368274,-117.41160509569167,-118.75988555964409,-118.89236271933697,-119.27914677364195,-118.66788580188606,-116.84128447701808,-117.26181486527526,-118.03304623081897,-117.77228736755967,-118.0400059585605,-116.74328327328341,-117.28577232817705,-114.82442704278778,-117.25729801233183,-117.34192137365288,-117.67691045472233,-116.02002708131405,-118.20113279888287,-118.06062710110311,-118.70756368625374,point1,-117.44819564406448,-117.45960135456629,-119.27914677364195,0.9829617874441084,0.4928847304488675,0.16109572486331425
HDOK,PLOK,17472,35,35,-127,-11,11,2,33,-116.27777626407259,-117.7185251274381,-118.93321680974528,-116.27084347091308,-117.09102781978345,-117.1475710641239,-115.50556088065782,-118.24023204026155,-117.25050970399745,-117.46355564020628,-117.79162162592745,-117.36313624687538,-117.04064951712552,-118.84352044784121,-118.3973726508663,-118.34139655190812,-116.52074268519206,-118.30925434145377,-117.8379047193983,-116.79548249129495,-117.28579694099884,-117.66300863970866,-118.27605661686566,-116.49483810791769,-117.10889872190988,-117.62434182060993,-118.1304909577499,-116.72067861523308,-117.24114252084547,-116.31471085231749,-118.49642838196338,-118.1707598618861,-117.48890967338632,point1,-117.45927157001441,-117.46355564020628,-118.93321680974528,0.6534285165582617,0.24201664936321945,-0.37998844535133314
HDOK,PLOK,17472,35,35,-127,-11,11,2,33,-115.93962501116613,-118.05617781828684,-117.61472356236892,-117.17935893030834,-117.2523616566732,-117.86693792397433,-117.89324499462272,-116.61137216667557,-117.45454831858282,-116.55568022689678,-118.84186115079869,-117.7504438687488,-115.8137211133704,-115.39975779315107,-118.40726782364395,-117.03755955112985,-117.50268623525291,-115.81029329902917,-118.74393512165567,-118.67517626941263,-116.35623371192429,-118.57659796029431,-117.20268652559086,-115.33967042202457,-118.72441640892893,-118.31936545363908,-117.64919907677825,-117.67883743345847,-118.70177575634894,-117.21624482591646,-117.56506542465814,-116.30714386455718,-117.1289558030945,point1,-117.36887653039278,-117.50268623525291,-118.84186115079869,0.9940069796419098,0.39691830169587156,-0.6748103597462585
HDOK,PLOK,17472,35,35,-127,-11,11,2,33,-117.64282484963418,-118.22596303639186,-117.06584458532355,-117.94519489649507,-118.0921089859885,-115.66677154605051,-117.56094563489964,-116.6850906732011,-117.61594188632144,-116.58808315994033,-116.71624612692472,-118.35590185870566,-116.81403359258356,-116.6162857267584,-117.99855618141194,-116.74696862059776,-115.45565644445219,-116.97360017996556,-118.85030302470402,-118.78539729186848,-117.66530008592088,-117.72315272540497,-117.46082829598639,-118.20037103934565,-116.28748939642247,-117.25941808008943,-117.2342881435074,-118.10290507348967,-118.52591595310889,-118.93184452385749,-117.13028205989357,-116.47741377296256,-117.00483908754774,point1,-117.40623534968952,-117.46082829598639,-118.93184452385749,0.7356259716208275,0.18833876065756416,-0.3569974634600541
HDOK,PLOK,17472,35,35,-127,-11,11,2,33,-117.65961196948291,-117.56995498118658,-118.8545254338577,-118.26850080539718,-118.88644266003276,-117.02693001218421,-117.81432172228459,-117.89143344627085,-117.49770412376608,-117.45935218652586,-118.29774644638886,-116.42720259677439,-118.12755715068072,-115.73004824173641,-117.90035015520084,-116.22150880608044,-115.63298507879769,-116.93128692279612,-118.23837997052983,-117.64810481317612,-117.01729714163442,-117.05982618696623,-118.8676070503007,-117.40948570894142,-118.03180401515702,-118.54759521290016,-117.21426890592474,-117.92146428267314,-116.96061884550484,-117.67002231668384,-117.58347003817238,-117.08241053076362,-116.80603540842517,point1,-117.52290464143024,-117.58347003817238,-118.88644266003276,0.643960346129956,0.433408772865242,0.1405106114762038
HDOK,PLOK,17472,35,35,-127,-11,11,2,33,-115.74042317460383,-117.84765084812523,-118.15221671624359,-117.5525958139222,-118.05552275981546,-117.36530872036049,-117.13804510819172,-117.5261392647194,-118.16469335375893,-117.34547847280233,-117.77611920996809,-118.68230638487873,-116.38888982085648,-118.02283443958453,-118.10583384075825,-117.83282816534611,-117.16182102114038,-118.1339611963524,-115.74523682907294,-116.23437567815432,-118.38639261578282,-116.77590181669974,-118.73640861577387,-117.27620661790333,-118.67061486470661,-118.68289777665167,-118.24395929025397,-119.15780635990893,-118.44306180151563,-118.40263200232222,-117.65014371184967,-118.76230566510586,-117.11735012713179,point1,-117.73569582073523,-117.84765084812523,-119.15780635990893,0.7218118912512106,0.7534609590255457,0.14196137374029982
HDOK,PLOK,17472,35,35,-127,-11,11,2,33,-115.31813704365858,-118.04058635897891,-116.1674194911629,-118.82589127066527,-115.08174403726827,-118.09037699629077,-115.24821389711043,-116.70952193634855,-117.05984039957264,-118.28677885928781,-116.2076722234861,-119.14102965999177,-117.10207076891655,-116.40573305820156,-118.21374779659561,-116.00392277617689,-117.04708438460928,-117.42216280762979,-116.45410400132721,-118.01285037957807,-116.55558481188403,-116.27637098816459,-118.93845527099396,-117.56876509994552,-117.05083745171471,-119.41442193802894,-117.6242531765676,-117.14076245114776,-115.67187971392715,-117.2285039588075,-116.32340676443586,-118.80416117374074,-117.35552840469835,point1,-117.17550967730041,-117.10207076891655,-119.41442193802894,1.2984018162181312,-0.11954848162537847,-0.6852306624552011
HDOK,PLOK,17472,35,35,-127,-11,11,2,33,-116.99755736431906,-118.17974268148012,-117.82132505566076,-118.42994446482128,-117.9984635793255,-117.63999966722471,-119.05303084169842,-117.31222130111044,-117.18988175519874,-116.77318437485022,-117.99846635600491,-115.3925599917373,-118.62966407567203,-117.31040094912763,-117.50426621783913,-117.95697068678146,-118.30033103857086,-117.02204162537267,-117.08574399239666,-116.84132791242415,-118.5183076223687,-116.85064876850264,-117.61408249303672,-118.66630324527992,-118.42989787849825,-117.56870409269106,-117.79124382311527,-117.83691296837694,-117.31288638327311,-116.48954573908279,-118.39514840599988,-115.98829318735591,-118.37635761820984,point1,-117.61440776234565,-117.63999966722471,-119.05303084169842,0.6389585133930549,0.6427189060432967,0.4985283118394386
HDOK,PLOK,17472,35,35,-127,-11,11,2,33,-119.08540505331796,-117.30756489483143,-118.76905517107325,-117.14305252039749,-115.86304953344694,-119.5792737494551,-118.25235493426976,-116.41952264158049,-117.86940785695835,-116.83319496756964,-117.94790200928443,-116.9628183499936,-116.812374845736,-116.41457756386973,-118.18602918632257,-117.1914539929588,-118.33696200521067,-119.45678803677443,-117.3718613153814,-116.84026665968665,-119.94122261734344,-116.76557323278352,-118.3559678183058,-117.18792724724365,-117.45730356638387,-117.18450152346138,-118.10016904918587,-117.99802579735675,-116.70072562793675,-116.76838749066,-117.2406358185393,-115.7774141544217,-118.45671396663103,point1,-117.59325706661733,-117.30756489483143,-119.94122261734344,1.035417200254123,-0.4892569284610199,-0.2257704551495454
HDOK,PLOK,17472,35,35,-127,-11,11,2,33,-117.63789487627568,-119.36143621262079,-116.09938728338338,-116.85996629120456,-117.00676477671598,-117.19554617829708,-117.59509817473452,-116.77969791904714,-117.81116951552872,-117.33421750442835,-119.78073974555305,-117.58304377315223,-116.58944003923877,-117.20387315583008,-118.189546383638,-116.78553031253206,-116.59449858429561,-117.58839981145796,-117.33752172825349,-119.39449016213065,-118.02122539175134,-117.44670862968253,-119.04436486999977,-117.20761573648316,-118.42433549414129,-117.30597647240927,-119.32373642171873,-117.16635645514495,-116.92629646017433,-117.07808096175637,-115.9653120388129,-117.57220170732987,-118.36465487725333,point1,-117.59318569530231,-117.33752172825349,-119.78073974555305,0.8727662174180529,-0.7537877724443218,0.10690997754371168
HDOK,PLOK,17472,35,35,-127,-11,11,2,33,-117.22929988316723,-118.22633805429979,-117.50241208406821,-119.42073942700249,-118.96585831740744,-117.7780168005047,-118.55913862145816,-117.9459820718495,-117.2323365995154,-116.09410879875338,-118.51895626433345,-117.78221642709728,-115.28320671673771,-118.71612337921589,-119.04071667713568,-115.90852411384343,-116.5328106264412,-118.51247278025988,-117.59520599294143,-117.73120192765965,-118.0901558887506,-116.4003394797762,-118.39442560178027,-116.19969787253387,-119.15016890511016,-117.00832649520521,-115.3150639725997,-116.83646485085872,-116.7180528061355,-116.77158748748516,-115.71153105620459,-116.31573443874477,-117.20340338229451,point1,-117.41486720609609,-117.50241208406821,-119.42073942700249,1.2771204342475135,0.12294311492537656,-0.9168603141813687
HDOK,PLOK,17472,35,35,-127,-11,11,2,33,-116.1241229912985,-117.37727093041511,-117.43302100869948,-119.76183000673142,-117.56074419699969,-118.5927712230914,-115.80238331054872,-118.10572976646377,-119.02755066263111,-116.42788162793396,-117.5808645732526,-118.67846830657358,-119.27722366796361,-116.96604856009684,-118.49890037532013,-117.26341556431501,-116.79971066917368,-116.00647306011734,-118.1895231910084,-115.5403730103735,-118.83981097563186,-117.65673799586672,-118.25518433232986,-117.21476678842747,-118.00353709981972,-118.97915677347956,-116.65413707293703,-117.31467405632151,-119.12594121720186,-116.85902954356348,-117.40797401924202,-118.21404228046666,-119.20206360480711,point1,-117.71943522615463,-117.5808645732526,-119.76183000673142,1.1645686690328003,0.14176523721363346,-0.7406101352321142
HDOK,PLOK,17472,35,35,-127,-11,11,2,33,-118.4124228358451,-117.27038723798576,-118.88797953031946,-116.1969025154634,-116.56358489815264,-115.35482517717631,-118.66333511307514,-117.51625049052872,-118.62715628701517,-116.64511980157816,-116.2880115086059,-116.78197584092747,-117.53200950823518,-117.45481746749746,-117.25275179912155,-118.0362491020498,-118.71459129458924,-117.69707383780231,-116.93535873951201,-117.46787230095224,-117.33936203819113,-117.5153414455376,-116.99184322931951,-118.61202630943363,-117.8447491038063,-117.40642834468976,-117.42435102683935,-116.23459435386137,-117.74087955375985,-115.73298071108566,-117.82725708066057,-115.52520078010711,-119.64727300432611,point1,-117.39821097781973,-117.45481746749746,-119.64727300432611,0.9765191747917388,0.05381750981867203,-0.11572541992176166
HDOK,PLOK,17472,35,35,-127,-11,11,2,33,-116.82336583419496,-117.65598085929011,-117.10239299381325,-118.02146468031764,-118.91558886178339,-117.42511278159142,-118.196243817025,-117.40401058911615,-116.46825168840725,-116.33475660735849,-118.4085749643608,-116.48046240611065,-117.26269152118591,-118.38649946239372,-116.42405002903364,-117.76552849369335,-117.58634063373408,-116.73126267681421,-118.24475652114589,-116.49573894058122,-117.93773780515355,-118.31536792785192,-119.44462440858112,-117.54575315450516,-118.52202023318983,-118.11377879587022,-117.31780326515839,-118.46699841578798,-117.19691906496979,-117.4133305787075,-118.55029386395302,-116.66149786697565,-116.6291930712668,point1,-117.58328463072493,-117.54575315450516,-119.44462440858112,0.64846979445409,-0.18552230273667844,-0.7561689787463868
HDOK,PLOK,17472,35,35,-127,-11,11,2,33,-117.94616482975913,-116.98226422977059,-114.70380144421405,-118.61615701336645,-118.71743248881772,-117.22589872282298,-117.50252993044246,-117.72629141070307,-115.90244799516391,-118.30204546285083,-118.75904469606563,-116.9753895012441,-117.66028893758123,-118.3857481587036,-118.61390730133972,-118.93695831699247,-119.1642659146913,-118.44586800286967,-116.8474277418413,-117.22576688256693,-119.17910513812726,-117.50041271411324,-118.00508925929063,-117.98943390753564,-118.4703158350621,-117.44929984079785,-118.14568710359036,-115.83137531418328,-118.30652172172086,-118.10277714177042,-118.10678316422377,-118.15014100882811,-116.8158805833729,point1,-117.77856126407343,-118.00508925929063,-119.17910513812726,0.9590533217348612,1.1821999033160155,1.7683406227916492
HDOK,PLOK,17472,35,35,-127,-11,11,2,33,-117.53036685647966,-117.35043846615491,-116.63798240393815,-116.99985713079252,-116.6028631365568,-117.41150682070881,-116.49988872221033,-118.43860811226673,-117.70051185810289,-118.15794623686905,-116.39591544225524,-116.02946269467768,-118.59801530211418,-117.74203892312869,-117.72669899273139,-118.99058061280071,-116.71661356974123,-117.98256863378944,-116.39109551214487,-117.16131783994783,-118.06013632674565,-117.08509527716123,-117.41503703071402,-118.45091829660697,-116.78395075188907,-116.85951670060523,-117.34337674285759,-116.07203962573212,-117.55849944544165,-118.58188972964811,-117.9870379740101,-116.73983911721828,-115.65930135118114,point1,-117.3230580496128,-117.35043846615491,-118.99058061280071,0.6673099386306065,-0.05763569142644593,-0.6720996402454569
HDOK,PLOK,17472,35,35,-127,-11,11,2,33,-117.33442522535424,-118.13287106971516,-117.01474045112893,-117.68987376210926,-116.08388600077045,-119.61290245379969,-116.11478230352645,-117.04314058187275,-116.1384564689935,-118.8556357979222,-116.02803371302461,-116.74878608966453,-117.25168569311225,-116.1755197142355,-118.69716549408142,-117.40054285293986,-116.70385338275764,-117.7179498777077,-117.49795838578056,-117.95632227495133,-117.29010681791314,-116.63912990845427,-118.06286534237871,-116.90936064081126,-117.67709709112154,-119.57407488049135,-118.65164760106518,-118.20630775831226,-116.98410352900586,-118.59236149994675,-118.52802902548284,-116.76055801638334,-117.69488304123418,point1,-117.50815323472875,-117.40054285293986,-119.61290245379969,0.9265407617455002,-0.3758443301044869,-0.44771384874930176
HDOK,PLOK,17472,35,35,-127,-11,11,2,33,-116.82503980671879,-118.53311612429926,-116.61748004809296,-119.30831478633992,-116.09750168491465,-118.01095922323005,-116.40607396774084,-118.43396296930332,-119.08788722098225,-119.42028174700278,-116.28461139545566,-116.04667418169963,-117.70486604674683,-118.68728163777742,-117.46363752188373,-118.3012174610224,-117.53242541640138,-117.72754308085015,-118.37977839357974,-116.19420525356128,-116.5195857139337,-118.04876430117154,-118.32150735700921,-116.51106164250187,-117.4258382954753,-117.54486156954805,-118.56060379954863,-117.04225411663218,-116.14835089216707,-117.80398876192086,-117.85183903537252,-117.28003017424719,-117.13709922819359,point1,-117.55329220773712,-117.54486156954805,-119.42028174700278,0.9297110516505056,-0.08236768204694916,-0.9496891328076957
HDOK,PLOK,17472,35,35,-127,-11,11,2,33,-117.09992356674299,-119.17976448387061,-116.79401695350492,-116.64898389425888,-119.3060201019246,-115.79250135532963,-117.76173525032414,-116.61209213374634,-117.1642583235013,-116.71641365410511,-117.89936155681272,-117.20264051822345,-118.63571823073853,-116.55549351650923,-118.35536195192358,-117.77264736973244,-118.92317484673057,-117.06718151002592,-116.24660375639353,-117.86593214946775,-117.83753382827953,-118.68643851886439,-118.907143149635,-118.57285434238617,-116.73247882960821,-117.25566793235437,-115.92847745114452,-117.067605843631,-116.45714730510568,-116.46082732196642,-117.5442163135833,-116.88509430759788,-117.59389055046108,point1,-117.44027881268129,-117.20264051822345,-119.3060201019246,0.894405024063152,-0.3647994032843705,-0.8003566678978369
HDOK,PLOK,17472,35,35,-127,-11,11,2,33,-116.92184184828626,-117.43436418713911,-118.39979243555567,-116.24034068935751,-116.81451147808676,-118.07103306636651,-119.19101651356728,-117.2727636392762,-116.77875701965279,-118.1533236345558,-115.97847011743174,-116.82400538474515,-116.67222772346838,-118.27642622226195,-115.81379465301299,-117.55765625395486,-119.16218695570826,-117.27113988742546,-116.55414140021313,-117.98915738115127,-115.79332808493612,-118.53305795676334,-116.6088617282215,-118.87490786942698,-117.58064999052682,-117.41993523866184,-116.72056275518865,-117.82505778144457,-118.12871881468138,-117.16434544116025,-116.9750577642071,-116.81635643028203,-119.20654422125403,point1,-117.42497983539309,-117.2727636392762,-119.20654422125403,0.8973620266377305,-0.2702914807535895,-0.6817502285870636
HDOK,PLOK,17472,35,35,-127,-11,11,2,33,-117.54134072948612,-120.19007785756754,-118.28131857013135,-117.80782553051135,-116.9812251123306,-116.24922519308065,-116.75374240953795,-116.7124522216397,-117.59962967534837,-117.67573876107309,-117.05627422796084,-116.62666849741804,-116.60170206994079,-119.35037323067695,-118.88979215480465,-115.61734073413578,-119.51039058924474,-117.62491765274581,-119.11958252955333,-118.5000125506267,-117.28771240545291,-117.07716311645501,-116.01093078470342,-115.88500013975236,-117.8939420925628,-116.76945323987913,-118.67877251551438,-116.9070924498391,-117.07826327562476,-115.01673414469919,-116.41219368172675,-118.87838035321896,-117.21969236925047,point1,-117.44863517777252,-117.21969236925047,-120.19007785756754,1.4012188301579742,-0.34042853633680087,-0.24129905449454458
HDOK,PLOK,17472,35,35,-127,-11,11,2,33,-115.34771764418151,-119.05925888035942,-117.5132827572231,-118.15208201154078,-117.55725003112487,-116.58643266388847,-118.16406823149751,-118.25793811038461,-117.18707008799052,-117.77993856849811,-117.35806446681632,-118.56316665096799,-113.35184673925167,-116.77191060946195,-117.63246579576698,-116.14532249249778,-117.53764740200273,-117.17463086296948,-118.29121372835758,-117.8961452399427,-116.67428380368082,-117.29579453735587,-116.42965345284257,-117.83697339349621,-119.37763735901527,-118.94788623584164,-116.9525232496186,-116.78809678551283,-116.14678628808167,-117.13790001449587,-116.85491903747373,-117.08691075112377,-116.84233488864314,point1,-117.29391372036078,-117.29579453735587,-119.37763735901527,1.2466814081765951,1.1073405153752451,3.5946216808117613
HDOK,PLOK,17472,35,35,-127,-11,11,2,33,-116.64674978039689,-116.80755986971883,-118.78228508661971,-116.31878615310148,-117.97900386352781,-118.70414569366888,-120.11539781062639,-115.97284835609736,-117.65031739646594,-116.36007034498623,-117.2448378368432,-117.16851611675028,-117.47618322020527,-116.51858747559598,-118.10550943761694,-115.76879345214923,-116.91801907427107,-117.06208669477343,-118.39220899937166,-117.82204503133464,-116.71300062803166,-118.60990222360269,-117.82524757157394,-116.9666303894909,-117.9164360035568,-117.14918524747847,-118.8060531173803,-118.55713220359334,-117.83925581662781,-116.91363520407185,-115.51220814823368,-115.6742607666399,-117.92235392171636,point1,-117.40058342230664,-117.2448378368432,-120.11539781062639,1.0700222200893408,-0.2711618370400717,0.01245698527592376
HDOK,PLOK,17472,35,35,-127,-11,11,2,33,-115.40908553781489,-117.67301723981937,-116.3219268394312,-117.2367649668502,-115.80754064380548,-117.28025869373124,-118.3192249185379,-118.68118784638037,-117.36865039256085,-117.75974085305114,-116.72940849599507,-117.69873073832154,-116.8824409719839,-118.63084191035449,-117.20955380687901,-116.0619099345812,-117.33003656659601,-119.28962301063622,-115.75846646922787,-120.51214731682155,-116.96875053016127,-118.06590440673209,-118.74486717565009,-117.40573199893845,-117.45940639680526,-116.51568372624574,-118.19892344502662,-117.11029428282276,-118.70659481030829,-118.28280290758438,-117.14985100667737,-117.45870101778365,-118.68029596471793,point1,-117.53661711584344,-117.40573199893845,-120.51214731682155,1.152123676581807,-0.33518751766870175,0.5925677536002874
HDOK,PLOK,17472,35,35,-127,-11,11,2,33,-115.6927885447477,-117.19960916903587,-116.51600950242509,-116.7640526726642,-118.0745800039409,-117.7683383861223,-116.97918313352547,-118.90522407270123,-118.24058452203262,-117.40618783941841,-118.01945139224999,-117.01888425900398,-117.31333494916633,-118.79777438413925,-119.18960297988863,-118.5376135068778,-117.84067407414274,-116.35576045516801,-118.64354035154854,-118.06174803046946,-116.6547304895791,-118.14550392140723,-117.09736682831345,-118.35375139005954,-116.35458966704826,-117.88071870654659,-117.28583136127082,-116.32776398349756,-116.26177670168198,-118.04420285339533,-117.10627586390994,-116.57630803107078,-118.3975737428521,point1,-117.50943441726974,-117.40618783941841,-119.18960297988863,0.7821555591739752,0.050983843388795434,-0.936249166614576
HDOK,PLOK,17472,35,35,-127,-11,11,2,33,-117.26562500224901,-116.7633396035275,-117.63720719169575,-117.7957195312485,-117.89917720266025,-117.90258125185514,-115.0871661592127,-116.5599726479736,-117.89159819652612,-117.5883242067883,-119.47677371792163,-116.65249195125234,-117.42360370153308,-119.20961592460417,-118.05850424423792,-117.80725861068048,-119.05494022213026,-118.29402590517392,-118.24298693494602,-117.18421505319127,-117.47439095821007,-119.08174043136646,-117.40590051270432,-117.64965664781451,-119.63876487522525,-116.07588008158821,-116.5342015168872,-118.74835917346188,-117.10814103523087,-118.73603031673527,-117.27372821644241,-116.78908952358013,-116.0774270993684,point1,-117.64813447418251,-117.63720719169575,-119.63876487522525,1.0520509722822948,0.09349045799965863,0.048710948780640084
HDOK,PLOK,17472,35,35,-127,-11,11,2,33,-117.11299752339765,-118.5554628810673,-118.03787601829038,-119.4823353332265,-117.5648964315256,-116.37205266960841,-116.86585081619235,-116.60449636828238,-117.93396087713104,-116.00075467460732,-116.21104037669375,-117.71665249291605,-117.32657054315959,-118.45458858412235,-117.07152424718737,-117.77531410468174,-119.00919704291424,-117.04220441477425,-118.7625210000987,-117.50915412506089,-117.8430535747388,-118.8222628787296,-117.68736581561559,-117.41233962685847,-116.67213632422151,-116.96926116975526,-118.10990859970303,-118.22304414986833,-116.69900605299276,-117.16741329251019,-116.52856407726124,-118.25201291586978,-117.26831999429467,point1,-117.54739815143505,-117.50915412506089,-119.4823353332265,0.7091313492700881,-0.27964934144491743,-0.4787990035456575
HDOK,PLOK,17472,35,35,-127,-11,11,2,33,-116.29722537576326,-118.8264879499329,-118.71548519798894,-117.2747744088955,-117.2499115526112,-117.607007711472,-116.559972609758,-118.7078774119496,-117.31044637007243,-117.86372794626041,-119.37839712685249,-118.76617477752193,-116.6725814194698,-117.19533862252003,-118.33175038886117,-116.27116618174419,-117.39966951837776,-117.3401086111392,-118.43948183308572,-120.09771254945073,-117.21793235394475,-117.53003284488824,-118.95073903666321,-116.52645987874617,-117.47887416555479,-119.71452122804038,-117.29420653774297,-117.40938970176194,-118.20402503540318,-117.19330247378772,-116.02982986517092,-119.07733987674521,-116.64492040672657,point1,-117.74475366572433,-117.40938970176194,-120.09771254945073,1.065995991357673,-0.44910079993980356,-0.5603316958640598
HDOK,PLOK,17472,35,35,-127,-11,11,2,33,-115.45419337484833,-116.57259996986627,-118.60577008222008,-118.31870309972253,-118.04193965338855,-117.89774044273398,-117.94009597604538,-118.38508471992945,-118.4580466231994,-118.37027025344673,-116.60196686598292,-118.2095677550218,-117.71085146627131,-116.75740807451714,-119.21818278444422,-119.3432036987681,-118.39157189144221,-117.53702862230084,-117.63429976084332,-116.80029804035216,-117.07776994936,-116.13801597325345,-117.54365473238762,-118.79247439658072,-116.73453208296424,-116.90585021804877,-119.00702363886117,-118.53272144267359,-117.3739452495508,-118.07064638450473,-119.30193512819676,-117.8119916465052,-116.6607756246846,point1,-117.76364120069442,-117.89774044273398,-119.3432036987681,0.8994105229039661,0.3413759319411134,-0.409511763156702
HDOK,PLOK,17472,35,35,-127,-11,11,2,33,-118.49580877453865,-117.3180575239622,-118.11789603887331,-117.5251154530412,-116.61990183045937,-117.09289036482689,-117.1589159043269,-116.37846637601204,-116.38733695218001,-118.4330412762989,-117.89495320580767,-117.7534808193431,-117.521068107274,-117.44831872596932,-117.37877189658396,-117.91839175031154,-115.62012724133861,-116.73416679630658,-119.00932336870628,-117.56571285917303,-118.90653181075089,-116.36676651331888,-116.13281489681542,-118.24873427191646,-117.8015786985659,-118.35597655876397,-118.0058776165028,-116.9041561520003,-117.4516377811805,-119.02104497381904,-117.17309109812008,-118.16061200156504,-118.35822515707933,point1,-117.55329675138582,-117.5251154530412,-119.02104497381904,0.7053054449339333,0.24722925326968787,-0.41583784952207736
HDOK,PLOK,17472,35,35,-127,-11,11,2,33,-116.58640563453409,-117.70555706444402,-114.84197429336596,-117.33259924468732,-118.51779880059155,-118.36259622028777,-117.8393356005231,-116.36745446219102,-119.02416714339088,-115.70559463474812,-117.01652911839516,-117.34210641522064,-117.00050883935836,-116.76006180551332,-117.88279282478362,-117.62866673573923,-119.21926281537272,-117.98264518941214,-116.70071186242257,-116.25904564202557,-116.64085276631697,-116.98450185690413,-118.57466433915555,-116.7167745299958,-116.79653847628937,-117.87931197709075,-118.93268380243313,-118.24674458297116,-115.54723369750357,-118.03222224121672,-117.7661240447613,-116.56257418963976,-116.12463703294726,point1,-117.29941448134036,-117.33259924468732,-119.21926281537272,1.0578301798854028,0.16596904638499993,-0.3022272277082054
HDOK,PLOK,17472,36,36,-128,-12,11,2,33,-115.39864924753115,-115.02471453671224,-115.93459172777696,-115.5606236461437,-117.02260942474423,-115.00701169293326,-116.66089871590543,-117.17953108926974,-116.6972112903863,-117.57429189624087,-117.94111668928412,-116.13670434258121,-115.82358191040313,-117.83914127984357,-117.51147354079907,-114.97258127766895,-117.2468908845662,-116.7781811259148,-117.87099036624397,-116.63333692557225,-118.08195363164934,-117.96089057324478,-117.12366908093372,-115.84552097552184,-116.71203217138935,-115.806350180776,-116.897662443569,-116.22894967042265,-118.76940441310057,-115.72772401243095,-118.7293130167131,-117.7121125204339,-116.38591101697573,point1,-116.75138258538428,-116.71203217138935,-118.76940441310057,1.0741753028160062,-0.05524714569239758,-0.8019274475909479
HDOK,PLOK,17472,36,36,-128,-12,11,2,33,-116.43392696708113,-115.99281755113134,-115.53522626641947,-117.62255639387993,-115.68183062979385,-116.43458330678011,-116.98200340713375,-117.21283602709185,-116.45920499820122,-118.01276731397614,-116.11640598308038,-114.92901616251251,-117.56278733962627,-116.32418672497437,-118.42822722678147,-117.52810345239733,-116.89982513465151,-116.77865599505066,-119.38188602224972,-116.12115690373095,-116.82157722332477,-117.51465411562273,-117.47038768908973,-115.93270559678524,-115.80390689580342,-117.4576618487164,-116.47278697996268,-116.59073563796844,-115.88407998881613,-116.91932939469925,-116.7205547720394,-118.26457180792293,-117.47394964701851,point1,-116.84136076982767,-116.77865599505066,-119.38188602224972,0.849136044364908,-0.4818063077132379,0.5093259772498464
HDOK,PLOK,17472,36,36,-128,-12,11,2,33,-116.03190093155611,-114.57088143977181,-115.72803661411272,-117.3767416565313,-116.15885224226845,-117.35317074110446,-116.48100533213439,-118.53688865203137,-116.77757736759443,-117.72459663771161,-117.62225897508603,-119.02447342440429,-116.92181939377758,-115.70534077675653,-115.42106271821478,-116.9580214591606,-117.59344126258576,-115.5014945808849,-117.10676123867277,-117.1841425354591,-116.77100297047535,-117.9018592848821,-117.03045544655771,-117.3573754356896,-116.27661814630308,-117.81766769960524,-117.44793496246696,-117.16416384784837,-117.28797385448583,-118.10404738824664,-116.14657022567135,-118.7929432258595,-116.50648107417916,point1,-116.98132004672998,-117.10676123867277,-119.02447342440429,0.9646164426813184,0.1826758097833959,0.0992543379661881
HDOK,PLOK,17472,36,36,-128,-12,11,2,33,-115.47664602559357,-115.92658318884676,-117.42020780697719,-117.02800773997299,-116.77169254258436,-115.65776134737216,-117.77513460545703,-116.11989812966983,-115.33824057590014,-116.92006672599518,-117.31976819734967,-116.02181221981326,-117.5600489151432,-118.49237463575406,-115.4271901714977,-118.05538785145744,-115.67942544500657,-116.0283401837541,-115.5207251776269,-117.26586320846945,-119.03318055554013,-118.53468866345298,-118.58061639921166,-118.6861881849162,-118.590275610327,-117.30960409489492,-118.01148314201716,-117.47044608559398,-118.19158713651,-116.83283916321729,-117.52415155110123,-117.1229850660036,-116.85928400508311,point1,-117.10765164703366,-117.26586320846945,-119.03318055554013,1.1774735739642885,0.08198192934414773,-1.106291764731954
HDOK,PLOK,17472,36,36,-128,-12,11,2,33,-115.58870070053007,-116.59977322774871,-115.69923001756624,-116.77482647278548,-117.05611455920476,-114.52034077272349,-114.66132979783427,-116.87249795142694,-116.15426305866275,-116.64618630290052,-117.59694335255584,-116.64125614665417,-115.84488400962931,-116.14289901956178,-116.72920904598773,-116.2103418880076,-116.82942893473229,-115.11978429956646,-118.15717447404624,-116.29122432175002,-117.26894819978037,-116.44683152130744,-118.89433125843243,-117.18593563461648,-117.00274659717432,-117.02311480922947,-116.69539556961365,-117.43395554223527,-117.89754037779731,-116.16998535047713,-118.55303222125328,-115.5057646276414,-118.66166746812766,point1,-116.69320174338064,-116.69539556961365,-118.89433125843243,1.0638290459000561,-0.0975615415389003,0.11419994636945097
HDOK,PLOK,17472,36,36,-128,-12,11,2,33,-116.00079593024009,-115.52213241658475,-117.28620078359177,-116.9394864268824,-114.8694493025029,-116.28759541638928,-116.67418713414212,-115.82160388955673,-115.25091921043267,-114.37131531307769,-117.5582908660458,-116.87707030039012,-117.46229007713416,-117.65600666992401,-117.88400550342809,-117.1822935570983,-115.50361527382954,-117.5108382526076,-116.71426034808293,-116.92804686478313,-117.64727028462201,-116.72166664876954,-117.43897120315444,-117.3494900794964,-116.18165723972038,-118.31516820370943,-115.96388046194149,-117.48107179661514,-115.94795899185658,-117.49189062959445,-116.01186487435479,-116.17756437418987,-118.24042085285777,point1,-116.7051296720487,-116.87707030039012,-118.31516820370943,0.9193295363959095,0.47870739323738215,-0.37084004978622875
HDOK,PLOK,17472,36,36,-128,-12,11,2,33,-116.21871111087468,-115.55975960883022,-117.50299926411239,-116.50896279051076,-116.47923841051859,-118.25544017834028,-115.85399470784718,-117.14162483009399,-117.69401400217897,-116.37803042334245,-117.95034165209563,-117.21718768302992,-116.36064233354281,-118.41865683691063,-117.54296255527319,-118.32662238510667,-115.67191201193184,-116.64795886270302,-117.03880038817653,-119.52172886446537,-118.42527827486396,-117.08814777606666,-117.61155866414335,-118.42148614044847,-115.2476843205059,-114.51688400576029,-117.33379318844008,-118.02517308359248,-116.64022628673482,-117.36250476682018,-117.64461360951027,-116.76327685280935,-116.82246376482796,point1,-117.09674786770938,-117.14162483009399,-119.52172886446537,1.0966838545272954,0.20143894090291228,0.20894739106491578
HDOK,PLOK,17472,36,36,-128,-12,11,2,33,-114.88794120307128,-117.50883422947825,-118.22501081866746,-115.90876296116855,-114.27813931031325,-116.80407760908281,-118.21918881684662,-117.83196041780779,-116.04177411212102,-116.68640328856257,-117.20401370816951,-117.48798370718397,-117.91848711153409,-117.23418589998677,-118.44482769476085,-117.34695172519567,-118.28620760126456,-118.24198101870176,-118.34277790377244,-117.6892151158928,-117.47300744440557,-117.88379199057206,-117.22430310063679,-118.75949928545283,-117.17353297375276,-116.6334723331738,-116.41118583103328,-116.5899239212989,-118.60525732472031,-116.7661671802676,-117.51778270762311,-116.55790285653366,-116.58166452921657,point1,-117.23533987067482,-117.34695172519567,-118.75949928545283,1.0056634024823483,0.9608011736374095,1.2742465501220734
HDOK,PLOK,17472,36,36,-128,-12,11,2,33,-116.83814976076606,-116.05623986947192,-117.3673873640041,-119.07399364258607,-115.75449718688597,-117.17499993443381,-115.57256093161813,-116.00601929915771,-117.89437984654361,-115.23679354205773,-116.25133706133948,-116.2085434265081,-120.45433618593185,-117.57780150463468,-117.85935383300698,-117.19158674051619,-117.92759108764918,-117.08615662948343,-117.01661606804281,-113.76241796813969,-117.43505589456308,-117.44253386874986,-119.08487504560028,-118.5103270548826,-116.53851021320015,-118.52074234855749,-119.02479335432395,-117.2885155929207,-116.58445744856658,-116.94647437738097,-119.05208420415183,-116.66799331786,-117.97940694888524,point1,-117.25413731977028,-117.19158674051619,-120.45433618593185,1.7119494631915395,0.05924858948165672,0.7950580268668275
HDOK,PLOK,17472,36,36,-128,-12,11,2,33,-115.55317571436076,-117.01172639383635,-118.26262210715467,-117.07693267952995,-117.26813803148102,-116.57634637427967,-116.71723318467427,-117.89189692901162,-117.81824060760654,-116.54005342921897,-117.09409580096815,-117.62409213801689,-116.87740190014382,-118.83377065739627,-117.67886994041734,-118.20141246447812,-115.80417527751877,-116.09970818247578,-116.05606873017581,-118.07587516025565,-117.29994694908875,-117.7205389380076,-117.36136778250611,-114.97671688931048,-117.20748676191907,-116.59024426113089,-116.96851539850454,-117.4844584506213,-117.06467013301652,-118.0905019721523,-117.0328842091947,-118.14673573921576,-118.63989838023946,point1,-117.20138792630024,-117.20748676191907,-118.83377065739627,0.7518554728694307,0.4550737241096464,0.18550698911269548
HDOK,PLOK,17472,36,36,-128,-12,11,2,33,-116.63365591750329,-114.72714934193075,-116.11743460158986,-117.25032473305393,-117.84619533949572,-115.64588567893426,-116.45573450587095,-116.71298197826823,-116.05078630353353,-117.01258896761335,-118.46262097210676,-117.12993503794898,-116.29446927253441,-119.49663137895458,-117.64830212395213,-116.54848506116488,-116.66092259252424,-116.19847395456631,-116.81873043793766,-118.67290189582395,-116.34631366765535,-117.60260528948595,-116.1223690026385,-117.85864447513694,-117.14600362166857,-116.95729906226525,-118.7157336009893,-116.32213152997316,-118.22492863700246,-119.15734221009235,-116.22126829297542,-119.69617028239868,-117.81032947739443,point1,-117.1686469468177,-116.95729906226525,-119.69617028239868,1.2892099404189306,-0.47216958612385423,-0.10018162847589895
HDOK,PLOK,17472,36,36,-128,-12,11,2,33,-116.28783817966813,-116.37300401479882,-116.78777053406225,-116.8810529682847,-116.23380492373745,-116.85137232427903,-115.45053340029484,-115.33555867180154,-117.88976645703835,-117.01529161469315,-117.12548401726707,-116.49569239785275,-118.1869889447317,-116.03423401380049,-117.23052350141816,-116.11031720655639,-117.5720010938096,-118.21177159805032,-116.09517066977219,-115.98729833726875,-115.98155371339234,-116.55958045028936,-116.43079362451833,-116.9024415227746,-119.02151965211027,-119.00731295963625,-116.90992490243387,-117.47261105634591,-117.13887876900053,-117.03630467457963,-115.31091102154032,-118.66401729574407,-117.13324103005462,point1,-116.90074441035172,-116.8810529682847,-119.02151965211027,0.9053115511969477,-0.5638674688016025,0.013224373853792049
HDOK,PLOK,17472,36,36,-128,-12,11,2,33,-114.96642801889311,-117.36241866336067,-117.13018704180713,-118.95829342378978,-118.05684252743124,-118.14755365527343,-116.80941555387771,-116.76083203875143,-116.10669020301758,-117.57389199610813,-117.2407595551036,-117.62546433241117,-116.98030149978398,-115.84753195597307,-116.59096586182469,-114.18686892480551,-118.25092374394997,-116.29795755556766,-118.31735432006582,-116.7271510560719,-116.75685096173453,-115.90369409988408,-117.53644366720032,-117.22813481512573,-118.16482114785099,-118.55425809721862,-118.5155679887589,-117.89088411236338,-116.34471340990117,-115.94857437084568,-117.12151838399741,-116.0781509105451,-115.45415932444119,point1,-117.0132000975071,-117.12151838399741,-118.95829342378978,1.1741488572935013,0.43753957045848985,0.03152314174607973
HDOK,PLOK,17472,36,36,-128,-12,11,2,33,-116.36309191245513,-116.44874393987126,-117.18293807562937,-114.3276097284544,-116.21583880619674,-117.00060682221134,-117.19728847044024,-117.37950248547598,-117.48739470833667,-119.08121147783844,-117.73658474330809,-115.92947339072335,-116.95053459498068,-116.20965498929924,-116.72231299835126,-115.38647632501373,-117.68878452157334,-117.06764529327982,-116.18576485647296,-117.95428873548097,-116.43103832618684,-117.44846858273262,-116.85555590674785,-118.0892607614387,-118.38345824790295,-117.63683438913407,-117.20871156635458,-119.27725166000438,-119.53565815398491,-116.45135814252995,-116.5570702494241,-115.66459721738501,-119.17936272430613,point1,-117.12831432737953,-117.06764529327982,-119.53565815398491,1.287815294402963,-0.1702059876570406,0.3737086237075653
HDOK,PLOK,17472,36,36,-128,-12,11,2,33,-115.17147543388623,-117.51646186410402,-116.77925612782893,-115.33022584624284,-116.8681573363323,-116.9794551426096,-116.85905871072133,-117.14790867510207,-117.5406028653317,-116.92903754984421,-117.23088986153722,-116.6762067481609,-114.124930315046,-114.21899330219985,-115.12750011554255,-115.62303177086511,-115.94392978048319,-115.66252105562288,-117.86676881070947,-118.17720833528183,-117.31116456169809,-117.47341311050796,-117.96964741581989,-116.98361434489671,-116.7861360185374,-117.54020411104865,-117.62913567865618,-116.92867373483082,-117.93234013671707,-116.44396546501356,-115.38064097423704,-117.82949327804555,-116.11148947668619,point1,-116.66950115012564,-116.92867373483082,-118.17720833528183,1.1236131954568873,0.8157125714993192,-0.07484209432747457
HDOK,PLOK,17472,36,36,-128,-12,11,2,33,-115.80005084667336,-114.58847371333037,-119.1484305340119,-118.59440513600072,-116.1451683187843,-116.79803562077223,-116.92020342030997,-115.09773541838833,-118.00676030911512,-118.21767491137057,-116.51183689652692,-117.41371547026013,-117.98956752784072,-116.6650589099263,-116.78944592400697,-118.10599095064785,-117.12098509886093,-118.6486482086726,-115.15049991312556,-117.32407271909432,-116.99605202062529,-117.18705547406012,-118.80463249046666,-115.65877193228044,-116.68556617179765,-117.53025585189961,-119.1961104963146,-116.63410770755087,-115.6903298014862,-117.339374752815,-117.16509945070462,-117.75228653829987,-117.23010031246115,point1,-117.11837887419641,-117.16509945070462,-119.1961104963146,1.2961919312985433,0.19226610930619498,-0.2797743647819053
HDOK,PLOK,17472,36,36,-128,-12,11,2,33,-116.0305134869203,-116.20925849697782,-117.76765387943601,-117.33780826752425,-116.61928001796541,-115.31044186554749,-116.54930007428852,-118.23743039433901,-118.30104561742247,-114.284185755896,-116.34881930782717,-115.57575053557896,-115.2900768278123,-117.30781702410596,-116.24206516582313,-117.44672781424303,-116.63634009092081,-118.23906506063538,-116.25191506031706,-116.02784359506491,-116.30074378940347,-118.91864721154175,-117.23065851713667,-117.61245979948582,-118.65653496162666,-116.05796286873046,-118.34652030939348,-117.36711753763356,-116.9088486245688,-116.97504767951611,-117.64028550502827,-118.72983547609087,-117.33871567094548,point1,-116.97262776635598,-116.97504767951611,-118.91864721154175,1.1868909939140369,0.19470953192615686,-0.28565741691046487
HDOK,PLOK,17472,36,36,-128,-12,11,2,33,-116.52329903548295,-113.6274702900162,-115.74655851403254,-117.07912888493482,-116.71243715932,-115.1170155359782,-115.79501317285009,-117.44802029989697,-116.52148386239196,-115.34182844132442,-116.81460187634848,-117.2101572195193,-118.79551644801747,-117.9916701122295,-116.99036245015442,-116.22486034447599,-115.91265456717565,-116.44222920873727,-119.01027064014089,-115.66955074804416,-117.09368759596731,-116.30376266463182,-116.77170751382226,-116.68554556285838,-117.52112650805408,-115.8487473816528,-118.05076612107369,-118.33722209208105,-117.33489023342901,-116.51445188276944,-117.2383357302636,-117.37545434805185,-117.30960328615178,point1,-116.76846756763265,-116.77170751382226,-119.01027064014089,1.1404800937043327,0.3780754956169397,1.2724380252702825
HDOK,PLOK,17472,36,36,-128,-12,11,2,33,-114.8196721361502,-117.56788834130252,-116.11405343842621,-115.55898233274667,-117.2547197910092,-115.92879765334189,-117.41041820533475,-117.45026916783485,-116.7251031108176,-115.85719415399302,-117.41150430448171,-115.64743924806578,-116.20843054903366,-118.35774422594352,-117.63753478000166,-116.64534796101871,-116.73330402481275,-117.78237728009269,-117.16132019927434,-116.97358731334782,-118.0875225703502,-116.6647883840071,-115.22196656928185,-118.20705555711075,-117.81649609950566,-116.42123718641093,-114.3848562279045,-117.13528936192489,-118.69032301922628,-116.74075306902466,-118.32688996182118,-117.69447401586082,-117.84664531120885,point1,-116.923757137899,-117.13528936192489,-118.69032301922628,1.0932896279199897,0.5541699158709881,-0.21893000076377112
HDOK,PLOK,17472,36,36,-128,-12,11,2,33,-115.14104685737291,-115.18239474410427,-115.83510164921528,-118.63493120956956,-114.63347760203176,-115.93793413432358,-116.39609214462247,-114.99198166108737,-117.5313507362937,-116.34536689505644,-116.33568176872302,-115.57755888710764,-116.92271277348986,-116.4557622135115,-116.36619152684523,-117.53711804381831,-116.54323038693322,-116.55318056871685,-114.80751418720696,-118.26246071986019,-116.73978822377858,-118.17434203501652,-116.17140042631587,-115.0745301847858,-116.02505227011608,-116.28478699624756,-117.1868032388946,-118.94652162426995,-117.47292911696245,-114.9507229981258,-118.95938329798793,-116.50812967350706,-117.15668258085658,point1,-116.53461095081076,-116.39609214462247,-118.95938329798793,1.3757524378641057,-0.4118250191331161,-0.4184491677810458
HDOK,PLOK,17472,36,36,-128,-12,11,2,33,-115.24615665290531,-117.26316837851068,-117.07370086866857,-116.86345650431002,-117.11773389441997,-116.20124440789454,-115.63283862820528,-116.75107416089968,-115.6158585627169,-117.73179455525364,-116.27628440885263,-116.5288772303432,-117.85453858844865,-117.2922461061385,-116.68080923218731,-118.11703801523291,-116.48026393058038,-118.98494013336253,-118.3891574654471,-115.0907678414149,-115.42919633275383,-117.76105938254913,-117.70787746653116,-118.12832580385054,-117.77363664316977,-117.89733393825037,-116.6636434647087,-117.13122347880353,-119.40332370270255,-119.39157374265302,-116.28236957021367,-116.78004915663034,-118.93134882053438,point1,-117.16584578997407,-117.11773389441997,-119.40332370270255,1.2768494003284794,-0.1538126767440038,-0.4693075383951224
HDOK,PLOK,17472,36,36,-128,-12,11,2,33,-116.65110988971621,-117.25684076913853,-117.58227972774888,-117.36883534229838,-116.80306389407171,-116.6786230073386,-118.30994879721028,-117.7698559435938,-118.0030049648774,-116.13408520252125,-116.03569842793955,-117.1589868452513,-117.73297121024139,-117.17073506753283,-117.09195127606303,-116.88118116083488,-116.33166740677854,-119.77536523626948,-116.75979394236448,-117.26172769571629,-115.42086721006655,-117.45315244373448,-117.26149807232025,-114.5753830795703,-117.01131292083038,-116.29282981267218,-117.98503199017935,-118.1937129158609,-118.47730553407453,-116.7766506984526,-116.40410912752745,-118.30603549858117,-118.00465935300795,point1,-117.1794022564965,-117.17073506753283,-119.77536523626948,0.9233617523270475,0.08202245414999704,1.4502803344000204
HDOK,PLOK,17472,36,36,-128,-12,11,2,33,-115.9636768566921,-117.15938598485165,-116.59078873166048,-117.60106683585764,-116.37504602758052,-116.7667882440818,-115.54899869057148,-117.07381429273092,-116.55515656206445,-116.9208689342852,-117.82948340327117,-118.1314979012027,-116.48062958977151,-117.72867660806106,-118.36536010357936,-116.82483690450128,-117.23654141176779,-115.76086598638831,-117.51254437623479,-118.28534901190378,-116.52779634293844,-117.12289774947199,-115.92813502917593,-117.73239320662809,-117.62812020615917,-117.10040378904027,-117.70040924096543,-117.28792070923078,-116.9536187646271,-116.74444525619995,-116.35120537948958,-117.47046650220483,-117.08495954176962,point1,-117.04073176287756,-117.08495954176962,-118.36536010357936,0.488542069434174,0.1551998672914759,-0.4149011370680702
HDOK,PLOK,17472,36,36,-128,-12,11,2,33,-116.45953933389778,-115.98353549358836,-117.37799755585903,-116.78789896838875,-116.6753149024316,-116.96357761138938,-116.14688256888877,-116.65107179418409,-115.36460899022696,-115.07144508726215,-117.12039787351881,-116.64975846284236,-116.76293957191687,-117.55252044736233,-119.465231508555,-115.79000503277906,-116.94249774259843,-117.45238529379228,-116.80381165656554,-117.11972363914306,-115.2360461633245,-116.79131680044411,-117.35212264087727,-116.45723939624303,-117.35864354274543,-117.93859177127632,-116.55552917322642,-116.53617383785053,-118.88350845534731,-119.1674977016394,-117.08542383803437,-117.48321893312148,-117.90821489837977,point1,-116.96650517235456,-116.80381165656554,-119.465231508555,0.9525572593257404,-0.5453944866612798,0.9919220558472239
HDOK,PLOK,17472,36,36,-128,-12,11,2,33,-117.9401123984038,-115.73274558021008,-117.95020958672896,-117.05737604635837,-116.20015168953613,-116.58030956784668,-117.17704512330475,-117.01235083537843,-117.42653703898839,-117.43807949504217,-116.8244208250284,-117.55472080460912,-116.53295819442414,-116.34432753930092,-116.35970919911601,-116.57432435122864,-116.00542211134497,-117.15797665468561,-117.1434762910397,-117.40863704027609,-118.24784576385524,-115.55115539660778,-118.52839249813978,-119.19296652137807,-118.60385925640749,-117.64531655343299,-117.1346505050371,-117.08153349715505,-115.39420888654179,-118.41136361547834,-118.44909741562368,-117.33430377788176,-117.22716673559603,point1,-117.18856820593899,-117.15797665468561,-119.19296652137807,0.8143005259810221,-0.06589122020702302,-0.2800314621151978
HDOK,PLOK,17472,36,36,-128,-12,11,2,33,-114.77435423429267,-115.69820303452578,-117.07960487063244,-116.44213212127822,-116.17649027132244,-114.86737583442351,-116.51643923491807,-115.09664981580387,-115.86364429237173,-115.78620647233318,-115.82628968965018,-118.81141844169412,-115.52202868120511,-117.82096666812546,-115.83539997998695,-117.42024090804986,-117.74986354492694,-117.66958564891588,-117.51479979064354,-116.45894047365543,-117.11148902511873,-116.202558525613,-117.0588605726161,-116.19856844830956,-117.1003031413645,-116.7508546587801,-116.82246357008904,-116.72162101738307,-115.67590049612264,-117.81069025171166,-118.34186337732312,-116.54933534017935,-116.79940734905723,point1,-116.60831969037643,-116.54933534017935,-118.81141844169412,0.9181414380044531,-0.14339667097922915,-0.3057084038611557
HDOK,PLOK,17472,36,36,-128,-12,11,2,33,-114.39032462776346,-117.4827857929329,-116.82772308458662,-118.90685083107407,-115.26854573004958,-117.11362931062035,-118.31795821482939,-118.73064155402547,-116.8471602037445,-114.97275613382887,-114.98914847424608,-117.13264983155142,-117.13325666401497,-118.0840791790308,-115.77467257309561,-117.44607672044438,-116.36146390472342,-117.09500940763716,-119.56467311748864,-116.26315375900114,-118.92497936820902,-117.3183167386794,-118.95726187432702,-116.9424396330505,-117.65752098847723,-118.5784027878,-117.87053122774488,-116.84361916786828,-117.85395543469437,-116.89508224762601,-117.8410908968521,-116.43024264897505,-116.71456929500967,point1,-117.19789610375761,-117.13264983155142,-119.56467311748864,1.4844089332935437,0.3156411164810337,-0.07790633360497878
HDOK,PLOK,17472,36,36,-128,-12,11,2,33,-115.15044583478131,-115.54672577751644,-114.83418626888769,-118.5823856967398,-115.84938582890257,-116.16533758209624,-114.23161900714057,-116.53304905492521,-116.21327766658723,-115.57547633135417,-118.18386273655888,-116.61979392455726,-116.1009348470826,-116.8410037274519,-117.66870328745873,-115.85326561245292,-117.29058827534182,-118.91755270123379,-116.6551706638623,-114.90117171769262,-117.27572179215102,-115.627259834742,-114.86304099694428,-116.99563312403767,-116.56793598915294,-116.2800980035063,-119.75568652836438,-115.95842342433329,-119.3597218339375,-118.00740581822666,-116.63038074684904,-117.38364976933414,-117.14356094892258,point1,-116.65340773797352,-116.56793598915294,-119.75568652836438,1.7133233653888955,-0.5157317195162182,-0.014011618147840021
HDOK,PLOK,17472,36,36,-128,-12,11,2,33,-115.07000661457681,-115.37211247619592,-116.19233845961396,-117.01878526622234,-115.97626713495353,-116.16498597188175,-117.0391404393454,-116.8435616662167,-117.10532461660813,-119.32562709452117,-117.58935566503146,-115.18349123318778,-115.78665194350783,-118.961096391426,-116.36710408588849,-117.61963105738829,-116.7087415185059,-117.78379685578723,-118.9833193949707,-115.82953014996092,-116.97317291007857,-117.83416513610194,-116.458857401073,-117.26984815773682,-117.35694848582521,-116.60310962126249,-116.43548963614134,-117.37465169509996,-118.09399404142202,-116.68665132161277,-118.04287084913828,-118.07979358662425,-118.14139320823118,point1,-117.03853982079207,-117.01878526622234,-119.32562709452117,1.1084649127657902,-0.1829497824824723,-0.32485178735744347
HDOK,PLOK,17472,36,36,-128,-12,11,2,33,-114.26401154309794,-116.34345857533239,-117.23075770271902,-117.63489628231854,-116.69967520567992,-116.22356242978513,-117.32530186068503,-117.01835280145993,-118.08561142061374,-115.34762452594612,-117.08943243287685,-116.09455934200655,-117.50582217899243,-116.68316543830906,-115.19074496984504,-116.21375933545185,-116.89541133153688,-118.60572334135021,-117.66630188320205,-117.80406929094437,-117.31133971429036,-117.57418155003883,-118.34918341786839,-117.13681062592585,-117.10587317484864,-117.96368874172052,-116.0882075384679,-117.71268663642542,-115.83239667987186,-118.69737894950617,-116.63583313568961,-117.0555262607968,-116.51343340135068,point1,-116.96662974905921,-117.08943243287685,-118.69737894950617,0.9382258697660166,0.5897403170135598,0.6330092073203004
HDOK,PLOK,17472,36,36,-128,-12,11,2,33,-115.71941945789011,-117.36475704018213,-117.2644316388816,-117.23335292148425,-117.21772080318993,-117.4206046816614,-115.2686445745225,-117.56542910511388,-116.72948761794747,-115.85898008362666,-116.62292632339278,-117.99524668176971,-116.1123475160572,-116.60970267977888,-117.37779335646644,-115.84668268961084,-117.65823947034791,-118.0291445669848,-114.63998809536353,-116.02648387114645,-116.03753359029274,-116.60896170735401,-118.75376896553756,-117.53042980497679,-117.01016278817505,-116.58723316992568,-116.21066923136996,-115.03306000500845,-116.2489354241176,-115.54392565544268,-116.88489344936049,-116.98853740956625,-116.087010471821,point1,-116.66928802570806,-116.62292632339278,-118.75376896553756,0.830009414906824,0.08122052308047918,-0.185405183620575
HDOK,PLOK,17472,36,36,-128,-12,11,2,33,-116.09405251071584,-116.31825699301312,-115.54708276018431,-115.82034539697896,-115.06760558659307,-115.46229797989301,-117.09126970579882,-116.9305781422334,-118.32750120982081,-117.23378013224809,-118.35359173168591,-116.45800864852131,-115.584077255377,-118.17659695906679,-117.51950211539284,-117.48317901083364,-115.33850048516989,-117.68960774835014,-117.13437799821202,-115.8127235351378,-118.52294792693905,-119.17368657909267,-115.98952546965357,-117.74876284823286,-116.21979787184122,-117.39178193356356,-117.26825151413003,-117.63195798816825,-118.476695496762,-117.80980734526621,-119.06520776278758,-117.19125669378988,-117.24168951919005,point1,-117.06588802589829,-117.23378013224809,-119.17368657909267,1.2215731733759887,0.0278455247948082,-0.8911989676058125
HDOK,PLOK,17472,36,36,-128,-12,11,2,33,-115.7589679858091,-114.07061493546986,-115.39312682581334,-117.4213303595373,-116.15688126582437,-118.05232677744668,-117.44637465447693,-118.23632900181052,-116.0436362710961,-117.90568325224322,-117.78389606752522,-117.94986992983249,-117.32911793721236,-117.64779420752677,-118.07294292771081,-115.36209968862143,-118.38781350488769,-118.42744684175138,-117.31906242370137,-118.62997985573621,-115.06851275539657,-118.79585541878474,-117.84673845276687,-118.15782957568047,-116.21278588106694,-117.16580196705108,-117.29133491253157,-117.89775412135305,-116.71048161479794,-117.55865928658885,-119.19987398480752,-115.53557987765896,-118.86536108904806,point1,-117.26369283792624,-117.55865928658885,-119.19987398480752,1.5114836292908629,0.7724083838717121,-0.07940808618503281
HDOK,PLOK,17472,36,36,-128,-12,11,2,33,-116.1301820544506,-116.26003592387451,-116.31392524376265,-117.02096713431543,-116.45533503845135,-116.85093339646103,-117.1412456310134,-117.64961867293293,-116.00502259270583,-116.25381482341103,-115.7724773658838,-115.57426659325691,-116.10725554261467,-116.62527752919732,-116.32197093944595,-116.60122836178599,-119.70435315175938,-118.04980425317576,-116.34559272273451,-117.32556824619849,-114.62083524807078,-117.33306157407263,-118.23904255451463,-118.40523893191245,-118.01560093369707,-118.22141664105358,-118.84089660152173,-116.34247934600324,-120.07263062618392,-115.79731051427675,-117.52059369329727,-117.31782025715306,-119.38501114535069,point1,-117.109721614683,-116.85093339646103,-120.07263062618392,1.5243871099094746,-0.6178244419387263,0.08473446567282616
HDOK,PLOK,17472,36,36,-128,-12,11,2,33,-116.2128176663473,-115.93524397709767,-116.82554972169893,-117.98600974226972,-116.93647191941696,-116.36522689619815,-114.91570592348553,-117.31706133463042,-116.89239008124012,-115.10953879268554,-116.40631771470055,-116.31399297132133,-117.79217629694779,-117.4529438018817,-118.44381407214208,-118.43319301771491,-118.37548615656985,-117.09786472885146,-117.38054728868282,-117.4903665846405,-116.24548567938758,-116.73940421460884,-116.87871192735493,-117.23144527594427,-115.81825956142907,-116.55142711233327,-116.7279067148359,-118.30996435339962,-119.20203679895275,-116.92361615606278,-118.47486207248545,-115.7879933478937,-118.495915845293,point1,-117.06271962874257,-116.92361615606278,-119.20203679895275,1.029533820722272,-0.033818822541683835,-0.39208953425015913
HDOK,PLOK,17472,36,36,-128,-12,11,2,33,-118.13480466771625,-117.47263397029852,-115.0240313900242,-116.40903324787395,-117.08120653268081,-114.76279422202435,-118.79702471377735,-118.57924193680105,-115.4124442129279,-117.9271028057899,-116.51749496781461,-116.34743539724835,-116.89514869520204,-118.47664243487264,-115.91912738742234,-117.27786893333685,-119.2302676951194,-117.89481842221993,-119.17193648848385,-117.40203219533387,-116.35349776090248,-119.09493909404112,-117.81735903667051,-116.67831829158287,-116.70213424376693,-118.03621946762657,-117.40762277277166,-119.61182055037197,-116.25972818890311,-117.5037811704681,-118.85085399959594,-117.75955511210621,-116.82491372489628,point1,-117.382843446384,-117.40762277277166,-119.61182055037197,1.465328181621114,0.17537669885178245,-0.46835084025057805
HDOK,PLOK,17472,36,36,-128,-12,11,2,33,-114.9390865867663,-115.69636330300183,-118.24801437737864,-119.07884768524836,-116.18329022444017,-116.84771336273249,-117.97548048235474,-115.76387177353863,-115.89585405204681,-119.88390462026872,-117.38121765742545,-116.43629280051346,-117.84083842989543,-117.43937501329107,-116.92940879400432,-118.26065802319988,-116.06667387240277,-115.68706098234799,-117.73689028050539,-115.33598201069104,-116.80282017328479,-118.2163549766844,-117.71923506547472,-115.13064570856744,-115.53851047356147,-116.56066018237568,-118.3774990391494,-117.69083494753362,-117.73694569475049,-116.3476165933071,-115.85860842953906,-116.38803931503635,-117.22914544981043,point1,-116.94617395094328,-116.84771336273249,-119.88390462026872,1.400995250920156,-0.33756150765452275,-0.41959312459797404
HDOK,PLOK,17472,36,36,-128,-12,11,2,33,-115.7320734806235,-114.66486224560393,-116.68960428064773,-117.53318918957508,-115.10642648314713,-116.87525078077913,-116.94541439898693,-117.56113123480601,-116.27329692005192,-117.07572901899125,-117.89660119920893,-117.72393036744434,-117.00794494748114,-117.21819596936517,-117.7005644115694,-117.34983804182804,-116.82781582804171,-117.9173949494711,-115.55583601467163,-117.13528106608298,-118.63773385303818,-116.1255353194341,-118.62414238259693,-114.73111988782823,-117.57196596876177,-116.69772098074453,-116.96107166910295,-117.61906506807681,-116.91300939435027,-117.9043001839865,-117.03238671578903,-118.08077804196927,-116.4188523620049,point1,-116.97297159563819,-117.03238671578903,-118.63773385303818,0.9455111328322753,0.7370608168114864,0.3880685802246693
HDOK,PLOK,17472,36,36,-128,-12,11,2,33,-115.6581325598469,-116.13952699827023,-116.29630336731411,-116.91957642339541,-117.47384662895522,-115.58815819122168,-117.50140515130983,-117.86711558211798,-116.03855249810829,-118.67002352945562,-117.99134073084873,-116.54201171529157,-118.3305525924027,-118.60985233263716,-116.38955585832376,-116.71928831351443,-115.68312738921058,-117.37548961361026,-117.33808034503562,-117.12629836014173,-117.75542211897253,-115.76928645703462,-117.29588407620408,-117.81022308632758,-118.05665262381498,-116.87083098616547,-118.08692535476393,-117.19908370600716,-117.82182958771651,-116.51308495927843,-118.54774601680306,-117.27387239214467,-117.68083536136749,point1,-117.17999742144278,-117.29588407620408,-118.67002352945562,0.7863470730239073,0.21520514312577177,-0.9030985866682464
HDOK,PLOK,17472,36,36,-128,-12,11,2,33,-117.06784802262305,-116.40065798561908,-116.06039403288193,-117.26216359693574,-115.73155292125378,-116.08776566535104,-116.89606206026151,-117.6321728419181,-118.04449801998028,-117.55181591449397,-117.95855635008114,-116.49395128937708,-117.2162952441466,-118.16233398913916,-118.43836378076807,-118.52867970750377,-116.92632109664352,-116.02667471547235,-116.88360417205718,-117.49967829131971,-117.28044512968921,-116.11479951186907,-117.10990931187115,-117.28427804742176,-117.81247760112969,-117.41619374016312,-118.51171427948479,-116.46156988622236,-118.18958782109428,-118.6006465217106,-117.1442994497185,-118.50627560965876,-115.32221285334852,point1,-117.2310242260972,-117.26216359693574,-118.6006465217106,0.7709441163466191,0.2104542368635649,-0.7373933306392377
HDOK,PLOK,17472,36,36,-128,-12,11,2,33,-115.98851025775072,-114.75985654528456,-117.98351469390023,-117.42833315300891,-116.78397048620818,-114.45974765343902,-117.23772128439838,-117.37050185961127,-116.91633175965623,-117.6176111901055,-116.27474561191801,-117.66385225826858,-117.86376156011497,-117.64658090157546,-116.60064199270896,-117.41956356534803,-117.18296544491038,-118.48281218508419,-116.89518779264888,-117.01058752542278,-116.18310433265304,-116.58322842649342,-116.13252248692393,-116.30757022876978,-116.7936261309113,-117.10354724486488,-118.93418981016272,-117.76679133672283,-116.97520976242532,-116.45688167049244,-117.22987000389381,-117.174972438222,-116.59846043936989,point1,-116.96444763737175,-117.01058752542278,-118.93418981016272,0.785985113995414,0.6660478600625855,1.7788443978787591
HDOK,PLOK,17472,36,36,-128,-12,11,2,33,-117.4269718752056,-115.821061276025,-118.72009572765978,-118.67669056262507,-116.43819130308609,-117.2401546943624,-116.82483103484313,-117.7876267172808,-118.09401120451889,-116.20764729954203,-116.54259345176169,-116.77667237532565,-118.31753166591929,-116.28483887954188,-116.04741533926268,-117.70604841018395,-116.5610887162046,-117.11834171543433,-117.88272351044485,-115.71368307657757,-117.64375537822914,-118.71086417832574,-117.27539710867202,-117.32196347360716,-116.3409127757099,-116.45170190212644,-115.90622376420109,-116.36876608213073,-118.16344588862047,-116.40221034705164,-117.30198171252974,-116.20173322545742,-119.28437244812663,point1,-117.13822870062404,-117.11834171543433,-119.28437244812663,0.8976389294239846,-0.48182544952583584,-0.7336294293792811
HDOK,PLOK,17472,36,36,-128,-12,11,2,33,-115.36677701491398,-115.95446544597407,-116.05882588881794,-117.32089662947368,-116.77523607227697,-116.2142758407962,-119.19381035048954,-117.66645907878572,-117.74035416532071,-115.31744595823176,-116.41047834185767,-117.62418427352193,-115.50197592840856,-116.44507261826072,-116.44207804896419,-117.41308861074825,-115.483161134479,-118.28181502303899,-117.73936509436368,-119.00654101981459,-118.40011515957393,-118.33104647455778,-117.28529284434825,-118.46561603883325,-116.18855372661123,-118.03588155781958,-118.03023282634582,-118.24537809011001,-116.3931074542942,-115.64374060589692,-118.03147050688948,-118.28762812374222,-118.19013293773405,point1,-117.19650008743317,-117.41308861074825,-119.19381035048954,1.2641898644228826,0.1690619618413214,-1.2279867665311661
HDOK,PLOK,17472,36,36,-128,-12,11,2,33,-113.64128995107868,-115.66787130078768,-117.308361048503,-117.01399345357837,-116.77838267957321,-114.47538218208184,-115.72191646405564,-117.80112473239875,-117.15850926702112,-115.81969881223398,-116.81471246022376,-117.74462325426755,-117.54656512714189,-115.8671796815264,-116.85820250367351,-114.73405448171866,-117.75848277030177,-117.51246503767456,-116.9921345106816,-117.33509929908027,-118.10831818090217,-116.97772870219593,-119.63183310292028,-117.54645832282804,-116.6953993386258,-116.83624734554716,-117.6789191528948,-116.4167645086929,-117.65936582842491,-117.26401589673723,-118.12646412229152,-117.47375090918082,-116.84869179172307,point1,-116.90345473395661,-117.01399345357837,-119.63183310292028,1.2918385355697406,0.8091745209582647,1.79132701865487
HDOK,PLOK,17472,36,36,-128,-12,11,2,33,-117.48466425942689,-115.98710277650898,-116.77733292124799,-115.5188669676876,-117.22382490276571,-119.09351912653489,-117.76817768056986,-115.84003632587084,-118.58900795416048,-117.66448479374488,-117.11940157281296,-117.13668749986768,-116.75383565503999,-116.99369253185395,-118.14159690022397,-115.47472503119151,-115.91756028531417,-117.81114492080317,-115.95198159762084,-117.53693416734305,-117.27295457164634,-117.42239568704846,-118.93967353211961,-116.43411229705707,-118.90171811882277,-120.49685870812893,-117.10924554652584,-118.14935608349174,-115.27911787414064,-118.24968637981148,-117.48836343051208,-115.8222406327274,-116.31714863966943,point1,-117.23234695067552,-117.22382490276571,-120.49685870812893,1.3977365957421972,-0.48481385384987336,0.28331292885623105
HDOK,PLOK,17472,36,36,-128,-12,11,2,33,-116.71257191181823,-117.04300545418303,-116.89463931745135,-117.47312827744719,-115.61042060362395,-116.45320091831833,-115.7540489830461,-117.17062280483232,-116.86861778592308,-116.8123193132121,-115.06464180225001,-115.45976581158729,-117.09781834000322,-118.11242123051947,-117.01638695350982,-116.86748819583715,-114.49081349199136,-117.09946663587918,-115.8582160596415,-116.47524262914095,-116.39701657515516,-117.63031690662808,-115.52352891037128,-115.97374831402547,-117.32442808610861,-118.49782429009109,-117.18121755782079,-117.03191768367496,-116.96130818932322,-119.07887793413657,-117.4837918771471,-117.7387409584641,-116.85045786664725,point1,-116.7881215657518,-116.89463931745135,-119.07887793413657,0.8930806291764989,0.14997859517780854,0.5965021124672019
HDOK,PLOK,17472,36,36,-128,-12,11,2,33,-116.75450853024736,-116.50857550859413,-115.68322569134064,-118.46096238678331,-114.91567280127974,-117.24802283869572,-116.26116237647454,-117.00524908295941,-117.48055365302866,-116.54278808820816,-118.34853363289683,-118.83951521882592,-116.56997471415332,-117.19117260089827,-116.87875200145172,-118.1090247491016,-116.39111868244137,-116.32845368264005,-117.96555170560006,-116.61622435954762,-117.4968077343492,-118.12222242029765,-117.43054296705076,-116.64261246182309,-119.07531438288838,-116.70406697418112,-117.62263656036282,-117.13213534985086,-118.13497908549117,-117.56914119713458,-117.14308702845598,-118.14301518663422,-118.89962819533221,point1,-117.27924944997032,-117.19117260089827,-119.07531438288838,0.870450599882856,0.09792492187768272,-0.005099669846136301
HDOK,PLOK,17472,36,36,-128,-12,11,2,33,-116.30144609051807,-115.28547393514295,-117.15538187450043,-117.82994099396032,-115.12848269469832,-117.1933095902766,-115.90972704481877,-116.05618847040917,-118.30553262138201,-116.35877480078808,-117.22749576270026,-117.2504387580783,-117.85602167170626,-114.50864067601208,-116.82743515353532,-116.29727961567761,-116.08931698251241,-116.81789943858061,-117.31463059693324,-117.71817553002388,-116.02688431492207,-116.64688968867222,-117.2062684856543,-116.48360892618584,-116.58101217765388,-116.83941998725983,-117.95112681983657,-118.33354690715939,-118.11211488922169,-116.78327286883948,-116.7103697162976,-120.06067624057512,-116.69018337592175,point1,-116.90475656668042,-116.81789943858061,-120.06067624057512,1.0826580658915943,-0.42946689370317465,1.6973739795473395
HDOK,PLOK,17472,36,36,-128,-12,11,2,33,-115.5860225973215,-116.71872086343551,-117.89983793886834,-115.0105709786577,-115.81788007148329,-117.2745695051317,-116.16272658281358,-117.83393570797656,-115.98387444261697,-116.56809497669786,-118.58121383311858,-116.17484371257687,-116.65479739453696,-117.18315168409826,-117.3137236593489,-116.18564467185163,-118.21533881965743,-117.09662375598975,-117.2562652192029,-116.97095555478501,-118.98204939850373,-117.37735737003572,-118.84176658705101,-119.36152601331109,-117.36603094941492,-118.25510317223332,-116.1950058179589,-118.12883641538211,-119.12110299516627,-117.00882412961785,-118.19273740894668,-118.15286190472649,-117.20721299742232,point1,-117.29330930696788,-117.2562652192029,-119.36152601331109,1.1426915020931294,-0.022508161129392166,-0.5980529544475353
HDOK,PLOK,17472,36,36,-128,-12,11,2,33,-117.31259131860281,-117.08236624367562,-116.8796978424912,-116.9141527749208,-117.3627633569795,-117.23016932938809,-118.16271885598745,-118.662791380545,-116.36962026994638,-117.36689624518614,-116.69673263046641,-117.19364861656801,-119.71879472892735,-117.19423299634315,-116.00906389286033,-116.84251572711811,-116.24792829251209,-116.7640055191174,-116.90196827083547,-118.04613748763515,-114.38495712176496,-117.4212198721712,-117.90685184302959,-116.92715849886108,-116.32084383237402,-117.77146644315742,-116.23191041540741,-116.20712986017078,-118.06734531202201,-118.52761747151148,-117.07401742445815,-116.85933529333859,-118.82458228233308,point1,-117.19646155911231,-117.08236624367562,-119.71879472892735,0.937057411880079,-0.013218946509834347,1.7805175570846905
HDOK,PLOK,17472,36,36,-128,-12,11,2,33,-115.96070933071294,-116.51656697345018,-116.70532521502888,-117.2459410332586,-116.95924683977988,-117.02555231388318,-115.31482524681275,-118.15983649747463,-116.10821221413612,-115.60784825599849,-116.24780981102442,-117.52804818613801,-118.79757388258088,-118.38426007506492,-117.91742434363888,-117.19259263676727,-115.9689143661263,-116.35363355274703,-117.40148864234634,-115.46302437913621,-118.74141915124122,-116.74889242247677,-116.67356982092713,-116.46250560455583,-117.14443272729753,-117.74092505207084,-115.38286814971585,-116.25734320127563,-118.31542170414492,-118.75314683812218,-116.97413771002495,-118.00291475499108,-115.03934629224982,point1,-116.94229567349089,-116.95924683977988,-118.79757388258088,1.0917970408853976,-0.1218603663866836,-0.8381305444560749
HDOK,PLOK,17472,36,36,-128,-12,11,2,33,-114.89285345890507,-114.7719030620621,-117.98308119154453,-117.50707104988787,-116.01164979729097,-117.61287422013476,-117.8254151649463,-118.77677302158911,-118.28288236614945,-117.0432318746598,-117.96783141261668,-115.9973960998682,-115.26086821741306,-118.13857470494551,-116.10048408709311,-116.52513806235072,-118.34967112029436,-116.92969285710684,-117.31267429784327,-117.04475426233671,-116.89318316729528,-117.04884134569001,-117.79686314594471,-118.29260422476997,-117.36018156510002,-117.05645826786925,-117.21444950091912,-117.95122386353756,-116.85282455362477,-116.59519567682818,-118.46359166484167,-116.6802076461721,-118.13027874912821,point1,-117.17184011214425,-117.21444950091912,-118.77677302158911,0.9947422612217163,0.7380580526420651,0.15891767180077432
HDOK,PLOK,17472,36,36,-128,-12,11,2,33,-115.31875680355512,-115.81274050365603,-118.0132215659631,-117.19351610659783,-115.57902467751647,-116.53512245928103,-116.57829202478153,-116.85126271713594,-116.67741881716908,-116.00886471047056,-118.801769172916,-117.35154213136705,-117.09747839398526,-115.79679143629326,-117.89438167792922,-116.89147228639558,-118.06340942105479,-116.95410195461702,-117.89754863860668,-118.94244845989671,-117.69489333220002,-118.99231396534647,-117.16824033651181,-116.4746302762906,-117.18279921304907,-117.35487836537249,-118.18764483365257,-120.00097476254932,-118.15502407199997,-116.63996160210104,-116.31613903936008,-119.29980436410335,-117.6026919917223,point1,-117.31300485192264,-117.18279921304907,-120.00097476254932,1.2077344959034362,-0.3988049949877753,-0.13610585575657375
HDOK,PLOK,17472,36,36,-128,-12,11,2,33,-116.18188528898871,-114.56828739212108,-117.86392721790436,-116.75874867058832,-116.61738501417938,-114.33700765691823,-115.60231333806956,-117.88775549940507,-117.06492818858592,-116.56757755710923,-117.96387927135144,-116.11050443831078,-116.32160385822591,-117.12184061906589,-116.82059106852059,-116.36900597122103,-117.13177025188189,-116.16782764929334,-116.6890809403377,-118.76374342983009,-115.78066793144812,-117.21226598034772,-117.8646786395165,-117.9591807932396,-118.27910617844141,-119.12170583263813,-117.76116822326634,-117.38686860275703,-117.58577530594832,-115.98742700778845,-117.4175657533977,-117.97899901884665,-118.13668079737721,point1,-117.01156828445218,-117.12184061906589,-119.12170583263813,1.1501838013188184,0.48020419632772254,0.29631228929889186
HDOK,PLOK,17472,36,36,-128,-12,11,2,33,-115.12194178038327,-114.83174131593121,-118.33129155372022,-117.67821532658155,-115.79125979637392,-116.40871490689773,-115.46205568653552,-115.6293744523103,-116.98360557864761,-118.80735171076782,-113.95347125985762,-115.54678526185214,-116.94792617334313,-116.30708575020952,-116.77574582426702,-118.03330627035137,-116.53238138776642,-116.81149136432416,-117.35822525677666,-118.692624921598,-118.72841757647959,-118.67833861372702,-118.32862093920377,-119.31826445114528,-115.02784729384456,-117.9687671483541,-118.66238787869723,-115.47749308322672,-117.63178594700119,-116.87175120619108,-117.078458691063,-117.82463877187053,-118.49131879323177,point1,-117.0331116961373,-116.98360557864761,-119.31826445114528,1.8838353138414574,0.3105334523700071,-0.8399913209628451
HDOK,PLOK,17472,36,36,-128,-12,11,2,33,-116.13201071041969,-116.42112127134625,-117.69033540951763,-117.28017534055712,-116.90231355091811,-116.29212526830327,-116.35813213057382,-117.37309571150405,-115.62888581696477,-117.7524441658398,-117.30060234767465,-116.81482845303485,-116.84907022043748,-117.85852427302977,-117.95877206191247,-116.35366823454211,-116.66122401290171,-116.92025963137786,-116.11961021300289,-117.05944354108358,-116.7390803949077,-115.77655282562944,-117.81800765093058,-118.7926102973151,-116.9554858426205,-118.37333729681839,-116.99813639321346,-116.59303776337812,-114.54493505800211,-119.4499915837705,-116.97226083287669,-118.88966068927161,-117.68464939343984,point1,-117.07013298142776,-116.9554858426205,-119.4499915837705,0.9600519949722662,-0.1554886269699723,0.8161552866709498
HDOK,PLOK,17472,36,36,-128,-12,11,2,33,-117.46787375022144,-115.16715588999588,-115.4778339663982,-118.30438925359807,-116.82107645935707,-116.4794078599498,-115.29906145402444,-116.88625905673173,-115.22023576839604,-115.4254299608708,-117.66011013158267,-116.8889363004707,-117.28781196783996,-116.24608496220725,-116.19461377184864,-117.68442485219924,-118.19797195114265,-118.12911811338081,-116.99992275757728,-118.39451783309075,-116.35435102471916,-117.82437014101,-117.77212281052587,-115.57349166286619,-116.35599346978552,-116.11229612167122,-115.4118397015699,-118.56875672231618,-118.04815624438194,-117.64143876410901,-117.0848564461321,-116.50243422952086,-115.7347270768654,point1,-116.82475971140478,-116.88625905673173,-118.56875672231618,1.078474849476462,0.043407225844577936,-1.2448991633517763
HDOK,PLOK,17472,36,36,-128,-12,11,2,33,-117.68975084170494,-115.93997744255347,-116.80870228436571,-115.93897994755017,-116.71974496880203,-116.09893876849443,-116.9370099401045,-117.63382027989422,-116.12513153176559,-115.25524745006999,-117.1813920057382,-116.67553895335135,-115.60085483605556,-117.83809771611074,-116.94165185547388,-116.03104395190785,-117.6061787259639,-117.02014896451362,-118.08295539764109,-116.57044665796876,-117.4722839646896,-116.50058126240057,-116.33999699089789,-116.08292003018805,-116.11898584744924,-117.92391406167593,-117.23150430207787,-117.32624830059554,-117.67411390897229,-118.0867595836799,-117.68446853884821,-117.78340697885616,-117.99980444952195,point1,-116.93698790120857,-116.94165185547388,-118.0867595836799,0.6199495970114005,0.2524348605451751,-1.0630468459358764
HDOK,PLOK,17472,36,36,-128,-12,11,2,33,-116.90664204503813,-116.40044168119357,-117.06481604119725,-117.2108488201384,-118.7132952223017,-117.56646446286194,-117.87947760864292,-116.12546727643722,-117.92902745852119,-118.06700801021259,-117.03049393949779,-117.46112309582175,-115.26052750766968,-116.28637774256416,-117.3016477315436,-116.26839277453325,-117.67626539463454,-117.04611872790389,-116.02080738873593,-116.7962197348164,-116.33950904907141,-118.82165492254393,-117.41116493906254,-117.10113089079627,-117.24702525751717,-115.00279206608519,-118.75749455182206,-118.12173080221723,-116.50647647064444,-116.76483737889473,-118.02414508479154,-116.1777548757914,-115.72176242634947,point1,-117.06087701151071,-117.06481604119725,-118.82165492254393,0.8761797859408906,0.06870543659188307,-0.2874063861405216
HDOK,PLOK,17472,36,36,-128,-12,11,2,33,-115.6174019896952,-115.95784124720578,-117.14981850838224,-117.60565288469482,-116.55491224703547,-116.43272036730474,-117.86402971095386,-117.2044655145873,-116.09917193004803,-116.95216457446594,-116.99759519235435,-114.9742844487565,-117.30964797068965,-117.78503546355236,-118.32981088384935,-116.26998810021688,-118.37102969413422,-117.19043828920782,-118.28653781391101,-117.51000378728557,-117.25215211151853,-116.9189601499465,-117.88585136274611,-115.85063094065971,-115.75721765847271,-117.41968726258135,-116.19458869045695,-117.58826638425397,-116.96024222358442,-116.75963358604838,-115.76791821458626,-116.33649711758198,-116.88858405346267,point1,-116.9103872840676,-116.96024222358442,-118.37102969413422,0.7004121668231372,0.2059384078188017,-0.50976350230082
HDOK,PLOK,17472,36,36,-128,-12,11,2,33,-116.9042029827882,-116.44379688288387,-117.54435799021779,-118.24582623232914,-115.74631682743137,-117.11477315210419,-116.82145064656974,-116.94537553762525,-116.05415257943997,-118.0997874476438,-116.70680856050322,-118.08737237499183,-116.43647258279364,-117.02627026830112,-117.70840256079046,-118.8850731481676,-118.09337878186462,-116.06566249519835,-115.7703876436255,-117.84998641615617,-116.42362871797874,-118.36449664504362,-117.7935192472117,-116.56133461852215,-116.65437926926442,-118.43578121950146,-117.47736109950209,-118.15223067619308,-116.83775012291919,-116.36072545955801,-116.170792681592,-116.41624329533079,-117.00856781653589,point1,-117.12747472668426,-116.94537553762525,-118.8850731481676,0.7125893887606197,-0.2660882522044243,-1.021174172447878
HDOK,PLOK,17472,36,36,-128,-12,11,2,33,-115.71837858373834,-114.5869115093164,-116.05742431429061,-114.52776741984418,-115.32145633701575,-117.62134016492922,-116.20351805248261,-117.69802256011938,-116.36295949539914,-115.72524344337897,-116.93852697893388,-115.77337697853851,-117.34118301006464,-116.97803478844378,-117.42172523799202,-117.32229601611724,-117.59206201725574,-116.75023243111082,-118.05844408362888,-117.88816935752877,-117.88409607162131,-116.73041003487327,-118.18326954457517,-118.60316121157393,-116.4552340079914,-116.56852159867138,-117.86226063268246,-117.54454708811407,-119.44260547423278,-117.10425557046219,-118.60806392357924,-118.15975335817899,-117.8090047901269,point1,-117.05582594202458,-117.32229601611724,-119.44260547423278,1.2684325414410385,0.3978642858891814,-0.03585779053645233
HDOK,PLOK,17472,36,36,-128,-12,11,2,33,-114.55476206668544,-117.64584998284954,-116.40642298833909,-118.30400905656326,-115.14894319799271,-115.76979346284095,-117.4440706569334,-117.50032563747553,-118.52717339245149,-116.84264479542006,-116.80039548921343,-119.22316902397017,-116.28400736050713,-117.60648264711398,-117.02626365509968,-118.41724632554431,-116.93764653054949,-117.86672209541547,-117.78861500844894,-115.70624022965707,-118.18979068014328,-116.624764009178,-119.32172753133943,-116.9122248214282,-118.38778506629235,-116.38815964555981,-117.50725784857688,-119.68567561736069,-117.72801851321067,-116.42027949526458,-116.95767457386124,-115.9228119051338,-118.88762689416411,point1,-117.29498727892678,-117.4440706569334,-119.68567561736069,1.4109422407997132,0.08361249152402314,-0.21834559513556728
HDOK,PLOK,17472,36,36,-128,-12,11,2,33,-113.74090202265145,-116.62790243758572,-115.80979652262548,-116.88881677554937,-115.81237445000633,-116.20274578851749,-118.33954021508869,-117.94343536751921,-117.11063076014415,-118.60051281188704,-117.5106119375087,-116.46685155178655,-118.0995834429706,-117.3810334304199,-118.3926415291134,-117.54907050633616,-116.99227662698972,-115.80580624099312,-115.9392335499121,-117.77532101758811,-117.85367530302065,-117.1894779634732,-117.17053889826981,-118.21537283823828,-117.33468640793542,-117.26479760463472,-118.28415651504118,-119.19623712918246,-117.80327065994227,-115.73481005457151,-119.79770094156709,-117.38943408785141,-116.80174603051516,point1,-117.24318155816474,-117.33468640793542,-119.79770094156709,1.3340674834630633,0.5431013839185377,1.4741352177538292
HDOK,PLOK,17472,36,36,-128,-12,11,2,33,-117.03210605471308,-114.1103818277237,-117.68376237895994,-118.25350376882733,-116.378959014049,-114.64736051295763,-117.1622623318725,-118.34302184054359,-117.44921659251241,-115.88000407604702,-116.71467674668318,-118.24775645647566,-115.95910950765256,-116.84611074196283,-116.09804232468959,-117.49041032581333,-117.00424370325705,-117.55988692943059,-117.7226686340882,-117.07896678832361,-116.95430035880403,-118.17535797890008,-116.34494470490675,-117.9915322652981,-117.64120968889279,-115.64592377211783,-117.928341144732,-118.45844398789094,-118.98026649411132,-116.40961907191587,-117.0756923162245,-117.91954045913678,-116.65834816932656,point1,-117.08624154451032,-117.07896678832361,-118.98026649411132,1.129088265506587,0.8108433984989256,0.860837483297209
HDOK,PLOK,17472,36,36,-128,-12,11,2,33,-115.50946800418492,-117.83178531207025,-116.79058439276905,-114.8363726059529,-115.9596512691383,-118.43198280346247,-118.27274691247715,-115.42919127140192,-118.0611991260196,-116.51825572289682,-116.98879973334675,-115.9569780229053,-117.21889355362565,-116.52226256655896,-116.03991106573467,-117.24512307991336,-117.17225555872739,-116.81062523127716,-115.38139578717904,-117.19419475646008,-115.62815781981008,-116.59625052188116,-117.3601222339751,-117.10204329921528,-115.11641570852387,-115.89929033714309,-118.34298412787145,-116.62180237436401,-117.13651320794737,-116.77815884807376,-117.15928176418306,-117.3027875519541,-116.73853346906502,point1,-116.72587933454878,-116.79058439276905,-118.43198280346247,0.8470005477153933,0.11041409407813559,-0.49287889005728847
HDOK,PLOK,17472,36,36,-128,-12,11,2,33,-115.45020825644147,-116.1117824682825,-117.9023738791528,-116.66306966095203,-115.80991072469165,-115.32465466630335,-116.7180653746877,-115.85104711779681,-117.60695401976722,-119.60665434125995,-116.78698512518824,-117.34428412971106,-118.78021826321785,-117.11366305360484,-115.87177070984698,-117.47974312010861,-115.88156462714196,-116.66064118869122,-117.63925383736019,-116.86874897782252,-117.95150125148797,-115.81655273368727,-115.8409042091939,-117.04539718940754,-118.79961014163534,-118.28048482184123,-116.09957958852613,-116.44066610467056,-117.72129610739393,-117.4591415625084,-116.68971607959844,-116.6781602223698,-116.83426240579006,point1,-116.94329896848906,-116.78698512518824,-119.60665434125995,1.0318459820710868,-0.6159136615794493,0.06933767729969142
HDOK,PLOK,17472,36,36,-128,-12,11,2,33,-115.3157475609265,-114.20878011503561,-117.25711247291635,-116.72427887680882,-117.27928739072892,-116.25554878940142,-117.44030935514968,-115.56811652310988,-117.84391952181943,-118.03743193217622,-116.9506510796465,-115.80961015341083,-117.70773205990794,-117.25224618600816,-116.76217579695417,-114.46287776040396,-117.41762108304414,-116.81128750842264,-118.38752282340354,-116.75434855129646,-117.70342779659991,-117.31130570215514,-117.1269188636506,-118.73366271051603,-116.92889768995585,-117.84764917649973,-116.00928998684739,-117.0296819328651,-116.11924652697115,-117.58975392463067,-117.5322063407075,-117.97239401119155,-118.5598430376262,point1,-116.99123888608449,-117.25224618600816,-118.73366271051603,1.0972717073998226,0.8960837311746612,0.808690304176436
HDOK,PLOK,17472,36,36,-128,-12,11,2,33,-115.79249733962749,-114.63124107958001,-116.18441972150333,-117.04740676843319,-116.05399931831546,-116.74465345200613,-116.29616445208318,-117.50243668075221,-117.54989175024348,-117.97656914055473,-117.79683069119277,-117.53578034326202,-117.38478246370872,-116.43576258931981,-118.39359091594498,-117.9680203755932,-117.78555004227391,-116.94390763987276,-118.3068301756913,-116.97691687828767,-117.82020738426888,-117.32807842960506,-118.57225337088457,-118.71320229104302,-117.36085106339425,-116.43308891569028,-115.1610237126063,-119.63716953696706,-117.83528367830428,-115.82967323910658,-115.50033564236531,-118.06386338598239,-116.98540511372066,point1,-117.16811174491474,-117.36085106339425,-119.63716953696706,1.1753917735596775,0.2526168104768777,0.0005684804115895226
HDOK,PLOK,17472,36,36,-128,-12,11,2,33,-115.66353968169616,-116.16485569315978,-115.87321826454689,-116.0540857715998,-115.99411447333331,-117.49185039792391,-116.7518849506862,-118.68307821130965,-115.96080742510998,-117.998827748752,-117.86686239952552,-117.24862708256698,-115.81995247950894,-116.43663891428372,-115.91945342970017,-116.5126447792217,-115.92957880636338,-116.904967315149,-118.32364475164647,-118.12457045678943,-117.4366411005844,-116.93145925423649,-116.52780875269215,-116.25220622633499,-116.79056060830071,-117.22730019516513,-116.49561502790549,-116.3669044316768,-116.62258080585602,-116.22972715099739,-117.47150209052433,-118.69657870026197,-116.23803230631226,point1,-116.81848847526429,-116.52780875269215,-118.69657870026197,0.7282258431524494,-0.7647472615314422,-0.4206658150697713
HDOK,PLOK,17472,36,36,-128,-12,11,2,33,-115.75301904418464,-116.39108884957493,-115.56809598841137,-117.51756194601019,-116.85518261941479,-117.08825638291765,-117.58730064169373,-118.7730836477916,-117.16459155622476,-117.42778427410072,-117.63982811665335,-118.00426476426269,-115.6788218874784,-115.05542879155165,-116.29563746282429,-119.73777017955145,-117.07647045338192,-117.46874072830556,-117.24124859112207,-117.39537173177524,-116.1842056086428,-118.0587746230831,-119.55747289596056,-115.22875030599302,-117.31012139453803,-116.75505798613503,-118.06672137425946,-117.63948646027595,-117.93602169949025,-117.34951472839553,-119.41259574374371,-118.36112113953978,-117.6984120121439,point1,-117.31144859483126,-117.39537173177524,-119.73777017955145,1.2870851809610926,-0.07074437924616711,0.05553430458188835
HDOK,PLOK,17472,36,36,-128,-12,11,2,33,-116.29853631827787,-116.6457095655048,-116.4117736740444,-115.79990394409681,-117.17616786445306,-117.10964147802102,-115.38787411792362,-118.51262587660564,-117.74502544658002,-117.42852176224856,-117.65155949639554,-118.33639952691902,-117.60243783026759,-116.96739927010502,-115.67763797903113,-116.13370209538276,-116.70375835146953,-114.73888839920286,-115.99287913601266,-116.39703600340697,-118.4650971624458,-116.95477768136843,-117.91601697565908,-116.72340366914858,-117.86452722091799,-118.07252290857713,-115.68601224104742,-118.55329676111133,-116.30667675345016,-120.09736171788778,-116.72985833112578,-116.1784626741254,-115.92145184453334,point1,-116.97536194173776,-116.72985833112578,-120.09736171788778,1.2360918252634854,-0.5168496457314846,0.44056495319583666
HDOK,PLOK,17472,36,36,-128,-12,11,2,33,-116.44059365440513,-116.53324584156395,-117.0278836073848,-116.72511344784888,-113.975108340276,-117.31397537551173,-115.27870640693163,-118.20941359477241,-118.24589707366844,-117.54394608035278,-117.08309856765274,-118.476688283209,-115.58901723540582,-115.51632633459029,-114.45046886566837,-118.35674786601122,-117.54167092982871,-116.9897079122029,-117.19910026313848,-117.13443240585548,-117.78780229414916,-116.84046984447858,-114.27952585165858,-117.876542439997,-115.93624639931856,-118.05542297384963,-116.62557323236331,-115.73991120227768,-117.3526706902204,-118.53986910880933,-117.85643499297534,-117.85748757849206,-116.50020556914343,point1,-116.87513043224277,-117.08309856765274,-118.53986910880933,1.445139694727509,0.8089069432816416,0.05131946898563511
HDOK,PLOK,17472,36,36,-128,-12,11,2,33,-117.0510038007423,-116.2583143833091,-116.19402173958461,-117.55402068020905,-115.79708850450615,-117.51656912468177,-115.87600012601659,-116.06860208292066,-117.429331874459,-116.26880344290629,-114.97735333027546,-117.75697301873957,-117.37857514028454,-118.03732413721309,-117.34712014279324,-118.48906223345283,-116.62834443456308,-116.47145632285581,-116.39050703093257,-116.02909669881355,-115.13862458193555,-116.39331996572035,-117.55305480745785,-117.02662465737879,-116.30911065194715,-116.00217276801546,-117.37387295784502,-117.76977929502283,-118.11283031905464,-118.83181863904228,-118.289020595156,-117.55016890712305,-116.98303110705484,point1,-116.93493931824284,-117.02662465737879,-118.83181863904228,0.8724035758746097,0.05568245154640594,-0.5868657305011444
HDOK,PLOK,17472,36,36,-128,-12,11,2,33,-115.06866148798282,-116.00789836840558,-117.03465133765371,-115.49122708283649,-116.79644232070784,-117.42864937528472,-118.01125395373727,-116.65900394798534,-117.71348640421827,-117.38849794007044,-115.59129916526449,-117.29411866023676,-115.76484208856266,-117.14665408727525,-117.18860565513451,-117.03562495003293,-117.39599910609176,-116.19227113974705,-118.4980853027931,-117.91585167344896,-117.69558830259521,-117.2250548217911,-117.44759684918235,-117.54062480297628,-116.09418416654445,-119.88838412314448,-116.70141400402764,-117.39979148835336,-116.38225512143359,-118.06655175705257,-118.37080445063282,-116.56752879763202,-118.66027141867812,point1,-117.14130830762163,-117.2250548217911,-119.88838412314448,0.9904667241679455,-0.22490330991032262,0.6467915557977624
HDOK,PLOK,17472,36,36,-128,-12,11,2,33,-118.53137346693131,-116.32171377034375,-116.94023702469265,-117.69309732654132,-115.14289306946046,-116.68643295526955,-117.05586450738649,-118.27006814202338,-118.55897550528294,-116.57135323637122,-116.43064230992627,-119.08864385836044,-117.10201530199699,-117.47488207104071,-117.30422601909765,-116.8831950684752,-116.07428611734552,-117.37008405868787,-117.11902272484433,-117.15309888723478,-118.87407668247461,-117.46322682796007,-117.52560239523983,-117.98990978380539,-118.05835407969244,-117.04759936357397,-116.84559973261565,-117.20455497946827,-116.59940821754016,-117.18545551068395,-116.80504313733793,-117.63275121132853,-116.64503806360086,point1,-117.26208258807983,-117.15309888723478,-119.08864385836044,0.6603158272437191,-0.15767556777295308,0.7043677724453281
HDOK,PLOK,17472,36,36,-128,-12,11,2,33,-116.10940855448953,-115.8204756926538,-118.64915838277513,-119.36694290050438,-115.85964037193688,-117.11206740974794,-115.33042573928115,-117.0646890534813,-117.45617857772318,-116.56568288881645,-116.66360854850858,-118.85228146012524,-116.72443038371898,-117.17857106313431,-115.25765541910943,-117.9163511431644,-115.98402138413844,-117.34467738385406,-117.85070999329821,-118.75016943596623,-116.63297493694029,-116.94442253824215,-118.45858769463776,-117.27302678225244,-116.18724294422991,-118.47727530882567,-116.86237732039817,-117.10983567129098,-117.55602803221895,-115.67090499891874,-116.87512637658962,-118.70382663642042,-115.18759330716891,point1,-117.08473843438063,-117.0646890534813,-119.36694290050438,1.2342131047580118,-0.19060784532808103,-0.7146950928659868
HDOK,PLOK,17472,36,36,-128,-12,11,2,33,-116.00981480944205,-116.01794996365473,-115.38792405751711,-117.05044012475695,-118.52250161460047,-115.87926943553042,-116.91937340659753,-114.62379336129234,-116.93172694972998,-114.69741399540268,-117.17097066134444,-117.18191463347715,-117.58416276245138,-118.26650623051808,-115.87592412938746,-116.72372662859954,-115.963324517289,-117.94817406281177,-118.90938982798845,-115.74423445229343,-117.87820371251118,-117.42985106822256,-115.98447347632602,-118.0527562928389,-117.03315835671914,-116.46778570390036,-116.39356965623836,-116.4220650510261,-117.50812898271552,-119.45326140990996,-115.95158036945007,-119.49264149717187,-118.81935042008386,point1,-116.97864732187266,-116.93172694972998,-119.49264149717187,1.5330140736092868,-0.24620819646391096,-0.45148900473853715
HDOK,PLOK,17472,36,36,-128,-12,11,2,33,-116.62109681351993,-113.94607418159015,-118.8691471559211,-117.05997678457435,-117.1822401305609,-117.66764519641325,-116.61735171914496,-117.00844711493238,-115.93169090175363,-116.12707999734062,-117.19801990936632,-116.6536535383397,-116.70312472146294,-115.64680172293366,-117.29679277880848,-117.9265817312517,-117.78409018170886,-115.63807460303524,-117.70640051423018,-116.12968061542774,-117.64880390207792,-117.96548593003132,-118.43501631332049,-119.09903250630944,-118.39894171243098,-115.84042909402469,-116.89665708893452,-118.58542271151916,-118.79315357456775,-118.38250790006599,-115.99624703768136,-117.82666950817774,-117.21225485032649,point1,-117.17559371035709,-117.19801990936632,-119.09903250630944,1.2647467764507894,0.5218036249910009,0.4836445821914257
HDOK,PLOK,17472,36,36,-128,-12,11,2,33,-115.974421874856,-115.6270762432743,-117.26973182494136,-118.17458166520103,-117.59433413063438,-117.37698559214859,-115.67272462677842,-115.18356347785664,-117.72513587253918,-117.68811190647945,-118.9094060459726,-116.60210706961638,-116.92392625697224,-118.38713167582812,-117.23764999493588,-116.6758781460943,-117.41070425905963,-116.01426244003717,-117.4863208176553,-114.93178010555047,-118.22039589513777,-117.01333221665844,-117.28003298130403,-116.89768096527816,-118.99959386588053,-115.35420034328828,-116.728755822245,-116.21903964260609,-116.36945240152879,-115.07940790716772,-117.95399255770906,-118.69739858617795,-116.76822131288255,point1,-116.98325268255441,-117.01333221665844,-118.99959386588053,1.1935100737420223,0.10212040146514507,-0.6642098291023837
HDOK,PLOK,17472,36,36,-128,-12,11,2,33,-117.90242470969342,-116.30510329140948,-115.95935633922754,-116.27213082583496,-116.7695301579357,-116.50234312059698,-117.0785905703441,-117.24730306481977,-117.42751182573808,-118.07246169741673,-117.27030988632455,-117.114282523572,-116.42471296187833,-117.63928773597864,-117.86963856605921,-116.8350758665313,-116.15930062604815,-116.97293692818228,-116.38408130745532,-116.10512011858583,-116.9080289483139,-118.24371507559647,-118.2208215787784,-117.39392027174894,-117.2873873301929,-117.46145144185735,-117.17640178662177,-117.63692753428691,-116.225803002203,-117.80381627794247,-115.08943931211603,-117.06963127887677,-117.13190575669141,point1,-117.02911368845027,-117.114282523572,-118.24371507559647,0.5130655676524991,0.4258484808637023,0.1119000099437768
HDOK,PLOK,17472,36,36,-128,-12,11,2,33,-116.03171066170398,-115.37305270121642,-116.10784894905204,-116.96639799632061,-116.62016493376026,-116.28666624399511,-116.89806606862186,-117.50473898254067,-117.10788259064559,-115.77344155912387,-113.17065403627345,-116.99006785801492,-115.90992595082166,-118.6991870658714,-116.33530393847501,-117.86271340753106,-116.95087062485855,-117.01746820852308,-118.32952151878746,-116.1822821239055,-116.43220994877204,-116.83651576248349,-117.04009549275445,-116.20354168334934,-117.40166156686777,-116.60980869865546,-117.68860456048112,-116.65578336316008,-116.79116778828269,-116.653231424019,-117.71845648422311,-118.17342326610218,-118.10777943741698,point1,-116.80091651201849,-116.83651576248349,-118.6991870658714,1.0014565805723699,1.127038207446423,4.066143695600733
HDOK,PLOK,17472,36,36,-128,-12,11,2,33,-114.80253750599225,-116.86724888910312,-117.29555086201334,-115.12440669510212,-115.3090134399982,-117.23898955729815,-115.89679445895314,-116.35597558500751,-117.36130708361165,-117.25669091742469,-116.69937035486711,-117.68165434658692,-116.7800473013961,-118.69561017707763,-117.05967228568332,-118.41464974688232,-114.59270020478255,-117.26813620049256,-116.9865311760289,-117.5824740849771,-117.1386424058718,-119.21196931263141,-117.25192184070984,-116.59550032730715,-119.12362008929165,-116.91411130142147,-117.71420564055434,-117.10011316131182,-117.08934014058494,-117.5148303690612,-118.07359744837166,-117.1445919849377,-117.80964791963888,point1,-117.0894379640901,-117.1445919849377,-119.21196931263141,1.1182029961657654,0.44596881016499734,0.7318944382370591
HDOK,PLOK,17472,36,36,-128,-12,11,2,33,-117.55646110734558,-117.51239036563724,-118.07755127283393,-116.52804817490251,-115.7280123799269,-116.2613100424768,-117.92421042635765,-118.17584930770623,-118.15577773860421,-118.22133717345501,-117.24771620529796,-115.98256827330502,-117.96330216345814,-116.97474198646256,-116.44307983051127,-117.65313404368453,-116.84444232639932,-117.2653321047068,-117.17170037611054,-116.6742773369645,-116.68560006329322,-115.50220503380386,-116.63693321323517,-117.74621792683925,-117.83529622957931,-117.07442256298145,-117.03707911004209,-116.17105849678774,-118.15007253113919,-116.66875820813296,-117.18720056358318,-117.7500580153424,-116.36981070905658,point1,-117.12654409999891,-117.17170037611054,-118.22133717345501,0.5605261903732395,0.2812794646295419,-0.8183548827957758
HDOK,PLOK,17472,36,36,-128,-12,11,2,33,-117.36627294154559,-117.364128525282,-118.6511988001589,-117.69469236464133,-117.69767918810562,-116.49535885274129,-115.27930391522749,-117.6684174021694,-118.63251201248055,-117.07310500576726,-117.23584848386407,-117.62331793142262,-118.09686418088646,-116.58794405239838,-116.61965109597921,-117.43977501966768,-118.36402173385886,-118.09328779348282,-115.2834530959213,-117.4478180266585,-116.73318901361512,-118.7735438487841,-117.42313528054788,-116.73898769307469,-119.34154591442383,-117.68018701847569,-116.49396344931071,-116.69457280195424,-117.42679970402811,-116.09883820581632,-116.96637391050224,-117.97900588781198,-116.5933626528488,point1,-117.32297441828646,-117.42313528054788,-119.34154591442383,0.8208728863853566,0.14593581982167944,0.2953365575265474
HDOK,PLOK,17472,36,36,-128,-12,11,2,33,-116.14762844643376,-116.06531103062703,-115.51263028978853,-117.80950864202738,-113.91458105979473,-116.25666085597645,-116.26696102910843,-117.97319448887987,-118.84555790041021,-115.63346862599407,-116.52926403019353,-116.71791102978314,-114.53494628197171,-117.4031126353763,-118.55116122849266,-117.57382818990602,-115.79157487559014,-116.622563181914,-118.87659902880151,-117.36894020692299,-118.16848609068748,-117.32348049734485,-118.0034996778361,-117.39869716098043,-117.33478369488031,-115.8296575757998,-119.06190908274338,-117.93441154686818,-116.27384340690278,-118.56061915499849,-119.00504287347158,-116.44913530521598,-115.96777834621541,point1,-117.02141659005872,-117.32348049734485,-119.06190908274338,1.6185837825573213,0.28532379667053187,-0.32653015426716037
HDOK,PLOK,17472,36,36,-128,-12,11,2,33,-115.62286235848215,-117.44896275592909,-114.57856422476488,-116.43186853955437,-116.06556475469102,-116.40928791595606,-117.57383819619236,-116.99831481743495,-116.03079546537923,-117.36956660481646,-116.63085502378155,-116.58991523240253,-116.44230567378742,-116.45742586643601,-115.9787349482203,-116.92979627984384,-118.65104777896214,-118.25631362076132,-117.45788818560835,-116.55439537942102,-117.71162116872327,-118.77333493507459,-117.60880681652533,-116.62662333130892,-118.12834915530432,-113.92331090529838,-116.38167731246745,-118.6492163599491,-115.73973786472577,-115.72841140991198,-118.84776891528472,-115.50918382551265,-118.96804238519444,point1,-116.88104206083958,-116.62662333130892,-118.96804238519444,1.4494726566922815,0.13222137519070046,-0.10359267687483564
HDOK,PLOK,17472,36,36,-128,-12,11,2,33,-114.81424453188824,-114.64661602342889,-118.43280746795392,-116.74862988194683,-116.94786495093024,-115.24518816254356,-114.80967901451302,-116.5282421757022,-116.21993138056636,-118.64884705410653,-116.30580265665834,-116.13558243083843,-117.20526734226623,-118.6141239163611,-117.94808803044468,-116.80960286581914,-115.84510117621862,-118.9242645620942,-117.35405489202101,-119.30379537532025,-115.51369732126481,-118.14903799574053,-118.52212833511732,-117.08740890311637,-117.9071775146367,-117.18433000827307,-117.98452502119173,-117.02134065760745,-118.29112486951033,-116.09836184234122,-117.61160640288874,-118.72173816330084,-117.60584539258592,point1,-117.1268501914908,-117.18433000827307,-119.30379537532025,1.5902317391694332,0.3202883257734735,-0.7603946071653653
HDOK,PLOK,17472,36,36,-128,-12,11,2,33,-115.3815227681919,-115.74780153077158,-116.1623671739035,-117.41069137149115,-114.93353084394147,-116.73893291076732,-118.31387506805973,-117.15877097141674,-117.3551323564441,-117.11159784823981,-117.47769721135118,-117.27699470309203,-115.64781367609969,-116.89701863127627,-117.08250590462654,-118.08061967635969,-117.04890526542609,-117.10658120801898,-117.45107988172367,-117.1528591630058,-117.97971274450606,-116.21433207064773,-118.42703335585446,-116.72741823253176,-118.41610512123329,-117.50364633331394,-115.87384385115959,-117.19555203011416,-116.5842805522934,-117.25994890950871,-116.17019733916986,-118.32785693910684,-116.72427561314495,point1,-116.99819700778158,-117.11159784823981,-118.42703335585446,0.7535376552820374,0.3648134190523721,-0.1438274436103617
HDOK,PLOK,17472,36,36,-128,-12,11,2,33,-114.73563020453074,-116.50140623859886,-116.98144066824335,-115.68196730014236,-116.52748769414916,-117.82046371635451,-116.8789674518095,-116.6925038324073,-116.46615738062518,-115.11876112091551,-116.2038310500672,-116.9442670806618,-114.70310093594733,-117.44326711612905,-116.3340552677238,-117.64402180264896,-118.95541143228668,-117.15771524876327,-117.78053763331881,-118.0160423107758,-118.86913242594234,-116.88147270174221,-119.85678971779659,-117.00402204822937,-117.68501546251004,-117.3783659921244,-117.63115095136759,-116.02839891762684,-118.05587384849804,-119.2207503981268,-114.91421341371617,-116.69222938596796,-117.73669894233538,point1,-117.04670150582069,-116.98144066824335,-119.85678971779659,1.4844568142816945,-0.03751007957557148,0.09203745473192892
HDOK,PLOK,17472,36,36,-128,-12,11,2,33,-114.75597366666541,-117.2212922456199,-116.44102550771584,-115.62460481292075,-116.37719273596474,-115.76180812312978,-115.70780634502216,-115.31343028893012,-117.5575877713993,-119.08515240216003,-117.34864734492332,-116.91493396837286,-115.6623148431799,-117.51211749953184,-117.33366511483263,-117.93552658948832,-116.31989989801252,-116.74407654147342,-117.19639863704101,-115.06304355399672,-116.75923192524421,-115.52776806153554,-118.36698826282897,-117.42024874092832,-118.48373308519714,-117.93933374230365,-117.2751309744503,-116.90513186340684,-117.99138555786571,-117.85888218356935,-117.94075720023663,-118.76396808417581,-120.19387051780738,point1,-117.06978569969485,-117.2212922456199,-120.19387051780738,1.4868087346086143,-0.19082689625285462,-0.012614110051486715
HDOK,PLOK,17472,36,36,-128,-12,11,2,33,-117.49996210746855,-116.55678652628366,-118.20202699020011,-116.14321373765526,-117.20914964391098,-116.62075314653741,-117.19850856396761,-115.47942749086698,-119.48622519439648,-117.37891045392483,-116.99360180636442,-117.86549144710135,-117.02349258146465,-116.25479707883801,-117.30770417343238,-117.227895159548,-117.39014184442614,-118.46745931029368,-115.66869561915183,-115.50927766541739,-117.669396666255,-118.74744224296273,-117.64020265668928,-118.3870929353285,-116.83201631708037,-118.51173787031597,-117.7802235925602,-118.39456562400127,-116.10273765521846,-116.43791094262242,-117.91781196716764,-119.52541511270528,-117.16132024009605,point1,-117.3512543746743,-117.30770417343238,-119.52541511270528,1.0375614995486917,-0.13570753029923557,-0.25183166474725427
HDOK,PLOK,17472,36,36,-128,-12,11,2,33,-115.51497824095203,-114.98946364659432,-116.4445021086951,-118.51175725590363,-114.02004324676774,-116.2752097997551,-115.42180606122089,-117.61076507205858,-118.1124465943616,-116.13836938192111,-118.02078663257038,-115.80608209378232,-116.07394530454211,-117.2431676603354,-116.79241339995805,-117.89177366255828,-117.4021521373189,-118.23344478075502,-116.91192530418166,-118.5050540574963,-118.19154505944539,-118.20805681810609,-118.61314278069368,-116.87644456777491,-117.09534729263115,-116.7211724540013,-116.58702585394023,-117.7379606666343,-117.49767710435465,-116.91717454197415,-115.83084398015502,-115.39710169843477,-116.79223920803723,point1,-116.92078237781547,-116.91192530418166,-118.61314278069368,1.2604456757639715,0.4721876115155719,-0.23295590955462142
HDOK,PLOK,17472,36,36,-128,-12,11,2,33,-115.97257788395117,-116.07610037488212,-116.90658791393419,-116.60272080464892,-115.92438815628651,-117.23439673902486,-116.53944001250028,-115.20416311092974,-117.25381825849348,-116.74196812566431,-115.86458009201014,-118.2583608112643,-116.72443951934828,-116.61465319728508,-119.85612872593353,-118.27074478830669,-115.62028173712832,-116.23277793329333,-117.6459971598628,-116.63290243310294,-118.27058087475942,-118.33407245487378,-118.20431831884392,-117.57745335858078,-118.91036371441119,-118.81355777253984,-119.07629026216875,-116.81679825703318,-118.71406793599802,-116.96572566891373,-116.69272677075726,-118.167634315531,-118.89169388466767,point1,-117.32158519293729,-116.96572566891373,-119.85612872593353,1.3270654536748567,-0.2525090530666027,-0.8466895246964885
HDOK,PLOK,17472,36,36,-128,-12,11,2,33,-117.22092722349801,-116.40735661339966,-117.2257929207708,-117.18755868218369,-116.61384803330495,-116.30345843975373,-116.69870506900398,-117.25846494056904,-116.65197789870288,-116.35449195069194,-118.10488777704589,-116.49451795463337,-116.94995581675299,-117.29682106557206,-116.69208627773028,-116.01653711066616,-117.46883007328682,-116.8441973996332,-117.6348346398839,-116.61393881430375,-117.59814057338073,-117.63698943029274,-117.0235743404756,-116.86205178975689,-118.25547837535403,-117.70101670964118,-115.62630428418441,-118.00821998942624,-116.78538002931624,-117.00591965961688,-116.27098928241669,-117.91162134233522,-116.1516056427841,point1,-116.99625697425358,-116.94995581675299,-118.25547837535403,0.3976706431616105,-0.10004084334198277,-0.5129880903469752
HDOK,PLOK,17472,36,36,-128,-12,11,2,33,-117.57756482652741,-115.22855778658139,-117.24880141803587,-115.81657880289116,-116.90490636108362,-115.7783665512368,-117.78147976657749,-117.47862647600493,-118.61338129349845,-117.60638148249028,-116.11306769659093,-117.22765131868103,-116.3518710422004,-117.28872887578476,-117.59383400430532,-116.43308637147751,-115.12268219812672,-116.71827721074192,-116.99746669669764,-116.50270268951574,-117.46032028823223,-115.47221715259299,-117.26620114263638,-117.97003502186564,-119.56136779239611,-116.91427012767876,-117.30604049003198,-118.39227311841648,-117.51654484980702,-117.5277197722411,-116.25850640474319,-118.47919655820928,-116.80119233619676,point1,-117.06999690679083,-117.24880141803587,-119.56136779239611,0.9524759474863022,-0.068245047790961,0.2901373809635399
HDOK,PLOK,17472,36,36,-128,-12,11,2,33,-117.52445331783765,-116.18140568103692,-115.84184567784837,-117.12828094060164,-116.71043029095418,-115.59958034770467,-117.84744058640143,-117.56989715554684,-116.70267968844281,-116.14804794812679,-117.30245478932919,-117.9145994400762,-118.0485566352781,-116.10044817017605,-118.08156070054332,-117.80807024719446,-116.53678197728559,-117.43249667712097,-116.61300361901817,-117.63819671801984,-116.62667852811914,-117.55443813711135,-118.4665346484837,-117.87679081099363,-115.90633143209897,-116.24339740001236,-118.01672208769418,-116.3702137608579,-115.91766273278512,-116.46302353806703,-117.36995883465669,-117.68359768719489,-117.52751054302246,point1,-117.0531239621103,-117.30245478932919,-118.4665346484837,0.6253776404575958,0.1655027301160375,-1.2862107398057478
HDOK,PLOK,17472,36,36,-128,-12,11,2,33,-115.18305318675182,-115.91332552463584,-118.42180584537539,-115.6298584097993,-117.21978515523121,-114.52093038364117,-118.04285289880673,-117.10318775743139,-117.16518553668244,-116.55387725634941,-116.90655420108335,-117.38014589114847,-117.3085022379185,-118.37702368448748,-116.87266552668274,-116.08207499796504,-116.99473507449228,-116.96479788732972,-116.70346561312252,-115.79471187088878,-117.76353785140438,-118.04621550824307,-116.64260362284647,-116.21179718762184,-117.12427248466597,-118.53394851464837,-117.19987384862377,-116.29120089596731,-117.34417608337205,-118.81493235114803,-115.89920548245514,-118.22046305414902,-119.32077466584788,point1,-117.04701637850961,-117.10318775743139,-119.32077466584788,1.1275455535891101,0.07806509305012713,-0.0489577216130459
HDOK,PLOK,17472,36,36,-128,-12,11,2,33,-114.2369621586659,-117.25463341152941,-118.01018143697752,-117.41247995253705,-116.31560448078791,-116.69528558537591,-115.98115227211379,-118.32989199583015,-115.31030528159161,-117.03463396182751,-116.62938541970043,-117.75493821266134,-115.99585499102024,-116.76119403475796,-115.99823814117632,-116.05652221539766,-117.95091069436164,-117.05843739622522,-116.69011084850884,-116.52817638301602,-117.59541947750876,-116.04001392268549,-118.47467025340376,-116.29453785104245,-118.16928784147608,-115.77056381241027,-116.9046343662126,-119.3468384199028,-117.47683209065832,-116.37368451940749,-117.07240277490463,-115.3683970260085,-116.138197813037,point1,-116.81910239523397,-116.69528558537591,-119.3468384199028,1.0697072370148322,-0.09927496936185662,0.40843245459074673
HDOK,PLOK,17472,36,36,-128,-12,11,2,33,-117.46689443130504,-116.78437935232549,-117.74975357234817,-116.80164807492197,-116.89458161034534,-116.81523170925796,-116.53267787669043,-118.25756250274426,-115.55011274308201,-116.57700908256956,-117.2131249863862,-116.17511195992296,-116.59413577493999,-118.54080245737217,-115.17531858423841,-117.51016260159182,-116.87118358739916,-117.40207347980112,-116.76840448847663,-116.56786057887201,-115.83906779652848,-117.47568462708234,-117.33675971590345,-118.13718261326974,-118.41236860951429,-116.37277762294215,-117.4964462572669,-116.64628683322239,-118.21813772442597,-116.89890578982153,-117.06352399822954,-116.70128092082543,-118.59298637460827,point1,-117.07392237388581,-116.89458161034534,-118.59298637460827,0.6651576758688039,0.0017755249746355794,-0.06487549892816169
HDOK,PLOK,17472,37,37,-129,-13,11,2,33,-115.0972420456313,-117.9543196875739,-116.41633352786319,-116.32042650492882,-117.21822585873826,-115.59097476329013,-117.1313439958955,-116.77763446516323,-116.10071525143914,-117.21222642955964,-117.48780482652275,-116.51158926714983,-117.29584608460138,-115.22432943032356,-117.3166210475375,-116.42041577519835,-116.84337340673962,-117.23538657823502,-117.81584289447241,-117.38258229814629,-118.59772386636301,-116.33027540723397,-115.48082465280966,-113.87582444126282,-118.31184264409843,-115.62483556813197,-117.2266384467342,-116.39554957043285,-115.46599458842286,-117.15635236816976,-115.82552218322756,-115.91887894545867,-117.0713643181058,point1,-116.6252988224079,-116.77763446516323,-118.59772386636301,0.9917661523828466,0.44739401992986133,0.4179422338207375
HDOK,PLOK,17472,37,37,-129,-13,11,2,33,-116.99389419667935,-116.30553953937483,-115.7388914027509,-116.23062176370641,-117.95711646106383,-115.4628409956982,-117.43614574930001,-116.75051388832391,-115.08098038460267,-115.43976944327709,-117.81765625511348,-118.42536497506367,-115.61296058856722,-115.95097107381748,-117.6961357020144,-118.14507738363893,-117.99204937413798,-115.54133793291746,-117.82051906495367,-116.42600967282071,-116.51073274338698,-116.13000708343903,-117.99812626153508,-117.83685699497312,-117.2806068166037,-116.8221015569278,-117.75332861680228,-117.44116160294593,-118.19278598273897,-116.2521932121811,-115.78960838872271,-117.14982932705357,-117.85364352119461,point1,-116.90410236231293,-116.99389419667935,-118.42536497506367,0.9517575390422248,0.2095069062252202,-1.3475427482897226
HDOK,PLOK,17472,37,37,-129,-13,11,2,33,-117.5178880717927,-117.74691939562699,-117.99678665462388,-116.04653756621188,-117.51411917065107,-118.89413918420301,-114.9010153788851,-115.26473459457587,-117.31997864165399,-118.18492242337392,-116.10613207448266,-117.04401375018092,-116.41242203253698,-116.17513860201134,-116.2628634520097,-116.7231479153692,-117.08722474439394,-116.54296923652012,-117.8299686956241,-118.36048530487763,-117.55149005929458,-116.81296227555886,-117.38724208686116,-117.78722355894425,-116.34241782877768,-117.56350074793167,-119.73009049415134,-117.55889168873604,-117.62818933263475,-118.56297626671783,-116.75994100826671,-117.19316461756725,-116.84719693478786,point1,-117.20171799363138,-117.31997864165399,-119.73009049415134,0.9680166487671292,-0.050296950654826235,0.6525860961525494
HDOK,PLOK,17472,37,37,-129,-13,11,2,33,-116.46982422727592,-115.59225154293324,-118.83831357847862,-115.79477333148195,-117.34121992740639,-116.51214652994503,-119.16801020802114,-115.02395919149104,-117.00985291460309,-117.51551799824084,-117.21656074529002,-118.27967805223537,-116.20641698399396,-118.45456074686348,-117.50686522317068,-118.31707619237628,-115.05799532120773,-118.42328144127305,-118.00297243039341,-116.90336190023929,-117.56210730894415,-116.48137991251275,-118.78398843272524,-114.4715896686005,-116.71650158095738,-116.23169786129398,-116.71895638890561,-115.22277334668777,-117.96400284998676,-117.1125073605875,-115.70530238936038,-116.53431773231898,-115.71067818744474,point1,-116.93486186385597,-116.90336190023929,-119.16801020802114,1.4539419507873355,0.053788400308660514,-0.7712011565082655
HDOK,PLOK,17472,37,37,-129,-13,11,2,33,-116.47543486112947,-116.76353383215807,-118.1702042582433,-116.75491748419088,-117.29875947095992,-116.39845542715277,-116.95128738092964,-117.1026725069619,-118.60849237576937,-117.51589053672332,-115.90386751290943,-117.38693990196809,-116.66947847529039,-118.47721617875386,-117.22929006078103,-117.9219192310552,-117.35350642909623,-118.74328463675116,-117.6107130559688,-118.39383018514998,-116.63224388776706,-115.84120589326798,-114.89711863558807,-117.1784281335259,-117.5071674557169,-116.91459594788003,-117.55558728087847,-115.15479423041731,-116.74302524967237,-117.84456972664879,-116.65139834366371,-116.98621299507673,-117.8502730410098,point1,-117.13594892797141,-117.1784281335259,-118.74328463675116,0.7886942095434584,0.44806728691220027,0.4382170227387556
HDOK,PLOK,17472,37,37,-129,-13,11,2,33,-117.02809107218042,-117.71532358948765,-117.11711474371285,-117.25682355322238,-116.3975369218356,-116.44800548118253,-116.7621893957538,-116.62534486442875,-117.76546031069778,-117.73540078833776,-116.74011201687001,-115.82492048634924,-116.28296580062941,-118.69489831116691,-117.8509697997107,-116.81510887009597,-117.01454088714266,-117.05040622361436,-118.43703581105268,-118.0606908994463,-118.85698187123502,-115.89484931696424,-119.04204607044346,-118.35104452397843,-117.79629966785839,-118.23308203641984,-118.46054366709215,-116.65819799975124,-117.27373814761606,-117.44015026104205,-117.14548594410542,-115.78997732814291,-117.0707950899233,point1,-117.32230702277245,-117.14548594410542,-119.04204607044346,0.7506176519396781,-0.15539265565977411,-0.7042499034250347
HDOK,PLOK,17472,37,37,-129,-13,11,2,33,-115.40861716593253,-116.86149764256831,-116.21062648145272,-117.96591789920969,-116.76576699590721,-114.91525688578801,-116.63649674267603,-115.40125663202967,-116.60852892458863,-116.90903976003169,-115.90177484303705,-117.77710141341603,-116.11080236184651,-117.1876944903935,-117.1043622012315,-117.17337034974868,-116.36075650412198,-115.85353784126714,-116.61580124379996,-117.28388674406274,-117.92465416611273,-116.24679011490967,-117.60617274434603,-117.40338061686663,-117.923122529772,-116.9208945689977,-115.89429855322106,-117.02742720912266,-116.59794903938544,-116.75812484381974,-116.27712737539811,-117.71497030227047,-116.48941397969612,point1,-116.72231573233421,-116.75812484381974,-117.96591789920969,0.5754756194823737,0.2802203758641995,-0.2720889163934559
HDOK,PLOK,17472,37,37,-129,-13,11,2,33,-117.31777778059825,-116.5631566507151,-116.40902188656318,-115.96998034535643,-118.13869000665623,-116.87794783080446,-114.13873032553956,-116.24481861616067,-115.93744468255156,-116.5698995190648,-117.76004089533687,-116.64218777035192,-117.00691127080313,-116.63121069862382,-118.55037949774014,-117.66937841107938,-117.06637672191589,-117.61471759323649,-116.67930339983312,-118.10009851473652,-117.46556326652517,-117.18345796862371,-118.1643783974978,-117.1561298777074,-117.16716723413862,-119.12779775609098,-117.64206061321191,-118.51416169664512,-116.94635700481712,-118.15897195658732,-116.85819825383032,-118.71131859068723,-117.90407768044233,point1,-117.23902159740827,-117.16716723413862,-119.12779775609098,0.9270097505195735,0.6807706961713192,1.9011608476298067
HDOK,PLOK,17472,37,37,-129,-13,11,2,33,-116.7791658738362,-117.40211830018376,-115.17268236468144,-117.19652629837758,-115.65094920097354,-116.93633298324902,-117.51349520163592,-116.53607906146652,-117.08114998449433,-115.24719865320318,-116.22489037403362,-116.65122168482664,-116.48069541239674,-115.28943157276188,-118.01896566051794,-118.42146259688307,-116.17875687690749,-116.83904862022709,-118.3524467964451,-116.8271902964456,-115.25389224831616,-116.95399328161359,-117.31662489613556,-117.86297197344969,-117.11998219588604,-115.47956247600223,-117.50941012039203,-116.40835851246236,-116.58689354534128,-116.47928119642133,-117.23116780100365,-117.0780492415762,-114.9914619213112,point1,-116.69913506737754,-116.8271902964456,-118.42146259688307,0.8147380226672409,0.21726233665772543,-0.4796802253498762
HDOK,PLOK,17472,37,37,-129,-13,11,2,33,-115.34875582296209,-117.99830633361118,-116.58457166817804,-116.54576221581887,-116.47227563920187,-116.98473770610939,-116.84211959718841,-115.10354935544419,-117.55352973866155,-117.63497939174249,-117.09596807253122,-115.71875291985815,-117.72313766915758,-116.2476855614432,-116.81888617022625,-117.59138891526274,-117.42551935564896,-117.39593730500378,-117.11656402282416,-117.95506768536151,-119.05099492185968,-116.1084585708735,-116.2540734957412,-118.16812556945821,-117.29974319519067,-116.89361621422285,-116.13613342107944,-116.30132770222954,-118.96752504143173,-116.45670777539783,-117.73970245847286,-117.51418003559301,-115.82151565017095,point1,-116.99604846054416,-116.98473770610939,-119.05099492185968,0.8400553774694699,-0.15144386568434082,-0.047936459449630764
HDOK,PLOK,17472,37,37,-129,-13,11,2,33,-116.3880733185205,-116.1916896799449,-114.08961258126338,-118.62023083507734,-116.69589652696871,-115.90369018961411,-117.12842162853872,-116.720615685146,-116.85639476432159,-117.30809585932188,-117.0929245815299,-117.56510447880602,-117.6716628356505,-116.37078668884622,-116.55942452747222,-117.75194477368774,-118.38589800178306,-117.9082983230127,-117.5590465118402,-116.56527695164272,-118.21935469557062,-116.47278537713485,-117.26557121435772,-116.01663161905454,-117.66222508342184,-117.66877216721717,-117.7220392161386,-116.25430531933361,-118.40479041509313,-116.94830100642041,-117.19685629256132,-117.05441937883013,-117.13627176028186,point1,-117.0713761299516,-117.12842162853872,-118.62023083507734,0.771011121130804,0.9294372741835465,2.599081675516405
HDOK,PLOK,17472,37,37,-129,-13,11,2,33,-115.56856172606645,-116.9511632445394,-115.50270839707744,-115.86204166332969,-116.63696562651896,-117.28860717516072,-118.09359915993443,-118.00174432351899,-116.60718567961769,-117.61828186107381,-115.19209834477657,-117.21224843781302,-117.08035425070678,-115.70167832171306,-116.49726718228159,-118.72559084767204,-118.70939179271149,-115.5213800241123,-117.7056744714604,-116.56941703708829,-117.06409576787357,-118.21897181751847,-118.88516601242196,-116.57868061239576,-116.87141345605096,-114.80569957860413,-118.20360505370171,-116.95786776229772,-117.3924897523284,-117.54203170402002,-117.62509328442664,-116.30512716319876,-116.56584092229483,point1,-116.97157704406987,-116.95786776229772,-118.88516601242196,1.0773842793441757,0.10367438363908142,-0.5640632539324102
HDOK,PLOK,17472,37,37,-129,-13,11,2,33,-116.73220166931337,-116.84435762706923,-116.22851222231554,-115.21890107825223,-117.77190170479822,-115.61177318704837,-116.52174707842003,-116.63830065081332,-116.27121543715027,-117.20521917109193,-116.29107582206743,-116.06144933641117,-116.78038370557792,-115.2412056718369,-117.5997542619862,-118.52345624597322,-116.35188868859063,-115.6873647355761,-116.98865570676693,-116.86069827941269,-117.00289994549874,-116.73632787470392,-116.42898902055471,-117.80011623307892,-117.1034195269311,-114.51822495780704,-118.25390566234465,-117.5392751191386,-117.33364811130676,-118.05690686973715,-117.5500047801238,-117.19202319014542,-117.11185223684237,point1,-116.78962593359651,-116.84435762706923,-118.52345624597322,0.7841226780866374,0.41723092265531936,0.26374710570487947
HDOK,PLOK,17472,37,37,-129,-13,11,2,33,-114.95694221856756,-116.30272621158636,-117.8930240449977,-117.60563475588675,-116.48544532391008,-117.0293225785157,-116.18922922766392,-117.56698364698337,-116.44687316016659,-117.14916449280388,-118.55721177841727,-115.71116016465575,-118.42217338668499,-118.3212195077084,-116.44677460307973,-116.91182974645157,-116.60269486231844,-116.40281457809702,-118.01130224589394,-116.85611774225939,-119.0942947023207,-115.96875360831986,-118.24402346185781,-116.71530682097989,-118.11564795162509,-117.2009942413803,-116.42757414647515,-116.7109105081911,-117.65552025863349,-116.90675915553321,-116.22688006340627,-115.5395992502223,-115.46529007204512,point1,-116.97394540962546,-116.85611774225939,-119.0942947023207,0.9514995522713765,-0.18955921103537576,-0.4947618366329163
HDOK,PLOK,17472,37,37,-129,-13,11,2,33,-116.21534709026088,-115.80555595110833,-119.10683528670947,-116.9417615489415,-117.23303051133217,-117.34861517783995,-116.64132957892544,-117.6627706013357,-116.32956262586708,-118.00285778194738,-118.22752924814587,-116.03399168029955,-116.65190083386383,-118.20265680160776,-118.47837124235132,-117.34725222769583,-117.12418025635094,-116.37727270246627,-116.30788104932553,-119.17691320884519,-118.45460906639585,-116.93929904141525,-117.59247298928804,-115.53556964632746,-117.5136197298188,-117.34749187012878,-117.56029382705246,-116.15491025982467,-118.06669137518838,-116.94614718968859,-117.07171508016289,-116.55168241758724,-118.16741991256312,point1,-117.2459859942625,-117.23303051133217,-119.17691320884519,0.8290647202229617,-0.24254136357900372,-0.5286704741537149
HDOK,PLOK,17472,37,37,-129,-13,11,2,33,-116.41013256409579,-117.00189974030907,-116.17423271964431,-116.76679630919405,-118.06187999270163,-115.05570391701657,-116.92604154589495,-117.47832429244717,-116.78449820479518,-114.65854741261855,-116.23858633306341,-116.0340157613448,-117.76239506090313,-116.41699354460994,-116.1530349584132,-117.98215988407863,-118.6631148575247,-118.25934426516206,-118.02489322146015,-115.86312184426569,-117.62350556448328,-118.08715476313168,-115.1355749164832,-117.66513686160685,-118.09626444655697,-116.33298946820155,-117.3678646170011,-117.56900813230735,-117.12645498241871,-116.41875533358466,-116.33951052599728,-115.11430871608289,-117.53898027800271,point1,-116.88276439501216,-116.92604154589495,-118.6631148575247,1.04072151827432,0.37484504637199884,-0.6120927462955588
HDOK,PLOK,17472,37,37,-129,-13,11,2,33,-117.65229867540417,-117.83713195738301,-116.45609011542585,-114.19859246028773,-120.24083015241791,-117.88006216011729,-117.0380339079878,-116.540389651081,-115.03692765487999,-116.44780847106095,-117.21204670874761,-118.59752810073903,-116.40106969750472,-117.56058055518513,-116.20637758764934,-117.546247302476,-116.60353479772584,-116.8558879181809,-116.34975097019584,-118.6470574430161,-116.43456805063164,-116.63276224626965,-117.07430898766232,-118.28490727788356,-116.73830929647835,-119.17453255891915,-117.47768025700249,-117.55070858061848,-115.97316658142493,-114.3963951012422,-117.35149997380522,-118.9046009599651,-115.58812521264727,point1,-117.05726701127324,-117.0380339079878,-120.24083015241791,1.6163504244774567,-0.03269056085068442,0.6464540322551056
HDOK,PLOK,17472,37,37,-129,-13,11,2,33,-116.79368021105716,-117.01503421015101,-115.34395833856935,-114.46593689683974,-115.40645019671794,-117.4804853210861,-116.88626545116696,-116.17011679486032,-117.63827250563975,-117.1968112912837,-116.80257201446501,-115.36217700198452,-116.62519546749024,-115.43794551692677,-114.92142539544398,-120.00540316507913,-116.898021686663,-117.77885527239731,-117.02995266149647,-116.2630891496302,-115.80743418348582,-116.89152708770511,-116.70021898189442,-116.96843312816625,-116.18594057332693,-117.60737915875708,-116.1453740249248,-117.34484482356197,-116.00568117201092,-116.38290620190274,-118.42691874695167,-116.97678382703228,-117.83944772162356,point1,-116.69104661152399,-116.80257201446501,-120.00540316507913,1.1305210680816886,-0.5315798156587814,1.7477958968381704
HDOK,PLOK,17472,37,37,-129,-13,11,2,33,-117.11899274631021,-116.90696877462267,-117.99348470781275,-118.03952768159859,-115.54814442299978,-118.24857182778662,-117.08207492959586,-117.16108330592198,-116.81266168389631,-117.24107452620207,-118.05348030827297,-115.77123490046353,-116.4530664828284,-118.57725424104768,-116.56190669010009,-116.93930012903533,-116.8847122290511,-118.22932106769373,-116.06277982090837,-115.39445268806628,-118.98861281539787,-116.08718865677758,-116.98919650415908,-118.9394588683961,-118.37690594964037,-117.9550257989735,-116.90193644587106,-115.15156436991333,-116.6798936619719,-117.14158451082491,-116.77872671106496,-115.92538252038031,-116.57936757109039,point1,-117.07802841056596,-116.93930012903533,-118.98861281539787,0.9864240614522255,-0.11215600906081939,-0.5984417158025424
HDOK,PLOK,17472,37,37,-129,-13,11,2,33,-116.58421615641981,-115.83329509751935,-117.22964028162274,-116.31229381056656,-117.74382936146671,-117.045950287556,-116.55659824844696,-118.89290096536931,-117.00785309738261,-116.34139419749786,-116.5638499705749,-118.36110380989606,-116.22837065987666,-116.14227787842782,-117.27255413765994,-117.80608305588801,-117.15852794775631,-116.52006521307555,-116.32840263252648,-116.95991993578632,-117.57720111569913,-118.45429662517887,-116.66405912196937,-117.90906588672688,-116.92938452202046,-118.6674651615322,-117.78145750729115,-120.01032590725835,-116.73328369915846,-116.9180893561338,-116.7606811064104,-118.10850564902294,-116.66135514361657,point1,-117.2140696226465,-116.95991993578632,-120.01032590725835,0.8317165317736718,-1.0907269447873775,1.1886006930276358
HDOK,PLOK,17472,37,37,-129,-13,11,2,33,-115.27397596688732,-117.24091769679126,-116.78706343900058,-115.91958385303272,-116.55024030056784,-116.84991349909704,-116.79930386554243,-117.44832126985959,-117.39127069890617,-118.76229919886637,-115.88614563851965,-114.71650001941937,-118.47433842195548,-115.80399346036742,-117.07222290226593,-116.85943815387513,-114.42476686969601,-116.29619660252753,-116.892938471679,-117.67844426016865,-116.27138990719894,-117.27618184463208,-115.95637318170253,-114.50031026304796,-116.86876500999078,-117.12456274764224,-116.86903644021915,-115.68724031513078,-117.11075123761765,-116.96572860988641,-118.04682411922697,-117.18194813974156,-116.37981124392186,point1,-116.64747871663589,-116.85943815387513,-118.76229919886637,0.9939939826042645,0.3887035241635714,0.3819399992398105
HDOK,PLOK,17472,37,37,-129,-13,11,2,33,-115.69992146337752,-117.28341137099684,-117.20485691624614,-116.93494211355659,-117.10513088839123,-116.81760839477948,-116.21949592203934,-116.80437044329193,-117.11286808954647,-116.3404070783483,-117.12637760669027,-114.50375720653875,-116.7813855824681,-116.37134072346713,-115.97523986859484,-115.49876358700864,-116.90088952389264,-118.43691615292333,-117.25080155967657,-117.53831320858276,-115.06652472382099,-117.32124422189985,-117.02659830601606,-118.80555001983873,-117.37290722401887,-118.86880610566402,-117.64418855627146,-118.00468477519455,-117.85474671275011,-117.54873246213864,-117.66989218295457,-118.13144618140599,-117.00266911095164,point1,-117.03711479646493,-117.11286808954647,-118.86880610566402,0.9166930133085117,0.5194724485772954,0.7178643463768073
HDOK,PLOK,17472,37,37,-129,-13,11,2,33,-115.27578585302656,-117.49611414204912,-116.68464392364943,-115.58415783232952,-115.06993292056528,-118.61066351585727,-115.97958996839492,-116.30414306613729,-116.34252546814484,-117.00804962228504,-117.56424386571355,-117.23631421662954,-117.10761821127608,-118.59895407854566,-116.09169194857374,-117.7825297233847,-116.09979819751696,-116.51418040775614,-115.90514685079472,-117.88762994676198,-115.74022466216333,-116.90699454116533,-117.64176166565063,-116.75126025088437,-115.8339327588855,-118.37120760370587,-115.73561609009343,-118.76665982414636,-116.60921976036441,-116.72130968279112,-115.97430355071255,-117.29189094225696,-116.4479894220736,point1,-116.78594195497834,-116.68464392364943,-118.76665982414636,0.9455284836274502,-0.4069127491457307,-0.5848729217122388
HDOK,PLOK,17472,37,37,-129,-13,11,2,33,-115.90576936165711,-116.89810601883997,-116.48166729133382,-116.84715432988158,-115.64794200536944,-115.79640058136262,-116.4969961176369,-116.880242388578,-118.69166233782293,-116.2674884910593,-115.85309500102929,-117.54051777801594,-115.63599057358678,-116.97311974277301,-116.75829588341495,-116.56416281833783,-115.60775613514174,-116.76348531727021,-116.16557340382774,-117.91840888469709,-118.60176547586958,-116.86306469949517,-117.85232973923519,-116.05899173472493,-118.00866560033052,-117.16078048912755,-116.90227373222478,-116.35163318665312,-118.5641742793198,-118.15304608538901,-116.6383145354248,-116.17911404393868,-115.88257042594529,point1,-116.81547146937318,-116.75829588341495,-118.69166233782293,0.7899594773986947,-0.6695362740540101,-0.4507013441716077
HDOK,PLOK,17472,37,37,-129,-13,11,2,33,-116.05116359482665,-117.55148684225483,-116.91060108518118,-115.19938813531974,-117.95799664918748,-114.58483775785788,-117.03490005430996,-117.61707688628228,-116.26264895423205,-117.54671107459478,-116.09145003143404,-117.94400570126665,-116.95403223141476,-117.51131588218385,-118.04101013207817,-116.63439249891776,-116.98116604732967,-119.38915614846209,-117.03474882168302,-117.09711735413984,-117.80687914819873,-116.3183087801712,-119.00698262241256,-115.9377363196355,-117.46919843673781,-116.46236113754804,-117.03869046722757,-117.39180200309713,-116.21867808889783,-116.84691498528859,-117.84846272510126,-116.12254052291968,-117.11345160307664,point1,-117.02961250676573,-117.03490005430996,-119.38915614846209,0.9209265263598443,0.03364489609358581,0.9545011661759424
HDOK,PLOK,17472,37,37,-129,-13,11,2,33,-115.34905814368024,-116.43018148136215,-118.05752257824591,-117.35027182336401,-116.99170537589077,-118.54908096110442,-115.93602409894267,-117.59858993817272,-114.5895503000599,-115.27267030075842,-116.95917394208848,-117.69752827815242,-115.57098081664043,-117.0085925987662,-116.51513384010467,-116.53313044806727,-117.48754767462789,-117.82774668846884,-117.13188182942325,-116.38823010027826,-117.01112667994684,-114.91327723936372,-117.69777967103423,-117.87881036265932,-117.58545397348666,-117.52933411865803,-116.38370233478246,-115.75259672196653,-116.44429573309759,-115.9160889145966,-115.61137907470496,-117.64957843541305,-117.58168855543195,point1,-116.76362766767699,-116.99170537589077,-118.54908096110442,0.9628585823126607,0.4306069966909177,-0.6653474017025571
HDOK,PLOK,17472,37,37,-129,-13,11,2,33,-115.43480366435035,-116.64327472322275,-114.74897390783349,-116.31711625129547,-117.48324828127129,-117.91088313483223,-117.05987549915167,-118.77493953436269,-116.87952337136396,-116.06045457498914,-114.84689314716348,-117.8476486917196,-116.04012072977906,-115.84304920893354,-116.28915169399633,-114.68250203036926,-116.80260255141167,-118.4349181837444,-117.55820068161366,-117.69949182878884,-117.36640927607078,-117.97843129923625,-117.00740343222542,-116.91831606474875,-116.82162506045907,-118.07047568763208,-117.23349088251726,-118.23312035462169,-116.04359420605518,-117.52245995541512,-118.5930841285015,-117.68746910529664,-116.615626860596,point1,-116.95300539404754,-117.00740343222542,-118.77493953436269,1.1435899836503576,0.4708308273524904,-0.32305320459135123
HDOK,PLOK,17472,37,37,-129,-13,11,2,33,-115.9491418803173,-116.54939184797242,-118.55070826670011,-117.49349668096048,-115.78293493772105,-116.6170284443704,-116.58531481962068,-116.64117041175186,-115.63152466589139,-117.51389903009124,-115.02038014608222,-115.988995332545,-117.53042949686267,-115.11497364263161,-117.2395549630637,-117.40651414124403,-116.59183326564145,-116.51704966264113,-115.98661673724129,-116.74840319181824,-118.46983321409752,-118.50939516891123,-116.16222939142209,-116.66955778993557,-116.59157168044402,-117.89720205142682,-116.7292877817772,-117.002028508312,-117.38561224678591,-116.51816397270463,-117.6539718669077,-117.67543553985816,-115.58607972740731,point1,-116.79726456076237,-116.64117041175186,-118.55070826670011,0.8094500949184102,-0.1112076779209224,-0.37323151315460823
HDOK,PLOK,17472,37,37,-129,-13,11,2,33,-115.68332390062326,-116.67787614850589,-114.54063631585917,-116.61026072366772,-117.68677712995445,-117.39793908750009,-116.56504912090097,-119.20863229977329,-117.98711145914979,-117.24930497793339,-117.6750429137086,-115.79952709150115,-116.51710759308911,-117.73836394733557,-117.74298194226355,-119.0363221032441,-118.04495859649793,-116.1336168772034,-117.87308176635503,-117.18258605181528,-116.21321855256767,-117.93622248265369,-115.5593169889021,-117.29404877387164,-116.77122630141368,-117.78036159672128,-116.29584109145313,-117.51735590091107,-115.48870572813853,-117.55644649256229,-115.38904427358095,-116.37795751259897,-116.2447841482134,point1,-116.9628796936506,-117.18258605181528,-119.20863229977329,1.089895568778909,0.07857208839794923,-0.1667702906878148
HDOK,PLOK,17472,37,37,-129,-13,11,2,33,-116.76120518160093,-117.876025987533,-116.67839483607135,-118.05391518182638,-118.62367748651725,-116.22547336734794,-115.38029443403089,-117.2660655744711,-116.35786069872083,-117.2644855338987,-117.91603284899266,-116.81923682931959,-116.34283564199453,-116.27669239904694,-115.65201070076859,-116.84110042453756,-116.51401252475816,-117.08611679422086,-116.3266520333319,-116.53166957088987,-118.70431970784597,-116.82278352839243,-116.95393634295117,-117.16909078391824,-116.54997566667087,-118.90064789234856,-117.92261192909072,-117.91185150637114,-118.49293291539558,-117.14692304116217,-115.35863683690003,-116.29167355103536,-114.78380616970857,point1,-116.96372569459604,-116.82278352839243,-118.90064789234856,0.9641112742036068,-0.08928137773338464,-0.2265633851610125
HDOK,PLOK,17472,37,37,-129,-13,11,2,33,-116.78756692471859,-117.20456946358532,-116.42528418714738,-117.52275236093365,-117.1855709654309,-118.27508740362754,-116.36784451669352,-117.34647357800303,-116.25651430371957,-115.78304393751242,-114.62674157143283,-116.74499928104629,-117.55690948638792,-118.21515765268569,-116.19890501058808,-117.83457744194172,-116.2933934913108,-117.18745795197226,-118.38350733073528,-116.82536701868882,-115.58920563542071,-115.96347541159172,-116.77122637194437,-117.44226792866921,-117.47852089028777,-116.51636216694581,-115.57011000228624,-118.98725927410162,-117.8609341193975,-118.15026610462682,-117.10789193794825,-117.36563650522594,-118.2211630113104,point1,-117.03169827993692,-117.1855709654309,-118.98725927410162,0.8982650228547707,0.26716606324998976,-0.024136859243163666
HDOK,PLOK,17472,37,37,-129,-13,11,2,33,-115.40869925448746,-116.65000396785385,-116.1663263272553,-117.39978991923226,-117.08416852270074,-114.653347945302,-117.02000800333143,-116.78146505645502,-116.52129289770821,-117.50924108065516,-117.53824580067987,-116.32652208724859,-117.04857632813065,-116.4634489683136,-116.17010697537745,-118.19903225607,-116.50272044978763,-116.53524683853475,-117.03515927270885,-118.23103150928618,-117.3010829661164,-115.81526534845923,-118.2882015772854,-116.4036863510834,-116.47892955136896,-115.07094087541148,-116.75451146270142,-117.35203922775952,-116.73118808022456,-117.40140750867864,-116.47212139371133,-115.97421301301647,-115.33379605740086,point1,-116.68550960225262,-116.65000396785385,-118.2882015772854,0.7109978541931709,0.24650501279932943,0.22596503041534266
HDOK,PLOK,17472,37,37,-129,-13,11,2,33,-115.82958607707542,-116.56212883196689,-117.66834777757657,-118.00409226317818,-116.0748403007156,-117.98592916446206,-117.934435852287,-115.69077444195997,-116.29145220306539,-117.90848623234481,-117.82031093168062,-118.2914445341992,-117.84317875908583,-118.46419381836321,-117.38383102589607,-116.99132989922342,-116.99274772798725,-117.65802597203276,-117.96064570900627,-117.84258542907132,-116.25739395267023,-117.20659721670447,-116.48152267579358,-117.21355722047626,-116.57655258387527,-117.63076412752282,-116.90306048408671,-117.32008478907741,-116.9337935739741,-117.75676379969013,-116.07314876663422,-115.78007140142086,-115.62205661431987,point1,-117.11981012598254,-117.21355722047626,-118.46419381836321,0.6701475741992453,0.35305180932012986,-1.107202567388922
HDOK,PLOK,17472,37,37,-129,-13,11,2,33,-117.18317175185214,-117.89356543348828,-118.45020081056698,-114.41951048260145,-115.62269315777525,-117.31454185026226,-115.98367439040683,-116.98692317729486,-117.19433150072592,-116.24377476801662,-116.03806826669036,-116.3784537861145,-117.05490393608106,-116.38121099354655,-115.50207928913497,-116.81818086249078,-116.65959259431366,-116.08183856209018,-119.96876282845591,-115.83402851361961,-118.54573740419428,-117.22731577964042,-116.43867329521659,-117.21935747889724,-117.23571225605907,-117.88426215570409,-116.5761293503709,-119.05283460158259,-117.71976786282119,-116.78677332136645,-116.5248322743456,-116.68555259416219,-115.88463520668162,point1,-116.90276031929004,-116.78677332136645,-119.96876282845591,1.1574129636839414,-0.6222116843477958,1.3083818909867326
HDOK,PLOK,17472,37,37,-129,-13,11,2,33,-116.89778751090692,-116.24043692821675,-118.78495661541082,-115.8491978421306,-116.90281984487736,-117.43136655691153,-116.02743869876447,-118.55392036766912,-116.19667529195118,-118.21924635826169,-115.69692202818254,-116.65554573631866,-118.1969917037711,-117.79338961151706,-118.32298557769185,-116.14678120073593,-117.41475733019706,-117.68840837227309,-115.06814777674968,-116.81854231650803,-116.9829542477472,-117.71405074509362,-118.47729405126532,-116.17079541035329,-117.47834154617748,-116.91191236644137,-117.3192165580212,-115.7649583079863,-117.47115009013378,-116.75466619353485,-117.09786436501543,-115.52802976506915,-116.18008486545229,point1,-116.99265564185872,-116.91191236644137,-118.78495661541082,0.9068701950152113,-0.03868277930490903,-0.8093760316746583
HDOK,PLOK,17472,37,37,-129,-13,11,2,33,-115.89710840460813,-116.27649852225385,-117.96144112511342,-116.27198468798777,-117.16562710622993,-118.66699194678704,-117.3941572205673,-116.05619216736847,-116.98169298640336,-115.93692317219597,-117.15053841166248,-117.40653598302664,-117.56348616911886,-116.58181233105103,-115.11954010746781,-116.40649119994364,-116.39324198045792,-117.28362827643562,-117.15632086255182,-116.69140164353696,-117.77237733542903,-116.5272911702001,-115.0361848096593,-116.88403387997234,-116.49288657914106,-116.77845519668004,-118.00901078593196,-117.81565178820335,-117.29431626111875,-117.38421669770462,-116.37467118260263,-117.00239672617342,-116.38134128714708,point1,-116.85195296984038,-116.88403387997234,-118.66699194678704,0.6144995779549416,0.16793470493250695,0.32166541604000587
HDOK,PLOK,17472,37,37,-129,-13,11,2,33,-115.445076004461,-116.47773686277046,-117.89105593299465,-117.39397998144963,-116.73352676385217,-116.42041239035233,-115.68159647410847,-116.38615028039378,-115.81062687920175,-116.74203959014129,-116.90371745089735,-115.27523941009085,-117.60230243353695,-118.11290960035527,-116.79772729029423,-116.5239185113052,-118.6210206730976,-116.64512051402828,-115.73952459860683,-117.85265277049855,-115.2280926886034,-116.69268495350433,-117.49797099028166,-116.40475393697449,-116.18651619713866,-117.29757266900775,-117.00992573886576,-117.37010914435363,-116.3464366545609,-119.25953466285259,-117.83993037095948,-115.21375616632912,-117.68156101607067,point1,-116.82076301824057,-116.73352676385217,-119.25953466285259,0.9430970828798771,-0.3073722925901992,-0.0992487628976586
HDOK,PLOK,17472,37,37,-129,-13,11,2,33,-115.96814951424884,-117.44855672444122,-117.74299502391641,-116.15882383236216,-116.12121863511254,-116.94911984527224,-117.76827183041772,-116.18358705687052,-116.85246332181737,-117.75675571224934,-117.10605475957465,-115.72046257742535,-118.4002306821985,-117.30394218542884,-117.47721197089702,-119.10762895263684,-118.52957380180561,-117.40349294898645,-117.17631690994239,-116.0766777030371,-117.27635522121834,-116.92321140843397,-118.80213244546772,-115.77406008819166,-117.63948446275695,-118.39593100386723,-117.43172815629913,-116.2734315749595,-115.92606096329126,-115.89215755376723,-117.09710477478454,-115.58582467486927,-115.5392154201286,point1,-117.02449187080835,-117.10605475957465,-119.10762895263684,0.9490226580415593,-0.25239400380992744,-0.7883970611020339
HDOK,PLOK,17472,37,37,-129,-13,11,2,33,-117.40845437607659,-117.16738751194076,-117.46696544370973,-115.44850884436906,-116.07949540813138,-116.33658032732028,-116.94531524370521,-115.39817474659267,-116.20966950120655,-116.87161220680278,-117.05650490698582,-115.42551210778608,-118.15892497714688,-117.23965181240045,-116.06081505723135,-117.56999444024734,-116.51713615065934,-119.20246116804353,-116.46127549823767,-118.79065429038404,-118.31746874038946,-116.30570489011997,-116.09477344004496,-119.14025200327224,-116.68777431048117,-117.4592981002542,-115.67598591162762,-116.59753824198808,-115.74606860829535,-117.53184861278545,-115.29641729835603,-118.1131264691089,-116.50532643027381,point1,-116.88747506290831,-116.68777431048117,-119.20246116804353,1.1106793953382268,-0.5305382136419,-0.338193459195411
HDOK,PLOK,17472,37,37,-129,-13,11,2,33,-116.93141489884535,-116.9288273406122,-116.49360612337094,-116.97341808858113,-118.04208024898394,-114.79698676534086,-115.58718665854069,-116.07474893681493,-114.93080619263503,-117.11345122364133,-116.65206176765403,-116.96654760322991,-117.66570869304813,-117.06661867200066,-117.94135662439975,-117.27551104600849,-116.55830602549591,-115.3763227722955,-116.66406346429694,-117.03639422641703,-115.0756401293915,-115.98446918530752,-118.66490491979103,-117.80353756959624,-115.27036326059954,-118.30906025503717,-116.68888297997175,-117.71960164600699,-118.39551220764568,-116.40745184575547,-118.51446947305654,-116.50871547946116,-117.22364423268026,point1,-116.83762638050042,-116.93141489884535,-118.66490491979103,1.0701690015971652,0.2256846091691583,-0.5355020124695891
HDOK,PLOK,17472,37,37,-129,-13,11,2,33,-113.31983007679871,-115.95067084722444,-117.25597067251877,-116.7416470478605,-116.89147397670553,-118.21097410633296,-113.78814167907464,-118.20894409802821,-116.94332519719863,-116.21385513697446,-116.5425578705357,-117.6266285614777,-116.77316124646994,-118.50909154765334,-116.99392636710984,-117.86826117315525,-116.78524339194063,-118.07253862684384,-115.97089267439029,-117.8992750842701,-117.01671670254426,-116.49816184585231,-118.36210765423662,-116.84316341072534,-117.33635022578086,-117.01522019974354,-117.57231715493997,-116.39395857683786,-117.49143538814828,-117.81431381818385,-115.97054822329675,-118.03064866896001,-116.94839873349164,point1,-116.96544696925164,-116.99392636710984,-118.50909154765334,1.2525170190371122,1.5554055023404003,3.5105604885058326
HDOK,PLOK,17472,37,37,-129,-13,11,2,33,-115.63752355166719,-116.29580243381064,-116.49898853611496,-115.83891459540345,-115.27352634476551,-115.75981574452028,-115.90496535703245,-113.96358563359175,-116.42326206278112,-117.58004333256739,-115.78679036246895,-117.35454058404228,-117.24975151117368,-116.9892255625563,-116.1451246882627,-116.49630493113793,-116.49124258184597,-116.79201848657405,-117.55568942944059,-117.27996159623719,-117.76261660654208,-116.57153917768065,-117.57479886045262,-117.62355191867944,-115.82784605652517,-117.55041685863252,-116.77708572106599,-115.94363947177015,-116.76787607860395,-116.28209369624211,-116.92953343635413,-117.01916476569431,-116.35164923437289,point1,-116.5545117942003,-116.49898853611496,-117.76261660654208,0.6565039862381855,0.834452702664956,1.5293561897461632
HDOK,PLOK,17472,37,37,-129,-13,11,2,33,-116.66127466597797,-117.3686699546931,-116.18093636222116,-117.14265030696369,-117.43109908330129,-115.77462652416828,-118.23926715349525,-117.07105167366811,-118.15723085038769,-115.29505051836176,-117.04871686727161,-117.89819841480316,-115.586788276393,-117.71581896937059,-116.7019546285245,-116.98709563336412,-116.25816354847518,-114.66572741542348,-117.0519060407798,-115.4956958416572,-117.85984952500436,-116.17316360927839,-116.93288788682104,-114.6812487710935,-116.32076627673972,-117.95092601687281,-117.22806126594287,-116.41149310698735,-118.05179152077653,-118.48263316768232,-119.36741305344907,-115.48714554521995,-115.20173443168584,point1,-116.81457687596529,-116.98709563336412,-119.36741305344907,1.271323475074412,0.048029466474074016,-0.4664016091296119
HDOK,PLOK,17472,37,37,-129,-13,11,2,33,-115.28508853120572,-116.44347542360917,-115.50193973626517,-116.58739755314863,-117.14048694789471,-115.30632934503807,-116.16256213522422,-117.88499951306078,-116.92692324292013,-116.63247460515421,-115.71033846200982,-117.74225406205302,-117.77268725498297,-117.3191512823109,-116.97965891654624,-116.80141301319888,-115.41203868575062,-116.78368229963432,-117.29738597353551,-116.72373976522357,-115.73987267828085,-118.20716031411816,-117.16935833961634,-118.41185844013714,-117.60031595251105,-115.57441860739505,-115.55216879754845,-116.57364520619711,-116.72885353428944,-118.00079084838795,-117.72710229164662,-117.15381158720203,-115.84776003280487,point1,-116.74851949633035,-116.78368229963432,-118.41185844013714,0.8021300664652411,0.07017504918158833,-1.0132988059370391
HDOK,PLOK,17472,37,37,-129,-13,11,2,33,-115.29233301409883,-117.93197620011914,-114.56168252611288,-115.00800088892754,-117.5080631055608,-117.66429616377283,-116.60323264466642,-117.15688863791182,-116.75557914703496,-115.3895474375169,-115.33239458060315,-117.3052965485781,-116.49465323431275,-117.83275611640333,-117.0939713802251,-117.50789104756963,-115.86493243147503,-116.22389491454175,-115.87141986633335,-119.7233493199761,-116.4375103751367,-117.72991246303997,-118.74381224321355,-117.41388783544676,-117.11499458422296,-118.14860320096211,-116.08220848908711,-116.7655066879978,-116.80490325404635,-118.07170942068058,-118.95879535536315,-119.36439567480072,-117.13955477770018,point1,-117.02721071416481,-117.11499458422296,-119.7233493199761,1.4789035051418635,-0.11825619914546003,-0.1775520880093051
HDOK,PLOK,17472,37,37,-129,-13,11,2,33,-116.52942803216999,-115.71944081699895,-117.78790448606533,-117.04003222039755,-116.57529883024492,-116.10333634784928,-118.38567349607945,-115.42233654455845,-117.01686881611896,-117.4667041631532,-116.77838278115625,-118.02819896505473,-116.65349143231025,-118.42960287591384,-117.63902327119564,-116.28083506995641,-117.56627400101306,-115.1540321891736,-116.25442528116378,-118.03874933253236,-116.80657741766078,-116.7298519934432,-116.33381292773055,-117.53536255493457,-119.14989360288003,-117.46712785221119,-117.16685285440757,-118.60703165001296,-116.98732063189743,-116.12899082724239,-117.18587920927737,-117.60704958216715,-119.83866794089538,point1,-117.16407448478385,-117.04003222039755,-119.83866794089538,1.0386993452464603,-0.4265824605331281,0.3699478621648793
HDOK,PLOK,17472,37,37,-129,-13,11,2,33,-116.61710199810113,-116.33035790509173,-118.11471963245418,-117.72979634653935,-118.57856521772732,-115.80792323882868,-117.34063926576431,-117.6497786653529,-117.47409719009133,-115.45648070428165,-116.14497399981485,-117.27666724713266,-117.41107633893934,-116.94079835011755,-117.5540462798534,-117.57639344350933,-117.51348464174369,-116.0303110849909,-117.0721343633342,-117.2239384941551,-118.60991762757537,-117.07227310252452,-117.78028326053376,-116.55177253439994,-115.5755380409449,-119.44399046290037,-116.92376097594057,-119.05348722946961,-117.11617998826205,-117.73466990116626,-117.36166249045061,-116.8012140201347,-116.62898603107963,point1,-117.22718242646077,-117.27666724713266,-119.44399046290037,0.8211168416745978,-0.25267466793902094,0.3302804818468972
HDOK,PLOK,17472,37,37,-129,-13,11,2,33,-116.6530348071758,-117.8030293882554,-117.67917359264368,-116.34248207560756,-117.77965576841534,-115.94462164698801,-115.02762571259008,-117.7766705917196,-117.43690792653575,-117.66667807028894,-118.27410723499531,-116.61732620104736,-116.62851584692596,-117.1525101842792,-117.01961630833738,-116.94022409199238,-116.58965347196185,-117.57026069337834,-116.90777561012473,-117.06532583336602,-118.83527387345903,-116.02747601237533,-116.95337943702954,-118.95285637740847,-118.06354611148556,-119.53105164892222,-117.159043887378,-117.04786464052425,-117.91912778810443,-118.1538039932172,-117.6702965080794,-117.65687114983898,-117.04266895537982,point1,-117.32995319514636,-117.159043887378,-119.53105164892222,0.7912572895801157,-0.047602386164608906,0.8937177565984187
HDOK,PLOK,17472,37,37,-129,-13,11,2,33,-116.41665928896458,-116.31069746447601,-117.02628794455042,-118.03320008431633,-116.61350292073436,-116.64915469934705,-115.62792599389456,-117.55623273176855,-117.55055213770686,-117.24411988859026,-116.25751282900941,-116.8406195755033,-117.22844010034004,-117.09565276258893,-115.75072624207799,-116.33324268836108,-117.02746681366706,-117.21509055705012,-117.13424991584785,-116.52346281596239,-118.6333528126883,-116.40016109442331,-116.25225526574168,-118.96317832628962,-115.96538332458333,-118.26796870873765,-116.79248111810641,-116.9028750332167,-117.89312572226775,-116.46084502841346,-118.8015906447971,-116.389438734782,-116.5955959684025,point1,-116.99251664355172,-116.8406195755033,-118.96317832628962,0.6874624426671716,-0.7988100851165849,0.16514915693498988
HDOK,PLOK,17472,37,37,-129,-13,11,2,33,-117.02152662350127,-115.80430172406699,-117.57129369333487,-116.89440606591573,-114.82455641395234,-117.082889906429,-114.93954445688664,-117.66998043622169,-117.16436351673363,-116.03547262604185,-117.25581122641472,-117.87830377432053,-117.58563074294221,-117.42260442106773,-116.3877170612245,-118.4445931167576,-117.70216851550278,-118.26732279880896,-116.57990092518773,-117.71232530475719,-117.7167239612679,-116.70341840867573,-117.17473408052173,-118.41045909005577,-118.0817557502127,-117.03616669262486,-118.97436468991516,-116.50122146169888,-117.45982438885335,-116.91548896598582,-116.78277864495575,-118.62484554426189,-117.42344040184946,point1,-117.21363440699838,-117.25581122641472,-118.97436468991516,0.8570013264808447,0.6701615196367412,0.8667988868564271
HDOK,PLOK,17472,37,37,-129,-13,11,2,33,-115.0138868221614,-115.69358483391579,-117.19688974066685,-117.96822715564343,-116.90163661633643,-117.38041216269707,-117.16525719653944,-117.55701887825165,-116.60419219208524,-116.32332621469288,-118.61868842708196,-116.50888807842254,-117.26250367744261,-117.01788713316986,-118.02769977372627,-117.20738767849771,-116.98540432216457,-117.35525024546577,-117.59984695362205,-118.1011740689067,-117.03894785857369,-116.67541786388831,-118.3001677502325,-116.9086376418814,-115.8873076713446,-116.70366544735688,-116.35342981220936,-118.65576997907962,-115.14713896810021,-117.60827323183665,-118.37712399751558,-116.4015117276359,-116.47587692828915,point1,-117.06128578937677,-117.03894785857369,-118.65576997907962,0.7867383895782166,0.27737547483926345,0.024432595807498014
HDOK,PLOK,17472,37,37,-129,-13,11,2,33,-115.06129557031765,-117.64918656067834,-116.2607125170948,-115.67839979143017,-117.47378194579996,-117.13945722605283,-115.81208159744729,-116.26483806873685,-115.77479038634527,-117.14002522475948,-117.32441447408927,-116.88224016911381,-118.50941325512926,-115.82591096293773,-115.35136338778706,-118.16794998286119,-117.64234311696889,-116.67166152668906,-116.75486489512913,-116.28557383545191,-117.4984890330675,-117.4076799931049,-114.0721407083094,-117.52746300311402,-115.08740626303965,-116.90645115519716,-115.16987929692294,-119.7455611871343,-117.52970106808574,-118.0787715741189,-118.49305779020176,-116.35285903788457,-117.50262585940607,point1,-116.8194663777093,-116.90645115519716,-119.7455611871343,1.4008279959212926,0.039902059457953554,0.1324903930567034
HDOK,PLOK,17472,37,37,-129,-13,11,2,33,-117.60867075393098,-117.25718121526562,-115.89536591357582,-116.70104383677673,-116.7152161410355,-117.02376728845768,-117.69647785170824,-117.0410542809484,-116.40080703498137,-117.31140189156017,-117.99606246047385,-115.86830193026987,-115.45334837574605,-115.82908447850193,-118.03856931859004,-119.44380597820707,-117.32900052184972,-116.63269790456684,-116.50707652444734,-116.79424020356142,-116.44849860215375,-117.10595146440849,-118.24739702886782,-116.9603822249666,-114.80642463911468,-115.4850934921508,-117.67065448707135,-116.84610030785896,-116.62702975154376,-116.21027855412439,-113.84687026178896,-117.49838004133636,-115.92430797216775,point1,-116.76425887066694,-116.79424020356142,-119.44380597820707,1.0944139378892992,0.28287113444614165,1.4088932107278835
HDOK,PLOK,17472,37,37,-129,-13,11,2,33,-115.92666146221228,-116.66754926708046,-115.85300527565289,-117.47162268897817,-117.41610640734235,-118.23104434754578,-116.67877861922253,-118.23788811215556,-115.34347952752118,-115.35234630648911,-117.89534174361387,-117.6576671116058,-117.27645988779611,-116.80021445555623,-118.7259554143897,-118.28137191650393,-115.52555635352333,-117.00695442738585,-117.59588554105628,-116.35224264558883,-116.36017061282084,-116.91423251925272,-116.92264031875386,-117.31577846285613,-119.19439102861315,-115.52426013266388,-115.65788828705806,-115.84770107702346,-115.32899512072032,-115.3012778843208,-118.43210517196876,-116.05309097679569,-116.26566590166182,point1,-116.8307372425979,-116.80021445555623,-119.19439102861315,1.1929566093524342,-0.3059381689880804,-0.9022810596425965
HDOK,PLOK,17472,37,37,-129,-13,11,2,33,-115.75788183860826,-116.47126097208418,-117.21926206612724,-115.15054632239057,-118.00418303081658,-118.49738461886082,-118.09522905761442,-115.87358645959883,-117.81465721176703,-116.0558841396138,-116.61193762502745,-116.64169663615753,-116.75410010360055,-117.71341874119962,-117.8148510261175,-117.16624404814003,-116.51412608952207,-117.72409720111284,-117.04120588779803,-117.22981673677147,-118.10449259082364,-116.95068237363463,-115.15130986105376,-116.61231598262687,-116.87097557313031,-118.34207414665246,-117.88327159966387,-117.87196877869884,-117.05796173869797,-118.70618054468538,-116.08480471502412,-116.77318678848101,-118.36435281542411,point1,-117.118937797622,-117.05796173869797,-118.70618054468538,0.8565599333086666,0.3219369942122844,-0.5370837269169417
HDOK,PLOK,17472,37,37,-129,-13,11,2,33,-115.59176142671461,-117.04529263186475,-116.02411387539237,-117.49507637371376,-117.52954726882405,-116.918739279655,-115.95744118113569,-118.54619712274167,-115.19130878382045,-116.36293056834725,-117.03612367959772,-118.23232174930772,-117.40139059803535,-117.27360323566813,-116.38537827399384,-116.02671078162145,-116.59851248344195,-117.65277994315575,-118.57608105886337,-117.11164441617048,-117.53359512571024,-117.24363149659949,-116.48538695793232,-117.35126345039215,-116.65185016386066,-117.80675489202876,-115.9778798900436,-116.3963845674586,-117.28893044456021,-117.23335139938159,-117.36320684381624,-115.49137351760172,-116.75361826121349,point1,-116.92527823462622,-117.04529263186475,-118.57608105886337,0.6704543517592731,0.0725773247251754,-0.27282201914162485
HDOK,PLOK,17472,37,37,-129,-13,11,2,33,-115.21673850309732,-116.80120187550243,-116.93327791329413,-117.23767451813167,-116.99620264537855,-116.83115985549323,-116.57283850755628,-116.86647307029519,-116.6790709140118,-116.39919987107594,-117.9045182607426,-115.38459525766557,-116.86359929535493,-115.66058581631727,-116.53425732758335,-116.91970778163075,-115.44173667261204,-116.96303011650592,-116.64064470035252,-116.67079617824048,-117.1332389088138,-116.50677124201846,-115.97218123486817,-114.98682086199447,-118.589868492396,-118.3844743449241,-118.09352559122092,-115.61486737458137,-117.92618846818203,-116.88485085789358,-115.69405411331068,-117.80461692174285,-115.73084863018732,point1,-116.6921095794841,-116.80120187550243,-118.589868492396,0.810291598573758,-0.1225996995277828,-0.3682171989995995
HDOK,PLOK,17472,37,37,-129,-13,11,2,33,-116.77430353811111,-118.11099274955636,-116.43575906922418,-118.03414994151932,-115.69003386946073,-117.70413415921146,-118.36460016095599,-117.68978515063351,-116.16938164020553,-117.13437643935963,-116.97921368066072,-116.44905989207611,-116.66995762931283,-114.8996995162322,-115.75517792561372,-116.48136839688709,-118.63082650790248,-117.1301123948265,-117.87416566208971,-118.64236508994142,-115.62054467553885,-117.33093513319562,-117.82334554769233,-118.4894519797848,-119.02206409277967,-114.84884310626086,-115.9931307302174,-117.2375739003955,-114.8239065248104,-115.91969697286484,-116.72562394222464,-117.59486969266203,-116.68090723148215,point1,-116.96152596799061,-116.97921368066072,-119.02206409277967,1.2664052662387948,0.16529533704209018,-0.7016391772905659
HDOK,PLOK,17472,37,37,-129,-13,11,2,33,-115.38906861362341,-118.02496880811128,-117.19583838726378,-116.21753037209187,-118.67084428245987,-117.95479434719,-116.9876146173483,-116.37262155196674,-116.22462730837537,-115.05626202078425,-116.44121756482824,-116.1236060759392,-115.70879138986497,-117.74388484253764,-117.53526540009788,-116.60971932346142,-118.89642319238169,-117.4862831048826,-116.67095746503443,-116.25330366039687,-116.78032771427017,-116.99369603614265,-116.60994294545768,-115.07404408790019,-117.47107905505251,-116.57312406713002,-117.63764376379451,-115.39533858290315,-116.23264570061606,-119.25371609690764,-117.97298894106976,-116.70903643593007,-119.07515195872585,point1,-116.94976841559212,-116.70903643593007,-119.25371609690764,1.1887567910913437,-0.3327132922149732,-0.36280106664052747
HDOK,PLOK,17472,37,37,-129,-13,11,2,33,-115.35731242796625,-116.41429247601546,-117.68627236378067,-117.47648632236726,-115.31934688765341,-115.73944216297416,-114.60298566912296,-117.121423163802,-117.30946081733856,-117.08123754197605,-115.80953473777423,-116.50135157472589,-116.77250010155313,-117.33645137682393,-116.97286795306802,-117.79450851480881,-115.63741194581995,-117.35333685929848,-116.67771572881556,-117.33016074090419,-117.10458016275076,-115.97515391931613,-117.11320828596254,-117.01557379719588,-116.73290691463015,-116.421246996542,-118.07529569513986,-116.69289781072078,-116.59952381308942,-117.48217647091332,-117.0881632165762,-117.20802597671215,-116.39265731019624,point1,-116.73319726473741,-116.97286795306802,-118.07529569513986,0.6020584790281698,0.8274760387557176,0.4438458618182479
HDOK,PLOK,17472,37,37,-129,-13,11,2,33,-114.78959334173436,-116.12587134936395,-118.0923172270052,-117.63629069659771,-115.85820447751892,-117.41714899271746,-118.01304984831206,-115.7639641429264,-117.86089745061564,-116.98366981499044,-119.09297458171038,-115.97087506376495,-118.77412024373052,-116.11598816930615,-115.11938124711615,-117.80992051670498,-119.1182905831721,-115.49933452123098,-116.91917219432938,-117.10976419049017,-116.1723146388186,-116.49657756198586,-114.96267199478926,-117.09141160494553,-116.69326460433247,-114.98343366757256,-116.30673763243696,-117.17279768280925,-117.64948957217617,-116.70019064060573,-117.75178683209536,-117.11535425220195,-117.52493614501908,point1,-116.86944834797353,-116.98366981499044,-119.1182905831721,1.3003706928658716,-0.030748985248342322,-0.5325588383348623
HDOK,PLOK,17472,37,37,-129,-13,11,2,33,-113.72352667984447,-116.77023660231241,-118.28859783955382,-115.04015663744765,-117.9262144022666,-116.41496256055645,-115.09118574261554,-117.23608866169724,-115.5257575573903,-116.80155450272991,-117.25186048076726,-118.900869822118,-116.53799762346446,-116.87775433553391,-116.57348344826137,-117.140286696524,-119.16799359408236,-117.53434868281306,-118.4994772512286,-116.00020735302913,-117.29372041760271,-118.09484376472552,-115.34101430431618,-118.12058833182252,-116.16680280803094,-118.4035805890746,-118.07063817077984,-115.75503869637545,-118.96768350526717,-117.59083019996015,-117.06855643050076,-117.2306499567216,-117.67101341211065,point1,-117.06295518368256,-117.2306499567216,-119.16799359408236,1.545267100869934,0.5382076308554362,0.1702593409267541
HDOK,PLOK,17472,37,37,-129,-13,11,2,33,-115.98140039094582,-117.46907116455431,-118.07141073740227,-115.68358147220299,-116.22476512304885,-117.12418928855246,-117.39557767229583,-116.08608920662093,-117.07578846087566,-115.49202664562675,-117.53917467123362,-116.94579208096421,-117.4760882069818,-116.37969303215401,-116.57486580687203,-116.82732295738377,-116.3398211105912,-115.58338082586758,-117.9146854052774,-116.25216774169375,-118.75679604834716,-118.55558250100404,-116.02075689394273,-119.07694336976017,-117.80987208687368,-117.45246522637561,-117.9900726380959,-117.39445620017486,-116.96386261259418,-116.6360745278625,-114.5274210187256,-116.12705264502667,-115.33745266944746,point1,-116.88138486179929,-116.94579208096421,-119.07694336976017,1.0625738362812505,-0.04439734057782432,-0.2579061685274495
HDOK,PLOK,17472,37,37,-129,-13,11,2,33,-116.56832177169866,-117.98416189779851,-116.32461117962451,-116.16429439995228,-117.03948427387316,-114.85957044330279,-115.59664007741715,-114.24924535730456,-117.51561001242943,-114.75556806319165,-117.68495591279594,-116.42563104222577,-117.42502948066102,-118.48102410683173,-116.87231351060692,-116.94730166275436,-116.73729184622404,-116.16132062854587,-117.088620459137,-117.52161526603246,-115.89843869031937,-117.49440564348102,-119.89719166228089,-116.63657190481018,-116.08495874017007,-117.37950760324614,-116.1119254971426,-116.15039099430159,-116.4743753488787,-117.18717589273066,-113.44962204580267,-115.6197510385818,-117.48523327635937,point1,-116.61430787062162,-116.63657190481018,-119.89719166228089,1.472725935515889,0.17477126179659677,1.4732759417568464
HDOK,PLOK,17472,37,37,-129,-13,11,2,33,-117.77329215084193,-119.14477030447233,-116.41249671604032,-113.84565476636885,-116.75528875133179,-117.24066010752966,-118.61456741806509,-115.57908208085166,-118.45370752199779,-115.09699072590735,-117.6118240975285,-118.79844560107641,-116.91145276799905,-116.21671005112405,-116.82271308632856,-117.17158880694866,-118.14725467593696,-117.40901651996691,-118.64077594915506,-116.92700676760687,-116.11275576357286,-117.65690882234857,-115.56032427419913,-117.78610375135804,-117.15685429138807,-118.32901962894279,-115.90838907539884,-114.20318508025885,-116.78288205308317,-117.70239864792548,-115.60413459401641,-118.17384172589735,-116.89247540771558,point1,-117.01341127221765,-117.15685429138807,-119.14477030447233,1.6069663915050576,0.6053639040279064,0.1049970204834576
HDOK,PLOK,17472,37,37,-129,-13,11,2,33,-116.1651744757794,-115.91667696817443,-119.64909784494589,-115.05082803032317,-117.64241507999783,-116.36105405189957,-116.08628128879272,-118.70183721848555,-117.41580657170907,-117.7119435006747,-116.72792834598302,-116.84962023133633,-119.50090551421201,-116.18902887642112,-116.77117874233787,-116.69121219842533,-117.50316832562125,-118.14017321001633,-117.53154852001181,-118.63873737545315,-115.87890763429581,-117.66648892374832,-118.73096780390448,-116.24213416604996,-116.97105802274974,-115.98018812707379,-115.95551896427732,-117.27628476910958,-115.04356837652043,-117.95443611698971,-116.73655615435021,-117.54385994943817,-117.23710832350096,point1,-117.10489980916999,-116.97105802274974,-119.64909784494589,1.2689006341972284,-0.3760148682976335,-0.15598185653649121
HDOK,PLOK,17472,37,37,-129,-13,11,2,33,-114.29732666001227,-117.2186688854499,-115.61050203759532,-116.88593867627573,-117.34693289019783,-118.07875145072188,-117.62526187610192,-116.58452644592593,-115.24656873654963,-119.48510519835598,-117.8445122536999,-117.40349455139206,-118.40674261383693,-115.72308832612839,-116.7445153961383,-117.34116608124403,-118.65308584483112,-117.39838706352732,-116.46120911048334,-116.18435745217658,-117.79664571333764,-116.48677578004447,-118.42855470096639,-116.73762450582052,-117.40843714402975,-117.25470333075076,-117.95935714519833,-118.30480398665361,-117.81907603105397,-117.85619868893119,-118.42842908165957,-118.14445953294684,-115.83808918974763,point1,-117.24252413278133,-117.39838706352732,-119.48510519835598,1.1797996434124711,0.5957405359800396,0.46481412910922826
HDOK,PLOK,17472,37,37,-129,-13,11,2,33,-115.66984423225024,-117.73893378492566,-116.09983650015732,-115.73227732571414,-117.66137927713508,-117.53254314221662,-115.60277696891379,-116.72350148790711,-115.48408807145682,-115.56393290881614,-116.98651637269069,-115.3618084469597,-116.80050736725168,-116.99853362422489,-118.01439199642789,-117.49794103013237,-115.85321496971535,-115.98372790935298,-117.82519267588701,-116.98397020422033,-115.92859159157922,-118.02867269458608,-118.2428692721269,-115.60699854681813,-116.07470298885328,-116.44030883417867,-117.15937087339255,-118.47055646596993,-116.81226930233291,-117.44382209214388,-117.34419514988413,-116.99389222713141,-117.49239154823718,point1,-116.79253211768454,-116.98397020422033,-118.47055646596993,0.8210254195194635,0.0005239856898619973,-1.251289743264019
HDOK,PLOK,17472,37,37,-129,-13,11,2,33,-119.91988916216445,-116.68021866941051,-115.38216161977773,-117.50827496223687,-117.7400704535877,-118.8833156632971,-116.39815774349863,-115.88807398987036,-117.76257658487368,-115.04341028110908,-115.1043157680629,-117.14396757756506,-116.92397326645349,-115.42273284441366,-116.13731012713535,-117.70466550779253,-116.96521094276379,-116.79296547224932,-118.13784286777447,-117.07293616270397,-117.0093398595523,-115.45317368800919,-118.27193679868276,-116.83254797155448,-116.87142272929155,-117.04675024725047,-117.38749439121734,-116.86306196034472,-116.08886436302038,-115.86137115578859,-118.24598216571945,-117.05190974860422,-117.72508615985967,point1,-116.94912154259504,-116.96521094276379,-119.91988916216445,1.1711467537781284,-0.3517601553326218,0.4810503975343048
HDOK,PLOK,17472,37,37,-129,-13,11,2,33,-115.8515339513051,-117.34447081869037,-117.07486267045728,-114.20130816407175,-116.9732394897043,-116.699723563615,-117.34676008971428,-116.57872668224557,-116.05030942220493,-115.95160021182375,-118.10717881619587,-117.78480259281284,-117.74671799583966,-116.16305700147677,-116.62594135593763,-117.82709777598123,-117.53167217880544,-116.29965697336235,-117.39065543622499,-116.16701093758563,-117.17757577188644,-117.07396875712722,-116.20403220977907,-116.74520601731949,-118.28006502330754,-118.05815982604129,-116.81465968752303,-117.80226926791875,-118.17474562526577,-118.17195763801004,-116.94759873610572,-117.11501601514775,-116.48034648761823,point1,-116.99278567245773,-117.07396875712722,-118.28006502330754,0.7399572358460446,0.8530471660931567,1.7017412190446657
HDOK,PLOK,17472,37,37,-129,-13,11,2,33,-116.84218350969357,-116.12493949976061,-117.38882222445493,-117.45982932230481,-118.54691587958291,-116.85086358721836,-115.87179332850887,-117.57484482534964,-116.7475086437607,-116.97876205705026,-117.4415957363195,-116.8410367695031,-118.43088210032363,-116.60929260948059,-118.22717564170055,-117.60876462764723,-117.13748292490946,-118.39473992779743,-116.60845500351998,-118.2811226316507,-116.4478029575062,-115.86534485100684,-117.06175515416213,-117.61006573171767,-117.88491470258194,-116.7614759429846,-118.44797364914646,-117.44380471633579,-116.51471930935834,-117.18114688246021,-118.5177935764786,-117.05948580331834,-117.29707237885513,point1,-117.27455656080149,-117.18114688246021,-118.54691587958291,0.5627204596081173,-0.11584630121414119,-0.6935323043628241
HDOK,PLOK,17472,37,37,-129,-13,11,2,33,-116.68096414901372,-116.95913201760084,-118.06556940460369,-115.63593324287194,-117.3562866991483,-116.27492671495685,-116.54823795756575,-116.96663067268135,-117.83029860631724,-116.82974794213443,-117.58391066540202,-118.57221298656664,-118.7289531941428,-117.19808302182379,-116.57601437907049,-117.10415918312786,-117.25391108554219,-118.91299499017293,-118.76672115269258,-117.48790408083168,-116.64239986446573,-117.35244035503806,-116.44050693061548,-116.67290278608017,-116.31092999049135,-119.13799723452873,-116.6447035980897,-118.10838995420633,-117.84160766479212,-116.62927184228377,-117.37051834516794,-117.70829700410201,-115.31482992419241,point1,-117.2577996254643,-117.19808302182379,-119.13799723452873,0.8180355635902572,-0.2526814925996242,-0.19739239864418057
HDOK,PLOK,17472,37,37,-129,-13,11,2,33,-117.1169207333712,-114.5416874164848,-119.55318286857285,-116.62325974779114,-117.39881072621135,-118.24914225726056,-116.95132792968693,-116.3348268050082,-116.70434131150014,-116.44804685972439,-117.14483792663432,-117.75929140358821,-117.36591830894615,-116.50439073183679,-116.43572715429781,-118.09859067233364,-116.69335356105432,-116.86110304836386,-117.72947353066508,-116.48926689222941,-117.54629497536364,-116.93116149335907,-115.46594626659807,-117.16460074229744,-117.26195345035632,-116.47203826687701,-115.79328539441173,-117.26429961720996,-116.94998636960953,-116.60716765224969,-115.4226314210273,-115.6057940178895,-115.40546453664024,point1,-116.81497345725609,-116.86110304836386,-119.55318286857285,0.8860928408858993,-0.20476923417869983,1.4986020375797504
HDOK,PLOK,17472,37,37,-129,-13,11,2,33,-116.00787571711544,-117.4187104202578,-116.389214404161,-115.09491292689472,-116.70752263524115,-117.7239649243208,-116.99162473751097,-117.14427561091914,-116.74609496691583,-115.89462305081668,-116.48968614388006,-118.02284463859569,-117.88655491153816,-115.80829937923333,-118.82173855512191,-118.37041534793576,-116.48009548298698,-118.2144579513771,-117.6326488012618,-116.77152507488516,-116.21025737534212,-114.75487659553568,-116.38285376192405,-116.83762193451687,-116.70041419276929,-117.16840518804439,-117.73068430924693,-117.19121689885638,-118.10680498749676,-113.687319057243,-117.49922797326667,-117.7769980884361,-117.0054561506595,point1,-116.89906733922145,-116.99162473751097,-118.82173855512191,1.1352080646624474,0.8745938927826383,1.364898334330245
HDOK,PLOK,17472,37,37,-129,-13,11,2,33,-115.71440941965622,-115.47958814969569,-118.48831102600343,-115.417579629548,-118.05777238260416,-117.4748052000474,-117.67521480608738,-116.23885195342365,-115.22939399553795,-117.72836928792464,-116.69650609490343,-118.90892370080005,-118.06398712942898,-116.20541393319937,-117.57658750067378,-118.51871487155304,-118.98660517035141,-117.94606685578024,-117.63521401905365,-118.315848425532,-118.2127382811132,-116.15336248068455,-117.07850390404367,-115.83192319368713,-118.84503454176786,-117.37166708281329,-115.59023623348817,-117.30205361308333,-117.17051852640874,-118.36670372319402,-117.97973398932908,-116.36097426698701,-118.60906181776159,point1,-117.3100204607929,-117.57658750067378,-118.98660517035141,1.2637985776858878,0.37991581440802275,-1.1003708233217533
HDOK,PLOK,17472,37,37,-129,-13,11,2,33,-115.13696096913235,-117.5544808994428,-117.33743363872053,-116.92433953480482,-117.46389034334838,-117.50730263208207,-116.29249774562506,-116.66476173765184,-115.97335375747049,-116.89970187538287,-117.31857566949371,-116.00014915368553,-118.64448351371499,-118.17847175638417,-115.58103103435731,-118.9227248869648,-117.13462472047469,-117.76968525657105,-118.81642020586835,-116.10050287741758,-116.65741501030362,-117.30621276930296,-117.18584557421624,-116.159975563916,-119.36556160707514,-118.57155524678046,-117.15657652373406,-115.41900877921162,-119.05709089201065,-117.28352267628118,-117.23800351965482,-118.26821489969785,-116.43004496493492,point1,-117.22183091623373,-117.23800351965482,-119.36556160707514,1.1481873898333788,-0.1337871530309575,-0.5486903226591271
HDOK,PLOK,17472,37,37,-129,-13,11,2,33,-116.5584587721665,-116.67962017292821,-117.18978349850991,-116.5273017779999,-117.49534536264477,-116.47358630653574,-116.49381532849547,-117.85278029515568,-117.20303865199101,-115.37337332910674,-116.10571914270291,-117.30839185836253,-116.0683972849206,-114.73435748301209,-117.54701387232018,-116.1689083410356,-116.88013918376357,-115.78703269678655,-116.473873203647,-115.27086648940997,-116.77800690958956,-117.91396516183522,-118.66593637569042,-115.80649079624602,-117.13078550733407,-116.18261139708574,-116.74911598791701,-116.45426478045925,-116.63134367290876,-117.11994169945407,-118.56773463636114,-117.08116228199802,-117.35514272146517,point1,-116.74631227211633,-116.67962017292821,-118.66593637569042,0.73138576173015,-0.052196064157841914,0.4057876127146267
HDOK,PLOK,17472,37,37,-129,-13,11,2,33,-115.4972590561924,-117.59148123755396,-117.84029042676298,-115.71039737596061,-115.27789444665834,-117.70243643763547,-116.03158872929268,-115.80294744993148,-116.86061639778818,-116.68542552226654,-116.711456907493,-115.5201823091187,-115.68978421681011,-116.5592828681704,-115.57448770736255,-119.96056205828565,-118.00011054748424,-115.92445158072435,-118.31809634077091,-118.05640839666071,-116.26791233939561,-117.48373420192657,-115.47526441241108,-116.33237928656966,-115.94026676984372,-118.39174627132422,-115.59007249850526,-115.29774423740585,-115.257177022559,-116.53982194647956,-117.05702716005526,-116.02449611621776,-116.95160687398531,point1,-116.60376997423036,-116.33237928656966,-119.96056205828565,1.2554055472653594,-0.9744515153782771,0.6971865071949606
HDOK,PLOK,17472,37,37,-129,-13,11,2,33,-116.12516977497309,-117.45543514876918,-117.82891565114133,-115.95709442269508,-118.17192691295534,-116.40419433824862,-116.37156644431768,-116.75621189605782,-116.23070163945647,-117.15012634394346,-117.2872210244846,-116.95637270832705,-116.76295799780205,-117.23502994840597,-116.20148062771722,-116.53080081459571,-116.01599158949573,-118.31375991079025,-117.49775648528448,-118.52829801494714,-116.71572745537043,-117.88229064351418,-115.45022271755997,-117.6710422514761,-117.86614011093896,-116.03980475166746,-117.78092234553233,-117.34346060336816,-116.39788052147219,-116.90582145803057,-115.77278841714238,-116.37374686568877,-116.87289553474207,point1,-116.93496228396701,-116.87289553474207,-118.52829801494714,0.6101055104891814,-0.20726872430440874,-0.8325370153629934
HDOK,PLOK,17472,37,37,-129,-13,11,2,33,-116.04345926725999,-117.14541836823162,-116.18440074027139,-116.91040523183167,-117.58242931554986,-116.89130914535329,-116.20535369396485,-116.53606308440388,-114.4354329358674,-118.10649361781279,-116.18362583189688,-116.83342157179243,-116.19579555583641,-117.16481145989223,-116.4228906351859,-117.74191083864415,-116.9416797615858,-117.15471078751324,-117.82399414229303,-116.5883967367395,-116.75808391775826,-117.80333939788896,-117.59329972107493,-117.37732205684516,-117.89243581892565,-118.06498575066021,-118.136763238016,-118.38849148098438,-115.55732078584994,-115.58800831055642,-118.12011747650776,-116.8239842284066,-117.0773419661702,point1,-116.97798475368394,-116.9416797615858,-118.38849148098438,0.7707712735328814,0.6381367041132708,0.5664166019721297
HDOK,PLOK,17472,37,37,-129,-13,11,2,33,-116.03056795298059,-116.7384304602037,-116.52616931416435,-116.89779146916675,-116.01845657396179,-117.42191570500512,-116.40382342479111,-116.85382468498928,-116.85317436604599,-117.36167438924745,-114.61482904156162,-116.25262522510478,-116.34177221279748,-116.18224155079474,-117.32947168188012,-115.38571566647032,-116.81457124503754,-116.52670990248333,-115.74009223026194,-117.36484226357717,-117.89614925084146,-116.3175128921817,-116.35503356497193,-116.96961838092523,-118.64051904931897,-115.02815955368234,-116.57252182428188,-116.1130340708886,-115.95714628443051,-117.58427557217281,-115.73138443855932,-117.06437212420919,-117.7246793923591,point1,-116.59433653816204,-116.52670990248333,-118.64051904931897,0.6766190883780763,0.01395773552493197,0.5393390993409208
HDOK,PLOK,17472,37,37,-129,-13,11,2,33,-114.49695175873207,-117.27022063456764,-117.56116658562247,-116.66114650792689,-117.82063912533016,-117.34263425288599,-116.92709253895758,-116.01446956034977,-116.34184689532488,-117.50256317508527,-116.21977561777797,-116.89286999078809,-115.52162379061595,-115.08584966815417,-118.80618325845919,-116.57452125500875,-116.21379461697961,-117.611093634567,-117.02163739346018,-114.46288853755827,-117.67715036778989,-116.91616119575495,-115.9210068339856,-115.39554293316692,-116.41318146927252,-116.50441185451089,-117.98358452511101,-117.07585846557772,-119.08498673459812,-116.87344937457189,-116.99214254912826,-115.63639878676413,-117.74182577532419,point1,-116.74438392920327,-116.89286999078809,-119.08498673459812,1.1196130339956027,0.16548796967582016,0.18287908457966529
HDOK,PLOK,17472,37,37,-129,-13,11,2,33,-116.72160562836979,-116.80664201808521,-115.84304386135544,-115.99497311740409,-117.94786248273924,-115.84317988366296,-115.80178371339966,-116.36697648644021,-116.53332783224904,-116.92745033445894,-116.3091163958967,-118.53237177051746,-117.7205432062204,-117.92949865983715,-117.45879343824065,-116.09504284076552,-117.68599374786287,-115.93650761095616,-116.01490626077266,-117.91279110748587,-117.39621738912686,-117.76854415467272,-118.8438856195512,-118.12244502255396,-118.12295327350321,-116.21223573174964,-118.76381787551594,-117.87439962727208,-115.20698752197646,-116.708529165189,-115.30523964530971,-119.12799138132468,-115.55603618322624,point1,-117.0118694844755,-116.80664201808521,-119.12799138132468,1.1923762269838702,-0.17591665641811252,-1.1307886761863712
HDOK,PLOK,17472,37,37,-129,-13,11,2,33,-116.18338834825674,-116.05405407318055,-115.81966188808927,-118.96136405445593,-117.62183537461836,-118.46213859531386,-115.082075581455,-115.28233826169325,-118.3848316258303,-118.1864361295207,-114.48104288167018,-115.21110389240584,-117.89046845400372,-115.85445887983862,-118.4816531265829,-116.20018958181689,-116.89768419340928,-115.27638985264373,-117.13850430816014,-118.31176204509208,-115.39894757818786,-117.08087497832794,-116.98266480266334,-117.97538803049453,-118.36072280859123,-116.37703750031349,-117.50028020141377,-115.49180911491325,-115.63957277503246,-117.67409667154212,-116.26280705151316,-115.14283234814027,-116.34900079465113,point1,-116.72780047890369,-116.37703750031349,-118.96136405445593,1.546964164326409,-0.10416511088707736,-1.277314414791197
HDOK,PLOK,17472,37,37,-129,-13,11,2,33,-116.01389696790024,-116.86058645710125,-115.96461891352347,-116.94389213977313,-117.28816085784926,-116.52159530335452,-115.11571849116218,-116.65549547625409,-116.10757637294321,-116.48020994696483,-116.91279122496239,-117.24754128046031,-117.5910846869053,-119.34403666829908,-117.4508838403405,-117.01975843198724,-116.31355026808934,-116.2482476507374,-117.40854001641512,-116.03741421764528,-118.35774070983877,-117.8066878470029,-116.41453201451063,-116.71936249291208,-116.82704025289327,-116.90320960274836,-115.13859278152074,-116.94133746472453,-115.89820783042975,-117.52853680415888,-116.73955551947034,-117.91383192313951,-117.63829235355267,point1,-116.85916747907791,-116.86058645710125,-119.34403666829908,0.7252545967151858,-0.4242733038029797,1.241053301434381
HDOK,PLOK,17472,37,37,-129,-13,11,2,33,-116.09723231295803,-117.33904638145415,-118.30148020369273,-115.5561875833175,-116.49028901152421,-118.54153289278003,-114.35469811465366,-115.63429233890727,-114.85748771903015,-118.4307041033997,-118.26295334156143,-115.29974380029579,-117.70751452063831,-115.29875749852003,-117.63831153773928,-117.40770825604358,-118.10427557538526,-117.43451729125624,-118.0336038955249,-117.93471836067813,-118.49079817738362,-117.05266540102292,-116.86383115963925,-116.58860390729194,-115.42255154332638,-118.3335621116964,-117.106695060271,-117.10701106836355,-116.15667024584386,-116.6501483536864,-116.65202875575585,-116.48312945296252,-117.09831004738368,point1,-116.93124424315114,-117.09831004738368,-118.54153289278003,1.2856768906672182,0.43794613721617554,-0.6725018768125919
HDOK,PLOK,17472,37,37,-129,-13,11,2,33,-116.91675499947918,-117.24526003634952,-116.50358435145249,-118.18161247115604,-118.26497511488488,-117.38896800967831,-116.62272254801934,-117.17214250803508,-117.95923349319499,-117.84511579337814,-117.16001040306502,-115.5752519738398,-116.59982313318298,-117.66039705283143,-117.42048964770353,-118.34233429753853,-115.21094826303738,-117.28742601480883,-117.52671293132553,-116.83337634167084,-117.0891258856314,-117.90955895578024,-115.77058147218968,-115.8262606708322,-116.71564122786015,-117.71344671941941,-117.6517534939294,-116.14838439767736,-117.50774508426049,-118.30612448975054,-116.99551462709144,-117.5976496072473,-117.7655087475785,point1,-117.17316468981454,-117.28742601480883,-118.34233429753853,0.6323686680698856,0.719081092196315,0.004105269160902036
HDOK,PLOK,17472,37,37,-129,-13,11,2,33,-115.74243690088704,-116.28506854065071,-116.84788559171906,-116.58409177364375,-116.74963785106912,-117.9104736995068,-115.97617229455157,-117.72996974550877,-116.95564911372318,-116.68683938339937,-115.74305058685694,-117.83501507578961,-116.0500256921771,-116.41878777657233,-114.9243134718006,-117.21963522867193,-119.33271709055357,-117.21562383030324,-117.2557921010078,-117.17459138825411,-118.27650547141482,-116.54387143901549,-116.16249057958923,-114.75855143889234,-116.96263053851486,-119.29338990697386,-116.64292031335602,-117.72656061297666,-115.83524657727484,-116.56877674472588,-117.61717061106873,-118.84181987101017,-116.30547154493175,point1,-116.91433887231491,-116.74963785106912,-119.33271709055357,1.1319720472450827,-0.41080571733370475,0.315934486769641
HDOK,PLOK,17472,37,37,-129,-13,11,2,33,-115.00361711489053,-115.77165174591897,-117.65071381998594,-117.19589762052561,-117.36612537765346,-115.37387877140318,-117.67574850552629,-117.38409942750327,-118.32108426422039,-118.67587584742225,-117.06366230306992,-116.18254160715047,-118.23737472915396,-114.9275777695247,-116.71200928991713,-118.30518470881547,-118.56172405910074,-118.94715751265106,-117.5277170038637,-116.2793751353226,-115.9833020029011,-116.3492349261421,-117.29814911969487,-115.86862713746731,-117.46900005955149,-116.68534411871777,-116.7592956798779,-115.44345782325212,-116.65631777449995,-118.25093233847848,-117.95727042521648,-118.24580053802744,-114.93092933628306,point1,-117.00183872405238,-117.19589762052561,-118.94715751265106,1.3110160858920636,0.24587331054672013,-0.9460395513299198
HDOK,PLOK,17472,37,37,-129,-13,11,2,33,-115.52174855841655,-116.44806411401288,-118.44016039262769,-116.07491510772608,-117.91802622979849,-116.26368012601161,-116.07167247058284,-117.00481592665854,-117.76645953784127,-117.35031569895385,-116.84072746157881,-117.03722957097214,-117.17587815180272,-117.2522927760818,-117.53376427066648,-117.03668251261071,-116.78138726857918,-117.93907200241762,-117.30749054447905,-118.73306626507893,-116.09386597642559,-117.25112165427376,-117.83491714041344,-117.44595414392667,-116.87534188249947,-117.92449392243395,-116.98729512560286,-115.90777625556495,-116.59571125251713,-117.2350072003455,-117.426574438507,-118.12186855509549,-117.04270551693145,point1,-117.12848733489199,-117.17587815180272,-118.73306626507893,0.5385348627259136,0.07794282101513542,-0.16911983201528447
HDOK,PLOK,17472,37,37,-129,-13,11,2,33,-116.82822669760758,-116.74306562519476,-115.99866600264326,-116.26949024995122,-117.05366435644473,-117.8235864123574,-116.21649103864954,-116.14963444958309,-116.75612641132142,-117.23355234082453,-115.7799642359955,-117.74834956034887,-115.22256873415209,-114.94683403137313,-118.86670931311247,-117.20116830378618,-117.20434209439236,-115.76608184143602,-117.11098061793315,-118.31623905310859,-115.80942757420046,-118.49417484283613,-116.34345884052779,-117.452134302553,-115.5390813919644,-119.07199636053164,-116.4336670826094,-117.59424957833825,-116.8796485764124,-117.58084126645306,-119.89697751798887,-118.38311113249021,-118.3164641225644,point1,-117.06154466544506,-117.05366435644473,-119.89697751798887,1.3234460164641924,-0.37406422019739766,-0.2135819962191139
HDOK,PLOK,17472,37,37,-129,-13,11,2,33,-116.0552791136631,-117.3313982666707,-118.50609355145045,-116.33240511467562,-116.58470538195112,-116.55646320473079,-115.67919994100761,-115.41324265984214,-116.19788558513743,-118.16204133251632,-116.51956454863819,-117.7291227172987,-117.79890659592743,-115.84613180063117,-119.02238128203018,-115.0121966833602,-117.81556628802625,-116.7810117438397,-115.68337530524902,-116.08013047982159,-116.3663547537058,-117.02132922736715,-117.14961989491577,-116.0595099605243,-114.56025176193856,-117.95062006002243,-118.56262453462554,-117.86953656182787,-119.04601728059791,-117.94819617141805,-117.51856810625547,-117.43515100727447,-117.0276359174756,point1,-116.9582580858914,-117.02132922736715,-119.04601728059791,1.25022473980829,0.03225071178059427,-0.6186976689708863
HDOK,PLOK,17472,37,37,-129,-13,11,2,33,-115.09886566402724,-117.16441803866701,-116.72917327366996,-117.3769100567562,-117.10209573481825,-115.96688534190325,-115.44941806239382,-118.4248205888456,-117.12912980461783,-116.54500903456193,-117.69583820397051,-117.0297034933835,-115.41274527377108,-117.32030092720225,-115.49948322761126,-116.88613883028559,-117.02924116930062,-117.64068164847505,-118.60144524496829,-116.57524006283,-117.87586344685171,-116.7574494615368,-115.96516343108071,-117.24596730292711,-117.50420022523365,-118.49389369002883,-117.95057482673516,-117.85288475896553,-118.5472477316042,-115.56629975068068,-114.79871548294182,-117.68211887507618,-116.6760036645991,point1,-116.95739170697942,-117.10209573481825,-118.60144524496829,1.0303126216827063,0.37510954962203186,-0.5668857878063429
HDOK,PLOK,17472,37,37,-129,-13,11,2,33,-117.59488594628291,-116.09951174635711,-118.120418493802,-116.77634671192165,-116.13781127028732,-116.93312607207558,-115.01063222950407,-115.99548122598178,-117.24922620224217,-117.00693742579084,-118.17056885154201,-116.5466342559835,-116.28053539801297,-115.44052452362426,-116.24954231489829,-118.28831663749497,-117.26235653738019,-117.7042845932593,-117.22003484965616,-117.34757542327213,-116.3326057253509,-117.90437653533151,-115.46752186763243,-117.28560095012367,-116.58761151347412,-116.13522305083592,-119.80537264758445,-116.16343715096835,-115.23254871484438,-117.02969156234414,-116.98769585244848,-118.05747853964843,-116.99535460291204,point1,-116.89149301281418,-116.98769585244848,-119.80537264758445,0.9928801926223099,-0.47701893582323446,0.8533696745002861
HDOK,PLOK,17472,37,37,-129,-13,11,2,33,-116.05378679476729,-115.74573492511578,-117.88947307381031,-116.27904607376968,-117.3924805378511,-117.2890639698236,-116.11628140524326,-116.94333312720221,-117.0109884553542,-117.69228486018442,-116.92943970191656,-115.04536130553106,-118.19175461410809,-117.66777457251828,-118.11989319455863,-116.65223915721377,-115.5007672152154,-116.65544973505195,-115.0628196638308,-116.21634895277722,-117.15442886643093,-116.45747519552259,-117.20482027095781,-116.50421800293311,-118.12333265749518,-116.64308448823837,-117.53082465432674,-117.70004384288238,-118.00451500171607,-115.36120901384838,-116.30843713127835,-115.64225905886761,-116.09829956096249,point1,-116.76325057822133,-116.65544973505195,-118.19175461410809,0.8129548692635822,0.16941120266478388,-0.9034138944821639
HDOK,PLOK,17472,37,37,-129,-13,11,2,33,-118.09292371675141,-115.9185147885976,-117.99042352187057,-116.39821194427975,-114.62584652812583,-114.15040518209346,-117.35192508364098,-117.16883559376322,-116.34313410204972,-117.28237843306336,-116.71654272299386,-117.47333068812976,-117.53149839701138,-119.36166679226329,-117.06709485696531,-119.19021567305452,-118.48362439352712,-117.55751629361866,-115.45954724523503,-116.96274350791687,-118.09326112906035,-118.01484949032026,-116.69122995315244,-116.32822597081922,-116.78275361969858,-117.58138447639907,-117.35843316587847,-116.72805129411562,-117.10314774397692,-116.551388127173,-116.42579396644952,-117.65199613390627,-116.56807569656532,point1,-117.06075667371113,-117.10314774397692,-119.36166679226329,1.162746300541492,0.4331242329049355,1.236927199084557
HDOK,PLOK,17472,37,37,-129,-13,11,2,33,-117.09578266357255,-116.42988569669117,-118.12714944132884,-117.90390610761195,-116.8697213344081,-116.26398619492366,-115.30823059901866,-116.21975529992405,-117.2060927974266,-115.05849108692581,-115.91027713808717,-116.80382476790541,-116.30708344248816,-116.09540397972249,-115.92210368823496,-117.09836752847683,-117.81965382907173,-117.89880533042123,-116.71369484209097,-115.34666066684353,-115.00943609012273,-115.6052992283086,-116.42989692386753,-115.97801243200394,-117.63405367095106,-117.5044224678057,-116.80648884945506,-117.79594000962913,-117.77322988439224,-116.69904686835639,-118.68938537087543,-115.70247771287985,-116.85683948140888,point1,-116.69343652803727,-116.71369484209097,-118.68938537087543,0.8789071761365344,-0.06894285280834059,-0.7377833409638201
HDOK,PLOK,17472,37,37,-129,-13,11,2,33,-116.93030071729409,-114.51199671574237,-117.99243914235184,-115.86731416500788,-116.34902062710724,-118.37567407969965,-117.3729875088802,-116.59719604329322,-117.25723619373815,-116.22215057231233,-119.06296355390569,-116.03422953417585,-117.38230274677444,-114.67706818004588,-117.5570786217953,-117.677667339066,-118.18560094039672,-116.23457260187324,-116.00208478074138,-117.29242414797024,-116.82039810629247,-118.18524549518352,-119.25547921836599,-116.73815924560641,-117.41933638846398,-115.94568068860082,-117.04556403167578,-118.3966606888046,-117.97435506442817,-117.04903189959138,-117.03742083025217,-115.6523102277753,-116.37756427161027,point1,-117.01453073844918,-117.04556403167578,-119.25547921836599,1.1911453850674996,0.16173143701027423,0.0567477413580475
HDOK,PLOK,17472,37,37,-129,-13,11,2,33,-114.59472757613733,-114.95760121846784,-116.24276163608403,-115.92460415295415,-116.78707763326287,-117.67299781146552,-118.30467004594848,-116.37673310535828,-115.09289955779221,-115.06856503058874,-117.22900444569659,-117.26397961062054,-118.41963144886722,-116.79648516969357,-118.33186214067209,-117.41059767314133,-115.12491675721081,-116.6267686410782,-117.36396246052306,-118.26946384277034,-118.47018008092931,-116.36458551436267,-115.95452663143126,-115.38115802008036,-116.79502203578784,-119.56329370932521,-118.46130280115665,-117.98549965362314,-116.13060178797151,-116.5528851859978,-116.99423857663324,-116.19351284542364,-116.6290590890883,point1,-116.82833866333772,-116.78707763326287,-119.56329370932521,1.4525122647586763,-0.1226722501370831,-0.548448759170832
HDOK,PLOK,17472,37,37,-129,-13,11,2,33,-115.21170417930998,-115.14835608933498,-117.80675763972538,-117.56134172266961,-115.50326620855938,-116.49020220372834,-115.65852384412811,-117.7499658906294,-116.46541674951526,-115.28496395954016,-115.62304928963466,-117.39542721336814,-117.46024029777178,-116.78635955058266,-117.20504430116277,-116.28791800075929,-118.62948116374369,-116.8670954580881,-117.7534301147696,-116.33757609606945,-118.00211141413389,-116.11463829077962,-116.28716261038682,-117.66527124025663,-117.4050045986501,-117.72091607003365,-116.4401417217525,-118.07329013290638,-118.25915640789593,-116.13999689686096,-117.34527841048343,-117.21834624540479,-116.56411451892431,point1,-116.86247116762303,-116.8670954580881,-118.62948116374369,0.8838123166891759,0.19872386186915295,-0.9386202643746735
HDOK,PLOK,17472,38,38,-128,-12,11,2,33,-116.78764382777678,-118.05399494265178,-118.65769051615656,-116.60123764858784,-117.85306519609476,-117.57129154132168,-117.51216201121215,-117.76152893094093,-117.5452374415632,-116.82195372466519,-116.59481615806727,-116.77229250567842,-116.26469862698596,-115.80556474022232,-117.05224394275231,-117.03625539638152,-116.75538287089724,-117.2607664634651,-118.11378916524998,-117.18040724320038,-115.80598546714268,-117.65736018687733,-117.13331768025344,-118.7029315136647,-117.85296900931377,-116.03851705502184,-117.39109171587873,-119.04070232301528,-117.28848252843869,-118.37636867068977,-116.24562751455747,-117.44478692245833,-117.95194480755843,point1,-117.30097297844672,-117.28848252843869,-119.04070232301528,0.6449388536182026,-0.07681912846098332,-0.3489723038512502
HDOK,PLOK,17472,38,38,-128,-12,11,2,33,-115.41535076894561,-116.98298200853057,-118.3589338095843,-119.68727768074278,-117.84648654940561,-117.16194050676856,-116.21625899597984,-117.32927847226242,-116.27724053754014,-118.03354138266879,-117.68556462551625,-118.27053468091367,-118.68266608361812,-116.13984457114626,-117.37443194798293,-117.86903323584875,-118.6674319042723,-117.16540569442641,-116.75630099074182,-116.63016141296208,-117.04180965117027,-117.871134534567,-117.85881948440546,-117.0619026861289,-117.44912911640324,-117.49747717414509,-118.34312586457656,-118.43178507642293,-117.76023945112843,-118.11764322202313,-117.24813886029484,-117.26288983421887,-116.22268706828523,point1,-117.47628629950384,-117.44912911640324,-119.68727768074278,0.7597444103998572,0.024464636934788415,0.3826107759898454
HDOK,PLOK,17472,38,38,-128,-12,11,2,33,-115.90916673359452,-116.3082042234192,-116.58954372683213,-117.33902095470532,-118.10918195726252,-116.10757168735513,-117.6338217137007,-115.5373905235525,-117.19369450780881,-116.28691171101983,-116.62877414406374,-116.57534908129699,-116.4869434009533,-118.85681968741027,-115.98886527643226,-117.89924355253007,-115.74192822557228,-116.54219053378972,-115.2779247364897,-116.39869405695897,-117.349736065822,-115.85364034386629,-118.37576573674853,-119.12566616599362,-118.51458477177961,-117.37010712714083,-117.34120027496822,-119.45454627850717,-118.31186168827112,-117.62057499135578,-116.89427961024873,-116.27026639835402,-117.31534583720736,point1,-117.06693380984885,-116.89427961024873,-119.45454627850717,1.12322418341601,-0.47950207070308104,-0.522984253995598
HDOK,PLOK,17472,38,38,-128,-12,11,2,33,-118.21632599461432,-117.14989452343531,-118.78996750809186,-117.13513728058396,-117.13102298573209,-116.70700975039873,-116.6610997441822,-116.66556774781188,-117.47342218397496,-115.87496524286723,-117.05244783103143,-116.89482176644442,-115.7007291695235,-115.90239823138711,-116.45185381876603,-118.54327051937734,-117.76265864937034,-117.80706029396336,-118.61912097329139,-116.23369682117571,-115.56910517720978,-116.79084761697673,-118.86881343488766,-117.20372139061023,-116.96480871371965,-117.57180658867672,-118.62543722540904,-119.28267040310287,-118.92534467420151,-116.05291728974916,-119.00106530739114,-116.53518510187568,-116.91352743023843,point1,-117.30538549666882,-117.13102298573209,-119.28267040310287,1.0949815112866155,-0.30517888633650436,-0.9529198389855305
HDOK,PLOK,17472,38,38,-128,-12,11,2,33,-115.5529926115147,-117.22323748179559,-117.09124206170868,-118.70021794816387,-116.97460857451776,-119.15051371003075,-116.45214481611514,-117.87271640278412,-116.38104478542137,-116.43145638619494,-119.52664802405616,-116.92189499098527,-117.1110768150965,-116.71260498032026,-118.70334460163816,-117.48593537760499,-115.88083361693677,-116.91888566942973,-117.3483224678041,-117.6447965296456,-117.07875589567445,-116.62534179572224,-116.40421221324945,-117.11374214723539,-117.11355751756604,-115.34830061686714,-117.13071893615742,-118.566273755581,-118.58380880142559,-117.22741189207386,-117.26681206023609,-116.2732393895735,-114.83983370142691,point1,-117.14110686589555,-117.1110768150965,-119.52664802405616,1.0833176413562564,-0.2644064520960773,0.2741127268361043
HDOK,PLOK,17472,38,38,-128,-12,11,2,33,-117.17379274110144,-115.29426932525386,-118.11980319484077,-117.38840745166789,-115.62150654081138,-117.51908934093892,-115.72548581446839,-116.83192808429719,-115.88230447037705,-116.2686365669667,-117.42344450296693,-117.33082262362616,-118.3449129239099,-116.44373785610583,-115.87378212136234,-117.7092090738031,-117.6347293951001,-115.15495969838214,-116.79203203604577,-117.32608482371538,-116.79424914411257,-118.11379063335137,-118.51548228588247,-117.89381796363352,-115.1306137402962,-116.80541360828978,-117.8976297330833,-117.73025796977807,-118.05004710850571,-117.01699832479243,-116.85051297962751,-117.05438805590326,-115.82954119526202,point1,-116.95580852509879,-117.05438805590326,-118.51548228588247,0.9021097904815276,0.40390465105921747,-0.8337684003532249
HDOK,PLOK,17472,38,38,-128,-12,11,2,33,-119.2571557396774,-116.7729749945793,-118.09411785400385,-118.15525919415637,-118.27447914988409,-117.85736926537744,-117.7528622926855,-117.8934442811007,-117.25819343282112,-117.71121823559767,-116.2868674706535,-118.32901551980748,-118.68092624587445,-117.61418396345441,-117.16686313101,-116.01411109901149,-117.80335005654281,-117.28569230916423,-117.28100285972205,-114.90450879078641,-116.88442356717782,-115.69060333648251,-116.2899862092552,-118.09447398076115,-117.5890041693293,-116.02628813279533,-116.93915774487357,-116.43156239471847,-116.40244166529041,-117.64205306919905,-117.26511663126372,-117.25612981879846,-118.33407546289946,point1,-117.31027006268954,-117.28569230916423,-119.2571557396774,0.8548249319352363,0.44398713783867083,0.19318781985457711
HDOK,PLOK,17472,38,38,-128,-12,11,2,33,-115.5759801677125,-116.43055275497461,-117.87840718619853,-117.45799360722826,-117.60077167413878,-118.38023000693931,-116.34501757176494,-119.40055433961929,-116.59893737601703,-118.31288951781889,-119.10062670718541,-114.54884104484641,-117.81656641097184,-115.7258919156734,-116.79144118375253,-117.35381940194243,-115.42332492205435,-117.99852618845344,-118.08721613124368,-116.06720624837286,-117.35109311297377,-115.87989230257935,-117.17910169791696,-116.46384477792938,-117.9514115905459,-116.68335326001785,-118.50564562060241,-115.34466436230181,-118.08663911266937,-118.72261507238247,-118.27045288455683,-117.20617291269785,-115.73733639974166,point1,-117.15990962011587,-117.35109311297377,-119.40055433961929,1.4047141361908106,0.20670099867211844,-0.7287668500865001
HDOK,PLOK,17472,38,38,-128,-12,11,2,33,-117.27316570758593,-116.70294414865582,-118.20835077428005,-115.94581525779,-118.06971256603086,-114.80277125737375,-118.36432739507521,-115.92908267578485,-117.14986268557647,-115.9427943843759,-116.52070240612322,-116.84424094292181,-118.25838830413095,-116.61010026231774,-116.16895461297837,-116.22595407034741,-117.08227469572888,-117.22372383512781,-117.09890136963062,-117.21404874334307,-117.90811413837359,-115.27354843676568,-117.146889652811,-118.6149509350659,-118.08850688828718,-115.47298073794931,-118.13052996285268,-119.80316132733417,-115.37280047430748,-116.14597075629625,-116.32646500467493,-117.69402668250504,-116.6945623899309,point1,-116.97904919643432,-117.08227469572888,-119.80316132733417,1.2037938397220895,-0.25794708248720083,-0.053904083345263754
HDOK,PLOK,17472,38,38,-128,-12,11,2,33,-115.1618999597588,-116.5856437518608,-118.4144943216646,-117.7084280106163,-117.9803049170275,-116.02542102199688,-116.62211023891149,-115.76042180157097,-116.45232071095984,-116.72106604096403,-116.10541437004152,-117.21271273141885,-115.54498794951783,-116.92682094663644,-115.17137661604947,-117.69519559999412,-118.07577076869357,-118.08174174628246,-117.98611780108224,-117.55337542833891,-114.89614220924909,-118.12083659390612,-118.43664862753991,-118.53753646024009,-116.2149783026911,-117.27057458308661,-115.74450315681469,-118.56482497522856,-118.76297197631001,-117.67403414091376,-117.30227921733781,-118.16905262351587,-117.58943736527702,point1,-117.12331651410594,-117.30227921733781,-118.76297197631001,1.215546421454283,0.4349853939239157,-0.9657557419072464
HDOK,PLOK,17472,38,38,-128,-12,11,2,33,-116.24233944694743,-116.63610913495644,-117.69562461952914,-118.23656702613211,-116.60692706206754,-116.23427938186816,-117.02438475480028,-116.20494238449747,-117.76429034383406,-117.70399114452711,-117.80252135062794,-117.10978578149711,-116.88152248368624,-116.84335799780058,-116.81491658941519,-116.63442280487374,-118.09749140563747,-117.10786678382442,-117.11327415907014,-116.12163510798607,-117.19672054493273,-114.63565559473349,-118.06700517054965,-118.75924355071534,-117.3867572865525,-118.18634543067655,-116.80857771328901,-118.72689999124903,-115.18296584479467,-115.62838656902287,-116.51888410975236,-118.11577568893331,-115.25815292976138,point1,-117.01053394510733,-117.02438475480028,-118.75924355071534,0.9746549295388451,0.351607277728481,-0.11414648753587375
HDOK,PLOK,17472,38,38,-128,-12,11,2,33,-116.10263393659939,-115.77855760131146,-116.89561443658518,-116.52579776541563,-119.02016159091247,-118.05327762262172,-114.94414153888843,-116.93395892458321,-118.27518550342927,-117.48795929924626,-115.97307806989369,-117.9270937471272,-117.08212248132523,-117.13932489829948,-117.80987381889902,-116.55572677512113,-117.51420505082639,-117.11515213129928,-117.62564646471903,-116.56054748863309,-117.56172450093557,-115.89917559060585,-117.1009367151769,-116.00922152406895,-116.277521034916,-118.66221861666006,-115.96950648055558,-115.67946737802328,-119.27789450304242,-118.42712586835208,-118.61721813514109,-119.28658079403111,-118.24724247783192,point1,-117.22229978075993,-117.11515213129928,-119.28658079403111,1.2447960362686894,-0.10298356835181723,-0.7872804098054957
HDOK,PLOK,17472,38,38,-128,-12,11,2,33,-117.90838910279096,-119.88744551070863,-117.40171135772715,-117.40126824358231,-118.20460299691959,-117.60901860851827,-118.55891311393104,-117.49470350483818,-116.5740220241535,-115.77439507343878,-116.41148741811712,-117.27796952581133,-117.39645919001018,-117.26232698126876,-117.4777642161956,-117.81288866356215,-116.70504515822711,-117.48010245019634,-117.85338386227828,-118.26833885349882,-116.687408845078,-117.72524756988619,-117.13655869254772,-117.78551582034065,-117.07040733126416,-117.74285252911277,-117.09838104419958,-116.89708827749647,-118.53932747015968,-117.56353152323878,-116.93609658766422,-117.5750072092671,-117.43871343082566,point1,-117.4835264299047,-117.4777642161956,-119.88744551070863,0.5210264283568784,-0.750556200303805,3.0029131188362563
HDOK,PLOK,17472,38,38,-128,-12,11,2,33,-117.02431655956069,-116.27119492111595,-118.44802273568749,-116.86393679166626,-115.815195664403,-116.76760297677512,-116.2599078217299,-116.98456102329672,-117.1618202818205,-118.65586593207894,-116.88126694684175,-116.31636614311576,-116.70997969890543,-116.79383464006021,-116.72784686353678,-117.63761944194202,-117.0941770200239,-117.19523850998699,-117.22683108152845,-116.95675928279826,-117.91008639426407,-115.99120697748354,-116.4365380780138,-119.56763914513158,-116.31796097446619,-118.14759706032618,-116.98148848152456,-117.24098579688781,-116.46989857729011,-118.00080217501895,-116.39140376548958,-118.56556218866768,-116.71272530319332,point1,-117.10685573498883,-116.95675928279826,-119.56763914513158,0.6974644259915133,-1.0755155814675157,1.0210995895509005
HDOK,PLOK,17472,38,38,-128,-12,11,2,33,-115.75108581709466,-116.98595758843126,-118.20956642520363,-118.3994005884484,-116.21939826112572,-119.5915012608514,-117.36880582292268,-116.42811163103536,-117.72607903010736,-117.16396639514477,-117.99630897961252,-117.18863826127598,-115.55115378716017,-116.8830433808672,-116.46709514812976,-119.20962781409698,-117.95466365214513,-118.47642587691878,-117.82289260964431,-116.3676085148627,-117.37870790488613,-117.64387018842233,-116.55656091250971,-117.07355043468519,-118.76095682019016,-117.27547844349317,-116.46327208340035,-117.89149117330713,-116.6838434501533,-117.80100712714028,-116.0901129153639,-118.15526230089225,-116.18724981105515,point1,-117.3249301336539,-117.27547844349317,-119.5915012608514,0.9363563879685071,-0.29710617810402584,-0.3622234501959123
HDOK,PLOK,17472,38,38,-128,-12,11,2,33,-116.73663852780791,-117.81848593447204,-116.62745738609979,-117.67290673117746,-116.776075460721,-117.88328032765324,-115.69986989831251,-117.42295857541025,-118.38802734077316,-115.32087322204637,-118.84308134831386,-117.41688487805492,-115.22474151860258,-117.70384861915375,-118.18112338043632,-115.66341822705783,-118.80586557456728,-118.67929859348052,-116.5733774665448,-116.01173310537163,-116.96326311722362,-118.24378425440852,-117.47895847500634,-118.71218983448598,-117.70852765945297,-117.51395249829471,-117.68780597432288,-117.31000916407243,-117.22744848246097,-118.22030602928724,-119.2351263289021,-116.59854502117757,-118.25644174287197,point1,-117.41231226357648,-117.51395249829471,-119.2351263289021,1.0644454181479839,0.4552909164660551,-0.4006849588153436
HDOK,PLOK,17472,38,38,-128,-12,11,2,33,-115.66503988572235,-115.94574797771736,-116.5358548952691,-118.700716707017,-119.22256243393443,-117.47398652334367,-115.40147757761862,-117.97400851822195,-116.06791496469688,-117.10096734124315,-116.18490649214473,-117.6827234118309,-118.2035181616656,-116.70315387559543,-116.27048125763524,-115.91423591895033,-117.56598798654133,-114.50646355459531,-118.0905775356129,-117.51779535633588,-117.0105191597161,-115.46556134969273,-117.00939042485605,-118.66379294610998,-117.51880691178287,-116.41250361737376,-117.23697842185736,-116.52684109910956,-118.38751696711527,-117.76746905670433,-119.0894526537155,-116.07951079843112,-115.91146695367779,point1,-117.02448274957075,-117.0105191597161,-119.22256243393443,1.297945840984984,-0.04703603130223722,-0.5998597976636559
HDOK,PLOK,17472,38,38,-128,-12,11,2,33,-117.11662770960214,-116.57458035702687,-115.14980206984772,-116.32309061370584,-116.7961005182955,-117.92718205174201,-115.97372177389056,-117.42272419650295,-117.0649975217016,-117.77848677565224,-116.23106555838064,-116.31441366089182,-118.0272734388915,-117.81838008045901,-118.54369409919073,-116.85632173692677,-117.50946718838894,-118.65716898655675,-116.8404161541309,-117.75801775230478,-116.4082282857512,-115.96043374443894,-117.81557499560115,-115.85695634516283,-118.57802377505554,-117.29682325843844,-115.61991645994375,-117.39258177320153,-116.52602144926523,-116.9447526954069,-117.9350717245055,-116.6123659827613,-117.60433373687597,point1,-117.06771565062114,-117.0649975217016,-118.65716898655675,0.7612455332028435,0.09338066395340983,-0.6071660324416408
HDOK,PLOK,17472,38,38,-128,-12,11,2,33,-117.89981060755565,-118.48872421546008,-116.75537443555704,-119.52338908807378,-118.42583996860327,-114.72385011298888,-118.30281119912361,-120.12922848186861,-117.53122141114603,-115.71536741571603,-115.54888330086715,-116.54857390354846,-115.27607015667408,-117.41920389632001,-118.12333923683227,-116.23480363249695,-117.0228665040682,-116.40396569616789,-116.42599070704347,-117.80196793361102,-117.00355568349704,-117.58177202241757,-116.5302118079703,-116.88803169114647,-116.38928904917282,-119.59245705937748,-118.5937011285788,-117.08164008565336,-115.29091509112347,-117.63758763620248,-116.02103939470969,-117.8834042977352,-117.6535833920848,point1,-117.22571121949673,-117.08164008565336,-120.12922848186861,1.5983741191992713,-0.2435686624390125,-0.1572627292494908
HDOK,PLOK,17472,38,38,-128,-12,11,2,33,-117.03693198998236,-117.33322567561449,-117.5707744572009,-116.71265420135558,-116.63959883584793,-116.88056666933947,-116.48833806372856,-117.47666060506594,-116.74558684479781,-115.62056362054223,-117.86424728332152,-116.74071771437825,-118.02025738304769,-117.94663824077334,-117.29559988414854,-114.55217854722855,-118.82315614648518,-115.79310972536331,-118.13781522434117,-117.7011191715627,-117.32622791154164,-117.53951972179388,-116.12641353918923,-115.53921351745832,-117.18278359989499,-118.16689910660928,-113.63848048672388,-117.90560685728435,-117.67342419992879,-115.91297769721909,-117.07132404543306,-116.19975534125952,-118.57524473067012,point1,-116.97689730421612,-117.18278359989499,-118.82315614648518,1.2143182107204693,1.009908802118529,1.4303394543435188
HDOK,PLOK,17472,38,38,-128,-12,11,2,33,-116.86505562293048,-116.1909443970775,-118.85321343065995,-117.9112816385849,-117.4652744073662,-114.84412661031895,-115.80329158768775,-118.52054346955828,-116.3641352282055,-117.26585303319901,-116.96379837476941,-117.99088388014012,-115.95852628537813,-115.19106653163962,-117.55530844825061,-114.97784647545346,-117.59818930263152,-116.3242013020162,-117.02066913252801,-116.77571465490749,-115.50625906164808,-116.55936794803463,-118.49526178952783,-117.05044236865099,-116.87036998718257,-117.47939716695669,-117.04594310222667,-117.50671491077958,-117.28003916332464,-117.2823083727626,-116.74990030733682,-118.91793004287733,-116.99813649898701,point1,-116.97521195556358,-117.02066913252801,-118.91793004287733,1.020362946726699,0.19399807069865152,-0.06626487414904636
HDOK,PLOK,17472,38,38,-128,-12,11,2,33,-116.94578303526193,-117.34597809342863,-116.33824726845867,-116.64200317945631,-118.18152479223913,-117.78664624509054,-116.59288486753373,-115.50438260623321,-115.88889781524486,-117.41013657702847,-116.50705047912881,-117.085470949468,-118.40016428934791,-117.48018629766766,-115.37818721239236,-116.11409529094902,-115.72469853493553,-115.6279817358816,-117.81664279156685,-116.57986381909741,-116.1408957454696,-117.61610416370985,-115.1972379146091,-118.15132553807761,-118.66986759717058,-116.5067216087608,-118.25355706490011,-116.80933938764217,-117.75977593937618,-117.46459499929914,-117.81081273883471,-118.23774000315457,-117.98200069991444,point1,-117.0288120994342,-117.085470949468,-118.66986759717058,0.9384770263115944,0.2194648302438804,-1.0787381994104615
HDOK,PLOK,17472,38,38,-128,-12,11,2,33,-117.39690329631962,-115.44268976506028,-117.25678790553945,-116.21808917412265,-117.53645793666122,-116.75844886541628,-118.60508924988717,-115.81724295252539,-116.25140061778677,-116.61379440284952,-116.58272270294891,-115.86428643277382,-117.35715302036489,-116.07108399713981,-116.81498678400554,-116.71504010019906,-118.40143164979207,-119.02742561845315,-116.55929142248343,-118.62146014907903,-117.47527320384057,-117.14814547574291,-116.64216198251223,-117.83687506920505,-118.35391628119119,-118.33055899653614,-117.47750391120277,-117.08850361507153,-116.48085884073788,-116.21880912187929,-117.76344738948941,-117.53219006999974,-119.13389892367134,point1,-117.1937554219542,-117.14814547574291,-119.13389892367134,0.9010521521602946,-0.3223236482472473,-0.6527059958324393
HDOK,PLOK,17472,38,38,-128,-12,11,2,33,-116.14673348143762,-116.09371826636921,-116.75414197195154,-117.34458952258953,-116.68281790506596,-119.02674444596836,-117.23028881996343,-116.61551530421664,-115.51350941540154,-115.49039889238631,-117.95740776639543,-117.74166980723075,-117.31031807930275,-116.28664806212913,-117.52282647841577,-117.54177020999417,-118.2323714509595,-117.57272197427812,-117.35909736782625,-118.90585697975466,-117.8672921389556,-116.3498960262889,-117.24087432706185,-117.27747425462883,-116.35011979566139,-117.03699331328914,-118.91238187077178,-119.53723578352147,-116.1305144571866,-118.1198713697348,-117.55617111253862,-117.87264732372415,-117.23360017345574,point1,-117.29740054995321,-117.31031807930275,-119.53723578352147,0.9369130591920458,-0.24786858154002123,-0.11711898517720076
HDOK,PLOK,17472,38,38,-128,-12,11,2,33,-116.26988059464986,-117.40221115237703,-117.76248453628988,-115.98687254982218,-117.92232255977011,-119.2725049893068,-115.79510162142903,-115.65440371003103,-116.8364620359708,-119.19174940271316,-116.64469285416293,-117.35749670461026,-117.08367365358251,-118.32197585823566,-117.72775791503781,-119.99773645506305,-117.52454058354024,-116.45044163435288,-117.38017706762339,-117.91557479208757,-116.37105956467344,-115.41778196463665,-118.31957984933321,-117.23105155731632,-117.11399461677851,-118.17618988491574,-119.3460777476624,-115.87661099019334,-117.8674667954079,-115.45119565564111,-117.72999772005677,-116.35964142226531,-116.90329140031317,point1,-117.29278787393487,-117.35749670461026,-119.99773645506305,1.3220021452605732,-0.3660264902087713,-0.27248705087195724
HDOK,PLOK,17472,38,38,-128,-12,11,2,33,-117.21631734733388,-116.53280460327485,-117.07741615988728,-117.8694008151301,-117.11265242635739,-115.92579510778094,-115.41127500149898,-117.54339025885203,-116.44215069534964,-115.51266353873034,-116.64837706804477,-115.95480404221374,-118.20849344218506,-115.48864799026371,-116.67469702825018,-116.9187032282636,-116.18370763671405,-116.02984278174684,-116.31574434207678,-116.70087100673322,-115.21733987590022,-116.56058991435896,-117.70065287768182,-116.8415031032448,-116.21390433044556,-114.80746969149682,-116.4153252333021,-118.41633586095992,-116.87916670848443,-115.73579744201106,-117.1137525418065,-116.77380331729796,-116.0690454502273,point1,-116.56098305660315,-116.56058991435896,-118.41633586095992,0.6853898013673593,-0.18195576977744504,-0.0450854747660121
HDOK,PLOK,17472,38,38,-128,-12,11,2,33,-116.58203753399835,-116.86626324715672,-117.48259055950399,-117.33698388396934,-117.32743338145085,-118.03260014369836,-115.3586154790198,-117.57829026341315,-115.14504531366921,-117.24944845629543,-115.05208106442684,-115.26650848323645,-117.73940104483553,-117.84610269125552,-116.79290482663554,-117.03483029377564,-114.45222846436764,-116.34742703820302,-117.49547238945819,-117.12939085161645,-117.25726804662546,-117.27277615082569,-115.72470534472248,-117.5780742213085,-116.87551463472784,-115.71255862028889,-117.79557061540572,-117.01090347281878,-119.18917619138615,-116.84380796363172,-119.19044705339644,-117.79548231395644,-117.12895030988507,point1,-116.95426940451412,-117.12939085161645,-119.19044705339644,1.15551545431184,0.36861463023353785,0.31481346635471663
HDOK,PLOK,17472,38,38,-128,-12,11,2,33,-117.31430112580387,-117.86134501553181,-116.90654864388195,-116.88390931176853,-117.93705586512584,-117.96220216001254,-118.03419532563608,-117.83367351367887,-117.22551587720473,-116.37226546109088,-115.76897828998517,-117.73102541363657,-117.5421952730204,-115.7270599131283,-118.57324104947504,-118.39294239345068,-116.4535482209723,-115.79125230275524,-117.54546096113567,-115.86384480374176,-118.22970492693732,-116.96542323863821,-114.93626391784457,-117.41748403125385,-115.89158848165819,-116.60669888750841,-118.31636336138408,-116.39055411907351,-116.13918421109523,-116.92810997816798,-117.21550002538896,-116.75164257694998,-119.20179326438775,point1,-117.1124506648886,-117.21550002538896,-119.20179326438775,0.9491805933705871,0.10279304030805118,-0.4980872082585508
HDOK,PLOK,17472,38,38,-128,-12,11,2,33,-116.65278109052252,-116.17692525328543,-116.47040464151203,-116.66141247364392,-117.44009974612007,-116.16054155437409,-117.6043892290109,-115.30598228583344,-115.81735231383878,-117.88468672340112,-117.75503370987039,-118.56019433820025,-115.10073054881931,-116.79386861750416,-118.18907248688043,-116.80665316316599,-117.80558063956929,-118.55887860835742,-115.10188882371246,-117.16861024090281,-118.02065324676028,-116.00512153818694,-118.848511769638,-117.27384939214052,-113.90415273222816,-117.02729966726784,-118.53908004389417,-118.6261828566816,-116.44066144496449,-114.41187342734534,-116.58887914754581,-117.37218572548207,-119.43215170961054,point1,-116.98502088455365,-117.02729966726784,-119.43215170961054,1.6870279383224387,0.38164184560067393,-0.19948246551953686
HDOK,PLOK,17472,38,38,-128,-12,11,2,33,-118.23225501389909,-117.4992030851018,-118.44071149007975,-116.2314450586676,-117.26463445717187,-118.09774688240533,-118.17768866496634,-116.32152358560207,-117.58003253827633,-116.99579917702553,-117.29422513316243,-115.1555341732433,-116.66897212841913,-117.62974276907454,-116.53823222524585,-116.7549242884967,-114.84812829870799,-116.55591695108244,-116.8319558752704,-117.76045251380698,-116.60926783442122,-117.5489095384893,-117.53582067199294,-115.7616767034926,-115.75077221168371,-118.70883087263513,-117.33221117845918,-115.7840423368601,-116.71492414728003,-117.571793373728,-117.36328385108037,-116.73504695532685,-118.05887793768622,point1,-117.04104793705578,-117.26463445717187,-118.70883087263513,0.8368266420666572,0.44646124212712107,-0.11713715760180277
HDOK,PLOK,17472,38,38,-128,-12,11,2,33,-116.68949326485603,-117.7536552341727,-115.51670040096828,-117.3595683992149,-115.28170651367556,-116.24692458999499,-116.88532956612192,-118.19156560193356,-117.32082469506962,-116.65717217028507,-117.4765223443211,-116.92558458389652,-117.1516490227569,-117.52504818296276,-118.14648270394504,-116.31269702664927,-118.08709258065251,-117.64344827168578,-117.18271330249635,-115.98736771820914,-115.91752942874125,-117.84189335227617,-119.25174621711437,-117.62884988676437,-117.37433005832048,-117.53347805421375,-114.94907423892492,-117.18974892655811,-116.48524987593737,-117.4162031593944,-117.2564492703605,-117.9810699918289,-117.69480634040012,point1,-117.11702954468797,-117.32082469506962,-119.25174621711437,0.8075841728275519,0.44985990932448816,0.5225791692227633
HDOK,PLOK,17472,38,38,-128,-12,11,2,33,-119.82092150501926,-116.43009598435054,-116.07940704710126,-119.24852214935817,-116.65785234517185,-114.14509437212011,-116.42784115655586,-116.87556411057369,-116.84012950980784,-116.00651807200471,-116.32536530205145,-117.42242804935462,-117.32897235915277,-116.69388620841941,-116.32863056570139,-115.98758114283186,-115.51552600223555,-118.79476248853526,-116.87955049195887,-116.74341847956639,-117.03672081638634,-117.16166315214876,-118.16579442249355,-118.30237219606525,-116.8259029881029,-117.99890728091557,-117.55711249625585,-117.23017484121202,-116.96895826956288,-118.60641086916917,-116.9949835740492,-118.15037250155048,-115.77290950266425,point1,-117.07043485613475,-116.87955049195887,-119.82092150501926,1.2529170138258083,-0.2115588759050501,0.911274773981869
HDOK,PLOK,17472,38,38,-128,-12,11,2,33,-118.07336459798678,-117.92180685744258,-118.06270824780448,-118.12837160881271,-116.76503016777342,-115.648780170829,-116.95256004714925,-115.97685841642351,-118.68104212221124,-117.68716495547102,-117.41465737232521,-116.90564112308724,-116.89003461717684,-115.54387812005848,-116.95883150287469,-117.1271026907452,-119.49545071861793,-117.19822707335042,-115.58980125387673,-116.21103826298773,-116.8805919372195,-115.88725057589203,-116.07658115213347,-116.92064967130386,-117.36392639128943,-116.7719105303074,-118.31831154427876,-118.35627973226536,-117.03469889910556,-116.98906664619909,-115.4561161365415,-116.56332330929915,-116.33849389539162,point1,-117.03604698024942,-116.95256004714925,-119.49545071861793,0.9298492389927935,-0.3790286702172434,-0.10309797014157729
HDOK,PLOK,17472,38,38,-128,-12,11,2,33,-116.96060911590062,-117.23883360496914,-117.0383731343101,-118.15448513493259,-116.45282515021937,-118.20780297971568,-117.77423398695856,-117.37403778538312,-117.19803544849235,-118.32915869571497,-116.99570555338079,-117.31485547169711,-116.3902285395806,-116.30887720346266,-117.90921964004924,-115.7811719231928,-117.5516822253566,-115.24146408637735,-115.65044447477813,-116.37013188208648,-116.8847360824354,-116.6323325848363,-115.95162597555245,-116.69757404873202,-118.54045486050669,-119.55831191976849,-117.55134690683107,-115.21882141357435,-116.58970148295847,-117.3173779753786,-117.40201492277956,-116.95358015733811,-117.14759825205792,point1,-117.05114098846383,-117.0383731343101,-119.55831191976849,0.8689052565139329,-0.22639204334133434,0.5560570363501984
HDOK,PLOK,17472,38,38,-128,-12,11,2,33,-116.4990946698018,-119.1260726464743,-117.21754593384819,-117.40029880966534,-118.14942839778008,-116.44442085756924,-116.8152180276444,-116.325331140196,-119.72010291025934,-117.76272487677257,-119.30566874255575,-116.89701533131637,-116.64376937169797,-115.05951323198157,-118.63409341976781,-117.3613827538819,-117.53461033655533,-117.38142771157456,-115.70054559371566,-118.49198243667902,-118.43097567718371,-116.02971897629834,-117.36190729172195,-118.778171982184,-116.78883603219761,-116.84440397206066,-115.87215429024698,-117.63963106605748,-115.55562428409871,-116.4394008310532,-116.58875784586569,-117.94227697000852,-119.04975153168623,point1,-117.32702599849696,-117.3613827538819,-119.72010291025934,1.3213978109550064,-0.2209838331764275,-0.6071769168694185
HDOK,PLOK,17472,38,38,-128,-12,11,2,33,-118.01368062581821,-118.12531856631512,-117.5890320612758,-115.14214288454892,-118.07324033597521,-117.0728619458334,-118.2985035885225,-117.28219878607828,-117.56634171339961,-117.3200714948947,-116.809349341944,-115.4388991752843,-117.65482426184626,-114.58207657373327,-116.6293879936991,-115.99895121588511,-117.51250073556393,-116.41439973825385,-116.40975490061366,-117.27184357945232,-115.28919717533707,-117.87347903594662,-116.99576159522564,-116.00692979657222,-117.88826733973968,-117.28097995526643,-117.88657795709972,-118.15183925153049,-117.16108744576027,-116.51562741219738,-117.38834576506304,-116.26690664222197,-116.77641672224223,point1,-116.99050895797396,-117.27184357945232,-118.2985035885225,0.8789997326517159,0.8115103608066927,0.060319535122372425
HDOK,PLOK,17472,38,38,-128,-12,11,2,33,-114.94360240351502,-117.9215361442494,-117.14999420393042,-117.6361398624743,-119.20692026522981,-117.6469507159814,-118.62001868781859,-116.61485842442909,-115.97181546650525,-119.3337121146001,-116.29209268047538,-117.74152546860054,-116.9173414311218,-118.76472124897663,-115.1458513087184,-118.32333136565647,-116.41156328355444,-117.30932864697057,-116.41824177798412,-116.25117228278634,-115.08175534134377,-116.4791905902243,-117.8216698407709,-118.38413803133538,-117.64802653104391,-116.68077997031793,-115.56134935206391,-117.81730724629682,-115.38644602289138,-116.94034608489972,-116.99515857255055,-117.32409181545803,-119.04381998205899,point1,-117.14499385347983,-117.14999420393042,-119.3337121146001,1.4172633572215796,0.04470949337292278,-0.683918806258959
HDOK,PLOK,17472,38,38,-128,-12,11,2,33,-116.08635670757356,-117.60614156973784,-118.32869318446332,-117.16164625268311,-118.08243719880562,-117.73259873590258,-116.23323080345666,-118.25082702293305,-117.22477106854488,-117.70457802492601,-117.50891106500757,-117.50203893435256,-118.22898672704908,-116.29501953133718,-113.67163963680885,-115.57076903392944,-118.05838919154075,-116.19333837271162,-117.2217651063026,-117.430292664921,-117.46837853301831,-116.69327776415275,-117.04612848466392,-117.96112971019983,-116.81823964805173,-115.11654687457668,-116.93902809083879,-117.86863328284107,-116.69657696517253,-115.65876245699738,-116.7594617109871,-116.27410481777301,-117.40650590441034,point1,-116.99391530535365,-117.2217651063026,-118.32869318446332,1.0079908885564626,1.2294842732682074,2.1599946905259597
HDOK,PLOK,17472,38,38,-128,-12,11,2,33,-117.47765447904607,-117.94651879508918,-116.63202691426949,-117.68463396527183,-116.94026719931797,-117.58529803397349,-115.84286260084114,-118.11498183125208,-116.06931111462293,-117.58926184504706,-118.43700424717406,-116.49451062841834,-117.50474178836922,-115.78486735390268,-117.93805702920604,-117.09053804039026,-114.85878139447985,-116.99984598705151,-118.20664417703723,-116.85899604313823,-116.29006120001873,-115.49078576254053,-116.6659900076505,-117.88984153380613,-116.99223804192805,-117.26763816866493,-118.61227883147363,-116.98819342888531,-118.45252613615303,-116.97197762683693,-117.94246935931479,-117.34980198664522,-117.2459106300709,point1,-117.15807624793598,-117.2459106300709,-118.61227883147363,0.7752733403179736,0.5873661440465524,0.12580162424061836
HDOK,PLOK,17472,38,38,-128,-12,11,2,33,-118.40251230000615,-118.32414857800086,-119.08585759721973,-117.30006129469878,-116.2028160096459,-116.63620792158201,-118.48406369380255,-115.7658471318409,-116.51649472391108,-117.31715847489812,-114.8120081362254,-117.20112009789878,-117.20219758885544,-116.8847305471512,-118.913839376492,-118.12372337413714,-117.8111986246953,-117.6309495733568,-116.89934956844927,-117.6365121676333,-116.30896689336521,-117.62719232058528,-116.00833283656479,-118.2915499862987,-117.51777124100572,-116.63521438159226,-116.47907702504332,-118.39161836482057,-117.48328242593452,-115.84358835916593,-117.97873051508887,-117.48546025211044,-116.98841007739031,point1,-117.27848458968083,-117.31715847489812,-119.08585759721973,0.9274164304328327,0.3192699879285546,-0.061544821251500625
HDOK,PLOK,17472,38,38,-128,-12,11,2,33,-118.63903146675429,-116.97399650960826,-118.45748483254383,-115.98915876735106,-116.9456235775723,-116.3081773744076,-115.71254303924557,-117.29232405291526,-117.22171469719213,-115.6319279523629,-116.40480168506531,-116.08452337835098,-116.17607510675587,-117.43388642307322,-118.22927391720515,-117.39665862224682,-117.9140365515889,-115.57264966296884,-115.10350061792974,-116.70668665829751,-117.87623404581244,-117.59344382407036,-117.73609416582832,-117.25824244744726,-115.919604669139,-116.7382766828252,-115.68225984791607,-116.63087305758499,-118.15231618269863,-115.99904145182533,-117.92211965508666,-117.88285987316365,-116.9344674921838,point1,-116.92484570572782,-116.9456235775723,-118.63903146675429,0.8750395217817828,0.03283516718741693,-1.0362349648429472
HDOK,PLOK,17472,38,38,-128,-12,11,2,33,-115.57880565744556,-115.93184888638804,-116.88510426157066,-117.27526939902619,-116.66209609857358,-117.57072092165531,-117.25165516830845,-115.29774052662528,-115.64539822694846,-118.88778431256242,-117.62732048278022,-117.00846041691042,-117.63717199094272,-116.58405623180904,-117.4493104066262,-117.56611328467335,-116.60507785613882,-117.29503883882606,-117.76271010346761,-115.30585965725616,-116.82241124099579,-117.1736008485667,-116.2289234307338,-117.62251741122266,-116.55341452723812,-116.62675035506003,-116.00639968094522,-117.4120911540204,-117.52301749029661,-116.12374415993054,-117.20766435589191,-116.38602940319673,-117.7715891717407,point1,-116.88744533207193,-117.00846041691042,-118.88778431256242,0.6490134208751541,0.15976324952272375,-0.021772669612887263
HDOK,PLOK,17472,38,38,-128,-12,11,2,33,-114.6040357462509,-117.92575442214724,-117.54221414881923,-117.87480082769626,-117.16295262727067,-118.01237080741161,-117.45292000761538,-117.48956255547579,-117.6399380884018,-117.94679053351182,-117.31702114507624,-118.60974842768054,-118.89038251876326,-117.4336151829379,-117.08063861723883,-116.9925032211871,-117.14326976331324,-117.87136262734333,-118.09838566505948,-117.02050230037828,-115.85612672115562,-116.32933912242466,-119.28636348297886,-116.7696990921323,-116.00276240366128,-116.03611329715285,-116.4147462507475,-117.72895128216811,-117.95891416305008,-117.41890582207675,-117.22023124610868,-117.79315588916025,-116.80196913514136,point1,-117.32503173156174,-117.4336151829379,-119.28636348297886,0.8202244171366333,0.614372519200218,1.543173680628668
HDOK,PLOK,17472,38,38,-128,-12,11,2,33,-115.71106905198043,-116.67856348546046,-116.25254837931804,-116.14597656275782,-118.45352636467777,-115.49801305603593,-118.00978298299135,-118.47120228433744,-116.82606519727308,-116.02591597509397,-117.61900658659229,-117.95348223945584,-117.47376764733596,-117.61602300962684,-116.82179526347315,-117.02614994147622,-116.97683045188596,-116.93401173011331,-117.7639589722579,-117.99493208887124,-120.09778818531728,-117.10419375409998,-116.78165871608854,-116.42630826913803,-116.44967857402935,-117.6527956006996,-117.37710694536572,-117.00005376555309,-118.60664021362595,-118.86924751816316,-116.37719622009602,-117.84155142808642,-117.63250301038147,point1,-117.28694980217152,-117.10419375409998,-120.09778818531728,0.9333680760457016,-0.574423233941641,0.7784464669344335
HDOK,PLOK,17472,38,38,-128,-12,11,2,33,-116.01851955618662,-118.5377430263334,-118.00745221217817,-118.17373047296094,-115.92402977056183,-114.83242637681367,-117.65937421879141,-117.18074656662958,-116.6777167130987,-115.2061186886875,-116.9924928681654,-116.46753091046355,-117.92317830577574,-118.558753297931,-117.33610925103643,-116.07603956032298,-114.43987792520208,-116.85382835576698,-116.09325217054248,-118.65901959844282,-117.6895533995852,-117.27702947402047,-118.92835273829976,-116.8364205698363,-116.01478812349438,-118.2127779583343,-117.04965348474983,-118.50009642485396,-117.93508858443155,-116.61670074101569,-116.96677641292635,-117.72941096120189,-117.36337613245675,point1,-117.11327166215446,-117.18074656662958,-118.92835273829976,1.2213081336461427,0.5114293273683798,-0.16273393015604798
HDOK,PLOK,17472,38,38,-128,-12,11,2,33,-118.18585835851488,-115.89077668469747,-116.13704848710938,-118.28884280680326,-115.7581111512187,-117.16339327052422,-116.47922074387974,-115.32406971039325,-117.64539084174373,-117.35086561602935,-116.07843157986579,-117.5905193625102,-117.91678595502542,-117.66026277992052,-116.78663543202802,-117.64711246443082,-117.57785141853687,-116.75268341717917,-118.03787131803631,-116.74152945975943,-119.37651276460669,-116.41073947168653,-117.80260885532577,-117.78634503667017,-116.22587405485753,-115.97767926444493,-117.42725893119986,-117.9522227177636,-118.71884165781627,-118.3679302316146,-117.65868102790748,-116.08360658553836,-116.91280409308784,point1,-117.20346562274928,-117.42725893119986,-119.37651276460669,0.8921453013112883,0.0034004302747923493,-0.564708286954076
HDOK,PLOK,17472,38,38,-128,-12,11,2,33,-115.21150798825823,-115.59848034583639,-116.86833755909105,-118.663594213739,-117.61990361842453,-116.18807870062564,-117.76547685073086,-117.42653772752959,-117.12448675818213,-116.36850450161246,-116.83176098230541,-114.22652946232093,-116.80405089552244,-117.2034224165547,-117.74941434675183,-117.36019239796727,-115.47950738628538,-117.70786765983432,-118.53014025782461,-116.94615976470976,-117.08663548283982,-117.89461492648987,-117.8125694076772,-117.19358056121902,-116.24183456184524,-117.1134410491527,-116.58313173731875,-116.45095381133758,-117.97479108978473,-116.20913871893706,-118.98675233690595,-117.50456251486943,-119.11315475153995,point1,-117.08603378133405,-117.12448675818213,-119.11315475153995,1.1027091870161958,0.42048117022583403,0.647726126776544
HDOK,PLOK,17472,38,38,-128,-12,11,2,33,-115.5822454867602,-116.86275424638588,-115.02574952142777,-116.03259368870877,-117.92653832217918,-115.90800361119211,-117.79332921462023,-116.1563342699315,-114.78104559180974,-117.42935795962538,-117.29449080726408,-116.11811939817918,-115.72938764347654,-118.0214994138442,-116.47212638891213,-117.64432766176034,-118.1381016857175,-116.30193308113408,-117.67976386229643,-118.73284686620474,-115.58107609402904,-117.05117332802047,-115.39134993786311,-115.46315421046947,-116.84639271978372,-116.29748205808993,-117.9586442001938,-117.89097612949126,-117.49329782308877,-116.46540815086867,-117.77073712968816,-117.19336619354225,-117.34223758740171,point1,-116.79926800860486,-116.86275424638588,-118.73284686620474,1.0293860282912584,0.1823864880175323,-1.0072803781050448
HDOK,PLOK,17472,38,38,-128,-12,11,2,33,-116.1079723781933,-115.61547716988261,-118.17240995585907,-117.52893005707813,-118.39203322562662,-116.88148028027292,-115.6368508735579,-116.37618909837332,-117.33779124011733,-116.2363784117304,-117.81237706246304,-117.40021100220255,-115.65904062071064,-114.153231222371,-116.44529547893025,-117.19642787495181,-114.95664260709832,-117.53195587783343,-118.5843620641384,-116.97607852756508,-117.15885143404697,-117.75459550695153,-118.53987035649126,-118.01903609775762,-117.23932609542032,-118.63023367945618,-118.1476195117596,-117.69246210852353,-116.59644110271798,-118.99314144588148,-116.02386329385662,-116.84608701818779,-115.95363042734826,point1,-117.0483725184047,-117.19642787495181,-118.99314144588148,1.271104100261121,0.45494742999121573,-0.12994106550942774
HDOK,PLOK,17472,38,38,-128,-12,11,2,33,-117.61035354449808,-116.5953922990813,-118.53846648212728,-116.01264164138301,-116.72675074557927,-117.71267116390895,-116.84591767552911,-117.85916820426255,-114.99858953834425,-117.09508885562262,-117.6302834737784,-118.21202307459153,-117.97109525924796,-116.57653404020742,-117.39527692580198,-116.79122932687831,-117.5297246450647,-116.55070303034762,-116.32679751210154,-118.35679605231091,-115.89855804162937,-117.6176822916837,-117.14637343336243,-116.72882858411832,-115.4377137088924,-117.02678138323058,-116.53104558277208,-118.63991124311295,-117.292555037871,-117.54070001882309,-117.30726780904567,-116.8572755927726,-116.63522253134263,point1,-117.090770265131,-117.09508885562262,-118.63991124311295,0.6847396902685627,0.31791289864979305,0.21040827675497775
HDOK,PLOK,17472,38,38,-128,-12,11,2,33,-117.92010743547566,-116.38622226315495,-116.53484072738023,-117.04442020232274,-116.93792563486292,-116.59909675000121,-116.88854402985825,-115.20114857105499,-116.09634547002602,-118.19464309534257,-115.47857383740536,-116.12479879733446,-118.50294651354398,-116.53901302065255,-116.5795401531522,-116.38374743110523,-117.19701376669137,-116.66945311962304,-118.1058950368888,-117.72619001996465,-116.81129477259377,-117.703919029694,-117.20169739675183,-116.36637646521393,-118.52940784925447,-114.71625188399727,-117.72898704410065,-116.90676924973938,-117.75877964178491,-116.90582284685247,-119.07534857863885,-115.64660170820541,-116.85685798652774,point1,-116.9490478887635,-116.88854402985825,-119.07534857863885,0.9342886623032702,0.0073949843040292725,0.03684600190726206
HDOK,PLOK,17472,38,38,-128,-12,11,2,33,-118.16727426472963,-116.30683606407202,-117.33208144843091,-117.01675878345257,-117.80637686302855,-116.12509841934472,-117.90955471865432,-115.87310278086667,-118.74143065720256,-117.49852549887707,-115.51172471634999,-116.59001579254641,-116.59529282576915,-118.91424613569227,-116.52158623483203,-119.5275664027541,-118.03910733908286,-118.74578325542622,-116.7666280230983,-118.42742151112236,-116.38927335800777,-117.55982091694119,-117.67707125953827,-117.12260980127994,-116.53287263631081,-117.96705693391239,-117.23274129943024,-117.23574998768184,-117.35324155160625,-116.14359258096357,-114.44131064593088,-117.83038691120011,-119.04792959319845,point1,-117.30151724882833,-117.33208144843091,-119.5275664027541,1.1971892801662094,0.21564245721940534,0.16670881920502145
HDOK,PLOK,17472,38,38,-128,-12,11,2,33,-117.8783528299848,-117.23420436129291,-118.09599924579331,-116.50089235849778,-116.66794247119455,-116.73102573888848,-115.63767255961966,-117.9087919886384,-117.11468527619735,-117.06663606569626,-117.87259729669972,-118.22380938169913,-119.11305257439068,-114.72273940993885,-117.17637963056983,-119.45362255550876,-117.59873306018338,-116.22809194580384,-116.54296940229764,-116.6545571211454,-117.4610634196523,-116.68171957236109,-118.21367955079171,-116.12170832203573,-115.9121504436955,-115.66430730142635,-116.46433540028141,-118.14138925059157,-117.6749550974744,-117.22306169966703,-115.38266592743089,-116.91196765470215,-116.11631710565534,point1,-117.04218412181233,-117.06663606569626,-119.45362255550876,1.0717931016248168,-0.12383440831910945,0.0428427181759794
HDOK,PLOK,17472,38,38,-128,-12,11,2,33,-115.67423631914103,-118.5814962249015,-116.96771171578459,-117.02386850062082,-114.70579455307424,-120.16589940173291,-118.45553027201878,-119.33018339792773,-118.16136682155681,-117.57101790031373,-116.25744022762669,-117.11648716334574,-119.00675771168736,-117.2856317721462,-117.1469970785018,-119.47224544138243,-116.5417451496708,-117.47886449868543,-118.07787151006654,-118.0888987796554,-118.17777416044405,-117.54870100896717,-118.17984286580483,-116.43334943470181,-117.36082699303952,-117.83219390932442,-116.31062961537086,-118.61908408561058,-116.73708096913856,-117.93219188024891,-116.04710612318219,-117.1264361057895,-116.81363212716353,point1,-117.52208768844325,-117.47886449868543,-120.16589940173291,1.2904997036736396,-0.009993597776533442,0.322248523402032
HDOK,PLOK,17472,38,38,-128,-12,11,2,33,-115.98920613551726,-117.3724677708305,-117.68568277105402,-118.89869378518236,-117.69357780886985,-116.3398124709333,-117.78522145059256,-114.3967222356349,-116.65620921459347,-117.38959928939508,-117.13192792773295,-118.68939095151214,-117.51335356581374,-116.60985221651177,-117.7349671933666,-118.23850990434991,-116.8944378386389,-118.04957187700478,-116.97102164618369,-116.47721180800552,-116.27897065334652,-118.28043728623244,-117.65367401774536,-116.4000584147095,-117.28892478303182,-117.25434971860385,-116.39521957731172,-115.46372125555341,-114.90360848770767,-117.94536062714505,-119.18462521543685,-118.13074670938357,-115.2820353493278,point1,-117.12058090779573,-117.28892478303182,-119.18462521543685,1.2180710837799114,0.49345102697788323,0.08970816224068523
HDOK,PLOK,17472,38,38,-128,-12,11,2,33,-116.80202891904057,-115.20624899106512,-118.85495734696181,-118.05742553067134,-116.87684340910184,-114.66479335029716,-117.07427985915122,-117.28424418946334,-116.84985018442104,-117.90461939914341,-116.18992697841291,-115.46048042777393,-118.44216344301947,-116.57829594709955,-117.630902441295,-116.98055279678732,-117.32789354892209,-119.17775749804007,-117.72583340960857,-115.679649203365,-116.87497698559551,-115.97055107401647,-119.1217081878032,-117.55863306828768,-117.66803221865304,-116.67905583085738,-115.9385004037823,-116.21518549167804,-117.11296184205483,-116.85260060831945,-118.64189411061716,-117.20724341155076,-118.5211029237745,point1,-117.12518766759489,-117.07427985915122,-119.17775749804007,1.2049988264681073,0.061929350328611965,-0.28174230857455695
HDOK,PLOK,17472,38,38,-128,-12,11,2,33,-116.92258034469366,-116.7986562633583,-118.54299147006513,-118.42112405764077,-118.79959945308019,-118.19827234033134,-116.7091424125345,-116.54068772079411,-117.08795053117929,-117.44926360532976,-115.95134469633973,-115.62479257019248,-117.29824995758204,-117.3850150871151,-117.13317280566969,-116.69935200603857,-117.35296251621226,-116.92684480908801,-115.88961996664544,-117.76330910050176,-116.94909492679835,-116.80680105331425,-116.91063902633046,-117.99913619939556,-114.46807440111287,-114.66257480532275,-116.82652554769663,-117.27615434334534,-118.24981609689384,-117.19757803033256,-117.740726421495,-115.04304665962752,-116.5172207911572,point1,-116.97400969749137,-116.94909492679835,-118.79959945308019,1.0340953665665582,0.6373290275921625,0.548173404943554
HDOK,PLOK,17472,38,38,-128,-12,11,2,33,-117.24762159259572,-118.68976672735455,-119.28971168724169,-116.17184622819275,-117.11794461650003,-119.73292139987949,-115.12429140122634,-118.29748661712262,-117.8661217772474,-116.45322724197422,-115.68624804604325,-116.73825297133833,-116.76099744911681,-116.61779190493874,-117.64522174522428,-116.83777451829806,-116.20396553868198,-116.84115615136456,-118.5168666364449,-115.51958121137181,-116.67708346386458,-117.50564540814511,-116.86549750064701,-115.92754821181377,-117.78987056808981,-116.50657273063823,-118.0808669465815,-117.14511129696967,-118.86540496648121,-119.26957199598806,-116.65350635777685,-118.07525018867157,-117.77863235836314,point1,-117.28785931685415,-117.11794461650003,-119.73292139987949,1.2586124232134326,-0.3173383082681465,-0.4409447589738775
HDOK,PLOK,17472,38,38,-128,-12,11,2,33,-115.62395549001657,-114.46395995373489,-119.25056976585643,-117.88519528964729,-117.21484070888016,-116.54233480721602,-116.30663851481866,-117.76833988600306,-115.1103490932838,-118.13384159375569,-117.82565964353446,-116.10513906032268,-117.74719836686683,-116.62442798498225,-118.49569534073693,-117.61067094905549,-115.83743221481899,-117.51912339160172,-116.42702766747449,-114.97010907264728,-117.83337985768746,-116.25928236114827,-115.48806378736673,-117.44016573216537,-118.47625466243757,-118.69684457879809,-117.44132387709061,-116.1451871480486,-116.65770215526793,-116.40563394123956,-119.000530402895,-115.59493147873802,-117.26111042898627,point1,-116.97463391536736,-117.21484070888016,-119.25056976585643,1.4369420311984162,0.09779772181179966,-0.7139447907659728
HDOK,PLOK,17472,38,38,-128,-12,11,2,33,-117.06119165581896,-117.25008810164766,-116.87056754254867,-116.8839533234968,-115.65429546899459,-119.28543138388339,-116.14283114854905,-118.00741008247677,-117.27074580385946,-116.90268159390851,-118.3260967761669,-117.55947141061897,-118.12194162660955,-117.26027951312705,-115.99324890982015,-116.10800947122868,-116.19559756372021,-116.63495772231265,-117.70714651372525,-118.58270229426806,-118.59844282734397,-116.71512742896778,-118.58057383617412,-117.86949126940449,-116.78962139204589,-117.00905305736143,-118.16399737278445,-117.20632831988719,-116.98005489715324,-116.4989726121676,-118.10960743599415,-118.00494409213589,-117.74957837573228,point1,-117.33619517648285,-117.25008810164766,-119.28543138388339,0.7458275723812263,-0.1342527850082012,-0.5710636608131336
HDOK,PLOK,17472,38,38,-128,-12,11,2,33,-116.29705591884374,-117.57184464677255,-117.6028754521236,-119.37774529820459,-117.63522647980317,-115.1951616982891,-116.09073309167854,-116.60096635033818,-116.71194434923025,-118.00113899374603,-116.64884150569222,-117.93181756652152,-118.41056285272015,-115.26685615705452,-116.29324982985011,-119.53974534174715,-117.8530555563984,-118.89222748551788,-116.60628913570564,-117.4634741822291,-116.9214637866412,-117.45964125620807,-120.53379888365775,-118.0340107725221,-115.40891034979181,-117.44947712309143,-117.61538584703558,-117.92164158042215,-116.92013118713764,-120.02224340980277,-118.48884291087498,-119.21883545874309,-116.31700512155969,point1,-117.52430907818044,-117.57184464677255,-120.53379888365775,1.6846806119915336,-0.3136522115661512,-0.15874394328879404
HDOK,PLOK,17472,38,38,-128,-12,11,2,33,-117.89546847338626,-115.14463863498587,-116.78477842257155,-118.05656063083758,-116.6650739662761,-117.83266195639662,-116.40755971030988,-117.59987981697314,-118.82115885384594,-116.89998075858541,-117.4091989192864,-116.00514185877088,-118.2510115034806,-117.57613745342783,-118.11245017407124,-117.6761324240396,-118.09075804269918,-116.46633271388305,-117.05263689918463,-116.97594615715529,-115.68773405168105,-115.18792973153192,-116.2317289918166,-115.64797729637773,-114.91484326756499,-117.26087358531244,-116.88148505077729,-117.20601900481073,-116.09748168598773,-115.90638223467373,-117.25207588574433,-117.52303303693274,-115.72807739519939,point1,-116.88633783601749,-116.97594615715529,-118.82115885384594,0.9670291595622779,0.2350150432974538,-0.7347680540839212
HDOK,PLOK,17472,38,38,-128,-12,11,2,33,-115.89795610664557,-117.24333141886356,-116.7956264808352,-117.9362594070045,-118.21265297202609,-115.98926553546971,-116.92386166241597,-117.96695646519596,-116.90961538554154,-118.18054306978435,-117.9358978546332,-117.11115976472426,-115.46989635999714,-117.08042799397846,-115.96039521998392,-115.96389995805777,-117.36201276160948,-114.35569579239397,-117.53328439647886,-116.48341261570327,-117.27660963369618,-119.89308769407228,-118.11291880829481,-115.89373489313971,-117.56247474579835,-119.37194143319427,-117.10214269212813,-117.9671194564778,-118.1817252496276,-117.52031347259393,-117.56821513138003,-117.47577937442766,-118.35118341943624,point1,-117.2602847644124,-117.36201276160948,-119.89308769407228,1.2028868696060087,0.2161702375547025,0.8667567158690468
HDOK,PLOK,17472,38,38,-128,-12,11,2,33,-117.42271682426889,-115.75506616572812,-118.12328628355534,-116.6218836347326,-117.56927441478528,-117.21821678303272,-118.43965762542518,-117.12880220111239,-116.98188367066044,-117.00686537256618,-118.83985864156651,-117.36108979336484,-116.04876301367602,-118.95035899010905,-117.83548587074017,-118.45661554151332,-116.8776884604847,-116.85820588959578,-115.76301146205579,-116.16700225505909,-116.96853847098143,-117.90933389102578,-116.14880764199357,-117.07879851432524,-116.02908633157078,-116.83339461197953,-115.74055338315833,-118.1861807492786,-115.75715158134606,-115.16731447645905,-117.11143379121245,-117.97674205142798,-119.12147051470119,point1,-117.13498602737857,-117.07879851432524,-119.12147051470119,1.0360334634681965,-0.1231563792123262,-0.7106084838112658
HDOK,PLOK,17472,38,38,-128,-12,11,2,33,-116.75134390708746,-117.48141140444237,-117.89513130329216,-117.26670150620093,-119.43710664937058,-116.8135925481632,-117.47371180914044,-116.39651699869287,-115.4472804692754,-118.61688568302962,-117.36431871268961,-115.72921953094145,-115.23434002899093,-115.55044358608554,-118.49913546203997,-116.13485389897662,-116.95446380295883,-116.49968955613183,-116.212591783761,-118.05659194140036,-114.92001437556003,-118.72837579005876,-117.79225669409811,-118.38209866326663,-117.46848281227751,-118.13984547934812,-116.22974537177295,-118.9869378127121,-118.97784979241884,-118.56760106836555,-115.6224669776347,-118.8986405267408,-117.65100749744822,point1,-117.27820161952648,-117.46848281227751,-119.43710664937058,1.5259992337160464,0.16794669113335484,-1.0522176649609012
HDOK,PLOK,17472,38,38,-128,-12,11,2,33,-115.6988885956292,-117.67350991999629,-117.47393057199324,-117.65638243280216,-115.76404058097269,-118.56672461315308,-117.64037322418626,-117.42563987707375,-116.93803640713897,-114.46511839444564,-117.54135571201263,-117.94697781214317,-117.64368385327427,-117.40560731296364,-116.82999291253662,-116.09855400761494,-116.12590090316883,-115.68771255111733,-115.72488585673379,-119.19369598366204,-118.42821084526449,-117.95470671914595,-116.62454283950265,-118.27775031509177,-115.5900575381693,-117.852291834303,-115.79402618767736,-116.9565357043827,-116.75437088568252,-120.34878533464916,-114.83106201730737,-117.44377039084118,-116.41526787456293,point1,-117.05370878815755,-117.40560731296364,-120.34878533464916,1.5350771461029888,-0.19367247383510658,0.35573058175566974
HDOK,PLOK,17472,38,38,-128,-12,11,2,33,-118.12403965802106,-116.320753699635,-116.2563167295094,-117.60552287439728,-119.00494013177409,-117.25712786506047,-117.78436247231369,-116.15296325205183,-119.0943976290284,-116.40701254438127,-117.6743864358502,-117.20104903336846,-117.04650688749784,-117.78632772619203,-116.53453592010567,-116.48770652225735,-118.29520426630538,-117.13489471565188,-116.64674997290975,-115.99216636756526,-117.31833064088634,-116.32385318988061,-117.83159344787407,-116.52950564411023,-115.941885697672,-117.68464799561843,-116.15255044559912,-117.44434239492155,-117.06948689527891,-118.0826120562848,-115.59404361642376,-116.33545376785345,-116.17992010475858,point1,-117.06955123033447,-117.06948689527891,-119.0943976290284,0.7671467846966609,-0.5049888370957824,-0.3976176494891961
HDOK,PLOK,17472,38,38,-128,-12,11,2,33,-117.71334637174371,-116.33086968326954,-117.10765636865086,-117.31064793620658,-117.84749599066205,-116.94383128141358,-117.41132060703417,-115.96281652737815,-116.91714937381816,-116.87501342437946,-116.72873326762029,-117.53081214796552,-115.95136903641597,-117.68435717528473,-115.15256783626079,-117.23632572635347,-117.85775853091191,-117.03214496649584,-117.28497474966287,-116.4415963786283,-117.73131800954906,-117.7439015498922,-116.61236213311756,-117.45922825653206,-118.2205063824674,-119.41793662455964,-116.44071856870903,-115.60128060081563,-116.76569163182701,-115.83838107462375,-118.21561647722588,-117.88074910912042,-117.59577564516964,point1,-117.11649252859895,-117.23632572635347,-119.41793662455964,0.733180449439303,0.018880056384876536,0.6470323620673311
HDOK,PLOK,17472,38,38,-128,-12,11,2,33,-115.28817691326176,-116.7293529288066,-118.56623782001726,-117.68271490076319,-116.79150207528876,-115.28092430475613,-116.6749737209815,-116.5955851980549,-118.18680496347469,-117.01903383677173,-118.97497067253335,-119.49701926261173,-114.66070688183574,-116.97821944441274,-117.20576685304758,-116.27503629486358,-117.61284271078075,-116.86765406031991,-116.41277642276097,-117.75685413253792,-116.44591334332172,-117.9739917837488,-116.43713752913855,-116.74163507925442,-116.99571340145538,-116.99695925035152,-118.57343940047875,-116.87093933271235,-117.58654715044983,-116.73143933539396,-117.19128340537108,-117.36824681031985,-117.08412865197182,point1,-117.09256145066209,-116.99571340145538,-119.49701926261173,0.9857856287784971,-0.058289257072905255,0.9110361944672909
HDOK,PLOK,17472,38,38,-128,-12,11,2,33,-116.04612726127357,-117.14971609579524,-117.18557531503978,-116.91577294314577,-116.75515195691958,-117.30425441772532,-118.21628321146977,-116.86443875731173,-115.81137885762509,-119.2446554760725,-117.11607348667255,-117.66998479444378,-117.04476601376776,-116.37544246958542,-116.10258304604965,-115.93093851712501,-116.21729090240524,-116.0260068785255,-117.48292636984985,-116.97366282998487,-116.34451240788553,-114.9667144331642,-118.58828657848895,-116.65329005270006,-117.02152901264984,-117.15542509407325,-117.12000220871072,-116.63023831620406,-117.21250029699695,-115.74202369628632,-116.55917844570301,-118.26622983807138,-117.89729943819155,point1,-116.92697755817916,-116.97366282998487,-119.2446554760725,0.7609173481637661,-0.4229133138729409,0.6929143232405934
HDOK,PLOK,17472,38,38,-128,-12,11,2,33,-118.14741086571571,-118.00720420264781,-116.7433393900208,-116.54325940168071,-118.26860300272266,-118.08333502768886,-117.55412596241486,-118.20056702147781,-116.15813764972947,-118.01099622167276,-117.52979221010104,-115.47544737704928,-118.31861176104408,-117.83869994165876,-116.28488457192577,-118.05285514822923,-116.65049851942544,-116.54731652796784,-116.99561981610046,-117.44129666704625,-117.09796407195437,-118.42496726092496,-119.60914240430279,-116.97173877112128,-116.39285238518181,-118.36649211162228,-118.58345970873484,-115.6907274265787,-117.27288223685353,-116.79677941942661,-116.4753141579262,-116.81110930722382,-117.03607123704118,point1,-117.34489399349127,-117.27288223685353,-119.60914240430279,0.8444000432624629,-0.11036465891810411,-0.29980932088643497
HDOK,PLOK,17472,38,38,-128,-12,11,2,33,-116.57632343902013,-118.4142036769903,-119.02294338754034,-115.23379442624605,-118.25009814847688,-117.58447669691863,-117.16947574991853,-117.44625994554674,-117.49773703095832,-116.86895024070198,-117.71462869549784,-116.90408621893772,-116.15711217878047,-118.03970483565422,-117.9166774551507,-117.21858825182748,-117.06316853339027,-116.30213405068665,-117.85994478943628,-117.05011476990006,-118.04195641396744,-116.48138512615918,-118.62831105642175,-117.4293214476109,-118.02339481847856,-116.22951859595,-117.25861899229692,-117.49897431716903,-117.3833502351993,-118.32918894459985,-115.88165116368393,-117.82660127588234,-117.9976309757685,point1,-117.37273714802326,-117.44625994554674,-119.02294338754034,0.6856418751516498,0.4725906994367155,0.14219794689788712
HDOK,PLOK,17472,38,38,-128,-12,11,2,33,-119.79564478954656,-119.00795607006589,-117.52700310165226,-117.62386674428204,-117.07300671551015,-117.21825841905392,-115.90017113406773,-116.68907127429834,-117.74065154643688,-117.30453735484929,-118.00875198416142,-118.64430807863978,-115.74856686607077,-117.78120423278214,-116.82337489244061,-117.74183293262526,-117.16466578903137,-115.07624663552154,-118.0248487105706,-116.93196625706759,-114.83878296839659,-116.35433470317753,-117.61427936328577,-117.58602771052232,-118.08787129590937,-115.77765956662579,-115.95442627092116,-118.19193964506462,-117.77516014628503,-117.69856701248933,-116.31537752452175,-118.0788680252549,-117.05690095482771,point1,-117.24715541563502,-117.52700310165226,-119.79564478954656,1.1359424536840594,0.2282104150475214,0.31331118441907835
HDOK,PLOK,17472,38,38,-128,-12,11,2,33,-116.70026548443973,-118.63540359769856,-116.48099533581964,-118.19088958555662,-117.84676728504641,-117.88723572749997,-115.18713038884043,-115.82342157676852,-118.93908246279736,-116.16172873496612,-118.5432152375447,-117.4670437547799,-116.21770953207269,-118.61375457374623,-115.97418747277707,-115.98515993686752,-117.6474399075711,-117.84086749626857,-116.15495658034968,-116.52784783640091,-116.81662932224832,-116.74187050479694,-116.5075893642538,-117.78241462155657,-118.57340764599931,-116.09880008518608,-117.63419279620638,-117.06401347296604,-120.79499223306838,-117.74215442862356,-115.24499405954714,-118.06289649638059,-116.84421439217549,point1,-117.23434157366124,-117.06401347296604,-120.79499223306838,1.4265026533267489,-0.6141740995743572,0.7628076536900648
HDOK,PLOK,17472,38,38,-128,-12,11,2,33,-116.46859166382099,-117.62748291706514,-118.58741412285595,-114.81441772099015,-116.69930410431817,-117.12149405851125,-118.31653441566131,-116.48706762425229,-114.45927567777382,-116.30750999916093,-116.17258807271105,-116.18639289120765,-118.3283924111781,-118.91668669805213,-117.43844242591356,-117.70608983362479,-117.659959136743,-115.96415978712523,-116.8670202366874,-115.71343710883498,-118.30945466502536,-118.34368674391204,-116.85424198466993,-116.52617450795381,-116.63219341323632,-117.8967702928257,-117.5045641593245,-119.09709822884929,-116.73905942790707,-118.37246676121468,-115.91959022275135,-114.98780888257464,-116.94304592834136,point1,-117.02934594318404,-116.8670202366874,-119.09709822884929,1.3383892670684796,0.232637347411618,-0.4335092780882812
HDOK,PLOK,17472,38,38,-128,-12,11,2,33,-116.73944471931142,-117.17874368373117,-117.9552243200379,-118.2095151334858,-118.23011669142214,-116.98907783642537,-117.07071592683157,-117.31821619162349,-116.31712230466353,-115.91775413711335,-116.8240246419471,-115.500379702909,-116.99586174800424,-118.0639814405687,-117.01814492968671,-117.2778466717885,-116.51949487073071,-117.026962823029,-116.73122275230618,-116.46997859696512,-116.2272616614502,-117.07197922221555,-117.31717244133597,-116.84700273100381,-115.7356211338431,-116.16303305978526,-116.49935274272805,-117.05498607351942,-118.45477754378524,-118.95572934812796,-116.39912047710479,-116.71790272593059,-115.88582765947248,point1,-116.96010896796618,-116.98907783642537,-118.95572934812796,0.6259539284626602,-0.5613105807111196,0.20852826880523212
HDOK,PLOK,17472,38,38,-128,-12,11,2,33,-116.61172953288106,-116.62981090525301,-115.6605532330271,-117.78424707421034,-115.38374376234688,-116.86872907684204,-116.33285801086117,-116.96515861388977,-118.5426775631333,-116.87294772807373,-115.05493131703875,-117.08073580047386,-116.58377461478756,-116.04746955034427,-117.70303547486037,-116.53952178536481,-117.38427351908275,-118.72762999216995,-114.17061640664839,-117.9883620240098,-117.32850846967351,-117.35595071086762,-116.14507205850317,-118.42753232799123,-117.61309708732158,-117.69872153010006,-119.53081852296896,-116.89027949666992,-115.4167970379703,-116.96147995197218,-115.71118120403766,-117.43864226929946,-116.33035684664668,point1,-116.90246192422187,-116.89027949666992,-119.53081852296896,1.2315323252591646,0.061731584171486574,0.3850654037471499
HDOK,PLOK,17472,38,38,-128,-12,11,2,33,-116.52601615814464,-117.57694004713198,-116.93921104372143,-114.78483344782025,-117.49374927138015,-117.5631704744645,-118.26400197026884,-116.44111904762362,-115.60800692887672,-118.81171618076601,-116.31951722512021,-114.89495062256462,-116.45544628556623,-114.95500720165718,-117.47214378727409,-116.8099364911138,-115.84409050368974,-116.27851791988041,-116.7072823930717,-117.00961793967414,-117.90278009884716,-117.60894002077997,-117.25702272254578,-117.61023807832245,-116.4127780761729,-116.0416767890133,-116.43314741411913,-116.3996538086661,-115.21821730968837,-117.99957282659898,-117.4446241101602,-117.08018319276142,-116.56974310809814,point1,-116.74951068168434,-116.7072823930717,-118.81171618076601,0.9331884948560428,0.24168235928164208,-0.21684753086409447
HDOK,PLOK,17472,38,38,-128,-12,11,2,33,-116.7054872694834,-116.98955896701712,-116.05320038703108,-118.17454848885075,-116.52317187557249,-115.50917940856544,-117.02105902277972,-118.65897593490457,-115.82220867827782,-116.94287662970717,-118.28737634496706,-118.01989006378291,-115.11085305960012,-116.87562472385262,-116.39151518413836,-116.6555275836636,-117.13062124542613,-117.03528720594134,-117.30169149612878,-116.54926639011538,-118.27299348282749,-116.77160746884522,-116.30711245839323,-117.80169419972123,-117.87482600423948,-117.4585005924278,-118.7953215643948,-115.66618111238203,-117.73725892881095,-118.43478704855184,-118.39846419762713,-118.87417696946585,-118.36840361362935,point1,-117.22785598791276,-117.03528720594134,-118.87417696946585,1.0012732761092995,0.15694838428412025,-0.8364268426127848
HDOK,PLOK,17472,38,38,-128,-12,11,2,33,-119.4148781402496,-117.67824637515743,-117.98248776730658,-118.07984100182293,-117.3686422743179,-117.78989011545305,-116.95041829631838,-117.06909557710641,-116.66525170727485,-116.80568269167762,-115.94341695681808,-118.28254428344582,-116.270785431516,-116.12770936398854,-119.0422518909229,-116.51635294837958,-114.82029147966506,-117.841487001577,-115.49605456497473,-117.16107295154929,-115.71652958102544,-116.73202098419992,-115.95234911318147,-116.40099784577211,-117.18723222726882,-117.04821242718982,-119.55716954958392,-117.34115086821781,-116.52240876764183,-115.89809482767589,-116.13921068210203,-118.08707497126449,-117.45450897054572,point1,-117.07101095864215,-117.04821242718982,-119.55716954958392,1.1763348121101505,-0.4110152340204956,0.0750898922886103
HDOK,PLOK,17472,38,38,-128,-12,11,2,33,-117.47470715355644,-116.78834380502488,-116.52739748925542,-118.73691390685052,-116.40372986314269,-117.19892868577361,-116.73521769795215,-116.06018862090842,-117.5418436895072,-117.32260480938014,-116.81312565739108,-116.81952416720966,-115.91817467987106,-118.24127105034664,-116.27695660812037,-116.54785882418203,-117.17807133160474,-117.8405121272355,-116.2952018195903,-118.64644561558595,-116.68465813403948,-117.37434384897611,-117.63339186911075,-117.07141422654932,-117.9371679757878,-117.58478929999235,-117.74923249852117,-118.2563572364921,-117.61389947155985,-117.49753955832401,-117.36813796778588,-119.24214239042051,-116.86771243752166,point1,-117.28023650053241,-117.32260480938014,-119.24214239042051,0.6038482144857759,-0.4836867481416155,0.016844885614989202
HDOK,PLOK,17472,38,38,-128,-12,11,2,33,-117.8402969263412,-118.60693419233652,-117.81818495090471,-119.44371242832602,-117.37469222076564,-117.64765805009668,-118.15008238498083,-116.56605281464186,-114.23719116306437,-116.78443803289692,-116.51913826281636,-116.01259365314954,-115.4991687454006,-117.9106717566734,-117.65085487978833,-117.46948638168794,-117.92859078412064,-117.91127883900148,-117.63693876010265,-116.67121134526182,-116.900515816268,-116.63097733060327,-117.27948417224994,-116.95124773206197,-116.180779988968,-116.68385112552612,-117.03064444747483,-115.76146887210571,-116.2793546632678,-116.19169505655809,-118.04706658059435,-117.4119538167223,-118.20272572959068,point1,-117.12821036073782,-117.27948417224994,-119.44371242832602,0.9907227205433012,0.4539158810618044,1.1385191443152913
HDOK,PLOK,17472,38,38,-128,-12,11,2,33,-117.6617114005454,-115.90579595843845,-117.81886194807652,-118.03345750409291,-119.06535650175768,-117.48916782428921,-117.49263126264664,-117.97055800314791,-116.09993314977504,-117.6167039575667,-116.70789264249899,-115.39476496401586,-117.65612200020263,-117.296028311296,-116.69547262272673,-119.54526370826309,-115.83428815359105,-117.71895974278559,-117.60151245786837,-117.04017732033181,-114.82278393790689,-116.71936516853083,-118.36093741457293,-117.56918054945672,-115.14935084640649,-117.11295652249014,-118.00338608456094,-118.89219494610002,-117.52867381002204,-115.89268512852982,-117.75370227829045,-119.10155416628389,-115.87798294052851,point1,-117.2554367644726,-117.52867381002204,-119.54526370826309,1.298798062732578,0.23143887236110275,-0.2990516842690871
HDOK,PLOK,17472,38,38,-128,-12,11,2,33,-117.19428214859452,-116.94911245327293,-117.61353724034578,-116.85639598696586,-116.08182643329181,-117.17566998884004,-118.81219455255307,-117.27789457924618,-116.45812487391972,-115.51258977684803,-117.37538024301172,-116.0137527283579,-116.52207533925949,-115.6935065888774,-116.4318015663871,-114.54104953699195,-117.09076313948025,-117.38745944676938,-116.19199989844081,-116.67324608453303,-117.46912859677921,-116.85378536013737,-117.40653017699147,-117.80423516969279,-115.99505868350313,-118.02995594858731,-117.08402730535218,-118.05092445255633,-116.8692442024154,-116.83258634235067,-115.99329791717524,-116.8610717186052,-117.91962053271484,point1,-116.8794584549348,-116.8692442024154,-118.81219455255307,0.7028670077834512,0.36069852646598666,0.8610876339887645
HDOK,PLOK,17472,38,38,-128,-12,11,2,33,-117.0066209220335,-113.7208024883407,-118.89529900749824,-116.76230245113486,-115.54107566014808,-118.20834423938662,-117.67346868176885,-115.67179445647712,-114.75412706677936,-116.05609755209238,-116.33298645815528,-117.58547848897646,-117.94525595593792,-115.91636145116863,-118.11009001433882,-116.04668879491744,-116.28401868958042,-117.46223550127775,-116.48207629322195,-116.49212875387242,-118.06966699332834,-117.75899729981177,-116.00253977191392,-117.92302274734536,-115.88633454667621,-117.95704872104918,-117.43813557735398,-118.1605071973153,-115.94668330480208,-117.36485843131328,-118.18775669612555,-117.76123933148509,-117.51500377953224,point1,-116.9369408280351,-117.36485843131328,-118.89529900749824,1.3036659430833324,0.6977816579149817,0.2843908548995575
HDOK,PLOK,17472,38,38,-128,-12,11,2,33,-118.29485418352569,-116.19367111111141,-117.68052282128413,-116.81186312759502,-117.68561895343858,-117.47522296048889,-116.21607403786842,-117.13823277961193,-117.38295625479633,-116.76113949970019,-115.53320984909462,-118.47810216029005,-116.16820211867638,-113.52512940724054,-116.83681042207425,-118.19608639698232,-116.79207702498142,-117.01477166483805,-116.10693219570916,-117.78734447577375,-115.76789382323152,-116.72177434263997,-116.79558566563743,-117.80942303266069,-114.99675535816147,-116.23145601798039,-119.10965333978987,-116.65420261355641,-117.47388002151693,-116.09889832565325,-118.14335936992939,-118.04856220188341,-119.75644984610608,point1,-117.02080955769175,-116.83681042207425,-119.75644984610608,1.4203933284683055,0.3661760275417841,1.3489058139436065
HDOK,PLOK,17472,38,38,-128,-12,11,2,33,-116.39682353726938,-117.86443334151272,-116.06233104765309,-118.39727342444311,-116.6793844205442,-117.19585375396089,-115.71867763934152,-117.76566491051732,-114.91878056276873,-117.28165482065384,-116.12148528460165,-118.1233831763975,-116.62173406261768,-117.54744374897354,-117.15197790911314,-117.13312568405856,-117.19096710009534,-117.69045540121431,-117.09180959260227,-117.03709806021709,-118.42840400979472,-118.01005189702839,-117.07064136237739,-116.64274429084338,-114.83283555793217,-115.80235946836078,-117.68183143634863,-117.03913738519994,-118.09236787103114,-115.53850020460865,-117.34343019641666,-118.92187252865047,-116.8791913055313,point1,-117.03859772705088,-117.13312568405856,-118.92187252865047,0.9290843554234054,0.4633427287078027,0.005354366363741647
HDOK,PLOK,17472,38,38,-128,-12,11,2,33,-116.35022353490938,-116.74216148718669,-118.87164785716014,-115.6958834223291,-117.76695408181736,-117.04548962048368,-119.24084577834167,-116.11068977048278,-117.4350446552943,-117.25340893521417,-117.72065119708225,-117.54036545042165,-116.83189283012781,-116.73350692759693,-117.28155055383026,-116.91185987511854,-117.06573347288516,-117.48450722156447,-118.18607766503891,-116.22152003277557,-117.15599537447933,-117.3554602593514,-117.43584259580742,-117.08522123811454,-117.81865044229762,-116.2868364660394,-115.84456019177586,-116.3827831957722,-118.7703648576863,-118.44673082624297,-118.81554508399071,-117.24380982759344,-115.92487398855748,point1,-117.24414208234452,-117.24380982759344,-119.24084577834167,0.8064400372606437,-0.38984798831224216,-0.29838250115306586
HDOK,PLOK,17472,38,38,-128,-12,11,2,33,-117.96155275315873,-117.10556812205208,-117.8513123482443,-117.51425237183275,-116.6620809400878,-117.62194936049262,-116.8135527165017,-116.24353192988929,-116.65768277814334,-116.97249684319819,-117.64855001641044,-117.17598211006201,-117.25830803464555,-115.2933932098373,-115.2155853580977,-117.74173759796213,-117.7111421795401,-116.93161903628267,-116.09081344100166,-116.36522793372748,-116.18525455079508,-116.23046522827288,-116.56032319008868,-117.94800468291541,-118.11855886472742,-117.53194655211266,-116.74972736512083,-115.93514390949687,-116.24035859228732,-117.85556571381174,-117.68082731780436,-117.90123011532819,-118.2339985924678,point1,-117.03053768958777,-117.10556812205208,-118.2339985924678,0.6427708728951258,0.49087227001287315,-0.5873822395904038
HDOK,PLOK,17472,38,38,-128,-12,11,2,33,-116.55508524563844,-117.33817536007174,-117.63772594352427,-117.5390122579942,-117.39244922694098,-117.9186582389483,-117.17240743289244,-117.44875528132842,-118.12994043274078,-117.9908893372017,-118.69103188736834,-117.9202728386194,-116.71294690954622,-116.64990461971485,-118.48470034355232,-117.10308931549174,-114.97756512639792,-116.66991372655951,-117.44007432624502,-117.05101301257695,-116.30726116281761,-117.50466270869673,-116.80740570574679,-117.62308477238312,-115.73824200315514,-117.51411326418071,-118.07424206412966,-115.76596790307256,-117.32232239317159,-115.79107600065504,-115.39916344578751,-115.20185598262984,-116.74281062822912,point1,-117.04896420903056,-117.32232239317159,-118.69103188736834,0.8503212983650482,0.5655956994000173,-0.2420371519558353
HDOK,PLOK,17472,38,38,-128,-12,11,2,33,-117.24100928586375,-117.41173844259862,-116.54495147780959,-117.38320132258039,-118.22612280165372,-117.86425988185758,-117.06182624160157,-115.45270115299707,-116.47510303761483,-116.53418655294995,-115.96727330524371,-116.16177913262045,-116.9292983484298,-118.5812036546669,-116.2849145085456,-117.48134195256719,-117.21565254871618,-118.62813981706037,-116.15710299727768,-116.44234416436076,-116.77903284922103,-118.67157552893575,-117.74092876593093,-117.8333280813079,-115.43272602192518,-117.71468931993458,-116.76639133075871,-117.41697280348626,-116.84591692651618,-117.26193374887139,-117.3413123351449,-116.92706154529779,-118.26974798372115,point1,-117.12259902630508,-117.21565254871618,-118.67157552893575,0.699117341178281,0.004240254141217816,-0.39561986545239636
HDOK,PLOK,17472,38,38,-128,-12,11,2,33,-116.80907963659735,-116.60894369589907,-116.22858242296569,-117.17158024066335,-118.33274782013449,-117.39173688009456,-116.67730287493032,-115.85973514039787,-117.12760437698928,-118.13995226339088,-114.94229350546193,-118.73140442572513,-118.03532071857782,-116.73580033026869,-117.08968116606374,-116.68514237333996,-118.67678523401669,-116.37476581668666,-116.6678227453229,-117.5978253619692,-116.25376276253921,-117.26866092750367,-117.00362269986928,-117.74130882372795,-117.43735905289542,-117.73039588913846,-118.03288671159962,-117.62295827914062,-117.31292494760841,-115.50713317151875,-117.4422988577764,-116.25145470192639,-118.05015604655729,point1,-117.13754636064535,-117.17158024066335,-118.73140442572513,0.7434561126133257,0.33662365783840337,0.09213751704689743
HDOK,PLOK,17472,38,38,-128,-12,11,2,33,-116.5765823833887,-117.18343814829738,-116.34394357709708,-118.45438200518349,-115.94065975026435,-118.0451723225646,-116.01268424495512,-117.84491181672014,-117.88819317021408,-118.00235846226015,-117.43320293341186,-116.1557751733648,-117.40965187284846,-115.0083012090963,-115.58532555926647,-117.59881383662722,-117.01885624534657,-117.78873329681154,-118.38104021360365,-116.1720550238692,-116.9272014662441,-116.26376717037543,-119.57628612263859,-117.8901264173863,-118.55377687287178,-116.1071054040043,-115.47823187180431,-118.4224648747237,-116.8920892554775,-118.89640435353674,-115.42869676776886,-116.95201851131712,-116.74932836688966,point1,-117.12065390000697,-117.01885624534657,-119.57628612263859,1.2198457769411215,-0.08741153189632371,-0.6875432962526316
HDOK,PLOK,17472,38,38,-128,-12,11,2,33,-116.73744884781394,-116.69738934503746,-117.2254101978838,-116.37424810328754,-116.78399866164257,-116.17645804055635,-116.26811988784085,-114.51063057912856,-118.30222102819867,-115.44186401100023,-117.25731259749602,-116.17881296668784,-116.05903562240228,-116.42346303144087,-117.60231659984136,-117.24821554204874,-117.51206866795692,-115.94905186061726,-117.29767123127569,-117.61516140710009,-116.75501724555855,-115.75802131100508,-118.10474434827313,-117.2540069291999,-117.0703312115506,-116.77744323587136,-117.19784974012796,-117.63200174910986,-118.11198051547916,-117.9297741909772,-116.97279865756894,-116.14242122732237,-115.6851255079153,point1,-116.81977012421866,-116.78399866164257,-118.30222102819867,0.7053065643057091,0.46119098528327906,0.26675584202713365
HDOK,PLOK,17472,38,38,-128,-12,11,2,33,-117.53557018450465,-116.40711671299123,-116.96627942856584,-116.61687894094104,-117.32855304428722,-115.21882486869032,-115.6026841164251,-116.33259234876235,-117.15994304332483,-118.88967115635079,-118.36905757199656,-117.77983300822078,-118.56001176826528,-117.36456469703073,-116.90634279129897,-114.03407086460051,-118.71738257723975,-118.68958526852741,-116.21706104190402,-117.11066136995244,-118.21042480291815,-117.91604610500703,-117.38063762372926,-117.131201795967,-116.28031432878569,-116.79259643345097,-115.75895379316964,-116.84163300666285,-119.18919084699438,-117.32140601128476,-117.3262868830122,-116.90587822258091,-116.85400457061016,point1,-117.14288664327431,-117.131201795967,-119.18919084699438,1.1907989440170732,0.4370648531770872,0.8317677435830233
HDOK,PLOK,17472,38,38,-128,-12,11,2,33,-116.73491445493053,-116.8995233630374,-117.47328988673941,-117.47678469209002,-115.45501424222243,-115.45769244725574,-117.45983661632498,-115.74776466953521,-117.49434780213201,-116.33713403411475,-117.05330462899144,-117.51363612083632,-116.1600632713919,-115.56963701878719,-117.18266720965241,-114.68331744063254,-115.30734259173369,-116.550300408442,-118.45362285243239,-117.4765513735642,-115.58089724681403,-116.45720881129778,-117.82703204943076,-118.08270438140157,-115.50810580160504,-119.50678263686515,-115.58115978449773,-115.50000203180501,-116.35771880204652,-117.0832270037756,-115.99503305022755,-117.33146183992656,-116.56205269885936,point1,-116.66242822010301,-116.56205269885936,-119.50678263686515,1.1059001606758483,-0.41376772042651927,0.07081464740249244
HDOK,PLOK,17472,38,38,-128,-12,11,2,33,-116.47857963559011,-116.01572938487895,-117.27564898529549,-118.75353573946384,-117.82274574445285,-117.19556540265464,-115.138873123138,-116.23957246811368,-117.37787771673621,-116.91580261674741,-117.23301738337834,-115.99804310971605,-118.0204093400734,-116.55526027906927,-116.00654374801613,-118.72198384076572,-118.55125114484755,-116.51849620592422,-117.76384342409774,-115.96810020996622,-115.99648537989971,-117.62764504759636,-116.90572439832007,-117.9721932098917,-118.39917040037663,-117.45180562848513,-117.12925428572518,-116.89328507102259,-117.38014371010846,-116.659987585058,-115.7729456752279,-117.2397106754819,-118.60323550832429,point1,-117.10855957813465,-117.19556540265464,-118.75353573946384,0.8601262978286711,-0.04489831936182513,-0.6747579888280759
HDOK,PLOK,17472,38,38,-128,-12,11,2,33,-119.28806197855577,-117.92082835543923,-117.94167669613348,-115.92527699908588,-116.45040169984361,-116.50640674298465,-117.04315407384156,-117.4541922343152,-115.7059296902798,-117.08496465064472,-116.66980495611566,-116.61667506729322,-117.08408893481698,-116.73029700272231,-118.20530806941225,-118.46020197480577,-116.66412147589406,-116.90833346092819,-118.45028324451394,-118.38718867138502,-116.6196566597614,-116.95639279941537,-117.47229964009318,-117.86156140908426,-116.54214588969523,-117.24884475032543,-117.52560145689195,-118.42628356015867,-117.26132498826668,-116.14346617507383,-116.30530558531905,-118.11483426607455,-116.11522895072338,point1,-117.21485279120891,-117.08408893481698,-119.28806197855577,0.7306387385073102,-0.4050233822788068,-0.4937732835601807
HDOK,PLOK,17472,38,38,-128,-12,11,2,33,-117.21795467052894,-117.17527128245356,-117.04133396596643,-118.31346065194961,-116.97428938450294,-117.0074672145955,-118.24704813214014,-115.42748076782694,-117.21188206273166,-117.71812642667008,-117.7712374306244,-117.30569582174618,-116.32652149337369,-116.36362121551917,-117.31763899435495,-119.03024177631204,-116.62387117226339,-116.46302654210973,-118.16685403737517,-117.29795455037365,-117.84763503082822,-117.52232384857274,-117.89367735469341,-117.06444691192563,-116.17118503373447,-117.03811948073675,-117.30231950680775,-118.42547326586708,-116.22166164297064,-116.49463014281476,-117.46212460311509,-117.36834444762627,-117.04144662677443,point1,-117.23801107545108,-117.21795467052894,-119.03024177631204,0.5452337378141217,-0.04105078125261889,0.40491323211894636
HDOK,PLOK,17472,38,38,-128,-12,11,2,33,-116.61911421939509,-117.227897928209,-116.75951574876652,-118.12221861478173,-118.27942438774595,-116.91280972803608,-118.3932238201407,-118.28052706866026,-116.25781202383334,-117.21579638448193,-118.64274623380179,-116.7807059332346,-117.23386906174431,-117.28479196839382,-116.67118016907618,-117.56894775463373,-117.38457895858966,-117.36565139710565,-117.5705649573913,-116.7997885871739,-117.30529941384808,-117.1983054315237,-117.3361560731135,-117.53648627226157,-115.79476970452058,-117.58840401338114,-117.94095099483003,-117.55244039621346,-118.17384102808037,-117.35878718667202,-119.33486956733344,-118.30624755988515,-118.87047324283682,point1,-117.50509684332411,-117.36565139710565,-119.33486956733344,0.5625884385337991,-0.24163603237570264,0.23190302775697358
HDOK,PLOK,17472,39,39,-129,-13,11,2,33,-116.50146961309342,-117.07729715657585,-116.18479468434808,-114.56884863852574,-117.14602914481256,-116.47120707667602,-116.54552418747134,-115.31997004790944,-118.08532932215114,-116.0713973340496,-116.88286509777062,-115.48088484692191,-116.43910151693336,-115.75405520658552,-117.61530995475655,-118.12360936371063,-117.59613033445423,-117.50167653089598,-115.50591728967926,-117.01869502266736,-118.76395035757827,-115.80726362706305,-117.75341835802858,-116.76812353033382,-118.88230098020298,-117.55979593524204,-118.35298958453438,-116.24692588029605,-117.07372678757108,-118.09456609899905,-117.83977915062648,-116.90514828421247,-115.37052120051665,point1,-116.88814006500591,-116.90514828421247,-118.88230098020298,1.104203146177871,0.09715492724128208,-0.5872484619809901
HDOK,PLOK,17472,39,39,-129,-13,11,2,33,-117.39698826876685,-117.44543208209696,-117.21190192990169,-115.49831256758384,-115.10077879545783,-117.48470727373034,-117.7586478369561,-113.97972757307649,-117.24322837962552,-117.88646108452012,-117.58715645961756,-116.86447749587046,-116.73072945140564,-118.39916327450878,-117.03789190164042,-119.03894682850122,-117.32097664935398,-117.00188977597385,-116.17357984766166,-117.82159510352511,-115.52125758229862,-115.96484563500479,-118.21989676863038,-116.78131597513149,-117.95000548808065,-116.78959939336731,-120.19816594005331,-118.4299618408892,-117.54535081624883,-116.58274130559138,-118.2037181443509,-115.43433877408944,-117.18189209364684,point1,-117.1450206768835,-117.24322837962552,-120.19816594005331,1.417527357925187,0.2531751483514381,1.1503538813023382
HDOK,PLOK,17472,39,39,-129,-13,11,2,33,-116.64129719824754,-113.51612886443168,-114.49598931967309,-115.35170306032633,-116.11733642038513,-116.55615104945369,-116.3265335379935,-116.12858936919719,-117.0860941489413,-116.81377992453406,-115.9995783489093,-116.70480751841033,-118.08626852867863,-116.61035862888068,-114.66074681973163,-116.87695665957487,-117.69146452808411,-118.6892008845392,-119.46920817704621,-117.52641833914578,-116.07329520832083,-118.12745043607693,-117.54266093104822,-117.65190501378538,-117.42164275469476,-117.84196403398023,-117.09531622136674,-117.09156366442912,-118.48698246578321,-117.87113276751477,-116.99272201398938,-118.62725362071517,-117.95900305896603,point1,-116.9736819247532,-117.0860941489413,-119.46920817704621,1.556518250292312,0.6799925561746345,0.8719688182601932
HDOK,PLOK,17472,39,39,-129,-13,11,2,33,-119.05995841543456,-114.23605268913349,-115.06116759829563,-115.98102221032269,-115.2908931068253,-116.05572599068086,-115.5218174014115,-118.22019444640453,-116.35293944599572,-117.0330082757441,-117.00926894614213,-117.30364535484935,-118.350717936217,-117.54691602386964,-117.09367335973393,-117.86302676013464,-118.33808338228278,-117.54323037066796,-118.21806887492627,-118.5930338853785,-118.68602790259769,-116.53614590446017,-117.21628278142673,-116.38446614807597,-118.14686986125034,-118.05424592508278,-119.09008429529433,-117.08960528764848,-118.15479952807607,-116.70396410725019,-118.30926181693101,-117.39353453263605,-116.21626178945235,point1,-117.23193922286765,-117.30364535484935,-119.09008429529433,1.3963333091036376,0.5657692972193397,-0.1807599214340585
HDOK,PLOK,17472,39,39,-129,-13,11,2,33,-117.73064600159564,-114.6620410661297,-115.35411419927284,-114.30019731323277,-116.12158524251647,-117.00139685699082,-118.8096598734263,-116.58462998697667,-115.78784881312323,-117.67274861393412,-116.7236791851398,-116.4492356788941,-115.62864327679202,-115.34621739488169,-115.29841890375087,-116.39251675077948,-117.49507989517669,-118.54496889452608,-118.34297150947391,-116.95965789614165,-118.44138244280686,-116.90867899570173,-118.30857647024962,-116.89986864234191,-117.6131959368632,-117.02941821072254,-117.20355666725843,-117.26185890510475,-116.7121416056289,-118.1620875591441,-116.24577902730505,-117.0686736441555,-116.68603866314969,point1,-116.84083376130874,-116.90867899570173,-118.8096598734263,1.2242507548396293,0.3056929436354063,-0.2735550360948773
HDOK,PLOK,17472,39,39,-129,-13,11,2,33,-117.55088681459488,-116.59586522825792,-115.66176841232202,-115.19590983662394,-115.80688896216827,-117.46147325962568,-118.11957246755375,-117.66173623328451,-118.2447290954777,-115.56164198947354,-115.67411418580934,-119.33684496658212,-118.09823917259159,-118.6199993125295,-117.77387834242579,-118.9618689939849,-117.65174832698435,-116.47256559145644,-118.3500926557638,-118.14266902644549,-116.49100350138607,-117.8335031903711,-118.4353031871237,-115.80951627981509,-117.1448160015379,-116.85520726108957,-116.49716424509695,-118.09249939204278,-118.10474163973547,-118.95904055046775,-118.97345088739397,-117.34141193920806,-117.28981391924636,point1,-117.4172716626809,-117.65174832698435,-119.33684496658212,1.2458798446788273,0.3511372469246553,-0.8468834526014075
HDOK,PLOK,17472,39,39,-129,-13,11,2,33,-116.06922190553158,-114.91526691942205,-116.01981589989707,-115.3513971409184,-117.57122272137656,-118.95211388895746,-116.90651239521503,-117.39960794725788,-118.37238248666257,-117.46244842110663,-114.91898512933112,-115.53042624059304,-118.23780077791055,-118.69275531057212,-117.22669792418428,-115.74197466746769,-117.48365267497722,-115.97505502200661,-118.49702817473994,-117.50823811605568,-115.77168990670289,-115.97967615787728,-118.89485620306102,-116.65358563807618,-117.37306435917485,-117.12545395366881,-115.96618223127746,-117.87570524371108,-118.87951584331391,-118.35505224715455,-116.72056933108078,-117.47010000172399,-117.11067618643344,point1,-117.06087063840727,-117.22669792418428,-118.95211388895746,1.3760063495749093,0.10694648965861796,-0.9971713787517285
HDOK,PLOK,17472,39,39,-129,-13,11,2,33,-117.94708074382791,-113.52060118327455,-113.94849811999957,-116.6426616847403,-115.34550969420364,-116.4704367279899,-117.74425120284882,-116.78126025690915,-117.16002074902788,-118.50767066809549,-116.96296868863314,-116.6723265014142,-116.71638048503236,-117.4936856951403,-116.69376198775704,-119.6295558115398,-115.55071382372572,-115.90362313370893,-116.87358082548431,-116.45217893390475,-116.87936736829053,-116.46006757902533,-117.66686678862119,-117.06317470741774,-116.73211842242668,-117.44494512705565,-117.12378634153207,-117.41603722542226,-116.57648276944333,-118.68086910817713,-115.94874481237638,-118.40378916035642,-118.54547435313265,point1,-116.90783305092529,-116.87358082548431,-119.6295558115398,1.4794575444955045,0.5845687529920812,1.6442779552532074
HDOK,PLOK,17472,39,39,-129,-13,11,2,33,-116.52759248350347,-114.07275540505742,-115.18844740797907,-115.73575779631601,-117.3397016158747,-118.05299063781987,-115.89020715752827,-117.3634265489608,-118.06813380268042,-115.42453153024566,-118.99512248581603,-116.95111047814795,-117.99077262635191,-118.15198828156078,-115.80382763879348,-118.97686241334621,-117.20688369803754,-118.1197349332911,-117.80539011366743,-115.79718242464114,-117.59478987392805,-117.16574271817284,-118.73773586436448,-115.68969456725699,-116.51434243331992,-117.34048359343137,-117.83515561065614,-118.48355345846491,-116.04986077061068,-117.46752721662024,-116.49749749317044,-117.1975173021351,-118.1371493551814,point1,-117.09616574960398,-117.3397016158747,-118.99512248581603,1.384066969060501,0.4863647777461183,-0.26340975942831246
HDOK,PLOK,17472,39,39,-129,-13,11,2,33,-114.94364966070002,-114.30069743317684,-116.21329036059375,-115.26009600838147,-116.72541638976665,-115.26757362493167,-116.70311071377891,-116.46532369354263,-115.89323530871883,-118.78111637443688,-115.78981450612578,-118.28858251731404,-117.16891153511585,-116.91727463224619,-115.87806724152202,-117.65739284238511,-116.46021922150918,-117.04830417386881,-118.03901658122821,-117.30871943961289,-118.50407074511665,-117.47826557623502,-115.5623392609292,-117.85128487599187,-116.442589531375,-117.73595590948531,-115.79296262741438,-118.50822903079919,-117.89242809537618,-117.0024817294859,-116.63129637520996,-116.9113450508575,-117.55213900495919,point1,-116.81743030521793,-116.9113450508575,-118.78111637443688,1.1921375442776556,0.22825752988064163,-0.48986917659636164
HDOK,PLOK,17472,39,39,-129,-13,11,2,33,-117.07644502492637,-117.22384020703252,-115.26750399790593,-115.84414442282267,-116.46121861889297,-117.50868513267328,-117.62385208772689,-117.1698370776116,-116.00967100011134,-118.45501222915878,-119.20143730429919,-116.99532942872203,-115.3898149047436,-119.4225741393389,-119.15037982251133,-117.66058771303213,-115.19303599744777,-117.61889967712399,-117.42736407412991,-118.48531372348994,-117.80285693894598,-118.01983514378514,-119.3556094115664,-117.77936730706337,-116.46370072120543,-117.4606759416066,-116.98692472822245,-116.59656799540514,-118.3845173818772,-119.25027235950172,-117.4611353884841,-115.95333283843611,-116.6398046378178,point1,-117.37392567810964,-117.4606759416066,-119.4225741393389,1.3688459810974054,0.00414800475288419,-0.5855771523757967
HDOK,PLOK,17472,39,39,-129,-13,11,2,33,-116.89261082372342,-113.89119453945361,-116.26325616931291,-114.37029787890911,-116.70514099828863,-116.19859302329753,-117.10889693637688,-117.765592336789,-115.02513919848897,-117.54821560180936,-117.83833688930474,-117.81353754383476,-118.46910382491497,-114.5477784191668,-117.56151088207812,-116.8438947131593,-117.4129489023955,-117.69254762032837,-115.51378607356048,-117.26032083629867,-116.68943997252448,-117.05734477956238,-117.22688067573226,-117.11160191440997,-117.31007601875477,-115.83607662095476,-117.77535197454759,-116.76142192083184,-116.6593355418367,-116.80113615470174,-118.48544464663834,-117.76173484476266,-117.1552473224631,point1,-116.82890289694582,-117.10889693637688,-118.48544464663834,1.2041790077351477,1.1122809398785616,0.9348687910949587
HDOK,PLOK,17472,39,39,-129,-13,11,2,33,-117.54658124121283,-115.5395028833999,-113.56358657542258,-117.61853295390605,-117.11908708736243,-117.58230313586358,-116.33414422112487,-117.31546457402249,-117.96549066338955,-116.32889898745819,-115.97829835237424,-118.92083134583201,-117.18373772405334,-118.04572020077327,-117.88726824204541,-118.63094424314295,-117.82354580697618,-117.49759773482421,-116.71970346837355,-117.34185299294202,-117.68614115551877,-117.00175151462535,-116.96806030795351,-116.70660290757468,-116.2833554566341,-116.06085576815683,-117.39315592609502,-115.36715894432969,-115.97458339420905,-115.39658012257357,-116.2714831863437,-117.54807535462744,-117.97292641003149,point1,-116.9567825116113,-117.18373772405334,-118.92083134583201,1.1346657662207347,0.9117526814323694,1.673456725357107
HDOK,PLOK,17472,39,39,-129,-13,11,2,33,-118.12399100954471,-114.35706434161999,-114.58088184294466,-115.44045028250265,-115.43788097558942,-118.3370803204229,-118.22568322800707,-117.28785398011453,-117.3514435161091,-116.5914702693355,-116.8406025787555,-116.95219642711993,-118.93488341734972,-117.21757121200642,-116.37171529848541,-117.3496084661795,-116.46421202653724,-117.73341621417164,-119.40173573597976,-116.60775743870097,-117.25804639671543,-115.30996818590063,-118.34126982700141,-117.17785576300514,-117.27754852399765,-117.1365670451096,-116.8529806136546,-118.86830693747905,-117.80912669861057,-117.98939202644401,-116.1929875889262,-116.68815757082659,-116.29847074946245,point1,-117.05479322753365,-117.17785576300514,-119.40173573597976,1.35926533374979,0.32320608589722816,0.11691154015191296
HDOK,PLOK,17472,39,39,-129,-13,11,2,33,-115.04476936834116,-114.58040093388536,-114.3785466390506,-113.8078275458413,-114.72331673052977,-117.65164054989484,-118.17721573912458,-116.35524954911796,-116.94280278440995,-117.92450711413044,-117.46430764440778,-115.33876247124041,-117.43164174306993,-118.00552743803027,-117.9743686554742,-117.4445427664793,-116.32294170107426,-116.29928806785853,-117.2590419948165,-116.23707152104298,-117.681978407134,-117.26418771798673,-118.89678456774413,-118.46321406391594,-115.01225805880902,-117.2215134994592,-118.3813121816407,-117.0123213235629,-116.72370507671384,-118.52027940101928,-118.16030417750913,-116.66737230591004,-117.73794017564161,point1,-116.88202854287478,-117.2590419948165,-118.89678456774413,1.7586953874371773,0.7342390138734514,-0.38672618219381416
HDOK,PLOK,17472,39,39,-129,-13,11,2,33,-116.85109876716508,-114.89870306979488,-114.88806624551884,-115.82590271996773,-117.5286920166337,-116.82802505285319,-117.06631151999895,-116.06996966610465,-117.93819706356892,-117.50878418829383,-117.97626260703173,-119.83226166900708,-117.42395178472756,-116.74103146581734,-118.2448596605432,-117.8883918693312,-117.91000827843298,-117.10849686786143,-117.26490803978531,-116.73539994130874,-118.26546500571811,-118.05226759881863,-117.46159862299854,-118.14672989611925,-117.50788793921318,-118.60289751019964,-116.59221956947985,-116.13577038096675,-116.14280638691604,-116.47859277707143,-117.93276370082931,-115.76601824981466,-117.26663270140327,point1,-117.1782112979786,-117.26663270140327,-119.83226166900708,1.0767902196918575,0.15920836334849925,0.5392683898960136
HDOK,PLOK,17472,39,39,-129,-13,11,2,33,-117.81313830851053,-116.32436693559211,-114.41845689794746,-114.82244978216659,-116.16145959388452,-117.57335160347763,-116.82376014213808,-114.3444056962729,-118.53481006470373,-118.8298777637741,-117.64438890689289,-116.78505246461198,-117.17296736637195,-116.59606179682073,-115.6786049436253,-116.72879009350558,-118.50567745477018,-117.89592653127175,-117.36871345161396,-119.32467920799228,-118.87199468848175,-117.85836914387251,-116.84783194248043,-117.02047246652585,-116.97252942189961,-117.43892230181403,-117.15806861846319,-117.91280311452566,-116.5467029960257,-116.21112839853353,-117.08272163850293,-117.10385879921816,-115.90115552222684,point1,-117.03859085025799,-117.08272163850293,-119.32467920799228,1.35597137502466,0.42509365936304955,0.3835037648996713
HDOK,PLOK,17472,39,39,-129,-13,11,2,33,-118.04776346165102,-115.2299821618275,-115.53453337840406,-115.7455785481434,-116.79488099096905,-117.5176970596299,-118.21708881673332,-115.64435687848959,-118.12844754378227,-116.63827164246538,-116.24479777865515,-117.81978654708129,-115.92472724624264,-118.87681984787835,-116.91296363892283,-116.4951879410738,-118.27770881096161,-116.53160901853667,-117.02580754708883,-117.24916762333122,-119.13903112297068,-116.8088916490725,-116.28992934927743,-117.46704494532872,-116.73522974061635,-116.17275824313438,-117.64057918730549,-118.26261853296279,-116.48965387578815,-116.02957848198687,-117.06804299281723,-119.07279993776726,-117.32539969433414,point1,-117.07147679500693,-116.91296363892283,-119.13903112297068,1.049010589307568,-0.30588474719964504,-0.6446526556241232
HDOK,PLOK,17472,39,39,-129,-13,11,2,33,-116.38723236093254,-115.35624822272675,-116.06307855237758,-114.92537322268294,-116.48845030786454,-114.78193583321239,-117.39167230587492,-116.4880452773743,-118.64066799407219,-116.50679396236157,-116.3756001018365,-117.26347777099895,-117.83519895864292,-118.45831701780241,-117.06912273076111,-116.5320741146939,-116.07915633979697,-115.97937104511274,-116.39348478665659,-117.36014697781158,-117.73941805282699,-117.2392213355321,-116.53540953773957,-116.18544753076316,-116.97416075782982,-115.95491708821463,-117.14267994691558,-118.75130152258558,-117.91940181312616,-118.52199303531344,-117.32638766549428,-117.53739274709987,-116.84439664611094,point1,-116.88022956251955,-116.84439664611094,-118.75130152258558,0.9532520382339581,0.00178229257412414,-0.1664004479263559
HDOK,PLOK,17472,39,39,-129,-13,11,2,33,-116.60250561927995,-115.06651068268279,-115.82235412348373,-114.57724243635091,-117.37928277080745,-117.75745485781053,-116.21163881145763,-114.98151984240467,-118.3294035777531,-117.53627097018897,-116.63489098676675,-118.22428695887105,-118.10414324866487,-115.65940022922427,-118.32831237398256,-118.62217041868087,-116.36799751261621,-118.04191343154847,-119.97393561664938,-120.2636396496821,-116.3267302415957,-119.60672654782,-116.43354499735693,-116.68871967857433,-116.5476931185444,-117.37100275742647,-117.74204323988762,-118.24483042766344,-118.61247015991589,-117.18106974702903,-116.60784661644882,-118.47817319204538,-116.56027204005647,point1,-117.29957566312945,-117.37100275742647,-120.2636396496821,1.8472181270946462,-0.14569746404937134,-0.2392328615274888
HDOK,PLOK,17472,39,39,-129,-13,11,2,33,-119.5882735750576,-116.99566685383431,-115.07977721231438,-113.71211826293248,-116.4157682828456,-118.51624225607571,-117.59769653029926,-116.69732311555734,-116.3661670925604,-116.40063592507904,-117.84815543183109,-116.89190337983287,-117.5982957687088,-117.14455902983207,-118.71221418503266,-114.36147275365374,-115.79794799213039,-117.30670722387629,-117.85079707833354,-115.91120921749828,-116.7984438530913,-116.84558835289984,-115.80565938297579,-116.43506176110388,-117.80056451465387,-116.2732631444349,-117.23171568817888,-120.05191929724887,-118.49776400458273,-117.80949211635657,-118.28894934168297,-116.94535258162523,-117.54829239491114,point1,-117.06439386669794,-116.99566685383431,-120.05191929724887,1.7143105909565546,0.21591201899721849,0.8381789013474088
HDOK,PLOK,17472,39,39,-129,-13,11,2,33,-118.4546840786965,-113.57540536082658,-114.38590217839712,-115.7443146414006,-118.35258338843482,-117.65433868946073,-116.76304560962066,-116.50626715151556,-117.83132768658993,-117.11666049522454,-115.9169826975084,-117.87656071834496,-116.21108441187485,-118.18352522756832,-117.40646894536364,-116.2679689202655,-118.60425834473135,-117.76611771149403,-119.33271738064985,-117.75875150094771,-118.21552559955326,-118.50012051132227,-116.47978293678506,-118.01099626047849,-116.67572311597391,-116.63783580442002,-114.67656768087899,-116.82006009576189,-118.89284434954564,-117.40292544653158,-117.02823744182538,-116.54213826227944,-119.3449833107006,point1,-117.17990018045369,-117.40292544653158,-119.3449833107006,1.7707285893192828,0.7337257413819428,0.6006772306215047
HDOK,PLOK,17472,39,39,-129,-13,11,2,33,-117.38709634136264,-115.90542643055804,-116.8927448624452,-114.58409796021796,-117.62589984304837,-116.1484028777917,-117.67933406515215,-116.93480433651715,-117.38548391884893,-118.08443198748478,-118.58240811845886,-116.43220111544208,-117.34095468049712,-116.84553686262974,-117.78709051035449,-117.50138927897349,-118.3489943718731,-116.779045409469,-116.03634551717218,-116.06458140926722,-117.3462320868186,-117.39883373886813,-116.46057822654545,-117.09810583493204,-116.08093195274562,-117.78847027979472,-115.61667372201175,-116.38815658000894,-116.40813758159341,-117.83304250512641,-116.43935844989603,-117.24690895085882,-116.78443578068135,point1,-116.94654956325594,-116.93480433651715,-118.58240811845886,0.7066238236827123,0.4380790877974631,0.47268542587391815
HDOK,PLOK,17472,39,39,-129,-13,11,2,33,-115.94344114845416,-115.55049359633897,-113.96498816006086,-114.33193927057756,-117.89559147786456,-117.35899446837031,-115.33892780748789,-116.85106097827048,-116.97473347083262,-116.30212166721718,-118.01159870637979,-117.30933772696534,-116.97944230388227,-117.63006081625323,-117.67427507218147,-116.25386614094717,-117.21838012729192,-118.33450456065907,-116.946033490433,-118.52164308860166,-116.21292598980929,-116.09341240181796,-117.20846802545583,-117.12982063880882,-117.75203538434309,-119.30809518553583,-118.21531659231493,-116.30142014389544,-117.67045982665009,-118.02779835995571,-118.43099246442941,-117.76841035459732,-118.16113281795346,point1,-117.08096128074655,-117.21838012729192,-119.30809518553583,1.3653777135537275,0.7942292496700193,0.7084966068364582
HDOK,PLOK,17472,39,39,-129,-13,11,2,33,-117.46236983874182,-114.84924377197152,-115.68709584687606,-116.24652305387495,-116.42793735578907,-117.22191032748577,-117.25161826416365,-115.80576753185379,-118.63844386800825,-115.3759340487356,-118.73749857147021,-117.19585056826729,-117.32114643514781,-117.9341599366146,-117.15576736882218,-117.82761030724897,-117.6586902111145,-118.3509331048091,-115.9671151329731,-117.8672546974892,-118.4156526809171,-117.42494099399049,-117.16877856209538,-118.05235918334319,-116.28754466347647,-116.93892706106725,-116.93348589173533,-118.27356545010853,-117.4930162232466,-117.32198173965207,-115.59434405945966,-118.19694712252823,-115.74510995563122,point1,-117.11604617662752,-117.25161826416365,-118.73749857147021,1.0146407523106693,0.4389322233182784,-0.6467735652248705
HDOK,PLOK,17472,39,39,-129,-13,11,2,33,-117.15524726860986,-116.49832795147086,-115.8582738336377,-115.23128375598418,-117.71018060881286,-115.84794550044998,-116.8371567605362,-118.62059375130869,-118.85782146403312,-116.74413964525098,-118.14855720343593,-117.56918861991801,-117.68524699331813,-115.94354367766896,-117.95622198043606,-119.4022033008543,-118.09059641436335,-116.59015729022018,-115.9134206297575,-118.02981169069926,-117.03428668593558,-116.4826763193635,-119.79964610644477,-117.07121540352811,-117.03149997914319,-117.88577959141126,-118.23200612531545,-117.21520839825219,-117.58734240010368,-115.88968699503448,-118.17595836978624,-116.11753279932496,-117.14152146361059,point1,-117.28346299933396,-117.15524726860986,-119.79964610644477,1.1451768959089828,-0.26481957498335496,-0.2658745704541805
HDOK,PLOK,17472,39,39,-129,-13,11,2,33,-116.04594437625022,-114.71654454026287,-112.2128019857949,-115.11004254357522,-116.79671867864747,-118.19508813344912,-118.04237757148123,-117.47294635399379,-116.36692158684058,-118.20838519487157,-118.22712278737184,-117.25136963220459,-116.46981239958507,-117.24250912989615,-116.18097675448347,-116.98725458710756,-119.10241889852306,-116.06557593760263,-117.13469953455515,-115.69618158587471,-117.98124084072423,-116.82489577193388,-116.19505573613235,-117.40306568242008,-118.37609576189442,-116.66909031562227,-117.46245423989252,-116.72889539836821,-117.77452295784032,-118.16203190079273,-117.62185401406877,-118.58039515431257,-117.64368873402273,point1,-116.9984539006181,-117.24250912989615,-119.10241889852306,1.702692743286466,1.5364373615328712,4.163695879241816
HDOK,PLOK,17472,39,39,-129,-13,11,2,33,-116.022383941117,-116.54470574854527,-116.39163917072985,-115.52582532680904,-117.21428779326244,-116.38273579329989,-116.18743699458675,-116.49735562272852,-116.96832685533481,-117.2595204458984,-115.68279313277772,-116.88509546039595,-117.47943492192171,-116.89325414401469,-117.79260018434509,-115.31967712172639,-117.97275691494335,-117.1138006217047,-117.71845352320085,-116.81988757165578,-117.64607989203009,-118.41834182129632,-116.26853051369018,-116.67395004215132,-118.64804122856809,-117.71676118382968,-117.82966884833209,-116.49331742445699,-118.64093724736854,-117.16054109520854,-117.54915804113357,-119.23701583844314,-116.79384925127829,point1,-117.08327768838741,-116.96832685533481,-119.23701583844314,0.8226292044503648,-0.27625861235096655,-0.11527083524840176
HDOK,PLOK,17472,39,39,-129,-13,11,2,33,-114.8600766992735,-117.70084285933491,-115.83903959385124,-115.93237611092917,-116.63244601236171,-116.70549038180097,-116.42988261740769,-115.62773741098022,-118.38267602161737,-117.20261574821735,-116.64455217303698,-117.91235150166021,-116.19828848238001,-116.99557533119545,-116.85064108047885,-117.05888427893697,-115.38260060842481,-117.53785971210347,-118.08369085971445,-115.04630640754782,-116.60759889568695,-116.41742581929653,-119.56056801664525,-116.65731989749389,-117.78499485491886,-118.56548604613148,-116.5874991263379,-118.47735184019956,-117.3874158728935,-116.28361077579706,-116.70901544892834,-117.48949736867358,-116.14599715003338,point1,-116.89993075770575,-116.70549038180097,-119.56056801664525,1.0738850999399632,-0.322645292612262,0.17823358709063664
HDOK,PLOK,17472,39,39,-129,-13,11,2,33,-117.2477698556439,-113.84899916428645,-115.26137209698298,-116.23089471313887,-116.09985451694224,-117.73752916490479,-115.90849547878693,-116.29260664821032,-119.23422620760901,-116.32924479240884,-117.18618858574807,-116.39579895495045,-117.39195532570338,-117.0523397839462,-115.71669383096551,-116.40397824175251,-117.41368197152924,-117.17457009659212,-117.72330497997362,-116.24659267508389,-117.55173305310873,-117.88880715850009,-116.99372124322606,-116.34444628278371,-116.93567272686647,-118.06690837505431,-117.71930230962711,-119.07352365281889,-117.04403603518489,-117.60245330102583,-118.23626332200485,-118.14582717742564,-117.18738474892794,point1,-117.0207932264156,-117.17457009659212,-119.23422620760901,1.11070730127418,0.49232421844755603,1.4668564596719498
HDOK,PLOK,17472,39,39,-129,-13,11,2,33,-116.31864320114121,-114.82590248636828,-115.34660051107619,-116.21985049748346,-115.88648291833967,-118.2087919328607,-116.33096504664816,-116.27142416530813,-120.48875488025844,-118.11003801802103,-117.88525811265872,-117.16423257371508,-117.93388303492596,-116.96366401539574,-116.55033137950801,-116.62715492041413,-117.72195942093595,-116.86317405166577,-116.74435487698904,-115.63990364975744,-116.91880443064565,-116.8615486385995,-118.30198865940321,-116.10740468627823,-116.51054317892286,-117.81171924200748,-118.54074147988369,-117.66561986094518,-117.45312725549171,-118.01848228012473,-116.44325857425788,-115.34856875148073,-117.56608835547053,point1,-117.01967469960553,-116.86317405166577,-120.48875488025844,1.23992350873167,-0.6270767567017754,1.4399749685937526
HDOK,PLOK,17472,39,39,-129,-13,11,2,33,-117.97914020355938,-114.05065764328184,-117.36796282257686,-115.61780196825845,-114.84358440866858,-115.94632060597037,-116.10417472502775,-116.15389322089828,-117.37520170688317,-116.78091464472203,-116.62848475875889,-116.894942873095,-119.05414057989412,-116.55981683674953,-116.98454367220045,-117.16790507785655,-118.46827978604199,-115.57881137824455,-116.18624764015952,-116.73136332472086,-117.67980809625244,-117.66106522940784,-115.86597858725217,-116.2142956461067,-117.93458475770088,-117.4126646693302,-116.56673729591688,-117.47689113901784,-117.19255872664128,-117.4919859152265,-118.47269056408571,-116.86470408123871,-117.58831550231508,point1,-116.87565054812308,-116.894942873095,-119.05414057989412,1.0677252607430496,0.4380215633747642,0.6982545319712234
HDOK,PLOK,17472,39,39,-129,-13,11,2,33,-116.84768016841993,-114.84684238147507,-114.8718505082926,-115.29445721204036,-115.68737035586743,-116.97716095859202,-116.66580590944561,-117.97918465615864,-116.24389154384664,-116.8521448253815,-118.21398005412404,-117.63597862176283,-117.75242501212531,-116.85015707520228,-115.14469008460836,-116.53113106687664,-117.56721928480377,-117.57483500615757,-117.96537934823377,-117.31580187254286,-115.86404770457638,-117.94680595926555,-118.84907992877517,-116.87491361336086,-117.70717891377764,-118.3505539783274,-116.89479113540358,-116.94650474633654,-115.86128430010838,-117.19850899336936,-115.83574469270638,-118.02228549889038,-116.25266467143462,point1,-116.89158636612999,-116.89479113540358,-118.84907992877517,1.0655855254455788,0.33198397664782947,-0.6328102398887911
HDOK,PLOK,17472,39,39,-129,-13,11,2,33,-118.4182625044747,-114.86869571831105,-115.25626672761952,-116.29513209194572,-116.95729391622928,-117.01235700832632,-115.45198290488935,-117.62141210152815,-115.97147888361832,-118.14374665978126,-116.78112786994532,-117.77350801718518,-116.0746950687631,-119.04119293837157,-116.7498926700956,-117.2935028440918,-119.7204627170079,-117.95888138625546,-115.73205881766373,-116.84611863681671,-119.52995475036985,-119.00885474731668,-115.86172131471959,-117.767567356127,-118.113524061359,-116.84679515051313,-116.51519924264733,-116.55571447241788,-116.06083044184956,-117.04530758200674,-116.66387501904941,-116.12245497686096,-117.4517923717907,point1,-117.07611093848325,-116.84679515051313,-119.7204627170079,1.4184277032358379,-0.4495274400237067,-0.25499708223541484
HDOK,PLOK,17472,39,39,-129,-13,11,2,33,-117.96894488852806,-114.0196132358889,-115.02271954307615,-114.90219441812849,-116.13206504379453,-117.26919568507128,-114.70846023799398,-117.57637548924401,-115.54206774681329,-117.32888080874065,-118.45233065789718,-117.70757364921634,-116.58155932273915,-118.10212877476131,-116.93650043768021,-117.43739022750482,-118.60151633293584,-117.30153046673286,-117.40917246087125,-117.10843769270524,-118.14649105948658,-117.72092519912964,-119.0452062537007,-117.16689402139487,-117.08130322905183,-116.86204236314018,-117.27826335751617,-115.98993237525004,-117.68965541909928,-117.32042729219422,-116.36561519588588,-117.72122232126853,-117.50784999715579,point1,-117.03043894559387,-117.30153046673286,-119.0452062537007,1.2939789665870776,0.9269589175480508,0.6423482088371815
HDOK,PLOK,17472,39,39,-129,-13,11,2,33,-115.86247214852494,-115.28419693645229,-114.9436596757876,-115.35236604316833,-115.31132513783403,-117.95015694137842,-117.47347637401126,-116.66190380690566,-116.81265203495175,-117.49665608245186,-117.3183020851505,-117.32581482996245,-116.97377015151355,-118.26387359829248,-116.72085038190878,-118.36774699926255,-117.3417198140094,-117.90610385200165,-116.32362267555493,-116.85435914632795,-116.54448843585565,-116.17558741244622,-115.83624414318844,-117.83632764111368,-116.5853225111526,-118.63750527894688,-116.78186742771878,-118.54917343272794,-119.2265784277519,-117.8872246574872,-116.49702890270434,-117.74234357450516,-115.29135888772946,point1,-116.97382058935693,-116.85435914632795,-119.2265784277519,1.1640629106453209,0.04912882264841528,-0.6561725269885921
HDOK,PLOK,17472,39,39,-129,-13,11,2,33,-115.5786254015872,-113.76118955541159,-115.61088387939743,-114.94580633694547,-116.9489012198317,-116.55077379802657,-117.81317683751611,-119.18055795380045,-116.78863264718524,-116.67575548332191,-117.12568524810087,-117.44383447245892,-115.27679076402552,-117.83281209947164,-117.18890055241627,-118.0639968513669,-116.45899029391933,-117.55029474523967,-117.96629141899326,-119.03996685178349,-116.86931908556285,-117.10005167842772,-115.79721893931905,-117.7031990265436,-117.50300389625512,-116.84609943367401,-119.04957360143223,-115.67938138780377,-116.75799828135227,-118.38567276392189,-118.32031490614793,-117.98850881764751,-116.9105029012684,point1,-117.05190033727746,-117.10005167842772,-119.18055795380045,1.4536985148945496,0.5035884355910172,0.4462209228831231
HDOK,PLOK,17472,39,39,-129,-13,11,2,33,-116.9524868226839,-115.52821924381458,-116.17423185965053,-116.52501032309395,-114.64048917509494,-118.14152948132474,-116.5313823186439,-117.56900651129884,-116.37943317979423,-118.61557061062146,-117.4151778565424,-117.25670042342577,-116.26777828602658,-117.84724320074389,-117.08479677855297,-118.25353147818048,-117.42588620209433,-118.68578664215286,-114.99165266171059,-117.35065081186413,-116.87604944135204,-117.11697541242255,-116.5004445212444,-116.39281256209861,-115.7610705575218,-115.82897119089039,-117.57570013671567,-116.02987788397616,-116.58924423145672,-117.75999304475802,-116.15781374523921,-116.07037654766759,-118.63436742232388,point1,-116.87667456257522,-116.87604944135204,-118.68578664215286,1.001527594194389,0.04174468596034817,-0.3620311556673208
HDOK,PLOK,17472,39,39,-129,-13,11,2,33,-117.3459871224204,-114.2338454430635,-115.23750911676133,-116.3906757164876,-115.36008966573675,-116.6225406536764,-118.21922207739856,-116.21411243408545,-118.05453929233819,-116.66320734698634,-116.06594252654769,-118.37600022831207,-115.46051893312067,-116.78964653029128,-117.03156328648457,-117.39105082577018,-116.73049446090718,-119.32907832346115,-118.2683788639564,-116.71786691776667,-117.85804422254827,-116.59658539343613,-117.39607708650252,-116.470062074451,-117.56772439145816,-116.58650527051678,-115.58214775090374,-116.60037709392198,-116.44186958941457,-116.94343258952942,-117.20749907932304,-116.17928748886928,-117.43688765471626,point1,-116.82935665003528,-116.71786691776667,-119.32907832346115,1.036098317533026,0.03891930568104824,0.6607805962580895
HDOK,PLOK,17472,39,39,-129,-13,11,2,33,-116.8867622000515,-114.33487548419004,-115.37713616434522,-115.99650314151718,-115.29770203987786,-118.10433020155587,-117.39790875432764,-115.04739547207069,-117.69562502515551,-118.13684315169245,-117.16015371118475,-118.59114705861477,-118.77817628412897,-115.79082567806743,-118.85937812170188,-116.2169873200474,-117.93492090327652,-117.78038998077639,-115.52030128377787,-116.38947148710835,-118.21089383231856,-116.79719856025159,-118.14640971781202,-115.01925522778204,-118.43709040164421,-118.58095812376001,-117.59797522741621,-118.49037546559855,-117.18083565086809,-116.5650013529894,-117.5380070826604,-117.26352725772334,-115.2519235544006,point1,-117.04170560359674,-117.26352725772334,-118.85937812170188,1.6177533650626235,0.42758777153059796,-0.9995235069921002
HDOK,PLOK,17472,39,39,-129,-13,11,2,33,-120.15886898647614,-115.01340702292273,-116.26371972721887,-114.26009473902299,-115.9885174659066,-116.66805762173516,-117.35580231102703,-115.89613132445992,-117.36458168649587,-117.71021815000587,-116.90218677581503,-118.02198324575065,-116.2034411746947,-115.70437775317964,-118.21205329410468,-119.94183263080015,-118.02266911026543,-118.0057986547729,-117.29025907992083,-117.76870137689126,-117.02823554053776,-117.42263619621119,-117.31110311159404,-115.60479005633057,-116.32839397505717,-117.95090189600387,-117.7706285645043,-116.94845763303383,-117.04571267429654,-117.47999991030677,-116.79069754083257,-117.9457935707324,-116.8994172650492,point1,-117.12968091108961,-117.29025907992083,-120.15886898647614,1.3973866137293687,-0.19765689208766385,1.3178591932004546
HDOK,PLOK,17472,39,39,-129,-13,11,2,33,-117.3534024874413,-112.88055267744105,-114.75087104090494,-114.80543140663521,-116.46121600814986,-117.49907095495361,-117.19146929100617,-117.77715997191667,-117.79415044910836,-118.0597176013028,-118.9159102712247,-117.94629005221195,-117.08826191901726,-116.88247971833957,-117.59740873934544,-117.6439512834229,-118.43972163577102,-118.07262852374521,-117.97822509911984,-116.16352805535136,-116.00540921557297,-119.52221084642342,-115.6649760451885,-117.50102701793124,-118.1672556781797,-118.47019543462223,-117.940331090942,-116.818889731381,-115.67529075751123,-116.81334027311992,-116.42423824197982,-117.16726875948709,-115.26069684141103,point1,-117.05250233697453,-117.3534024874413,-119.52221084642342,1.7894200728455456,1.0009760585036376,1.5655163341914347
HDOK,PLOK,17472,39,39,-129,-13,11,2,33,-117.66978759785722,-115.27072605113824,-114.63080417938704,-114.78044172682723,-117.61052725265651,-118.76153980127837,-117.93064026950196,-116.64631171586309,-116.93870192202559,-118.37854542610252,-117.178449521433,-116.02159197669127,-117.68298291048379,-116.15036323157587,-115.36332870409936,-117.54341675667511,-116.1618719562333,-117.00683471610287,-116.90824484309479,-117.13358406233093,-118.04308455222396,-118.59099334210217,-118.39877553392198,-117.97115293896795,-116.39554816604725,-117.33025091108127,-116.40523044574601,-117.04300252980703,-115.52710086819194,-117.5536845109566,-116.7689068950661,-117.35484091537478,-119.20879433094412,point1,-117.04121395641789,-117.13358406233093,-119.20879433094412,1.2441492461645882,0.34200724388283593,-0.28640664667572624
HDOK,PLOK,17472,39,39,-129,-13,11,2,33,-116.19777005215114,-114.87171555321088,-117.93496583520727,-116.11605715186505,-116.41207395291362,-117.89360761887092,-118.5655149384604,-117.09516862826042,-116.68963538996763,-115.83818843720638,-116.38937306950052,-116.44477088857214,-117.63703666791146,-115.98809836610104,-117.4352784863208,-116.52420781533986,-117.10701323435707,-115.5718755712412,-115.2492687701557,-116.86978373625081,-117.66682209577657,-116.16593343358738,-117.06921643224165,-118.0381190466814,-115.28388628281327,-117.76306586262615,-117.3532436686717,-117.72638676370683,-115.41088220781738,-119.20618194486012,-118.40938753782021,-116.58118114519918,-116.47128132594503,point1,-116.84778763368517,-116.68963538996763,-119.20618194486012,1.0609239791534466,-0.15401621897167467,-0.48104735791206243
HDOK,PLOK,17472,39,39,-129,-13,11,2,33,-118.13608777154367,-115.13782729434227,-116.06194434825689,-115.5843277751835,-116.10845126338603,-117.81873727645674,-118.12404024747033,-116.5615506103922,-117.78576650204545,-117.97598360363608,-118.82871702730023,-117.4208970404153,-116.24983532519738,-118.46190015960363,-115.1912219606524,-117.48759716394771,-116.37284185380679,-118.70659361774908,-116.75297300639153,-117.39554905359572,-117.76496858747858,-116.09600152402396,-115.83354805458724,-115.75569947204058,-117.7318836001437,-118.83145612717239,-118.19023234423612,-116.7701499536744,-118.96830108636057,-116.47262037249374,-116.35366121845455,-117.06911461800152,-115.9521348726264,point1,-117.08947317371715,-117.06911461800152,-118.96830108636057,1.2262620888832714,-0.03217987080497855,-1.1614963210642557
HDOK,PLOK,17472,39,39,-129,-13,11,2,33,-116.72988858890774,-113.85425799551712,-116.42955177867928,-115.34239551442224,-116.32314571719347,-117.50375351519634,-117.59164708520913,-115.95781497340634,-117.48406395568685,-115.96722846768033,-117.75461725894525,-116.27826095852751,-117.48346812602168,-118.28760411574322,-117.79547565151684,-118.89151168390052,-116.00816652793816,-118.35702389759196,-118.37034880044463,-116.44181779187949,-117.41652527552594,-118.03725260865134,-118.04726559534971,-115.64815717263188,-118.32647215140977,-117.25727288087121,-118.39605516213005,-117.64139952745741,-117.27659036255933,-118.09214949773936,-117.6305275346844,-118.54610361973678,-116.80020008969974,point1,-117.21115193584411,-117.48406395568685,-118.89151168390052,1.2025349074836187,0.9508539141054755,1.004006736367851
HDOK,PLOK,17472,39,39,-129,-13,11,2,33,-116.10042977215151,-115.78951353556765,-115.92848369515626,-115.74536081700464,-116.2263475407538,-116.7122020490756,-116.70944868566592,-115.75612293255158,-114.56101925290157,-116.37710288361718,-117.72869959804996,-117.16222949214873,-117.52481793559267,-116.38388580719293,-117.17195355308999,-117.22273407217008,-117.36285926361995,-118.70244832502858,-116.27479307450159,-117.2077900695947,-116.60857661022366,-118.43507433023284,-115.45543196914798,-117.38979351051519,-116.3453356213798,-118.46608909042443,-116.81238032241649,-116.82554072082377,-117.01932834096375,-119.06860102548421,-118.03255300738972,-116.11290519896114,-118.0049290844774,point1,-116.88559942993561,-116.81238032241649,-119.06860102548421,0.9891377569330356,-0.18355533904818738,-0.04188934106906883
HDOK,PLOK,17472,39,39,-129,-13,11,2,33,-117.42833126419586,-114.55258134559847,-115.66111810860178,-115.87614499119672,-115.2382308269881,-116.88533608751345,-117.03459608449667,-117.56832632379074,-117.27622516762285,-116.97893736993755,-117.83983587537479,-116.48447706993369,-115.44134468001951,-117.53938844759656,-117.2397103759905,-117.61178217323138,-118.02652038501928,-118.37392469209132,-117.0889117308053,-116.76915135884148,-117.92534285426719,-117.60040982798101,-118.57286714487556,-116.46438524397074,-116.6115590370965,-117.11443296408777,-114.99486544572679,-118.43565304519404,-116.86543278291114,-116.98208522050398,-118.07965999477653,-117.87732829636542,-116.3189071201156,point1,-116.99266070717326,-117.0889117308053,-118.57286714487556,0.9852053993406837,0.6826803626376161,0.01609625601514253
HDOK,PLOK,17472,39,39,-129,-13,11,2,33,-119.14441647965039,-115.8122146535745,-115.69712125314885,-114.98880115827741,-115.61110749802549,-116.42361526912478,-116.89564072443075,-116.63317951772527,-118.73928407863937,-117.01893718336075,-118.22482925416772,-118.0628437495642,-117.33717786385459,-115.25120018887117,-117.53117899851401,-116.06731497239807,-116.61265806919077,-117.65186958667205,-116.36744979490001,-118.56963594523818,-119.46875542166386,-117.32337039900092,-116.63678929376933,-115.6830547792471,-116.63124408852161,-119.16440381838203,-117.26250119052949,-116.15764838645707,-116.62874329300459,-117.70842260728945,-117.85529926840212,-118.10607989926191,-118.33154290797656,point1,-117.13934338160102,-117.01893718336075,-119.46875542166386,1.3626738556973848,-0.18158944121289017,-0.7578081143379389
HDOK,PLOK,17472,39,39,-129,-13,11,2,33,-115.89810035818806,-115.1658344627494,-117.29907168719858,-115.73803669490374,-115.73464282172193,-117.53188945494081,-115.8226571130225,-117.44686463446806,-117.14412350683699,-118.01221376170339,-117.651970925667,-116.80900733992993,-118.13735703000165,-114.27340777787133,-116.17303316060305,-117.07273300590876,-117.83058904747624,-117.14681137412833,-117.96746447702084,-117.29727241080903,-116.91861651134933,-117.53436196338161,-116.84799539315367,-117.89514189777876,-118.86436670276558,-117.10278459228209,-114.93208687682531,-118.888547395316,-117.26647619586332,-115.16558661009847,-116.98902319512091,-116.25802920048166,-115.38266928205067,point1,-116.85450808671567,-117.10278459228209,-118.888547395316,1.2345372531249235,0.3965829051248823,-0.34736309235701723
HDOK,PLOK,17472,39,39,-129,-13,11,2,33,-117.49896932942745,-116.20656875049755,-115.7069200890067,-115.9693230804938,-115.44100641307192,-116.86352344066378,-117.92617727536198,-116.46371532123412,-117.61015359205959,-116.96390864849768,-117.06301320941591,-115.92210809679544,-117.12140288582353,-116.56813414842796,-116.65779477494343,-117.37168213204956,-118.73269491178944,-119.28008469273807,-116.95263248696175,-116.74372215901359,-117.26299655912399,-117.22387593644979,-117.4960111634297,-116.36099139619938,-117.83653251125004,-118.81710812505636,-115.0656690577574,-118.39645759569186,-115.34843993678933,-116.57510182965406,-116.5610065493885,-116.89359389191998,-118.78917642448536,point1,-117.0209241338021,-116.95263248696175,-119.28008469273807,1.037520393412768,-0.30161948199115995,-0.17562807979214767
HDOK,PLOK,17472,39,39,-129,-13,11,2,33,-116.4583078296257,-114.83604339668054,-115.95143478074341,-115.53360792920736,-116.45862237808636,-116.44498220232333,-116.57333840344936,-117.31913384626024,-116.08388928221045,-117.20545046352709,-116.84953650493556,-118.52270422347343,-117.05889201990539,-116.51273814052182,-117.65498171954478,-118.25510471609238,-119.03852689245488,-117.93171718056327,-116.3974373380911,-116.66459732918528,-115.40576637919972,-117.87162788420872,-117.15872284166417,-117.23548275520722,-117.88851747402097,-117.21447095052147,-118.08173249206187,-117.299112023401,-118.30596711441919,-117.28609510556355,-116.91794996504971,-115.75486404454416,-118.93243275460146,point1,-117.06375116246498,-117.15872284166417,-119.03852689245488,0.9848438273342373,0.03564299403571591,-0.2754828385456971
HDOK,PLOK,17472,39,39,-129,-13,11,2,33,-116.01547958788672,-117.60624569164396,-116.01140583890536,-115.47900078307248,-114.67065244351467,-115.98187199455174,-117.49285137572225,-118.32926912190914,-118.10441276978332,-115.48519283295389,-116.90181211000218,-117.48103166585918,-116.92500351835923,-117.98171840568051,-118.53801569968978,-117.66253458086774,-119.06891917796547,-118.43151582525338,-117.76768067219247,-117.03249778459322,-117.07175169882086,-118.08864583320933,-117.12916911761602,-116.14291244036117,-117.21985035911827,-117.24222013874434,-117.90737478368696,-115.78796351616661,-117.50247074888436,-116.40876596528322,-115.6473795166947,-115.54504490950166,-117.83952409782614,point1,-117.04546015170666,-117.21985035911827,-119.06891917796547,1.1234918281435793,0.31454146047873405,-0.7066107402206354
HDOK,PLOK,17472,39,39,-129,-13,11,2,33,-116.57838233987314,-114.24533028558831,-116.52814383685468,-117.97984330421222,-116.70236914088576,-117.13881313135299,-117.55212824967408,-117.80850492897444,-116.43128907614116,-118.22320623066075,-116.46146550077346,-118.51148793837554,-115.95778352403532,-118.00085509073871,-116.64329233392891,-118.29801628860325,-117.81800650527109,-116.61689630356823,-118.20921820298994,-116.89271178451136,-118.19689444006552,-117.87673046372362,-117.13707429654453,-116.59520268916505,-116.8820450071158,-118.3140991383959,-117.7540652706812,-117.10545476022126,-116.43469167376323,-116.52137670860374,-118.15009592496111,-117.26460265952916,-118.27957893196309,point1,-117.24574715035597,-117.13881313135299,-118.51148793837554,0.8148229444004286,0.95887755128704,1.8725021689024435
HDOK,PLOK,17472,39,39,-129,-13,11,2,33,-117.20788020078682,-117.67563656656786,-115.11664970774507,-115.60482314334087,-115.09722877784107,-116.8538448466711,-115.61547714089764,-117.37147963617006,-116.46402122035953,-115.61520143382911,-118.12352210157886,-117.28376323358265,-118.29086865396823,-117.97202743958121,-116.31252199510021,-117.39905549710079,-117.16013788116865,-118.442777286426,-118.02949130537348,-117.66695780383169,-115.89488812870968,-118.66768563709105,-115.71391112928816,-118.28162581236926,-119.28857811748317,-119.04294800549704,-115.56856641632871,-116.63874056803996,-117.38756136981382,-116.89407656568206,-119.2628963094433,-117.63977836553441,-116.68935318297626,point1,-117.15981743879328,-117.28376323358265,-119.28857811748317,1.3917459848128588,0.042904090590329055,-0.8722457333666123
HDOK,PLOK,17472,39,39,-129,-13,11,2,33,-113.80417141620812,-115.16349550741724,-116.03270107153163,-115.59317139093213,-116.81560291868641,-118.66174627795164,-116.46364203100788,-115.5638190138059,-117.77358639450094,-117.97039126164718,-118.60437313785994,-113.41910834646563,-116.88415293502489,-116.59287705276996,-116.15202839590104,-117.0412623949477,-117.14654513622465,-118.52986378335407,-118.34706435519874,-117.13772442515666,-115.98670847627017,-117.89094466284162,-116.58645545971243,-116.22175268568463,-116.81263598502666,-117.90153171576785,-116.26391018227011,-117.14788778061758,-118.09378309053271,-118.41351545760534,-117.46228707468245,-116.9810801517899,-117.02644270044242,point1,-116.8632200809041,-116.9810801517899,-118.66174627795164,1.5296815526646297,0.8668946297398403,1.0697352604583545
HDOK,PLOK,17472,39,39,-129,-13,11,2,33,-116.43715395265993,-114.54668756896714,-116.41350335187855,-116.38842633443737,-114.90106351967638,-117.2259297787115,-118.04690534794807,-116.4933226727441,-117.8863561836854,-116.0477972753694,-117.60649307521128,-115.23960859598675,-117.75550383539651,-118.10003646285662,-117.64387827742435,-118.29450592311314,-117.05864722385812,-117.80053308972752,-119.4858765284418,-118.50815719384572,-117.4104497318196,-118.55793198697711,-117.06956035470121,-116.54627228834491,-116.28892381455023,-117.46433479140464,-115.73479401657906,-116.79731745114071,-117.62514821798061,-117.71218620065375,-116.63584808274848,-118.14447241246266,-115.93106860752363,point1,-117.0848089136008,-117.2259297787115,-119.4858765284418,1.1941417287912919,0.3221817825260395,-0.020405490882916766
HDOK,PLOK,17472,39,39,-129,-13,11,2,33,-117.43232742831496,-115.47384810105267,-114.97923068512317,-114.78748994756863,-117.35552584809574,-118.0722964864065,-117.2266536229227,-117.5282745281841,-116.5319684853274,-116.43978684171317,-116.42802350772342,-119.00355646086075,-118.0535787374031,-116.36638391401264,-117.44523188933644,-117.76973574008593,-116.8178828493487,-116.82303684888885,-118.01596087296804,-117.35814142771405,-117.15216226213099,-117.66148911390498,-118.6566981654002,-116.59312062001571,-116.30795702184754,-117.65319566942645,-117.21066348582171,-117.115969333927,-118.75041327430667,-117.63261231886464,-117.46761137779559,-118.33857775276492,-115.18264354215353,point1,-117.14036509580032,-117.35552584809574,-119.00355646086075,1.029224054878381,0.564259820556468,0.21138190735910367
HDOK,PLOK,17472,39,39,-129,-13,11,2,33,-117.41405083580082,-115.05921154468909,-116.61502327171885,-116.71973608946934,-115.395909197497,-117.91811576511789,-115.62194258168067,-115.93627987074183,-117.20721093932887,-116.67014546476366,-114.99449106930894,-114.79983092928802,-118.3402348071634,-117.76058765014771,-117.55149435553302,-117.67548280204863,-119.55277399912195,-118.79772410554106,-117.21491839594702,-117.85945032132808,-116.00179140018996,-117.19325509973015,-116.16555537335871,-116.56277543581491,-117.33320020725932,-115.17520602478135,-115.21408360973913,-117.97013717791013,-116.94859305331975,-118.31406074365924,-117.16235482414092,-116.51473617180366,-115.77096436624171,point1,-116.83125234800559,-116.94859305331975,-119.55277399912195,1.3742213407233668,-0.0812701081816605,-0.5360107788722659
HDOK,PLOK,17472,39,39,-129,-13,11,2,33,-116.23854919460828,-115.70815834605617,-116.10087102046862,-115.98462774704795,-114.9877316324901,-118.0382610408317,-116.71301670804127,-117.15157957252679,-116.50989376442662,-117.78350355781203,-117.25067722346716,-118.16771678537468,-115.88423576998267,-116.18103088836519,-118.79994135245389,-115.06350016179461,-115.71949107155987,-118.16416454140781,-115.35840544352841,-118.56216405653635,-118.805279410147,-116.98265397412119,-114.83139671838065,-118.78216436535538,-116.09838926672006,-115.6082534555982,-116.38137205817785,-116.33677751778812,-116.90972475603655,-117.73635464636763,-117.88983825730799,-116.9254825593276,-115.38404342249913,point1,-116.75876516020021,-116.50989376442662,-118.805279410147,1.3753359138625183,-0.26841841413685014,-1.0258326556764863
HDOK,PLOK,17472,39,39,-129,-13,11,2,33,-118.20158011628119,-114.23440794722424,-114.89507921225379,-114.3296168207074,-117.28016181150328,-117.75818450520948,-117.61544309965062,-117.41776982632722,-118.25672782814402,-117.19488337976854,-117.97203143926781,-116.10643349800817,-117.76484070571507,-116.4524789959551,-116.92064966016073,-118.00395648677146,-115.82505211046306,-116.83676826369349,-116.46043330291145,-117.6309125991136,-117.954309448176,-117.74263263974768,-117.49164570609626,-115.88584959416819,-119.59828876919134,-116.69914508650878,-117.92594263592456,-115.91334755677299,-115.79241575640798,-117.3676572524615,-117.13884241071848,-117.98570774072958,-118.05570337839463,point1,-117.05178483589174,-117.3676572524615,-119.59828876919134,1.3530889548800344,0.6970790866377793,0.5774672812691395
HDOK,PLOK,17472,39,39,-129,-13,11,2,33,-116.19644185315052,-112.87423142824267,-115.92350902265682,-115.84615973058993,-116.83745074460417,-117.98566119231458,-116.8079542265786,-115.9348519526697,-118.18045130209903,-118.19824202898873,-119.33206714794419,-116.81868432879553,-117.4402350470005,-116.16546139186259,-117.61889253317315,-117.23198054273436,-115.59926622837727,-117.46238866291415,-116.44028551411094,-116.94122210705652,-117.70735539285786,-117.30077503403467,-116.73064695336076,-118.8440137892173,-117.94424995413677,-115.27941228165292,-117.25877124658155,-117.03173332197407,-117.1327987225982,-116.57668209810599,-116.7220576440858,-117.72618664685352,-118.31825986735603,point1,-116.98207211935396,-117.03173332197407,-119.33206714794419,1.362423459891075,1.0672213729813609,3.46864025893102
HDOK,PLOK,17472,39,39,-129,-13,11,2,33,-116.50183929471154,-113.50123734167224,-115.72117693172677,-117.15506504466606,-116.4774619721977,-116.2176937921254,-116.16434593591548,-117.23039394055841,-118.24826349729689,-116.86283569295894,-116.28694106479999,-117.89316133211689,-118.43925389143978,-117.32036259984368,-117.3450263012557,-118.07832926718646,-118.72979933155864,-117.48805181933004,-117.14827108272816,-119.05950424962946,-116.6316363384998,-117.27762566437298,-115.56765698847178,-117.65136057747483,-117.78864125932974,-116.12164052947884,-116.5734369308664,-116.746654861958,-116.45584505549016,-118.98269743370571,-116.75720730373973,-117.74405487066632,-117.6621827772961,point1,-117.08574712045665,-117.15506504466606,-119.05950424962946,1.1812812561033563,0.749684233638221,2.2774731471520417
HDOK,PLOK,17472,39,39,-129,-13,11,2,33,-118.26730960370608,-114.4312964699156,-115.84038262374926,-114.40326761559103,-116.04658899929738,-116.80654402418529,-116.9941131956833,-115.84948190802159,-117.78608667123667,-117.19679232132502,-118.14429963483322,-117.6558956957105,-118.07862726869402,-117.5490386058791,-116.52269689525342,-118.70352415862034,-115.53386602545977,-118.23931742126304,-117.00532471084396,-116.24875316505144,-117.20808260630695,-118.36156847611326,-117.89936286238616,-116.43419159222113,-117.45476433925353,-117.758966878015,-117.4512598118137,-118.43600068867963,-118.30569478689698,-118.38116871960578,-117.41725488861604,-117.5476780173966,-116.54730590731857,point1,-117.16686383602858,-117.4512598118137,-118.70352415862034,1.1894050190622794,0.922122013615196,0.4455158950726861
HDOK,PLOK,17472,39,39,-129,-13,11,2,33,-117.23231634587962,-115.82439108434758,-116.51734232560241,-114.2452403921019,-116.81891603948951,-117.88359363714413,-117.32997609244225,-116.52993838873138,-116.19420595540103,-116.09677506757733,-116.74647304456772,-116.50753611006365,-115.82864378258812,-117.85057941015218,-117.86639909493316,-117.74760188913807,-116.78388715790847,-117.75383148260622,-117.53579837696569,-117.17740768454414,-117.0677030122542,-118.18409285505136,-115.64711575742366,-117.08381843936542,-117.13788531833663,-117.72742740341991,-118.3614466507687,-117.09497534121358,-117.03693093270144,-117.27899649222263,-118.25159643542939,-118.3841144651527,-118.57797263113338,point1,-117.1001493665654,-117.13788531833663,-118.57797263113338,0.8450542950124829,0.8385610040074652,1.3117945447864696
HDOK,PLOK,17472,39,39,-129,-13,11,2,33,-115.18349114900276,-116.65474611539553,-115.26257174540545,-116.98004120677939,-116.12779413484208,-118.78098209142169,-118.10538623702249,-117.09347541296728,-116.67097125311685,-116.22325321045355,-117.25943016645284,-118.0825237198847,-117.20867261516263,-117.43542512877862,-115.5364245223573,-115.89685138845721,-116.48168621980997,-116.91918515331658,-118.4105861131073,-117.25537360535905,-116.87143323531711,-117.1374693382011,-117.41942739325191,-117.01859673149096,-116.30300664939159,-116.9929325178117,-117.46289578385051,-118.85133023235275,-117.69092484991491,-117.18074984727897,-117.30724559392816,-119.44475941374232,-116.07082956636276,point1,-117.07031734369662,-117.09347541296728,-119.44475941374232,0.9422719607061582,-0.27506486095590155,0.276702056304873
HDOK,PLOK,17472,39,39,-129,-13,11,2,33,-115.96931052497993,-115.88096774981483,-115.82243031948708,-114.77051764532209,-115.71594061646323,-117.33969853331129,-117.09522241944511,-118.0491841028074,-116.84755130533374,-116.18226049714143,-116.5422086514012,-117.92637000467604,-116.9961357379759,-116.53216490650581,-117.38887419536566,-116.31796126651588,-115.98236362520203,-116.10085758043847,-116.61077957970666,-116.59440229952823,-116.7487191009109,-116.50460597241228,-115.83511929106534,-117.62381693569226,-116.76026613726114,-117.82570720589858,-117.84094808300094,-117.93952694178935,-116.80236315314494,-116.7500717998878,-114.37758643278191,-114.86149099141565,-116.83811823587709,point1,-116.58707702553212,-116.61077957970666,-118.0491841028074,0.807152175988331,0.4501651591430075,0.14655861649275392
HDOK,PLOK,17472,39,39,-129,-13,11,2,33,-116.19567841075555,-115.14519234799863,-113.5013795617912,-114.95870415475312,-116.40421851332306,-118.67992989761632,-118.59864734174126,-116.60203952338232,-116.61483802803224,-118.11726295971485,-117.58861926367709,-117.60992811877274,-117.52475983667317,-117.97493166768716,-117.66756003217267,-117.22927686040433,-117.79930478857591,-116.53945223928832,-116.74737320726688,-119.30690718113,-117.8325448253718,-117.0708192356686,-118.82713695937298,-116.54788664366995,-116.7957943728744,-117.91393800585766,-117.2565114824976,-118.17533084092092,-117.17396099503028,-118.6263786218526,-117.1024326443541,-116.41631857127165,-116.5807213595751,point1,-117.1856296513053,-117.22927686040433,-119.30690718113,1.366419336701647,0.9180663708463257,1.8656509669586954
HDOK,PLOK,17472,39,39,-129,-13,11,2,33,-114.65788150488677,-114.10307569843454,-116.65183761895703,-115.12655468207312,-116.10393976813234,-118.2907440368943,-116.76266443465323,-117.36568180831826,-118.03262199525419,-117.20109242717939,-117.56017154934703,-118.41435712344378,-113.68969519977523,-118.6970854489989,-116.38051201440841,-119.28689316458954,-117.11216548221509,-118.07186746634041,-118.58406097567138,-117.6574077239833,-118.11064841385837,-118.31435622826137,-117.29205926618,-117.2959484365369,-117.58551899044508,-117.55121176559426,-115.70785596585117,-118.08859902827614,-116.1903876420402,-118.34159886799509,-117.53991562601672,-115.82987098707046,-116.95420847554632,point1,-117.10765120658269,-117.36568180831826,-119.28689316458954,1.7428626159304825,0.9298612786240261,0.4870400782915576
HDOK,PLOK,17472,39,39,-129,-13,11,2,33,-117.75070507870946,-114.88510295693945,-117.82045851064697,-116.17571601137318,-115.82632646478255,-117.31909839362858,-115.97723337531569,-116.47456091941089,-117.77047377528956,-117.12068839580515,-117.92788609524142,-117.06611856087532,-119.15821159835124,-119.03778616469538,-115.40014382485873,-117.56283668705186,-118.24934681941372,-117.76252258765383,-117.77073287228555,-117.88979953919431,-115.36227157303715,-117.92509847744914,-117.63979094680954,-119.17618152744129,-117.12689568842981,-117.98349326867431,-119.28602846966923,-117.38633858093769,-116.98386919281478,-117.54046753757736,-116.43268679312852,-116.6193167069452,-116.51230871474648,point1,-117.30062109421768,-117.54046753757736,-119.28602846966923,1.1798508220991233,0.21597125668995137,-0.17312510183889396
HDOK,PLOK,17472,39,39,-129,-13,11,2,33,-115.65714412246865,-114.06505875384029,-114.36531616048755,-116.05405414792502,-114.94553217365034,-118.89549412574789,-117.87300794265809,-118.91457613508001,-117.8727885061287,-118.27806870014014,-117.70562026145348,-116.22850924429535,-116.48595566814669,-118.13638110885621,-116.69643194168648,-117.47657022493044,-117.72428997379313,-117.75986117935989,-117.82657453603133,-117.95367878296263,-114.82591170371096,-118.20435416259085,-117.38815778617395,-118.19839317340333,-117.07232130845149,-117.20979602227382,-115.86541347091003,-117.86487824815892,-115.31468125283482,-118.73086076515297,-115.73911141947347,-119.69054138895011,-118.27317300775037,point1,-117.13007598180235,-117.70562026145348,-119.69054138895011,1.9433041942043907,0.5561005442537443,-0.48476689908506865
HDOK,PLOK,17472,39,39,-129,-13,11,2,33,-117.7847818982904,-116.35314649827338,-115.15018621988978,-115.6473585154769,-117.62516139272998,-117.53673510591852,-115.98425019383637,-116.12781648947487,-116.6591053118929,-117.18637495124865,-116.25867598488594,-116.96779183215189,-118.95317805688941,-117.75706693708894,-117.79860163030507,-118.01193044723762,-118.96812465360927,-116.43630188063864,-117.63428069984712,-116.17142551090431,-117.99191819307374,-115.84841457769893,-118.15630087527316,-116.22422033741826,-118.90835760944626,-117.45902739581378,-117.22058256549857,-116.87456188437363,-117.39081936160763,-118.48073434491666,-117.10452222374626,-117.39734901092145,-117.46546067334425,point1,-117.19801706859764,-117.39081936160763,-118.96812465360927,0.9209474452285125,0.037359384616580095,-0.5196950872644597
HDOK,PLOK,17472,39,39,-129,-13,11,2,33,-117.45965654980652,-115.54873494941731,-114.57672065637315,-117.35969055925653,-116.66255582196897,-119.02341585438992,-117.89474612472932,-117.15973274185772,-116.89678293607199,-117.96682240375,-117.2140394550344,-116.23720859005095,-117.19071466344069,-117.51359609371973,-118.14881006965469,-116.19349068735008,-117.38425721553733,-119.07963378435251,-117.85792721765444,-116.47651309593034,-116.69672303904572,-116.77411704068889,-118.0332921007275,-115.84050466444342,-116.80749979831417,-117.43546803121956,-117.53172499688033,-118.76847777649233,-117.01921200686851,-119.28720713020738,-117.6907389607669,-116.6924581255418,-115.98171253698405,point1,-117.22436926298565,-117.2140394550344,-119.28720713020738,1.031830518762256,0.11687415239054395,0.48671570682319976
HDOK,PLOK,17472,39,39,-129,-13,11,2,33,-117.67132391200536,-115.32246448073431,-115.48104891642956,-115.03828949369871,-116.98396869428468,-116.53387309086563,-117.51143186076493,-116.73709342537232,-116.61426864469344,-117.89348425214641,-118.52065602460324,-117.6355738479837,-117.40394901213021,-117.4315154810871,-117.7123651209772,-118.05261918210012,-117.56707260479432,-117.11423631663862,-117.54537954663658,-117.73443946232254,-117.12941640423382,-116.99233911867204,-116.89629823478053,-117.41936811055936,-118.68234004835382,-118.00856098152803,-117.40296636423315,-115.93621114046584,-117.30756815071204,-117.13131942827972,-116.53056522179098,-118.44884527845892,-118.10656403885413,point1,-117.22719442094521,-117.40394901213021,-118.68234004835382,0.7292636532320468,0.8341789951065713,0.7125517606497538
HDOK,PLOK,17472,39,39,-129,-13,11,2,33,-115.4274310359738,-115.14416438284461,-115.99965415935804,-114.94171038438898,-117.49033718402937,-116.8210012287748,-117.35020213187343,-116.2825227346774,-117.28431652747263,-119.33295029488008,-117.81470478778948,-116.7133766409558,-117.33404767360348,-116.88939026188297,-115.6458342589983,-115.91069732927203,-118.27716021232169,-116.79134978554393,-117.30459759343712,-118.78226284125293,-118.65193940416033,-117.8232670041367,-118.6736562230444,-118.05037288678474,-118.78578923209223,-116.52352359144533,-117.92174539788769,-115.59305528246864,-117.43892326775683,-117.31106278358061,-116.47396600516285,-117.68165438897165,-118.27016265892254,point1,-117.17384332047709,-117.31106278358061,-119.33295029488008,1.261355990767847,0.17946726323210643,-0.6817824012734346
HDOK,PLOK,17472,39,39,-129,-13,11,2,33,-117.36805182706088,-114.13705070249313,-115.82274660705235,-116.68635289695116,-117.49161845128913,-117.63554102484132,-117.2085344416334,-114.50471948078794,-116.12496551529023,-117.03250618611295,-116.8704627948681,-116.21594290444285,-117.29704180980384,-115.90959053510107,-117.3408195421614,-116.29849375731362,-116.0724261652027,-119.23228686085132,-117.50863716287058,-116.21844874603987,-117.09772717498964,-117.51706011910186,-117.79460629124637,-117.1236716564379,-118.82366940744922,-118.36134014547109,-119.13781602728578,-117.6524685747277,-117.76920701620755,-116.46863730839299,-118.60336002889879,-116.8645019483242,-117.98446345411546,point1,-117.09620504741868,-117.2085344416334,-119.23228686085132,1.2713340104720106,0.4534223037649364,0.7836872999980149
HDOK,PLOK,17472,39,39,-129,-13,11,2,33,-116.07233612811817,-113.1884427422145,-116.9368431761261,-116.09535069038279,-116.51855443860642,-117.76341350453148,-117.95180586269262,-118.13591719408778,-115.68746170456592,-117.7895905322391,-116.55639534780585,-116.54496412330282,-119.22239890595033,-115.9750275335009,-117.15592383070401,-117.41616266810277,-117.79523063432217,-117.10036141910231,-118.3770535030426,-119.01175785620747,-119.53280295896954,-118.8746092118537,-117.2699282172499,-117.70367971920717,-116.97407966854506,-116.8748137777655,-117.23933856943071,-117.13317819998824,-117.53600800418677,-117.10884209085951,-117.7248196274226,-117.46115189072552,-117.22343138592383,point1,-117.27126288235561,-117.23933856943071,-119.53280295896954,1.3331003724622401,0.9816406170495023,3.6959684443950613
HDOK,PLOK,17472,39,39,-129,-13,11,2,33,-116.90717027599278,-115.16614353026495,-115.61481220853558,-114.94416803443303,-116.17524172413492,-117.15539960114046,-116.58716090877373,-116.33455698899454,-117.4023358525585,-118.64709322821645,-117.79672737189046,-118.23692103243795,-117.40359782396538,-117.64092508100501,-117.52794409629195,-117.77981601103382,-118.27761127782765,-118.53640246837837,-115.80964194664759,-118.73173911565222,-118.57286624156754,-117.51423270773589,-117.83310681583262,-117.07092445463178,-117.28032050587547,-117.81107536221724,-114.27075050672907,-115.57121302245312,-117.20578435881161,-118.2608007370427,-115.63832870153108,-116.26256619295037,-117.62211030842504,point1,-117.0784693483024,-117.4023358525585,-118.73173911565222,1.3218502627495325,0.6349544593912289,-0.3683664028103397
HDOK,PLOK,17472,39,39,-129,-13,11,2,33,-117.74845160514221,-116.06923666065747,-115.82729043056871,-116.22977343021569,-117.38184929427568,-116.56965861330433,-119.07833737062764,-117.79449571715031,-116.7811076450104,-117.77537684016238,-116.96124288906145,-118.04753396628837,-115.67037429686988,-115.22999308241154,-118.30460238734165,-116.1663332050082,-116.01065758803738,-116.57641656593738,-116.79267400939506,-116.12666081745277,-118.79211385206635,-116.18685785792161,-119.78447557037516,-117.39476254516423,-117.56442287152653,-117.90975425145665,-116.92291375407777,-119.06683318617682,-117.00250196298364,-118.165963520207,-117.04242150771188,-116.29232908335739,-115.82473536797495,point1,-117.12400459836114,-116.96124288906145,-119.78447557037516,1.200856455030677,-0.5325295365868133,-0.32349869943261167
HDOK,PLOK,17472,39,39,-129,-13,11,2,33,-118.0688696277633,-115.22246948134135,-115.40400326697461,-115.06919128420705,-116.44320379389039,-116.67847845607709,-115.75633245966459,-116.27585716487482,-118.11044304938886,-117.88625803091792,-117.09566554925031,-116.89066566513812,-116.61742640628727,-116.8595411290888,-116.92295555386097,-117.84707000575362,-117.96402090398041,-116.57289939410705,-118.6269805535462,-116.1945638473387,-116.16153143551688,-118.18399741191543,-116.53424416183317,-117.37946779735556,-116.97140963980397,-116.51714676368239,-118.46726867023497,-118.06532370231291,-119.4222249507934,-116.28724150384652,-118.28757374537477,-118.33203889036422,-117.88017167280564,point1,-117.12110715058456,-116.92295555386097,-119.4222249507934,1.1055812833417045,-0.0011629893636661028,-0.638011361280312
HDOK,PLOK,17472,39,39,-129,-13,11,2,33,-115.95536580855222,-115.17311682619903,-116.19974439532378,-116.17757982514593,-115.16945883098906,-116.68474812096727,-116.95844736004713,-116.80269866026735,-117.53800195784865,-118.31701491778601,-117.67071337905078,-117.73066405334743,-118.08732449669806,-117.29820197669832,-115.46446833526409,-116.71400277500331,-117.23911848528368,-118.5344084636208,-116.3523430559496,-116.66605068504659,-116.75977140299668,-118.58788824539849,-116.28740791319612,-116.71653358785423,-116.16041108629867,-116.91847253448914,-118.2073164871956,-115.13372411613585,-117.0602507176159,-117.26924593343554,-115.23307556207499,-116.57346731940754,-116.38339718734338,point1,-116.78861922734941,-116.71653358785423,-118.58788824539849,0.9091743940952033,-0.05276047664819512,-0.5095100989119308
HDOK,PLOK,17472,39,39,-129,-13,11,2,33,-117.3581419554587,-115.68846203789128,-116.50967453997531,-115.05557244663575,-116.46866676085257,-117.6795140607218,-115.07301832443281,-116.59913216293496,-115.94929471438088,-118.54620332194645,-117.93732094618798,-115.99229583890742,-117.58021672899126,-118.77480770351772,-117.99677615945251,-117.21548092254554,-115.83373603562885,-118.27030918842782,-117.24198201880347,-116.38512877131137,-117.75997891555686,-117.68133845526502,-116.97134017218737,-116.8579391732521,-117.15831982781661,-117.33127757514141,-116.15737566868209,-119.04943556350777,-117.01437494815401,-117.27589696902969,-117.89525680327847,-116.01162442400442,-115.62847354775406,point1,-116.99843535401922,-117.15831982781661,-119.04943556350777,1.0199078896322673,0.037431404706797476,-0.5890976382164643
HDOK,PLOK,17472,39,39,-129,-13,11,2,33,-117.07220042071246,-116.82859194027638,-116.12860806697964,-115.23582022930756,-115.86744744612153,-116.03995372607358,-117.03267436587359,-117.9685677839591,-118.4908653353083,-115.40260019005143,-116.88819117664407,-117.47672753341493,-117.09529338046077,-117.94634107564828,-117.95814352700087,-116.97710761206304,-116.95630549208848,-118.52173980269018,-115.87550326544557,-117.26787529548663,-118.72429584689557,-115.47733665129314,-116.1138430978526,-118.11136294742447,-117.36915976871272,-117.88252155175223,-116.75469036373673,-117.51308265009548,-115.02386169915201,-117.34132195067075,-117.12668162964488,-118.01287688841724,-115.58115285247474,point1,-116.971598350416,-117.07220042071246,-118.72429584689557,1.0042954480763688,0.25025417098203817,-0.838706072641084
HDOK,PLOK,17472,39,39,-129,-13,11,2,33,-115.82003342577944,-114.83869354415215,-118.2872055488257,-115.9895166966822,-116.52226886529975,-117.34706374517795,-118.40973891285088,-116.7979443220435,-116.00249849737277,-118.35988678948605,-118.75093508869293,-117.1773557904596,-117.38745001914288,-117.66049074676096,-115.96765070484356,-116.06437959044902,-117.81944303865176,-117.89516083404777,-115.76311211265364,-117.85657863926625,-115.54916252067054,-117.39441372006345,-118.64600390012058,-117.07270541169149,-117.15780030772389,-114.82740220899483,-118.13998798663775,-118.37904247683517,-115.9570052729649,-117.4645533164062,-118.13175448542512,-116.51101574455504,-116.19981291740866,point1,-117.0347899146102,-117.1773557904596,-118.75093508869293,1.2021016896606815,0.2800685432057903,-0.9600831100269125
HDOK,PLOK,17472,39,39,-129,-13,11,2,33,-115.39235333310342,-116.48978282761836,-116.92695751209993,-116.41780322409399,-117.0241710759352,-116.8578093650648,-117.64837691632685,-118.24479251299634,-116.3668318553008,-117.131837912785,-116.68723740562706,-115.89739927918046,-117.0771419165433,-116.22387204140989,-118.00228352123264,-116.85866265073302,-118.86690290428483,-117.88399939098217,-119.5966203912781,-117.91240635826526,-117.5512973784807,-116.98851170988675,-116.89353643723756,-116.23509419974937,-116.6658798716277,-116.69050666042126,-115.91046507921207,-116.97968050374651,-116.25328353781038,-117.97750112085228,-119.47944962245367,-117.51702644662856,-116.28363931345235,point1,-117.11918528110363,-116.92695751209993,-119.5966203912781,0.9289131203947063,-0.8857850438475554,0.7259754567979919
HDOK,PLOK,17472,39,39,-129,-13,11,2,33,-116.66956468922356,-115.857706879865,-115.9267924375705,-116.20009342583693,-115.77401177696655,-115.55938773687882,-118.67371557888262,-116.20090490886194,-118.20118803395904,-116.64220911323565,-117.14808583084526,-118.73714864140764,-117.20106216568172,-118.63221283238825,-115.78822219527433,-118.00571646871327,-116.88407604469822,-115.84806595075274,-117.92375357561325,-117.76771673981635,-118.57163761700804,-118.54824210148409,-117.93879775561568,-116.06328140410785,-116.82552489152067,-117.08937341146108,-116.83609834657854,-117.39031976640824,-117.57257916870924,-117.33938993901026,-118.41141258483523,-116.63409426465604,-115.45549376057184,point1,-117.1005418193466,-117.08937341146108,-118.73714864140764,1.0383749677127472,-0.08688718828496873,-1.2462049944081754
HDOK,PLOK,17472,39,39,-129,-13,11,2,33,-116.20323046407869,-115.50182434908449,-113.77557672774638,-115.91963858580958,-115.23972108580514,-118.7056577072875,-117.18289917057695,-116.95546352103764,-115.12609407618459,-117.07445462596914,-117.28991018940742,-117.54552941655898,-116.34178408795518,-116.88187914362594,-117.29927315064305,-116.67550287096735,-116.53807126471824,-118.71054362652573,-117.26790034665,-116.88147587155315,-117.65349991562856,-119.36451117816576,-117.54232743082072,-118.33922910651937,-117.83597682230312,-117.50468906385895,-117.46191382253045,-119.22376776130477,-116.83836714648666,-117.91956955642544,-118.7725578259856,-114.83020340367455,-117.5232322508472,point1,-117.08867501717381,-117.26790034665,-119.36451117816576,1.5517085372907338,0.499741980270964,0.45427732397094545
HDOK,PLOK,17472,39,39,-129,-13,11,2,33,-117.17380730989245,-116.36149186800212,-115.13948294825096,-115.4940873409901,-117.78986178503371,-117.54465866950876,-115.55837513832164,-117.02064344701773,-117.01561016988911,-116.93356030014539,-116.84471811269388,-116.05354677179906,-117.21785194449667,-116.65280648613535,-118.84077674395014,-116.34616806667162,-116.94704811681103,-116.8662269546327,-118.27542508613297,-116.57349764237327,-116.42061039515646,-117.65061411644287,-117.57634947273365,-115.63258872707189,-118.63382551241625,-116.2670030447905,-116.6582871156854,-116.09033393241653,-117.84974007619375,-117.24148684600688,-116.37649720730818,-118.06433142921351,-115.96236436354012,point1,-116.88102051944618,-116.8662269546327,-118.84077674395014,0.7856859642607159,-0.24134988701339177,-0.27720036485572264
HDOK,PLOK,17472,39,39,-129,-13,11,2,33,-116.65305728550636,-115.07087646920895,-115.4626511329472,-116.41899577129284,-115.64796025732686,-118.79081103406162,-116.86088465695933,-117.33307296137266,-118.32978141402431,-117.98955954760017,-118.42807138758059,-118.17990500274054,-116.86898629228801,-118.3787437548727,-116.96646811283313,-116.21689332260189,-118.7019006830391,-117.4452479607325,-117.35589869676623,-116.21971688295919,-117.43366103841252,-117.60238511353707,-117.82724184633541,-116.02010462697253,-116.98390051686347,-116.85565308669193,-117.01776997343471,-117.32623291197375,-116.52014079590666,-117.09446997561047,-117.59586067002692,-115.00172167290832,-117.33646361674242,point1,-117.08894207491304,-117.09446997561047,-118.79081103406162,0.9397821484697093,0.32508740225104454,-0.2629895136866449
HDOK,PLOK,17472,39,39,-129,-13,11,2,33,-117.53681721239828,-113.69160382085617,-114.33473334807809,-117.52313648036426,-118.12364109287002,-116.43196788826071,-116.69134791251763,-116.65845569864825,-118.29000388430791,-115.44372956761552,-118.3428574149649,-117.68618146444761,-117.01781118275508,-114.80758480744595,-117.23480914346852,-117.26209459050209,-116.35992189483842,-119.23034073318601,-117.38390277003374,-116.27946821701657,-117.23760082781274,-116.26364848250748,-117.70416017537073,-118.1205020785529,-117.04620412297062,-117.1780219151456,-117.95579342419285,-117.60841550400609,-118.20217472001731,-116.04816400651899,-117.00827342968627,-117.46464520905793,-114.45932043429006,point1,-116.92810101377896,-117.23480914346852,-119.23034073318601,1.5233039989514414,0.923297789760551,0.7149454505445969
HDOK,PLOK,17472,39,39,-129,-13,11,2,33,-118.0939928965625,-112.8978908782222,-113.13053007409327,-114.48972634852423,-118.51165680511947,-115.72534181759802,-119.27643200746132,-118.68409195794221,-116.06701250332812,-116.37140093409889,-116.46465268660187,-117.18057612476984,-117.36666396353519,-117.67939489013256,-117.14257592276164,-117.53744125556982,-116.42020286126184,-117.85180878912469,-116.72792474904077,-117.73441904523764,-116.11655293028521,-116.32651200677427,-118.22321416527144,-116.21115900171449,-116.3217077624214,-117.1369761521998,-117.95524662303367,-117.89012318333518,-117.95513936518606,-117.82881197436514,-117.86144729269733,-115.64063818145515,-117.77353701279233,point1,-116.927115217046,-117.18057612476984,-119.27643200746132,1.9860659375251613,1.2191173577202432,1.8271379279588253
HDOK,PLOK,17472,39,39,-129,-13,11,2,33,-117.80046985520987,-114.79907706168999,-114.80237902532878,-116.97429754462749,-115.47973417345757,-118.3359890834329,-115.58502275786577,-116.76799505959826,-117.37092904812341,-116.874837092608,-116.23122800309622,-117.01966825884101,-117.2513740588623,-117.2252491922431,-119.20370051373555,-117.08588351450652,-117.80758768524312,-116.85529258460797,-117.3195699347344,-118.71865959813961,-117.64463439271759,-118.1073967524624,-116.72090328249645,-116.95594945054343,-117.24926538910493,-119.17898498457626,-118.36909543979566,-118.06974504258054,-116.6515420747414,-117.52907231248591,-117.60241179630908,-117.4440265487271,-118.04149300597824,point1,-117.24465043995367,-117.2513740588623,-119.20370051373555,1.076966987193013,0.5130032429452789,0.6132060162930744
HDOK,PLOK,17472,39,39,-129,-13,11,2,33,-117.28485812188563,-114.26374403988794,-115.3556278550596,-115.18211451902768,-115.52779952479268,-117.86692452075825,-118.23516470449114,-117.13511369030428,-118.34700350074964,-117.02674083818556,-116.5574070389707,-118.43299567853681,-117.3138104845198,-117.62601854146529,-119.6524689532437,-119.9942628050503,-118.27868015700773,-117.878851597708,-117.38142022815379,-119.0377595872716,-117.76840247640095,-118.92252889728867,-115.35887242228394,-116.8040446371296,-116.58676172154858,-117.01550500312784,-117.20761652626184,-118.7998835187475,-118.96562795748208,-117.97303128152357,-117.28409312524853,-115.75958239998418,-117.9583224987755,point1,-117.41766784402647,-117.38142022815379,-119.9942628050503,1.7383206120197117,0.3751974810833937,-0.07663341139311397
HDOK,PLOK,17472,39,39,-129,-13,11,2,33,-116.09507402706993,-114.90781833836553,-114.77273330559795,-116.53451305555004,-115.24564489695136,-116.91728696838278,-116.69930303717142,-119.1566533905607,-117.71843286484561,-117.50327634132394,-118.3856962442498,-116.94798433651091,-117.08571677075294,-117.51709032369793,-118.09198110783399,-116.88253999229413,-117.58502422865287,-118.1483496429795,-118.0657382143113,-116.26473073433212,-115.7013373768813,-117.48690151970307,-116.00035250808898,-117.20566073653832,-115.68495356476089,-118.75204989095275,-116.10175499788912,-116.86502125352398,-117.60285051107448,-118.55508906714182,-117.64758460107392,-117.98220020710919,-115.46375676345865,point1,-117.01742729756458,-117.08571677075294,-119.1566533905607,1.2368309096158063,0.24405686948674346,-0.6419809105847869
HDOK,PLOK,17472,39,39,-129,-13,11,2,33,-116.6090321817398,-114.74348944843105,-114.56491020360401,-116.22838065980271,-116.02697711570771,-116.25401148427822,-114.9614700631895,-117.59104631649708,-118.4139853962364,-116.60773988838582,-116.80914118949713,-117.05744828566046,-117.40284536580063,-117.58459580884698,-115.70033626485501,-117.4791847596791,-116.61508306674739,-117.55082962822628,-116.87563665905857,-117.2402711771036,-115.45508478862972,-117.57219510445134,-119.59338474920811,-117.60123327148348,-114.94404739380693,-117.7068928864761,-117.70564333196211,-118.91795077696233,-118.50142196120785,-117.6129111243769,-116.07793239189218,-117.37619090186129,-117.36974620085816,point1,-116.93184999534925,-117.2402711771036,-119.59338474920811,1.3705446455776753,0.1893976784449933,-0.04887503520648506
HDOK,PLOK,17472,39,39,-129,-13,11,2,33,-116.08520946614007,-115.01646362617797,-115.76166361811687,-116.27312158905166,-115.7182593837603,-117.31950430004733,-115.00151301002784,-117.24999934668317,-116.14819015565314,-116.63501675389801,-117.00054340124994,-117.97227511030759,-118.72392601807894,-116.5543513887449,-119.43958977675273,-117.79091201328332,-117.09117919479976,-116.78239295893862,-117.76333677305846,-119.89258633681857,-117.65273333918357,-116.06373601117463,-117.02714497499723,-117.57153979636556,-116.98554788774331,-116.52005033549669,-116.70946389221353,-116.0431513267922,-115.78864863870766,-118.13020666560588,-118.26235066189804,-115.80207013518523,-115.35130391306123,point1,-116.91296914545497,-116.78239295893862,-119.89258633681857,1.3422359415940275,-0.6075915868455566,0.2390422247054591
HDOK,PLOK,17472,39,39,-129,-13,11,2,33,-118.95299508126932,-113.24678699171085,-115.66041618272989,-115.90966733492199,-115.88591924000946,-116.8779984277873,-116.24037635988765,-117.23878185211748,-116.46842508478859,-118.15587849696126,-117.20081557250056,-116.57184669117763,-117.32749715493439,-116.85131481373297,-117.58721276145498,-116.2085072901357,-117.69199783897899,-116.9391866657003,-116.26106093893411,-118.09887508143184,-117.94986250716505,-116.99417055199199,-115.62741245702112,-116.23647192074426,-115.29512201787459,-118.76406449376675,-116.5868988345611,-115.87866202095401,-117.7762656275187,-116.90735468367507,-118.98948080809586,-117.92517600412758,-118.16604084231467,point1,-116.92341038275684,-116.90735468367507,-118.98948080809586,1.3745545026908241,0.6027278626380247,1.4999993595569188
HDOK,PLOK,17472,39,39,-129,-13,11,2,33,-117.78005979547241,-114.17656122514184,-113.86448181926812,-116.76095983664193,-116.93831436915865,-117.14077931770174,-114.91693246326945,-115.99682092648598,-116.89230731752319,-116.30985975232224,-115.28574970235685,-117.44397492243768,-118.41909318606483,-117.17687640874384,-118.39052293440089,-117.33990286112358,-117.48437925969549,-119.02560706913314,-116.43657535140244,-115.43308515921923,-117.61326199171677,-116.33290630429931,-117.86752422392468,-118.82006949742544,-115.55338230443992,-117.24138111985131,-117.98692544137265,-118.61086619061814,-117.60692778811607,-118.87684207072257,-116.11558522939083,-117.39350500833824,-118.62653935482084,point1,-117.02601697583637,-117.24138111985131,-119.02560706913314,1.7189021965568805,0.6115476965645158,-0.08088529205534156
HDOK,PLOK,17472,39,39,-129,-13,11,2,33,-118.87502194007287,-116.09533471161541,-115.39296830310208,-116.6622672858327,-116.0395094429268,-117.69257954520508,-116.49050274115113,-116.84528410866622,-117.26733658600618,-117.36662339143905,-116.86817333901296,-116.9269406939857,-117.76822645342652,-118.49043303987129,-115.36651131694511,-115.71661043233725,-116.0721268861096,-118.15533408720341,-116.45134138233875,-116.57009150707665,-117.96767930593577,-116.93073132552426,-116.95613583556523,-117.70467388551863,-115.90260267125862,-116.9152806070878,-116.70842869886268,-118.230157346877,-116.56808949871241,-116.60585479642147,-116.47974572434303,-115.81157557563286,-117.22321044043167,point1,-116.8823449365605,-116.84528410866622,-118.87502194007287,0.7460902540120591,-0.3644351549872749,-0.3050307070933438
HDOK,PLOK,17472,39,39,-129,-13,11,2,33,-115.43985872963226,-113.99271956351343,-114.79604076590783,-114.22312251328154,-116.42164886033893,-115.76981306548724,-116.68576818889747,-116.12585802310726,-117.6118454776497,-117.69580306553071,-115.57226026473417,-117.83097583227715,-118.13341497250579,-116.3629365234586,-117.98239188167858,-116.98610670132938,-118.2602732641644,-115.41666768903175,-118.07159234811539,-116.60282972595867,-117.23705271769855,-116.83840225062104,-116.65097341004558,-115.28133465222312,-116.17108700625546,-118.79091380025629,-117.65506586919743,-118.17598517838049,-116.78881199537176,-118.04984290811532,-118.37644274426003,-117.38298890306757,-117.50202807007521,point1,-116.81463202915661,-116.83840225062104,-118.79091380025629,1.5021848709231855,0.5625277084885884,-0.4168437049212743
HDOK,PLOK,17472,40,40,-128,-12,11,2,33,-116.50359549767471,-119.85218546064335,-120.63356571721357,-117.42790123663669,-118.88522338371318,-117.08613820569778,-117.9270573602887,-119.41306570094126,-118.34815528875923,-117.46671722493278,-118.77106089374816,-120.08749487028216,-118.2180015004599,-119.00495992089687,-118.27392805611686,-117.612513834544,-119.62970311076276,-118.57934267867512,-116.20487498195365,-117.74043198561394,-117.2195093035443,-117.19321020382164,-117.97891001387946,-116.52453710884376,-117.5229666637463,-117.65797215960613,-118.11213796758805,-118.64463028436975,-118.22905834809016,-117.95057084800483,-117.77745250747881,-119.57101887361151,-116.57080372699929,point1,-118.13996045209511,-117.97891001387946,-120.63356571721357,1.141040880524146,-0.36364705362192806,-0.25011730953543765
HDOK,PLOK,17472,40,40,-128,-12,11,2,33,-117.8907453996237,-120.22690114022593,-118.70551583873524,-117.40149556139941,-118.76111919733836,-118.12705859557136,-117.34588097239339,-115.95320393724295,-117.28982064295639,-117.653061209217,-117.9425170172963,-117.98674224427485,-117.45303788461217,-117.95238463207382,-119.67739433399666,-119.29774721905275,-118.46824097802448,-117.93576280229063,-117.39360489801436,-116.2367495215261,-117.36639527287063,-116.97895434819692,-117.18396067012645,-116.9493170545239,-116.63494848572962,-116.47490448805205,-116.16919022247906,-116.56993625611032,-117.72643079997961,-117.05789144541627,-118.48291484588414,-117.14368986159987,-117.96790840231212,point1,-117.64864927815599,-117.45303788461217,-120.22690114022593,0.9340448391716298,-0.6291964362054738,0.5322985779654763
HDOK,PLOK,17472,40,40,-128,-12,11,2,33,-118.00975179735117,-117.9061136552743,-119.70153919991593,-118.41295206569274,-117.97204141944006,-118.69800876093986,-117.83426971365637,-117.33338448745337,-117.48910031931919,-117.73067095256599,-116.56562871159288,-115.70133482107346,-120.68042546603382,-117.20524536553775,-116.74994452208058,-117.99136497181158,-118.27287889009524,-116.11314136252052,-116.94795985405102,-117.94790403528344,-117.63861540783736,-117.112311481435,-115.77549912570915,-115.65205961011418,-117.60163447420177,-118.91281097908805,-118.71562756356033,-118.25240633897462,-116.78002652098299,-116.1217749714905,-118.12757084568123,-117.91728311789046,-116.02536959171077,point1,-117.57262576970804,-117.73067095256599,-120.68042546603382,1.2633663982838963,-0.33548988864669954,0.5760323326177899
HDOK,PLOK,17472,40,40,-128,-12,11,2,33,-116.10073883959083,-119.58875364719223,-121.36316365615771,-118.65152260895209,-117.34655424640957,-117.08259984641919,-116.37495803536213,-119.10447763675941,-119.0515910881695,-117.19142413609633,-115.39872252882928,-116.5109185625943,-118.65574324802509,-117.41315050370584,-116.75331444445278,-116.77736913916578,-118.06975577878895,-118.06466307091611,-117.03532370961305,-116.56907299995476,-115.27128940561632,-117.62501156491943,-118.72546578623155,-115.87574680012597,-119.17440116348864,-116.48538379888736,-119.3699947859179,-118.14881406602204,-116.2935166775749,-117.93485693441312,-116.21427729839287,-118.22283698162191,-119.5942555646135,point1,-117.63756571378727,-117.41315050370584,-121.36316365615771,1.912405073945946,-0.46163684560963214,-0.04116324636302959
HDOK,PLOK,17472,40,40,-128,-12,11,2,33,-117.16227418172225,-119.33537745483301,-121.07753155021628,-118.0978192947566,-118.1335487415244,-119.15764703782007,-117.17317268628527,-117.4280715910034,-117.3849293614234,-116.65936670011943,-117.99720715305222,-116.1870937046577,-118.3039455287,-118.27542147611288,-116.21967185169493,-117.78447515783026,-116.05195952889937,-117.3715972030005,-117.53103535257983,-119.67833190051545,-117.81305435767102,-116.48213332579408,-116.73135050232415,-118.94379015459978,-118.0231161114128,-119.01880671271527,-116.53625306587466,-118.33784091863055,-119.3275034227258,-117.71888906698531,-116.45387342466749,-119.0014892048926,-118.93057589478383,point1,-117.88876223090375,-117.81305435767102,-121.07753155021628,1.340429729636062,-0.4711183262162652,0.1384655535983086
HDOK,PLOK,17472,40,40,-128,-12,11,2,33,-116.45068232160648,-120.12242974813657,-120.15961347832065,-117.03521750782059,-117.03767196823259,-116.15301306497297,-117.5819638685252,-115.88084134814382,-117.11155175085327,-118.61419569880096,-117.91202632010605,-117.40857469490291,-118.47039114540084,-117.64065280002183,-119.92503577013757,-116.18078184670932,-119.01711460825837,-119.32745972915302,-115.4669083145422,-117.48554209624119,-117.83557729795716,-117.19300758141299,-118.21559780800158,-117.61219064591359,-119.42330219182585,-117.20656703901456,-117.70105113130334,-116.99635686282384,-117.11643522171993,-118.01653901233381,-118.05913646128536,-116.32079909460849,-118.71343173082799,point1,-117.7391412169671,-117.61219064591359,-120.15961347832065,1.4050091470010133,-0.3491678349131281,-0.29994929755880184
HDOK,PLOK,17472,40,40,-128,-12,11,2,33,-114.72911586044113,-119.65942681845834,-119.25125867887584,-119.02420051682961,-117.21437918349537,-116.3585687460653,-117.19374558183854,-117.34650352913026,-119.79676646708522,-118.99589996409736,-117.96472461763801,-116.8640591130736,-116.12275202016124,-116.47961429867908,-117.9229050537884,-118.27836812795825,-117.22383442179797,-118.20516715095953,-117.80345307630868,-117.47783683538603,-117.52752774737266,-116.79123025606394,-118.10382288613947,-119.06785578718149,-118.47013331801523,-116.40905745379858,-115.89208820828503,-118.97790417096769,-115.93237360016036,-116.95184780831231,-117.32438810442252,-117.7247300272129,-116.37401903053546,point1,-117.55938055941014,-117.47783683538603,-119.79676646708522,1.3931026259004287,0.04888725539058628,-0.32296546430079554
HDOK,PLOK,17472,40,40,-128,-12,11,2,33,-116.83285951434178,-120.3417143009964,-120.61670579797288,-118.41892460622088,-119.58756184554815,-119.21810912197998,-117.99740594085188,-116.1710622725508,-118.32549835062919,-117.04602454064035,-115.24822069278599,-119.22529282118452,-116.19334062996232,-118.07059752153413,-117.80005157703654,-117.59550777307952,-116.66439110416134,-116.41681558331008,-118.68789329818874,-118.06858573178093,-116.95722082911736,-116.35988764328721,-118.84719523321753,-116.74432381388455,-117.91538588625089,-114.44417397690324,-118.02290939825458,-116.20306836364843,-113.98180928402914,-117.49937853124862,-119.1000094069906,-118.21000187247056,-117.25684732971405,point1,-117.57784165435675,-117.80005157703654,-120.61670579797288,2.2370358074575414,0.27219569966428614,0.20499356383780976
HDOK,PLOK,17472,40,40,-128,-12,11,2,33,-115.96797880012254,-119.63623995695451,-121.1116727416374,-120.18014952327296,-117.8529644126295,-116.98370297091277,-116.16191327850117,-117.34506327367048,-118.4228972528828,-118.42982949083235,-119.20503032282092,-118.28319770392096,-117.69562615840722,-118.91748520976147,-119.69619522434766,-119.36399310968669,-118.0274830803242,-118.22923338873682,-118.08015537434999,-119.9501940578729,-117.20685067045903,-117.18109477353686,-115.81647520194129,-116.43384812665295,-116.60613776292001,-115.43475536154598,-118.634600278409,-117.03633315195113,-117.35762875113417,-118.68603968141723,-118.07535749854965,-118.08929813234245,-118.2638550197094,point1,-118.0110084770368,-118.08015537434999,-121.1116727416374,1.7234049613222673,-0.12815295363181467,-0.20011972832795255
HDOK,PLOK,17472,40,40,-128,-12,11,2,33,-116.28770050573881,-122.10827201003646,-120.33178586150952,-116.77989786713704,-117.68228771666337,-115.9690288292019,-118.7424045997474,-117.80436540935688,-117.82395311741155,-118.9033759865662,-117.57330189536634,-118.11810731157084,-115.67535629840181,-116.85187731467514,-117.84144459968768,-118.22887217062191,-115.11770785093908,-116.7666004656634,-117.1419572704446,-117.32924927606227,-116.07997255018094,-118.77248005475913,-116.99773002282642,-116.9147590263777,-117.56954610586608,-115.89195327374681,-117.20478407588294,-116.3934230727706,-118.59025624878866,-117.9553826814593,-119.18709490458141,-117.27402802365738,-117.77239022183838,point1,-117.56610141271331,-117.56954610586608,-122.10827201003646,1.8437117619842425,-1.1087995329436209,2.67920374269142
HDOK,PLOK,17472,40,40,-128,-12,11,2,33,-116.2170750531859,-121.68704208653931,-118.5378482583346,-117.78920576391417,-118.18572496634232,-119.32869042012159,-118.29549723629897,-118.15238558896829,-117.84608800485519,-119.1044992295122,-117.35485160776291,-116.07347856998437,-118.22585479852405,-117.0044551532343,-117.98086639315046,-118.88002276661443,-116.85867869517574,-116.77685852572662,-119.01066984894675,-117.9608602012094,-117.90596632879972,-119.44231297039742,-115.88664227831418,-116.72702999344241,-118.53738192661147,-119.93095737403907,-117.3722147048004,-116.97411159613698,-117.5776255574451,-117.39477083078542,-118.20662928827817,-117.13861539614432,-118.64198527302115,point1,-117.96990596020053,-117.9608602012094,-121.68704208653931,1.3751090054792088,-0.7739953180982663,1.7145666469341694
HDOK,PLOK,17472,40,40,-128,-12,11,2,33,-115.4876248562839,-120.44985156441581,-118.42579185996652,-117.32730580649529,-118.55149980224893,-118.80559253714435,-118.0032514905001,-118.29623726092842,-117.96912382189618,-116.39089266064843,-118.47653059549305,-116.22688357370826,-117.53063109686906,-119.07055637351341,-119.43323849695243,-117.19884824158736,-115.80379232949602,-117.34273349922981,-118.30197625514283,-115.07368411018975,-117.7498978658524,-118.53551585382381,-117.95016903449314,-116.4905105136477,-116.78736243501598,-117.07864503247454,-117.18571843836219,-117.72768711057813,-117.71446407379176,-116.93994902922502,-118.31130423921003,-117.26645859391188,-117.9547082010451,point1,-117.63207383800427,-117.72768711057813,-120.44985156441581,1.2419401227902245,0.0867183499706439,0.5297847507440769
HDOK,PLOK,17472,40,40,-128,-12,11,2,33,-118.28529356675767,-119.4891680315109,-120.12965131154424,-117.28615672658312,-117.17793071402657,-117.11617228230638,-118.70933759039863,-116.71047280351296,-117.93406439137603,-118.1489992689248,-116.32719684299849,-118.293619887135,-117.79266174867894,-117.90757781711864,-116.73595471109572,-117.90107977880155,-117.56881574579862,-118.20817314835905,-117.48026962144186,-117.87219203748224,-117.57652373203535,-116.35781730297678,-117.97448002307776,-117.85456340781754,-117.12015343515836,-118.92078160921183,-117.20097591657381,-118.8508459342207,-117.03896294354158,-117.01350561108762,-116.05017460001353,-118.10820968489023,-118.5625333373248,point1,-117.74861562314491,-117.85456340781754,-120.12965131154424,0.7841344006571107,-0.4275731985960803,0.4851926003999245
HDOK,PLOK,17472,40,40,-128,-12,11,2,33,-117.3271848632789,-119.66730487612581,-119.30594515680731,-118.47603427878421,-116.09794533545741,-118.25776044782268,-117.94174032700575,-116.29356234671471,-120.28937222014528,-116.91260097184089,-117.09839236546364,-118.93405646043003,-117.20283627010315,-116.45003207621195,-119.01206324256451,-117.73349830778106,-117.51533368327085,-118.63805526536429,-117.36907783494729,-117.00152634003545,-117.90888726423046,-118.78710738813851,-116.91665852434878,-116.5489500257533,-117.3481396612608,-116.32197786240704,-115.52136171426375,-117.79092431205545,-117.81219130962634,-117.46560366642153,-118.74610024280868,-115.26709867638122,-115.87108414562802,point1,-117.5706184079842,-117.46560366642153,-120.28937222014528,1.3991793679867879,-0.18274426239499167,-0.3283525689816189
HDOK,PLOK,17472,40,40,-128,-12,11,2,33,-116.55357866474333,-120.54672871174921,-119.78192968572473,-119.28792196792142,-119.16742720938169,-117.1507010615997,-119.0430486119436,-117.41488924328213,-117.9600581964756,-118.00788238648437,-117.96893523569132,-117.77064669057042,-118.82010165112426,-115.77953018774177,-117.70044571533296,-116.84003939535687,-117.41706605626281,-117.80417122562432,-117.98204354617741,-117.13297239061218,-117.60894084976708,-119.00937744771934,-117.73035240977954,-117.49370451927773,-117.75580752491982,-117.27661955249091,-117.27279666404492,-116.72928734098426,-117.5549409538848,-117.30591912807687,-119.13739336499675,-117.5582207398011,-118.01824297825314,point1,-117.89641579720596,-117.73035240977954,-120.54672871174921,0.9452239168221448,-0.6577126336144818,0.758821274760757
HDOK,PLOK,17472,40,40,-128,-12,11,2,33,-116.11143531566564,-120.49738806117803,-121.40559968339238,-119.96191066608492,-116.3961927460578,-116.55816939263528,-117.43917959749626,-118.09809374029929,-116.64877843705175,-117.70735732715704,-118.91266825347692,-116.37181663819065,-118.01155028700371,-116.66649134050729,-116.74570023329952,-117.78665954955899,-116.62732251591555,-117.69394049882555,-117.35522016365087,-118.45773068294346,-118.28532730239218,-117.64678095959081,-117.09767099469761,-116.6547251710771,-117.62664052298102,-118.72111946796166,-114.95130105635242,-118.25262764538967,-118.85740230247364,-118.47731166684429,-117.34891932156343,-117.9620583430051,-118.08441353974769,point1,-117.73998495225656,-117.69394049882555,-121.40559968339238,1.6252749252036234,-0.722015296753017,1.406899954398439
HDOK,PLOK,17472,40,40,-128,-12,11,2,33,-118.58484372521433,-119.96904003867333,-120.52538475505368,-118.73799560793013,-117.39996106444694,-117.80864401447035,-117.45481869976477,-118.01220067471965,-117.34198592941117,-117.2408440305393,-117.55994383403215,-116.09635655041869,-116.91626951333565,-117.73130506021386,-117.89786206598932,-117.44897326960587,-117.00158688429386,-118.10532934833876,-116.76260962406442,-116.8148248958288,-118.03185952472843,-117.45266110847948,-117.63041822853978,-118.54195385087237,-117.85120837548396,-117.72733678975153,-118.6658407496643,-118.75152240076837,-116.52818073751155,-116.9695528953513,-118.2823526471801,-115.80756865955387,-116.24090434697219,point1,-117.69370120912731,-117.63041822853978,-120.52538475505368,0.9731847411040899,-0.6979627282818914,1.3201809677392968
HDOK,PLOK,17472,40,40,-128,-12,11,2,33,-118.67699543512335,-118.76687279162871,-120.73130031099704,-119.3017389072145,-118.33638453774057,-118.14605628965191,-118.62718572018541,-116.28052327779429,-118.47222559750277,-116.50474116596486,-118.1520414448207,-119.54264390926157,-117.75014762674022,-117.55617238726798,-117.20584709319371,-117.87949783891857,-116.66488356092754,-117.01077987215416,-117.10685254213799,-117.99599784656728,-116.92780148829071,-118.14124110453955,-116.67683746668837,-118.19664805032426,-118.88920555021454,-117.06813441974806,-117.08451999674452,-117.52526654716486,-117.6048089665405,-115.91505875752095,-117.64368048411608,-119.47695279751278,-116.27730680877417,point1,-117.82231365436279,-117.75014762674022,-120.73130031099704,1.134221150058896,-0.4963553304100714,0.2579481387317024
HDOK,PLOK,17472,40,40,-128,-12,11,2,33,-115.96520136831991,-120.06068246779913,-120.08514143116635,-117.85452898710285,-118.79459062500241,-117.4349751914088,-116.5079308431504,-117.36044327003808,-117.3139037166685,-117.78043848075168,-117.42489847817086,-117.01298632360664,-118.7523238614408,-118.10150502165885,-116.94399133415496,-116.42530872559085,-116.68900350218631,-117.13428283473074,-116.34588667605966,-117.31770433004444,-117.4030033573899,-116.98366769537779,-116.63225731478447,-115.93986188183032,-116.64234186672591,-116.94601607600221,-117.60053688101722,-117.47125273975203,-116.24547570497988,-116.62675537408654,-116.41306735631973,-117.710019635651,-117.9739338473334,point1,-117.33011870303949,-117.3139037166685,-120.08514143116635,0.9594791325374469,-1.261702494478263,1.8904795701114936
HDOK,PLOK,17472,40,40,-128,-12,11,2,33,-118.77458329239614,-120.4939601801294,-120.49099390452211,-118.1353837656876,-118.60313549690149,-117.22280117817184,-117.1177317027875,-117.91648216016222,-117.90417232089747,-116.04881217748647,-118.82829658149616,-117.08749312018163,-118.55479807660136,-119.43627534966843,-115.13078265202171,-117.4446621872006,-117.43958820586424,-117.5609808336677,-117.31050731962618,-118.13540199513703,-117.50611520716333,-116.53912149152218,-115.86680569262927,-115.63657097602493,-117.45479916966131,-117.6854256679637,-116.54881403179675,-116.37193952733946,-116.23635474431119,-116.7006229816375,-115.81257313904027,-118.77843107823551,-117.75643677343429,point1,-117.53123796913232,-117.45479916966131,-120.4939601801294,1.597217735868678,-0.43677116410005384,0.19478689107250924
HDOK,PLOK,17472,40,40,-128,-12,11,2,33,-116.12721566948915,-121.55172730808565,-119.01545787966239,-117.2949702994532,-118.06628957301326,-118.80881498722714,-118.20665891261393,-117.14241807456264,-117.07304126263945,-117.77885381935647,-117.10756268419814,-117.50115603785373,-117.55121418762573,-117.6487595669465,-118.41358754836966,-117.82784713811303,-117.51288932648607,-117.18042834556485,-115.78423344317314,-117.69627084913081,-117.57042397579237,-118.02482681083255,-116.15655369653973,-116.9129824999436,-116.8482480755547,-118.18932118731078,-117.45015534361478,-118.1321711011589,-116.46292378804637,-118.41810158634024,-118.43418430482785,-115.19542817688206,-117.90142552527739,point1,-117.60564069653594,-117.57042397579237,-121.55172730808565,1.1937322572528661,-0.9580352721596842,4.326860732182789
HDOK,PLOK,17472,40,40,-128,-12,11,2,33,-115.53522009574907,-121.08721088160192,-119.99345573734591,-117.34708793064945,-116.66476707265905,-117.14735745343042,-118.47158607464164,-116.35318967736016,-118.33562354343803,-116.67759574861073,-117.36945886798071,-116.83788279139748,-118.05369380733232,-119.45124080853837,-117.7150076454601,-116.7879926267688,-118.02467228774766,-117.30121427422492,-117.14902871104607,-115.36810324989227,-119.32560353474904,-117.17493321591301,-116.76364650750736,-116.84825278862445,-116.67501726964299,-117.3406158482809,-118.95918700438297,-117.26325564742322,-117.48422434205193,-118.09583622774848,-116.8218215850464,-117.48800665741082,-116.65433081873438,point1,-117.53230668889064,-117.30121427422492,-121.08721088160192,1.4037333987207745,-1.0113319306888022,1.5420967928940965
HDOK,PLOK,17472,40,40,-128,-12,11,2,33,-116.93912190845445,-120.97330097043877,-119.55725182572326,-118.89538843859424,-118.08608088754315,-117.30506672678277,-116.56510751148059,-120.04960596258366,-117.1379716992049,-118.22522519251038,-118.19350239132261,-118.32646140493036,-117.87827043678028,-117.98103801156998,-118.4008413727125,-117.35519316088157,-117.07226636306095,-118.31781349294724,-118.05354719399914,-116.62973332573355,-118.55101685704574,-115.12122980848635,-119.12333394211524,-117.62852131442257,-117.15491754279273,-117.70408459231895,-118.12880172394298,-117.37320841115229,-118.11957714991723,-116.90391503905366,-117.46020639691949,-118.3660327736528,-117.06396648341911,point1,-117.89823031249979,-117.98103801156998,-120.97330097043877,1.1421809742042202,-0.43917807116888674,1.8871561850949345
HDOK,PLOK,17472,40,40,-128,-12,11,2,33,-117.8153637917023,-120.65092479111021,-118.9051320485705,-118.03333344565799,-117.05345835438891,-116.90678973421362,-119.1467285190473,-117.24171295154767,-116.89113697933124,-117.51230135128765,-116.11178469647633,-117.62966838702305,-117.14123046234702,-116.2845276671491,-118.26692948946483,-118.55677661103589,-117.60716965131007,-115.98210985886602,-118.03629067856774,-117.09538596392548,-117.36774635534117,-119.4421600880492,-116.6866149194326,-116.0113361264219,-117.45693962806284,-117.08924540745608,-116.06795343898443,-118.57503010674787,-116.8585593713418,-116.8304708065451,-117.84661097455148,-118.9009614591264,-116.74462638224296,point1,-117.53778819688868,-117.36774635534117,-120.65092479111021,1.1369465978523141,-0.815885589943635,0.7509308022705219
HDOK,PLOK,17472,40,40,-128,-12,11,2,33,-116.9172000675708,-121.6634776017999,-119.19128375821053,-118.85193654648785,-117.77176470459158,-116.49693587577922,-118.39588131355744,-118.65232308933206,-119.15516598244149,-117.66450373389199,-117.97255465142325,-119.22422020315373,-116.65327743059079,-117.4760292867058,-116.46131314264555,-117.46435717483966,-119.43130091496407,-117.77702749696451,-115.67972173853914,-119.08903977891568,-119.80023841848778,-117.11295915157146,-118.34321549414983,-116.72012143047515,-117.22482444667395,-116.7569069141296,-117.38721238896534,-116.24403614732235,-117.62821762526413,-117.83081406971534,-115.15978000564772,-116.57941959944483,-116.05934322392397,point1,-117.72231525479324,-117.62821762526413,-121.6634776017999,1.7833681915156334,-0.6329488957259206,0.8421253404463278
HDOK,PLOK,17472,40,40,-128,-12,11,2,33,-116.07496077741584,-119.67292241502936,-118.47951525973704,-118.56599310665378,-117.25040334441671,-119.1547893044461,-116.95398384197377,-119.36587341995858,-118.87890478638657,-117.36722312928977,-116.04239677294835,-117.93084865075278,-117.72944236728414,-116.90711486972019,-116.54470214775812,-118.24219253217537,-116.4475514270705,-119.39557408062836,-117.74008462480576,-118.30828764652223,-118.06166483846496,-118.1095189245943,-118.91799752883729,-116.78963314147661,-117.96067728052167,-115.30232960984404,-115.82670202791796,-117.12030632285921,-115.09542361904724,-117.76416733505829,-117.29468716045406,-116.44864140968096,-118.32611240164063,point1,-117.57789776076879,-117.74008462480576,-119.67292241502936,1.3820277271808097,0.2351804166688712,-0.6060551473230968
HDOK,PLOK,17472,40,40,-128,-12,11,2,33,-118.01990181454096,-119.28681330188275,-120.45581450760731,-119.03544481329432,-117.20683094478296,-116.83546346612862,-117.18453218791598,-118.36276023915775,-117.31247817040276,-118.02602623249138,-117.79539630256718,-118.32043266685442,-117.39313578979461,-118.4652851887844,-118.92056733562127,-117.5718877274421,-117.32827913119814,-118.05228721388228,-117.57427315575383,-117.69632161586394,-115.74298434282987,-118.01681399298246,-117.34381643213626,-118.46990254393157,-118.48606619252774,-117.741221675817,-117.74401568368044,-117.86141849905627,-119.4896996899376,-116.87330312662739,-117.88607704852002,-117.68448053077519,-117.90231374748019,point1,-117.94200137309905,-117.86141849905627,-120.45581450760731,0.7313810459914037,-0.49764644545991904,1.9294957097057517
HDOK,PLOK,17472,40,40,-128,-12,11,2,33,-115.69195463392072,-119.05177309806565,-119.58659838657606,-119.31390793212029,-117.28362791320444,-117.31521725648683,-118.51481585861858,-119.32340837528629,-118.61040866615521,-117.3712294084418,-117.65402633827806,-116.99000673947737,-117.3002395034803,-118.28168844520943,-117.74032459518938,-117.61282476564722,-118.58586759932913,-116.86185665534369,-116.88997753904485,-118.25303389712658,-116.96292860847178,-117.70240212575418,-117.60041351369915,-117.59045633698942,-117.38282850194527,-116.53940363800328,-119.49538709258847,-118.72658086596,-117.40503752113084,-116.54313083160876,-117.0225475970374,-118.20202670178391,-118.56020994066598,point1,-117.81715578432245,-117.61282476564722,-119.58659838657606,0.8714381309005419,-0.14871525156648163,-0.44167323005012715
HDOK,PLOK,17472,40,40,-128,-12,11,2,33,-117.65577216640426,-119.66977795501876,-119.94808412844561,-119.53792382981035,-117.46561829665563,-117.59771921367337,-115.89159352645406,-119.44701321736589,-117.88289271466239,-117.2488282649329,-116.15994912937951,-117.97137530583962,-118.71984151954523,-117.6701580057681,-116.8055165426642,-116.42687473475038,-119.30352722274044,-116.81369072506824,-118.95272560152048,-115.09905737851041,-118.7956364382995,-117.17478936810423,-117.32725533268777,-117.82016192680463,-117.48163218852906,-118.40944322914964,-116.46488227091649,-117.84511462207475,-117.15949864549864,-118.57558816093365,-120.00325497787998,-117.97252180721445,-118.33793223510422,point1,-117.86774699037595,-117.82016192680463,-120.00325497787998,1.3994130659399786,0.07330957627618648,-0.31005171089706485
HDOK,PLOK,17472,40,40,-128,-12,11,2,33,-117.90486516194187,-119.99596834891642,-119.00697876418849,-118.81338815673266,-118.16393109015223,-118.40411505436252,-118.46003239639525,-117.5258371854375,-117.47174054401441,-118.15019200002796,-119.13039358202698,-117.42503392620662,-116.20931802203054,-118.09678836018129,-116.80368446506257,-118.49644210162658,-118.00559415604486,-118.271215599498,-115.90084750831852,-116.9587315344347,-118.65812626813307,-115.61417049364574,-117.10560013902366,-116.73088415806973,-116.0821866391047,-118.3711216319361,-117.38157008209689,-117.47690529631538,-120.3497387235516,-117.16425785680198,-116.87638994413041,-119.33685620697669,-116.65645777802904,point1,-117.78785949016411,-117.90486516194187,-120.3497387235516,1.2503071664863317,-0.16049509540328524,-0.22667240919131704
HDOK,PLOK,17472,40,40,-128,-12,11,2,33,-118.42189754742107,-120.12727422630171,-120.76921685546776,-117.7725850868998,-117.51704155773211,-116.93589209772787,-117.61014817571244,-116.77645255708094,-119.99865580476337,-117.21806899222099,-117.8426891948746,-118.31490834115019,-117.69245631711416,-116.92364434555668,-117.28113382172349,-116.80955590363628,-116.78275597962705,-117.74186302818782,-116.41996918121151,-117.28633322498432,-118.46040828107795,-117.29119178662177,-116.33752709610897,-117.46817859455737,-116.52071644269104,-118.2879132167844,-118.13564232529679,-115.19849953098033,-115.62774897032398,-116.39657243682373,-118.03965448515773,-117.78468552570477,-117.48352145570986,point1,-117.5537818905222,-117.48352145570986,-120.76921685546776,1.3257861005787124,-0.8212061145143863,1.5616486075030305
HDOK,PLOK,17472,40,40,-128,-12,11,2,33,-117.86529261416462,-118.30371014732184,-119.60187132969281,-115.46855353989382,-117.37038831375705,-116.9288324320524,-117.69827166676328,-116.81282967223444,-116.77544374941853,-118.12165099810612,-117.8234472869167,-118.11556440340983,-116.28582851440164,-117.94192655934134,-117.03499754843507,-115.83135184024218,-117.67515259432257,-116.63123440696471,-117.99954646775647,-117.67132290395813,-118.23403713603251,-118.1693588313954,-117.40990162801188,-118.14765919117913,-117.18948202707969,-116.60635778997482,-116.72753494157129,-116.19479365212099,-117.043320021864,-117.74961411866693,-117.26405662961444,-115.55439641253453,-118.1810868605298,point1,-117.34632776453725,-117.40990162801188,-119.60187132969281,0.7792181546699529,0.16199815355891525,0.3101624905187812
HDOK,PLOK,17472,40,40,-128,-12,11,2,33,-115.8917792239774,-119.26872543323175,-119.1119455799567,-120.00069493063286,-118.75289787782702,-117.90331739641854,-118.1192611023473,-115.85908049379361,-117.99930791048997,-117.08640783675365,-117.95759690302663,-117.33111503905359,-116.07313867489438,-117.90945021336013,-118.16993553470971,-118.62663978031485,-118.58837855957653,-117.89498942993782,-117.214767071821,-116.50802737233415,-117.96426265913047,-116.90644528799892,-116.90715236555894,-118.50567774681441,-116.58317471378348,-117.75172908776045,-116.48022519324697,-117.14358536917864,-117.24775855203941,-116.50542443004183,-116.95497941630488,-117.12891862625244,-115.4817355990381,point1,-117.50995531550323,-117.33111503905359,-120.00069493063286,1.0884958507750313,-0.18950077461867257,-0.2733493217281069
HDOK,PLOK,17472,40,40,-128,-12,11,2,33,-116.01281235898419,-119.02059162173482,-119.59292079441151,-119.23269822625629,-117.6659539720895,-117.13128908678469,-116.55967324465098,-117.49041598690164,-117.1776020675655,-116.73629479781478,-118.01060473526782,-117.51788241014762,-117.92016488732754,-118.27394767357356,-116.57686535388244,-117.30999607761132,-118.33738029862903,-118.32271659177214,-117.22170091114438,-117.91356058421444,-117.51314591937398,-116.46042552374846,-117.42798764404226,-118.46290714508052,-117.5157093866738,-117.48453351427638,-117.54622853491816,-118.89875581501076,-116.58538450138246,-118.29878776160237,-116.67119312509224,-117.6925866587481,-117.87953231708289,point1,-117.650371197812,-117.51788241014762,-119.59292079441151,0.6897494544434306,-0.3146030511427707,-0.12137032120132707
HDOK,PLOK,17472,40,40,-128,-12,11,2,33,-117.18064704465874,-122.82043758306114,-118.88827451250205,-118.3156256643905,-116.57532434820084,-118.46754812267217,-117.2500117639327,-117.45248840936291,-117.90966233907044,-118.78212791734693,-118.77818451762647,-118.6421839099267,-118.02536355989196,-117.853430075974,-117.39173577012157,-116.33952459821118,-118.69320551749381,-117.86689157611194,-116.20607176108592,-118.30405681592723,-117.41265234271594,-119.15283108911744,-118.77538870415489,-117.1800467142117,-117.19418822772643,-116.89020868643341,-117.14267732775649,-117.3960066488196,-116.67850905830213,-116.90803684072355,-117.00184488490014,-118.06744714315772,-118.00525201852334,point1,-117.86508743921549,-117.853430075974,-122.82043758306114,1.3869843217926785,-2.184200633474417,8.32920544067521
HDOK,PLOK,17472,40,40,-128,-12,11,2,33,-118.89199229334729,-118.89291549918327,-119.05220537443766,-117.19171795477067,-119.20223514710791,-118.94136063044573,-117.45369119020904,-118.36658783272547,-116.95093504311396,-118.67790153717765,-117.72422118968407,-117.91797765079691,-117.08228274760728,-116.62782331148458,-117.13680510665338,-118.02545318244249,-116.203923407961,-116.38151596777247,-117.84672632718983,-118.28413074478499,-118.01605418422643,-120.29380484362225,-117.75184265833045,-119.49937553647104,-116.39180044099199,-118.48216846100559,-117.6533824353206,-116.75834357015549,-117.62757589171854,-117.65797875375303,-117.35817488441437,-119.60516059943983,-117.0798042349516,point1,-117.90993541313021,-117.75184265833045,-120.29380484362225,1.0017110200308863,-0.34902579912865705,-0.43413916042602185
HDOK,PLOK,17472,40,40,-128,-12,11,2,33,-115.39642571458774,-120.96223828551929,-121.21552290170418,-119.8977936441051,-118.77050936710239,-116.64873107037658,-117.64788477967691,-118.3890304962657,-118.0372298798857,-117.38056570168098,-119.0488269992398,-119.34940119480521,-115.78855566451884,-118.19602776784937,-118.14677329474429,-117.79614083012251,-118.01572156870864,-118.59202281153695,-118.15219932701942,-117.72776517134162,-118.23833806552294,-117.84696476646465,-117.49928202984579,-117.00372978447929,-116.00762120544819,-117.94289320049012,-117.54681549125776,-116.21155165138602,-116.7725833322172,-116.41014547141108,-115.68616578545142,-117.11993553923517,-116.29989204792409,point1,-117.74985711642195,-117.79614083012251,-121.21552290170418,1.837088976310779,-0.5934190543687282,0.6074076195909335
HDOK,PLOK,17472,40,40,-128,-12,11,2,33,-117.73399966893416,-121.91116095622979,-119.22603653462481,-121.88102662528075,-117.06423892578991,-118.43265970738135,-118.81395266639456,-118.34268171250157,-118.81584686167497,-117.34096697976842,-117.50545072219616,-117.10762443775836,-116.98169890727239,-116.16121145427057,-116.06309308905098,-118.49045149584282,-117.45019279691856,-117.11742237823906,-118.25345118123764,-115.90134740607239,-119.08031249726045,-119.37955348322222,-117.3643192532257,-116.55187401122656,-116.95539725358385,-117.71519907347502,-117.02974137166814,-118.10113991326706,-117.53172877007242,-117.54487858679508,-116.29736390650375,-117.64177579512895,-117.24599689479841,point1,-117.84950894902022,-117.53172877007242,-121.91116095622979,1.8438590119366298,-1.4637010076284018,2.891591929232821
HDOK,PLOK,17472,40,40,-128,-12,11,2,33,-117.88172818412752,-119.1417874751955,-118.63798177353615,-118.24888768846775,-116.7888566128196,-117.90702107930576,-119.05802293681428,-117.66957274777893,-116.20639183959614,-118.6294847045372,-117.97869098493712,-117.73742647628019,-118.30489009447504,-117.68828292737054,-116.88281480216828,-116.14849664302275,-116.77550415665505,-117.73940509070617,-116.39212058493806,-115.80730496264147,-115.06020638505831,-118.64733175721176,-118.8706642999073,-118.41524434848918,-114.23948346738547,-114.74636888281628,-118.47933954072867,-116.43750261154729,-117.91786981866404,-117.586263956738,-116.59217881712661,-117.01963152442629,-116.7157722511668,point1,-117.34401604323149,-117.68828292737054,-119.1417874751955,1.513961461684498,0.7284681932599547,0.023894044468595332
HDOK,PLOK,17472,40,40,-128,-12,11,2,33,-118.08210130018773,-120.90220407284355,-118.38210312103769,-119.7388101084083,-118.63512893586137,-116.73343194892708,-118.89512344955658,-119.0572221107653,-116.87850856208475,-118.13162803420283,-118.32685294325667,-116.51534909741996,-118.93475925735163,-117.41948108151769,-117.90080395356807,-117.74364562027158,-117.31266936029073,-117.61060796517995,-119.44543511755202,-116.75515070935788,-116.58149861936586,-119.02980907594956,-115.5845595994261,-114.4795274119223,-119.1495442350067,-116.83010400809681,-118.57320397787367,-117.7080784251209,-116.7413425454405,-117.95558068796905,-117.49900280246898,-116.84134216912268,-115.71897447282358,point1,-117.76041166000691,-117.74364562027158,-120.90220407284355,1.6834557439008015,0.11661306734856065,0.45142781866966875
HDOK,PLOK,17472,40,40,-128,-12,11,2,33,-117.88020970276574,-120.09463100316849,-118.39565451413449,-119.07135451240023,-117.6178995391537,-116.62584476612443,-119.25409804437903,-117.48179604616719,-117.44756427547378,-118.48839950380962,-117.77080926958133,-118.7379299394015,-118.52521215685967,-118.80856332628095,-116.43063748019738,-118.69673758022765,-118.28668793579543,-118.00417223483437,-118.4035966625632,-117.75158252992537,-115.90441026721197,-117.86060072958173,-116.76932633260397,-116.75689944610038,-118.7586712843449,-116.86678441826892,-117.60532633861733,-115.40996850595187,-117.9561464255456,-115.29545515132963,-117.04452476424547,-117.18771073048835,-116.83038031625424,point1,-117.6975632040542,-117.77080926958133,-120.09463100316849,1.1618396264981534,0.2870127289811343,0.022314488516703257
HDOK,PLOK,17472,40,40,-128,-12,11,2,33,-116.85697203368979,-118.71740984668718,-119.78041883536834,-117.78637526388786,-117.9784005044787,-117.61996400577439,-116.89389157547197,-118.76703080629825,-118.4021531853877,-119.11872829779273,-118.95523098433436,-117.7013763551063,-115.38232456057078,-117.18266548952526,-118.2140070266249,-117.11200708593061,-119.34371463231257,-117.26430182384668,-114.58059704115686,-116.9350323014121,-118.55921197121711,-118.95535865116658,-116.38759151578284,-117.90046745750438,-117.18632684689811,-118.58029802878102,-117.26067169871757,-117.08077579729026,-116.87546550050817,-117.969820844885,-115.90123120682101,-117.42049467099307,-116.93795674449525,point1,-117.62449310880965,-117.61996400577439,-119.78041883536834,1.26190052010223,0.4603173868797232,0.4990930779805427
HDOK,PLOK,17472,40,40,-128,-12,11,2,33,-115.75926799810969,-118.5424384491255,-118.85223024270482,-118.047013307375,-117.4515679559507,-118.14194687883266,-118.30266070651165,-118.21937606790506,-116.9640481790085,-117.96745813044875,-116.54411013457427,-118.08760762643612,-118.47934903297336,-116.66850755794505,-118.35859310921852,-117.96407556206917,-117.78574291076123,-118.06255968464292,-116.07900804744104,-117.32908124352083,-118.52326494564625,-118.58504828792094,-116.80112407419377,-117.55500135893324,-118.33288427019899,-118.65977859611768,-117.66720106457883,-116.42965083846538,-117.89174850155109,-118.13515304131494,-116.43540358347272,-117.27885709176608,-116.982463895663,point1,-117.66315825379932,-117.96407556206917,-118.85223024270482,0.65733086371544,0.6870289831459063,-0.5292389546715319
HDOK,PLOK,17472,40,40,-128,-12,11,2,33,-116.74833054646291,-120.14670098197938,-119.84045285715916,-119.73858747269576,-119.77616421377466,-115.71917370326062,-118.31618605987548,-119.19202597221819,-118.66443624124685,-118.86267094137717,-118.52200795679533,-118.77537619695354,-116.41618540935424,-117.26192287306961,-117.66524669187167,-116.67946994759829,-118.48567279886849,-118.17951332810851,-116.23384343648344,-117.79367648453123,-116.46342656282401,-118.0765668499923,-117.4086763019163,-116.76080139351356,-116.68685922934021,-117.65156840049698,-118.66810064316387,-116.51541250006736,-117.3193345346953,-117.21055656673545,-116.86827789568645,-117.58474787679462,-117.01062013628886,point1,-117.79523009106667,-117.65156840049698,-120.14670098197938,1.3255891022450048,-0.35709203245595494,-0.7554877702065244
HDOK,PLOK,17472,40,40,-128,-12,11,2,33,-117.76718002630328,-121.58735125512123,-118.92013935334074,-117.83617145144896,-118.61591147175322,-117.2185746199235,-117.129538419631,-119.31076434630313,-119.79708123977865,-118.49420407890496,-117.49730143386313,-118.8401380167369,-117.72644094194541,-116.56506277290487,-115.50898747380046,-118.21721837709711,-117.1416918016507,-117.65956653330758,-117.67119720192778,-115.50027814243366,-117.75110091925735,-117.78991397384809,-117.2289514993119,-117.15198322480397,-117.58980510459543,-117.93612431464454,-117.74512981351909,-118.06835419563595,-116.1868970924673,-117.26373716714683,-117.98068460249984,-117.29182994536632,-118.19547296537048,point1,-117.79347829626192,-117.74512981351909,-121.58735125512123,1.270123936373058,-0.8497558469010816,3.2213382022194375
HDOK,PLOK,17472,40,40,-128,-12,11,2,33,-117.35095519662701,-120.53639911578978,-118.91817257809669,-119.6824018344055,-118.21824018516712,-117.56384594655277,-117.4359010988915,-116.7563775285188,-119.04737323774995,-118.34639119559391,-118.01501609160636,-116.83056097593082,-117.62455898515854,-116.93088585330682,-116.1832645700074,-118.45275688758679,-118.56721129023431,-117.58922356124128,-119.50642261786027,-118.12328983037315,-117.70214477600659,-116.87347420628795,-116.5967064568934,-117.4240603942245,-117.2387265169087,-115.61916388854748,-115.06336344123399,-118.15270120031556,-116.59244343924348,-116.78053738881462,-116.76715334527273,-116.94552214889877,-117.0144548650217,point1,-117.58938486813237,-117.4359010988915,-120.53639911578978,1.2982203294027672,-0.3894546602547316,0.5257131055462643
HDOK,PLOK,17472,40,40,-128,-12,11,2,33,-118.18075133668636,-119.81172470751785,-118.0129193827707,-119.07082087113474,-118.71133942435362,-117.45780610729663,-117.16037231744872,-117.70099240852014,-117.71621697232602,-118.71831131695629,-118.96679088522194,-118.65478347007794,-118.70683984422728,-118.90227232487996,-115.02242552108981,-117.79171451909502,-117.36959365194856,-116.24570677680785,-118.07115396792955,-116.42376298421436,-117.64880959571609,-118.16606096661411,-115.90041885580122,-117.0435893617114,-116.48673936799686,-118.60071309293578,-116.82542782839202,-117.0368772778831,-117.09020521417408,-118.17091954665028,-118.00175725268912,-118.47582438176615,-117.84968190316671,point1,-117.75737343745453,-117.84968190316671,-119.81172470751785,1.0242106281851127,0.5544882924300933,0.38508720205756
HDOK,PLOK,17472,40,40,-128,-12,11,2,33,-116.98859098888316,-119.46032124080166,-117.14160830613257,-118.3659641257413,-119.50831954297806,-117.3089953744473,-119.10380707644015,-119.0224290561957,-117.79299995927157,-116.85714486854228,-118.3188237708104,-119.01702553066356,-117.44924386469889,-117.51944443369075,-116.02060632712852,-118.20742721970102,-117.64501483299124,-119.16159253300225,-116.94969227508761,-115.71887181160527,-117.74072064155284,-117.98604778976603,-116.86573430647803,-116.75979217059725,-115.6674281212296,-116.75616120996892,-117.40211199153401,-117.01156588253541,-114.87603935942276,-116.4089750141023,-116.57746956132968,-118.11220615590845,-117.45583090429672,point1,-117.49024261356168,-117.44924386469889,-119.50831954297806,1.2444552005962433,0.05708411540396349,-0.23245586967074283
HDOK,PLOK,17472,40,40,-128,-12,11,2,33,-116.50535471258972,-121.44255611387734,-119.31975224621019,-115.99048989335556,-117.90024395741767,-117.69295805245557,-116.4171480694319,-116.83369442709274,-117.42070595724697,-117.86387203874953,-118.09635333088646,-117.52359111990638,-117.3959922861128,-119.43579443625289,-116.63448992058956,-119.42894645944074,-116.38044234029654,-119.6122856501597,-117.01124522686814,-115.51629736321485,-115.13831768339583,-117.94244025758208,-118.15073223350038,-116.43010869937923,-117.38480981660159,-115.62207438162172,-117.26635828140273,-115.56433065339586,-118.1191627175562,-120.46285124492243,-118.09339871959182,-116.61123180570074,-117.74489689534032,point1,-117.5440280906711,-117.42070595724697,-121.44255611387734,2.046417817063163,-0.6993555828002808,0.5137539964758502
HDOK,PLOK,17472,40,40,-128,-12,11,2,33,-119.04548210662266,-120.62903028764568,-119.21776173525647,-119.43125169091319,-117.98500612330974,-119.58527385851444,-118.74457731000282,-117.12789013810838,-118.43646810065006,-116.66646474946923,-118.39836472107521,-117.30163895223116,-114.88622424242175,-117.06710926956431,-117.66966010485325,-117.13335110320527,-116.40125240601178,-117.03301456533792,-117.8136010683217,-118.71289658783832,-116.65095157284695,-119.3849604291719,-115.9163484283942,-116.90763901665781,-115.1281632780204,-116.78086721811984,-116.83054386104256,-116.54603480063,-117.46136229132964,-115.89066055121417,-118.79868706391609,-119.22883498846832,-116.95736130990062,point1,-117.62935557366868,-117.30163895223116,-120.62903028764568,1.7990661256213285,-0.10481482281770399,-0.4678975059445536
HDOK,PLOK,17472,40,40,-128,-12,11,2,33,-117.60364473388657,-119.56684399364815,-120.50723311531182,-118.39096878171053,-116.93287560669876,-116.6449750182788,-116.66460594277542,-116.66705920626363,-118.40743542484391,-117.2020704535584,-118.52498247113934,-118.56251912567653,-115.97874926161063,-117.42820297514307,-116.65156049984031,-119.1630415831669,-118.787735207114,-114.4923615438587,-117.42103005339584,-117.8812003650685,-117.83997852463325,-115.8941418522125,-118.25926857618245,-117.83317780582392,-117.78969382988426,-117.98524057597476,-119.00852334966818,-117.42014692277475,-116.5846550559779,-117.05071967632003,-117.3598740876698,-117.30290801382493,-115.43494390911268,point1,-117.55279901645604,-117.42820297514307,-120.50723311531182,1.4415303293610524,0.07445916651984798,0.7007327413519762
HDOK,PLOK,17472,40,40,-128,-12,11,2,33,-115.44597367214143,-119.05151836724335,-119.85192618203276,-119.86656665328947,-117.04033751836263,-116.60090893826502,-116.37665699172771,-118.8689218443842,-118.21613523496902,-116.03713652768884,-118.60087380033987,-117.76472322746584,-117.18313477786589,-116.34688424361154,-117.64576990521113,-117.47598538509838,-116.32441848094534,-117.97862812723903,-119.5247949892195,-117.60927138802596,-116.87039601404187,-117.80454515368305,-115.73715121027226,-117.07377058754041,-119.52414373203773,-116.85029604889047,-117.15582034511863,-117.71444665286107,-119.53414395547907,-115.4722292208484,-116.9413227877305,-118.26629687033484,-117.24744900273011,point1,-117.57583569202109,-117.47598538509838,-119.86656665328947,1.5305626387867555,-0.2770627637999835,-0.6884319042949336
HDOK,PLOK,17472,40,40,-128,-12,11,2,33,-117.80983946174594,-118.73611065524089,-119.07231250807926,-116.77117035129943,-117.20772513851419,-116.45046990047133,-119.05571154639827,-117.5451246299636,-120.05043088405013,-116.52269974352016,-117.00264392176402,-118.6893489543415,-118.46059806330086,-118.36739720136,-118.31070056269263,-117.39255688255874,-117.09711383962635,-117.7880240836168,-116.83863235958279,-117.18970692467146,-119.42793728959839,-116.88360971597473,-117.23660815765628,-117.41215076253744,-117.87175926026025,-117.20716830627725,-117.5747632227531,-114.94857161916583,-119.0996859282797,-116.42596841175886,-117.90907683928258,-117.16656494957797,-116.38908174693844,point1,-117.63367466129874,-117.41215076253744,-120.05043088405013,1.0918172731493077,-0.11822141260553956,0.35032964819979195
HDOK,PLOK,17472,40,40,-128,-12,11,2,33,-117.0157499981148,-120.71266080038983,-120.83776538023038,-118.28529655812119,-118.63099108084361,-115.95585042511239,-117.92775665106257,-117.2799152163793,-118.34841055605344,-116.80919778041671,-116.5985925347466,-119.26753327656914,-117.53900122547395,-115.95693428254641,-115.98855413924652,-118.51906605493551,-114.61788097048873,-116.57213621071286,-117.29376783328107,-115.20319718230425,-117.11562257689137,-116.87748812194394,-117.92360598582567,-117.56924864126381,-117.51602042589883,-118.47326755995975,-118.25692232569877,-116.49219057862825,-117.10455441963349,-117.28286282799473,-118.17554682675458,-117.21307363430023,-117.16302691849658,point1,-117.47041481819153,-117.28286282799473,-120.83776538023038,1.6853073670769492,-0.5213168912790705,1.2627316852669455
HDOK,PLOK,17472,40,40,-128,-12,11,2,33,-116.38270953153162,-120.86536873584086,-119.66109694607921,-118.96176655629883,-119.01538978614437,-116.74329088687531,-118.2781547105386,-118.40842408542079,-119.34000005765243,-118.42947438409168,-117.50396222690199,-118.7271276943524,-118.59562076165955,-117.44204884351771,-118.01099502869704,-116.44280110362676,-117.99249920494448,-119.46908948405955,-116.52129150939149,-117.02888424183509,-116.8053060720949,-118.18094899432457,-117.37096653605629,-117.43737455267595,-117.52851149385972,-116.5366461285439,-119.22745339227993,-117.93054807508966,-118.32862859416979,-117.3776181398272,-116.88020442814972,-116.94437850991704,-115.77785442570209,point1,-117.88322530673183,-117.93054807508966,-120.86536873584086,1.2696220605977342,-0.4309197001117629,-0.03660535549646138
HDOK,PLOK,17472,40,40,-128,-12,11,2,33,-116.33426601590718,-120.34014261278124,-118.69552002882838,-118.17613087567915,-119.12058000424064,-118.85633547886962,-114.33155109058868,-117.99334212139715,-118.89352638286363,-117.40418867129641,-117.0714961699936,-118.54694637067735,-116.85888392474611,-118.81709785405923,-117.72144866188812,-116.47166546997262,-116.25223035070437,-116.99966395337864,-117.66110561776593,-115.239498738673,-118.11829073301138,-118.02224663177051,-117.68193281240934,-118.9393042655657,-115.60912354090756,-117.14378312581098,-117.48957171355958,-117.6019580303558,-115.70532417030806,-116.7220291783864,-116.16914374746149,-116.01680049175548,-116.74109615521287,point1,-117.38624924214623,-117.48957171355958,-120.34014261278124,1.6334835895069766,0.11856231992481993,-0.023939301783887146
HDOK,PLOK,17472,40,40,-128,-12,11,2,33,-115.15517146622203,-120.68217696658967,-119.61966043825407,-119.5007364319897,-118.1313716253053,-117.65602490669924,-118.06492441438915,-118.44273808756967,-116.9822303881719,-117.54079796310329,-116.67973519126504,-117.3208870677638,-117.9624009316161,-116.49267286989657,-117.31094895644645,-117.25343325337904,-118.33379013942314,-117.3453116293617,-116.9995749853952,-117.92714004787865,-116.99111304294647,-116.72574958001385,-117.94884076761674,-117.86986372771425,-116.50275674569241,-117.50354462370898,-117.9711666108347,-117.72557926913231,-117.06619786664658,-115.5783433163562,-116.38599976102037,-118.27450100460847,-115.80034425673051,point1,-117.50744631314366,-117.50354462370898,-120.68217696658967,1.2204803861488531,-0.5133132257346533,1.385305605471118
HDOK,PLOK,17472,40,40,-128,-12,11,2,33,-117.0823444599779,-120.19652086317997,-120.02450105343581,-118.13193442560387,-116.95814321902216,-118.7250342932522,-116.89353313151278,-117.68101879299256,-117.57029685475887,-119.51160974439813,-116.13822916959543,-117.74290338046494,-118.27325401878049,-118.50482688390152,-117.79568893998736,-115.76649579700437,-117.78301775465349,-115.51022669460995,-118.03075497985341,-117.42765767885629,-117.68934430448118,-117.97681005151884,-116.4787750187661,-118.45534019652939,-118.94857972951593,-119.54821961291726,-116.51897888107865,-117.03563119514124,-117.72214072710133,-117.8326414062313,-117.90086808194461,-117.51007015988192,-117.55965235977868,point1,-117.78560738971902,-117.74290338046494,-120.19652086317997,1.1735491816915546,-0.2055392927071966,0.26356063213260805
HDOK,PLOK,17472,40,40,-128,-12,11,2,33,-118.32057637405899,-119.44234551403274,-119.17032154052427,-119.51679740309747,-119.68532202348467,-118.24405498657377,-116.9452679201235,-115.54217949959495,-118.62800192330309,-117.37857876973797,-117.06293443826195,-119.36877773514529,-117.53116835134104,-116.89097625972782,-118.87084235315457,-118.5105070325786,-118.38829922038579,-117.92068595867852,-116.19709841734404,-118.8911816941997,-118.43027693689268,-117.6385099306463,-117.03119547234103,-116.12659815987982,-117.1776632219012,-117.42003362114102,-117.1750863637215,-118.11620833118988,-117.7514599134786,-118.01883333110764,-117.55144392572417,-117.08671248348203,-115.26367209648335,point1,-117.79677609707085,-117.7514599134786,-119.68532202348467,1.2061195117321706,0.30425421926842705,-0.22847615934172572
HDOK,PLOK,17472,40,40,-128,-12,11,2,33,-115.994315669486,-120.18367397261643,-118.25687015366607,-117.01582102234387,-118.2715534419666,-118.96285171641055,-117.93236237009931,-116.85304141264419,-117.40632051462612,-117.72010715312616,-117.64476385361398,-117.76939482922342,-117.07138059753501,-117.8669186108489,-117.35753027718879,-115.97118601364669,-117.66505412642564,-117.7209136855494,-117.15060418242066,-116.06228003385371,-117.27043050837699,-117.6143110155893,-116.5442316207687,-118.91780115961426,-115.91898544560614,-118.49280219921823,-117.14956103218768,-115.45328621149369,-117.97009123309128,-117.21927976085139,-116.87647938350155,-116.88663307507596,-118.58911913272443,point1,-117.44787743683005,-117.40632051462612,-120.18367397261643,0.9592990492236972,-0.3142012667917406,0.7489611681625985
HDOK,PLOK,17472,40,40,-128,-12,11,2,33,-118.20528878543237,-119.8627711251513,-118.81759283159738,-117.52339024704979,-118.6891198543079,-117.95360146103215,-118.51729821496357,-117.72529638296787,-118.79900414396255,-118.41867426618336,-118.13360586955048,-118.59169695903319,-118.4557546937631,-116.61214736024068,-117.7680754146705,-118.66846844005187,-119.60167881120627,-117.11912116105285,-117.26271731498262,-116.71265483765016,-118.34827526373627,-117.23291050856224,-117.38149529856977,-116.05808828799536,-117.492755423967,-118.67327704537547,-116.39181419439893,-117.67499483121078,-116.77985789763117,-117.40118316705511,-116.36202491341811,-117.40672064199977,-115.48782941495486,point1,-117.76149045647654,-117.72529638296787,-119.8627711251513,0.9747837808904833,0.14075290999903337,-0.18320948214525856
HDOK,PLOK,17472,40,40,-128,-12,11,2,33,-117.84068110014162,-119.81461149714613,-120.48862972145884,-116.74965815231414,-117.18066171887067,-118.11256824431202,-120.12608169989822,-115.44812053377079,-116.37792160029068,-119.03566832060459,-116.61513091212845,-119.40354775759144,-118.38899694792457,-117.7209232185744,-116.98445200086502,-116.6806494094598,-116.46177556604971,-119.62854152462364,-118.83893931441317,-115.77237705842568,-116.58699707374097,-117.08270835815073,-117.90565948591468,-116.86818390799512,-117.92532300903349,-117.71844441100407,-117.97763000498192,-117.70665557231742,-118.51845808237108,-117.67836881425315,-117.00230502063626,-117.61753943955162,-117.036015869978,point1,-117.73618864693312,-117.70665557231742,-120.48862972145884,1.4701250536407544,-0.49550317662303045,-0.19203058340540746
HDOK,PLOK,17472,40,40,-128,-12,11,2,33,-118.0297299355393,-118.90621302713613,-119.95022501408427,-119.77983170433195,-118.25351540180853,-116.96434450051288,-118.24078952856658,-117.05371295903564,-118.45238040825737,-116.76307934838482,-117.60919101717205,-119.0861978923819,-118.03251020994537,-117.64663391533657,-117.79000402648279,-118.62096594931452,-118.15558365985468,-117.18296628070985,-119.03171837494257,-118.36722422234583,-115.06879614194318,-116.74319814835587,-117.64755832654565,-115.68853893521677,-117.92465956711733,-116.32446864321716,-116.07162739804741,-118.4647341622464,-115.95082274019516,-117.38499179816611,-118.13666861995925,-116.06725018408109,-116.92579506512651,point1,-117.64593718504125,-117.79000402648279,-119.95022501408427,1.3070381793096233,0.197003303499406,-0.26709555553454134
HDOK,PLOK,17472,40,40,-128,-12,11,2,33,-117.65751906293266,-119.16005605089605,-118.80393930236653,-118.30356308265694,-117.43137192923703,-116.45038977807602,-116.58208508815609,-117.07217143960342,-118.23446716867213,-118.4182515612302,-118.62747120082123,-116.76917507323655,-118.43744622455286,-117.30816674497332,-117.88864526966532,-117.7102255009669,-117.24569512077858,-119.0811175229476,-117.49556320210174,-120.08647954223146,-115.83589101468306,-115.87519523805159,-117.11282763281692,-118.08389656175855,-117.64371457073153,-118.96325109514247,-117.43451270284275,-117.05983125153922,-116.00399393448386,-117.39002764314183,-117.67153747404711,-118.06258341461258,-117.47726866092059,point1,-117.67813124426893,-117.64371457073153,-120.08647954223146,0.9279143247851795,-0.1499974081104366,0.12275733986784543
HDOK,PLOK,17472,40,40,-128,-12,11,2,33,-117.64677711712545,-119.67144141262833,-119.30818085102491,-118.62279786830909,-116.79202384018096,-118.19379563364298,-119.85210126528943,-116.53081107845088,-117.62504849174103,-116.8902808876231,-118.00644910791729,-117.3188837641922,-117.13504627266464,-118.55490736555582,-117.26676661539845,-116.54727828700635,-119.50456592119892,-116.8987608108302,-114.87854546953153,-116.71360010125285,-116.5402635352063,-118.33806929233808,-116.63776283646037,-116.82330032265394,-117.7740603303985,-116.83635495199935,-115.99172727826422,-117.74373395290735,-115.93782329821207,-117.47995412414832,-117.25607984071483,-116.9181529494996,-117.10445532560014,point1,-117.434539399999,-117.25607984071483,-119.85210126528943,1.212264746237499,-0.4278929687694882,0.3132608161744659
HDOK,PLOK,17472,40,40,-128,-12,11,2,33,-117.39056636947062,-121.76955414210876,-120.76566058081373,-120.97008440682308,-116.10156117853577,-117.58574974122376,-118.44522186439981,-117.66470033532633,-117.7210878467151,-117.74933157566736,-115.18790853544282,-117.86233760498183,-118.19656018232403,-117.15870076148876,-116.9166836109664,-116.27875745272046,-119.77682746183287,-117.06395909328127,-119.6675467285131,-116.45449323883295,-117.16775160913413,-116.48050565021784,-118.3143809156723,-117.58532077900982,-116.81242759893789,-116.44335805425831,-115.24465552155088,-117.42171918048666,-118.52132742255982,-117.99684294537718,-116.90397061238525,-117.59782704053764,-117.69673459460824,point1,-117.72467014049103,-117.58574974122376,-121.76955414210876,2.1681062586485234,-0.9767446712641432,1.2007235247683652
HDOK,PLOK,17472,40,40,-128,-12,11,2,33,-117.09674593298314,-119.77617652833865,-119.02759348374761,-118.1454562364594,-117.75901673305094,-118.37778296561156,-117.39242152994107,-118.01251094960934,-118.41879608143994,-117.07846771149872,-117.89769639620845,-116.83597708593734,-118.14445164912755,-119.03286442430208,-116.42444245372675,-117.20808816950705,-119.97726973417745,-117.22513358673557,-115.11466336509937,-119.36842978307996,-118.41727657861416,-118.5258547445647,-116.44109850866613,-116.69580220178754,-116.51294702176467,-119.04454245116602,-117.13304864420498,-118.47961113181067,-117.49959126736599,-116.61204613776914,-116.979835932214,-118.99181975921165,-118.19935638386565,point1,-117.81353986556323,-117.89769639620845,-119.97726973417745,1.1779493476278717,0.0847457588798329,-0.2022136578206375
HDOK,PLOK,17472,40,40,-128,-12,11,2,33,-116.28149554279524,-120.04979559795204,-119.62923517626385,-118.36142870393499,-118.27327377229842,-118.13754312243039,-117.21467127624962,-118.3791213161722,-117.4620119837982,-118.85595176209533,-117.14694414428062,-118.99314462970567,-119.01758167294975,-117.5919439982983,-115.99845292339279,-117.97835335643688,-116.35138517757154,-116.18748338208802,-114.97148071885391,-117.53634857937352,-114.71209536636917,-118.68065670638947,-116.43183266111691,-117.70459243539428,-116.82063652308075,-117.31904182011431,-116.55212902323176,-118.2996203451515,-117.17673385842433,-116.94206013579927,-117.09179353010106,-116.19720839979531,-118.88788120804132,point1,-117.49193723787732,-117.4620119837982,-120.04979559795204,1.5191391145450976,0.13571884016916722,-0.19047926320268616
HDOK,PLOK,17472,40,40,-128,-12,11,2,33,-117.33885666883859,-121.53275911127795,-119.0828753067885,-118.41077914884745,-117.40127673890412,-117.32569533404443,-115.42059323738951,-118.11290165926894,-119.61609411998376,-116.21469472061196,-115.55601140948303,-117.77361538382068,-116.37748950177796,-117.14929385220269,-118.62440487186946,-117.31381339856148,-119.01229846050877,-116.50379990847797,-116.39943237771497,-116.51112013543126,-116.8178353391298,-116.78628972055995,-118.01078092809675,-117.78790399709034,-116.24373179613265,-118.15053751663585,-117.78004539316025,-118.34600262110601,-119.22983726647462,-116.03995568843034,-116.61671474863937,-119.03228599181209,-117.71449430095716,point1,-117.5828551713342,-117.40127673890412,-121.53275911127795,1.657088520720948,-0.7662595706013425,1.1283660358640382
HDOK,PLOK,17472,40,40,-128,-12,11,2,33,-116.19590584154864,-117.04804200568931,-119.95719299168772,-118.23067659373415,-118.74349837767632,-118.44532379598334,-117.69021213351334,-118.57449426565798,-117.54446853598768,-117.52543251463251,-117.91112052602826,-117.96079696124987,-117.91169849515083,-117.9295708334816,-117.14035442208244,-118.56439793905989,-117.87996948105875,-118.97833364800745,-117.06625109997216,-116.16752301651985,-118.76955225585435,-118.35242694406683,-118.31024367291036,-117.69398707173075,-118.07591490058486,-115.95868943576954,-117.47705802234837,-118.4019471250403,-115.72846760131239,-115.96069153546726,-117.92758360490907,-117.91663792495234,-117.9195460861833,point1,-117.7563033230258,-117.91663792495234,-119.95719299168772,0.8735550679588248,0.4665154809829017,0.4105288754648031
HDOK,PLOK,17472,40,40,-128,-12,11,2,33,-116.30080825618015,-118.84060693869667,-119.59545387853213,-118.52336269330337,-117.36541097403234,-116.87846776583771,-116.47851470024568,-115.56468983624814,-118.06780978469382,-116.66265651470648,-118.31563116310674,-116.47992382219722,-116.95026225887328,-116.80211308808998,-118.11526851675484,-119.1400191331079,-117.83140238406743,-117.47398018522351,-118.66204826482536,-117.71706153582103,-116.90360446105944,-117.83815114077525,-118.77262799911713,-115.1798654021008,-118.28212194687134,-117.08732012139028,-118.23459929966283,-116.98383253552629,-114.50774437924142,-117.08781583358497,-115.90296914146481,-117.37789904206988,-117.57295093141147,point1,-117.3786967857218,-117.37789904206988,-119.59545387853213,1.2797257249842,0.39961428685898254,0.14384689417528174
HDOK,PLOK,17472,40,40,-128,-12,11,2,33,-117.91001059340412,-120.64006312011136,-117.46663625538427,-119.88914754618477,-118.8960707479095,-117.63920081054067,-115.59824565785573,-116.08033026070775,-118.08101695897597,-118.16802859565826,-117.82760177949135,-118.29813501046657,-117.33772722087221,-118.66389549268958,-118.22471246784734,-116.5945419530465,-119.19982692513199,-117.4808850028975,-118.21624790454877,-117.63995894440531,-117.03327977466222,-116.06431275635508,-117.91095226990637,-117.77457106128419,-115.30924465424718,-118.06219781359727,-116.37332811417937,-117.60901541369037,-117.7332619280093,-116.7920644046384,-117.42088550080612,-116.90412125215448,-116.90992578411941,point1,-117.62877102956908,-117.63995894440531,-120.64006312011136,1.231888442105846,-0.32318554400633925,0.9310681338418516
HDOK,PLOK,17472,40,40,-128,-12,11,2,33,-115.94154532711474,-120.79799989359368,-117.82717019651759,-117.88103859515265,-116.39264912230954,-117.86551441061187,-117.17176733126789,-117.43958775991031,-119.13390337984131,-117.49293498322014,-119.46686604618807,-117.868878250305,-118.19823142222306,-117.95423848458957,-117.6100441585614,-119.15644196226218,-116.2721140518901,-116.8115826102756,-117.0807618828014,-117.86987670542885,-118.17668176730058,-116.57431813114945,-117.82579915855115,-116.18568005705973,-117.59615029263915,-117.24032396439267,-117.93660934256552,-118.38473789961034,-118.32880788802368,-117.00943404615761,-117.77060867214098,-117.68269297405305,-118.4146342932183,point1,-117.73817045639173,-117.82579915855115,-120.79799989359368,0.9589258738420214,-0.7394572454790441,1.7998723635446914
HDOK,PLOK,17472,40,40,-128,-12,11,2,33,-115.60619137431435,-119.36144916533966,-121.85322497357642,-118.55979972210847,-117.81623966576355,-117.81846525998047,-117.99546258825335,-115.73157122504878,-117.4696610913398,-117.00641927430658,-118.68351092604128,-116.91223421635765,-119.02339952599546,-119.17596794859693,-118.4536895514135,-116.08390841920057,-117.4089998125622,-119.4011813911978,-118.60620734927797,-116.82250733946574,-117.18351333678889,-115.83633416768772,-116.68608487131404,-117.02229396091796,-115.40997440958432,-115.81616857911095,-117.19744458508441,-116.61403175343561,-116.62892315460037,-120.60033019803137,-116.65001401382129,-118.40089476149981,-117.18920260492287,point1,-117.60682730960423,-117.19744458508441,-121.85322497357642,2.106170115001351,-0.8367792473920163,0.8608815105284173
HDOK,PLOK,17472,40,40,-128,-12,11,2,33,-116.92387019766113,-119.46296067832446,-120.01352583505701,-119.21182707683334,-117.70569600974791,-115.6627977955145,-116.84235706864311,-118.09315703071701,-116.23292319703855,-118.32916697279795,-116.376474958503,-117.82893823809863,-116.7228794423536,-116.81081149905948,-116.63952616413522,-115.22616303843888,-117.76261256118066,-118.88384198231171,-116.55960044582784,-117.40966043196103,-118.085809819758,-117.44844180965303,-118.02426572759536,-118.02411236281596,-116.05446218232846,-118.11439576493424,-117.98290668032551,-116.6092773651951,-117.98591588571887,-117.74829982121095,-117.75355087278392,-117.22403747800138,-116.46892063395721,point1,-117.46130869783282,-117.70569600974791,-120.01352583505701,1.121390029629871,-0.2202042413369717,0.07264561504572153
HDOK,PLOK,17472,40,40,-128,-12,11,2,33,-116.80760716118237,-119.6228169164477,-121.08855824531811,-117.64952378277788,-117.08584886900745,-117.21417468654083,-118.0546625007904,-117.51304748436546,-117.30905542571544,-118.17638273027242,-116.18902215597252,-117.2176328255558,-118.27255520182979,-117.38075653822433,-118.31278556209712,-116.73659754051937,-118.1241153115805,-118.35132746045248,-117.13939616196433,-116.26432472669893,-116.51669519991549,-117.45387754467247,-116.9082082560359,-117.51051469943016,-115.16204914349125,-116.44741921306232,-117.14079142413894,-117.46751625230566,-118.54924935580507,-117.85205886378694,-116.87890831033833,-117.0860590820762,-117.2564118586228,point1,-117.47696819669682,-117.30905542571544,-121.08855824531811,1.0670331955279826,-1.1870373963009266,3.892645376169026
HDOK,PLOK,17472,40,40,-128,-12,11,2,33,-117.61080847032972,-120.73888900724012,-120.76742949884736,-119.16366081244377,-119.01809102400111,-118.20246076627184,-116.99781107254724,-117.17262699514859,-120.30499976214966,-117.80429769688787,-119.06795378169414,-118.94033754510502,-119.40398007952312,-117.87239006455388,-118.46461255775218,-115.73350967443041,-117.80768612347322,-116.07732136171124,-115.76048604436524,-117.41962351710926,-117.29795624817805,-114.62127310686076,-116.32151060173807,-117.82346072468167,-118.05714432354904,-117.9975565110596,-118.02440115541073,-116.48751887188452,-116.38455216527473,-119.45740705898764,-115.93399871016047,-118.23624513832014,-116.50300109834461,point1,-117.80227277484957,-117.82346072468167,-120.76742949884736,2.130055390953623,-0.11522692855970909,-0.2591609438886002
HDOK,PLOK,17472,40,40,-128,-12,11,2,33,-118.16287686554271,-119.94968690449058,-118.70618786133753,-120.24688406167758,-116.37506455546558,-119.7531651155047,-120.13575017286611,-117.48844738072174,-117.26953461642762,-120.36891982712379,-117.37552744191828,-117.15888401597327,-118.78486116778525,-118.86691799245261,-116.5899147395047,-116.90612275664365,-117.0555770162961,-116.29432669597368,-118.47212016169328,-118.04608386132684,-117.2015780339054,-118.62609780953167,-116.00651077877498,-117.12712990968642,-117.18876858749123,-117.15364567204767,-118.42603297045503,-117.82988848888978,-118.1816890912501,-118.3013166766326,-117.62650941419624,-117.77264167378961,-118.78804853189558,point1,-118.00717305603857,-117.82988848888978,-120.36891982712379,1.333884880394,-0.4701067058166501,-0.44976423220115525
HDOK,PLOK,17472,40,40,-128,-12,11,2,33,-116.24365149130251,-120.27793209513219,-118.40074640195893,-118.36134360766019,-116.79951707825018,-115.86586324638021,-118.41605037893939,-117.71497870888633,-116.4888665696285,-116.81463864000345,-119.55301948191438,-116.563947858476,-118.64247591039741,-117.3370278670872,-116.2593203046613,-116.41363654484879,-117.65966172735195,-117.73071844543877,-116.11580135044726,-117.48621879040186,-118.60011255620057,-118.4105171620609,-117.88413555909061,-117.08227976727059,-117.43972981954603,-116.02279096185903,-116.58541916335203,-116.59967722555388,-116.93413754112342,-116.7154262957556,-116.21590995338916,-117.633104641644,-116.38180020169737,point1,-117.32274113174878,-117.08227976727059,-120.27793209513219,1.107103611178184,-0.8676503867503729,0.42781468770491804
HDOK,PLOK,17472,40,40,-128,-12,11,2,33,-116.86491112702446,-117.86663793632688,-119.8666129903691,-118.57943715702679,-118.32738729994857,-116.01664465849886,-116.04431380223144,-118.83245301259217,-117.23901508387814,-116.84433413738856,-118.41985365561031,-119.06464794843825,-119.22268860022882,-118.2035185478024,-117.70460923212612,-116.12020412063684,-116.82608557355285,-118.59218898573094,-118.78898100279795,-117.78727036965965,-117.32036549798691,-117.21188274466344,-117.44274964346285,-118.31640627875318,-118.69196854675405,-116.85829743657665,-117.08496878498839,-118.83376357368434,-118.17507200736728,-117.10023565475113,-117.80488485445494,-117.12578405996213,-119.37510469901326,point1,-117.83494784922082,-117.80488485445494,-119.8666129903691,0.9668442274040334,0.03475782981550012,-0.7321857826310545
HDOK,PLOK,17472,40,40,-128,-12,11,2,33,-116.48769824608401,-120.56972143577873,-118.3330547570063,-118.95517458196508,-116.9184069645968,-116.30360116920478,-118.01770871504945,-117.91877935057445,-116.81065662873102,-116.63135922083245,-117.79456504349493,-117.49065751564173,-117.76359233855551,-116.97439246294337,-118.84210299135343,-116.02303796494606,-118.33832749180253,-118.79670772451638,-117.21264761134957,-117.68992780571452,-117.01443513056161,-118.60731678593379,-117.9535747860693,-116.57671364844084,-117.90533564250913,-117.16293262534981,-118.50179706164283,-118.04508622946769,-118.78085077822367,-116.67337207644636,-118.74426589644084,-116.1108910346456,-117.45173493277548,point1,-117.6788008075348,-117.76359233855551,-120.56972143577873,0.9838828691909333,-0.5090193353718089,0.527098186437323
HDOK,PLOK,17472,40,40,-128,-12,11,2,33,-117.53617932489446,-120.4311118753086,-118.97430047767097,-117.99714164662285,-118.17238367963913,-117.1147769517831,-116.31176601421828,-117.76669126732212,-117.76645946974857,-118.38221398411721,-118.70846114557378,-118.5370505579451,-117.35052124868076,-117.79660312178972,-117.50188993193287,-115.76941565858456,-116.00914828407484,-116.68090512663495,-118.05900525591909,-116.82065501219604,-116.22664400112724,-118.28547417037443,-117.6082998264797,-117.18746525997089,-116.69116252717842,-117.04072039293044,-119.11336633417982,-116.7671310886485,-118.70332526297352,-118.46138505661223,-116.53488850122964,-118.1356547591024,-117.30056882066118,point1,-117.62856866776134,-117.6082998264797,-120.4311118753086,0.9942411866964372,-0.3956453052159984,0.4382883188083744
HDOK,PLOK,17472,40,40,-128,-12,11,2,33,-117.29812932084117,-122.35488001939477,-119.18454531043734,-117.50095271590133,-117.94325863820158,-116.99763286093697,-116.9181400899994,-118.20914632431332,-119.16662672692686,-118.88646104779082,-116.87421000750719,-119.07535662870862,-116.78628497159515,-116.1916241205277,-118.38883003474157,-118.22444198219912,-117.52624283994335,-118.58915629962303,-115.75391230178873,-116.79622773338417,-116.56504682892356,-115.66233704202943,-117.7888379108408,-116.3377008308504,-118.28326737192604,-117.30957599457365,-118.16491841761975,-118.93597192617253,-116.9825685642183,-116.38728049423506,-116.69444098935962,-117.34980189816625,-117.17651860108086,point1,-117.64558566196236,-117.34980189816625,-122.35488001939477,1.6363939400490053,-1.423020544208229,4.060242044234508
HDOK,PLOK,17472,40,40,-128,-12,11,2,33,-117.98522837537118,-120.17287787578229,-118.98976555993569,-118.32718432264795,-118.34115502766271,-117.60613898390935,-116.30794526482764,-119.2559922538883,-117.39257160650992,-119.28522318085588,-119.16837241056156,-118.40665158082108,-116.0406525697133,-117.75187417331409,-118.00182211264665,-117.0367569085364,-117.73127533819873,-115.59969186446394,-116.09221570788961,-119.2062005914623,-119.45198540691787,-115.89385346359715,-118.19195875199111,-119.26296459994659,-116.45917337930346,-118.4669442392128,-117.20151517581697,-117.77352137221736,-117.51624132406842,-116.48140970485392,-117.38687961891512,-115.41641743508094,-118.38575262401368,point1,-117.77540038802825,-117.77352137221736,-120.17287787578229,1.4957721930091774,0.19562176980448603,-0.758244670472747
HDOK,PLOK,17472,40,40,-128,-12,11,2,33,-117.44055828598202,-119.80646758271462,-118.03797176581934,-119.33493169381977,-117.94546027486484,-117.38860592811207,-119.7340569431005,-116.36748500332992,-116.31977866865728,-115.29427605069067,-118.4522429967476,-118.02261634983888,-115.82150159972859,-117.75948609767785,-115.34559759165214,-117.85606557776765,-117.59680074525188,-118.90373350015754,-119.4628059829247,-116.74761861209174,-119.07588027369907,-116.98572004519256,-117.53173285919858,-116.71809454614122,-116.64297284927991,-116.65240510461813,-117.62963378105313,-115.51618574010305,-117.59896973896709,-116.26203515012784,-116.82353623781196,-115.45723990213082,-117.5073585517881,point1,-117.39514624336489,-117.5073585517881,-119.80646758271462,1.5614911179198847,-0.19583380927291133,-0.596849961307921
HDOK,PLOK,17472,40,40,-128,-12,11,2,33,-117.94571083767578,-118.0978952672871,-120.4893678320274,-117.05260825838694,-118.23933543845368,-117.83804999809907,-118.11106321711922,-116.4530938343395,-116.59678368366649,-119.01813527384975,-117.93115480146487,-118.37160485908622,-117.64801236370185,-118.2489786267324,-118.58133558633027,-118.80195175205998,-118.43564521035907,-116.1248133506654,-117.15583161315811,-119.03773533112609,-116.98375310371942,-117.6934141010822,-115.94238038422958,-117.57692079922046,-117.25245901432007,-116.94048989269074,-117.37444098390809,-117.76100021311427,-117.97695266201849,-115.93565611821869,-117.2341219323271,-116.40070816555017,-115.49777331771223,point1,-117.5984599340515,-117.6934141010822,-120.4893678320274,1.0734229224973202,-0.22824998979269084,0.611688869007109
HDOK,PLOK,17472,40,40,-128,-12,11,2,33,-119.8663977897095,-121.14391980043798,-118.8780080591216,-118.00358868464129,-117.0377198318096,-118.13266811236834,-118.86752251588796,-117.12453223112446,-118.65206466307062,-118.3434309939359,-118.1275953338492,-118.31374154532205,-116.56601004896015,-115.49794702058868,-116.5514943666266,-116.35461937642279,-118.82998879266,-119.60742064110882,-118.10518706681161,-117.1345662678319,-117.36607083950139,-117.9534279036322,-115.66997838769443,-114.77299638039973,-116.8463460325307,-117.54867542383724,-116.7201804307812,-117.59474111500586,-117.30992143496583,-117.3533186124066,-116.93703246326801,-117.12149734117057,-116.84140331093379,point1,-117.61133372177021,-117.36607083950139,-121.14391980043798,1.6106236623756054,-0.3923646430153249,0.9675151298229214
HDOK,PLOK,17472,40,40,-128,-12,11,2,33,-119.86047129282596,-121.60962758738081,-119.78547427979245,-117.75848103608169,-119.9147838512199,-118.388855143528,-116.4228694263081,-117.2490983200187,-117.66841518800494,-118.1381532906121,-116.33056040761169,-116.11037161748658,-117.37008952162604,-118.75199051516402,-118.94254821971182,-118.57459000179318,-119.41638026967826,-118.34346133409575,-117.36754554783455,-118.00907316200836,-117.209511854957,-116.62965070217699,-116.6690082662733,-117.32081636990696,-118.79800182816707,-118.02311842281726,-116.51447968139047,-117.11170219075339,-116.91972510232208,-118.17746889243236,-117.34826559971286,-117.77938874912813,-116.34005291171786,point1,-117.90466759347088,-117.75848103608169,-121.60962758738081,1.5240530681341633,-0.900988706033636,0.938212648004781
HDOK,PLOK,17472,40,40,-128,-12,11,2,33,-115.17125907899316,-120.13595722619097,-117.85220872956218,-119.8423222835345,-118.39964137138972,-119.27478876057829,-117.6247671727105,-119.73304326120694,-117.64959166767018,-116.95986091870878,-115.6654169864698,-115.68493307665807,-116.65017598089636,-118.29266039451461,-117.09462131835367,-116.11768900754264,-118.96899185964402,-118.4196233884633,-117.99995594095488,-119.03137751491997,-116.55204228683607,-115.96535525075159,-117.10860504355928,-116.35718300808709,-117.92565028861392,-116.9199864787168,-119.36801175163077,-117.19880945117312,-118.388438799445,-116.29073405204237,-117.71900236342972,-117.58826464441859,-118.69535334649073,point1,-117.65594917285328,-117.64959166767018,-120.13595722619097,1.657157721684582,-0.05755261306031483,-0.7749161244577891
HDOK,PLOK,17472,40,40,-128,-12,11,2,33,-118.20053232390659,-119.71541937523358,-119.3604182939227,-119.41802788962481,-118.03444367096465,-117.50801040009814,-118.41300788700408,-114.49558286833633,-117.7788420578922,-118.68086621521203,-118.02547704778455,-118.91630211941843,-117.05921401332121,-117.04409565469436,-117.12273458807547,-116.35670818790462,-115.82361660057089,-119.08599093607285,-116.29906238252565,-118.27013174220625,-118.22182156741091,-117.20661217737025,-117.26420137566087,-118.08149750916316,-118.41059047580907,-117.07462235038415,-118.03520151748626,-118.86969548029695,-116.2975969757381,-116.82298655290738,-116.24775671275736,-116.21513113177313,-117.23513088553312,point1,-117.62397966566846,-117.7788420578922,-119.71541937523358,1.3488159588986883,0.3933807164261698,0.09380535432768555
HDOK,PLOK,17472,40,40,-128,-12,11,2,33,-117.51725925483503,-120.1623670499672,-120.18618375521164,-118.40502250963227,-118.68831469179713,-118.67042207291365,-118.06013690542035,-116.75084152691448,-117.48166004817821,-116.07598845566052,-117.58329660415093,-118.01170594422771,-117.42126779754423,-115.85182976955743,-117.32781997900258,-115.80797020288902,-117.91164718707545,-117.1443600810189,-117.89166808297661,-115.16701572444612,-117.2321030376359,-118.15137481877245,-117.64372496093286,-115.47877536158023,-118.47646087632009,-117.85313308031621,-116.34245368684705,-118.40466944512006,-118.1939925562688,-117.72296915422578,-119.18276867072208,-118.09016530311779,-116.03226589518357,point1,-117.60368589365038,-117.72296915422578,-120.18618375521164,1.3919353900194913,0.051551353653466976,0.13911888128036143
HDOK,PLOK,17472,40,40,-128,-12,11,2,33,-116.21950507964924,-119.54354066585807,-118.38013219851501,-118.94023431286209,-116.933613972372,-117.74051772388623,-118.14518859077207,-117.78640626557369,-118.26774632489723,-117.19645053931397,-119.71085397596178,-117.20413928068515,-118.2866649833449,-116.25614356386197,-116.74864580971419,-115.52980337078249,-117.22243805290579,-117.65449881227691,-116.67007294618745,-115.98921636677774,-119.4612696215632,-115.87126727328274,-118.36911892101398,-115.81816043984276,-117.44223836414108,-118.75303314087397,-118.82561585973606,-114.79499481170178,-117.06862674821352,-118.08265566977599,-115.76273678834524,-116.24778717059147,-117.60765618025121,point1,-117.41002950986456,-117.44223836414108,-119.71085397596178,1.52939813771075,0.032395107599679965,-0.7040481540534436
HDOK,PLOK,17472,40,40,-128,-12,11,2,33,-116.13409638655605,-120.69698152000745,-120.03887285589082,-117.70844461311252,-118.24898253388461,-117.00676467917636,-117.91186106560184,-120.14987829443817,-117.56718469446456,-118.31497701267044,-117.70043059650463,-115.95652898468357,-117.28134985593536,-117.31093088782477,-117.33820403164164,-118.08473611852024,-116.97879192219038,-118.3982569779949,-115.29991261083102,-117.40950038668323,-116.19630666631689,-116.82833974378872,-118.10722209083475,-116.53756330488467,-116.68864647207438,-114.278091570508,-118.27389638132101,-118.16321611260608,-117.48105648678002,-117.27694584462938,-115.29390029132777,-115.73334324097317,-117.60395170623485,point1,-117.39391411942098,-117.40950038668323,-120.69698152000745,1.7952230283624464,-0.24675639346007122,0.8744013102871002
HDOK,PLOK,17472,40,40,-128,-12,11,2,33,-117.45920126518041,-118.7039668238239,-117.78226141546156,-118.93399365177982,-117.93836864062911,-117.95884390293945,-117.92189487491959,-116.72746011654543,-119.7152832583484,-119.36349848685256,-116.54167324884435,-119.0370009129934,-118.5166907543512,-116.70361780196997,-117.3825901962426,-115.56953423127027,-114.77909240256358,-119.75702655121229,-118.555160019383,-119.21173160392043,-117.53388414159052,-118.28018934503085,-115.59869859626218,-117.06468811249916,-117.74454375934074,-116.18648720343707,-117.57782516601169,-118.75652940469591,-117.30777232914686,-118.87520424498437,-118.67989755732506,-116.10600605094739,-117.12252470843583,point1,-117.73918608421025,-117.78226141546156,-119.75702655121229,1.505371519860598,0.4449825584358425,-0.31259279810059093
HDOK,PLOK,17472,40,40,-128,-12,11,2,33,-115.80473934440982,-120.61640249117359,-119.15270569522103,-119.11940147026135,-117.17998620749043,-118.42670374007258,-119.77841754772687,-119.83919180540605,-118.37295601315292,-117.23295409706756,-118.50040488549284,-119.37134972808767,-117.74737485577742,-115.58404710132993,-118.02191623591064,-117.42304389051793,-115.8392652193819,-117.86469021868596,-119.37901894964249,-119.04431859596713,-117.00243663440928,-117.50884167285425,-119.509179429466,-115.40641592351568,-118.3166690269638,-117.2250418234711,-118.9574153663185,-117.08118970282749,-117.46345507535025,-119.10380287172194,-116.35552412074613,-117.93994742458192,-116.23755755302005,point1,-117.95170802175824,-117.93994742458192,-120.61640249117359,1.7686072456251767,0.1677355782353107,-0.7098027836465155
HDOK,PLOK,17472,40,40,-128,-12,11,2,33,-115.21890453207692,-121.56467091978683,-118.81683607688178,-118.09682489771212,-118.82621046577086,-118.61905702605152,-118.84313890924335,-118.49317321168733,-118.1222108739191,-117.54774411993824,-119.65998826320639,-117.26452390128847,-116.76419393125204,-118.46251486946198,-119.46362850331609,-116.25682863618177,-116.30052922732374,-117.85930684715119,-117.78565353909784,-115.57364025919087,-117.73463913024818,-118.69335302357771,-116.26309702677501,-119.67538276919544,-118.65650749476694,-117.1268875992274,-117.23520765119926,-117.0053315942534,-118.95153851819997,-115.53698138028388,-119.35039151186136,-118.5852984814563,-116.695133053765,point1,-117.9105857044045,-118.09682489771212,-121.56467091978683,1.8829209915712495,-0.09586817827413156,0.22766596014213825
HDOK,PLOK,17472,40,40,-128,-12,11,2,33,-116.52380518913888,-118.9195906274293,-119.81330821503272,-117.98362438613455,-117.58411890242301,-117.144440983992,-116.25097347374013,-117.71960047249347,-118.22789158874329,-116.67768971482849,-118.04766939440005,-118.5209434360587,-118.15561013335441,-116.665014622752,-116.92619569497126,-119.2005277456411,-117.8989174705081,-117.98612837559116,-117.98572444575547,-116.95622811417378,-118.39603920195012,-118.54788331835854,-117.3269903757823,-115.51869745022961,-115.98374903924118,-117.66239905881288,-114.79956889591952,-116.00200638820638,-116.73234564744112,-117.54245325291751,-119.04544481845215,-117.88286377774641,-117.54214962682009,point1,-117.52032102542542,-117.66239905881288,-119.81330821503272,1.1803355328323983,0.33364178003532874,0.13775806748774366
HDOK,PLOK,17472,40,40,-128,-12,11,2,33,-117.40165322106091,-119.37461528941711,-120.64027602965966,-118.52880173224143,-118.52900470021535,-118.88955487127653,-116.91012514898621,-117.7106289594046,-118.72301333330257,-117.90589814961798,-118.33007135960433,-117.97046063842014,-117.78262261990709,-118.00132877113829,-116.02638705699933,-116.62410426837424,-117.69573658275436,-117.60097726183339,-114.82409933634412,-117.22692538387024,-116.89354574331699,-118.57329565431044,-115.10675860823996,-118.56974077851665,-115.947598400288,-117.30167550150436,-118.36371197709184,-115.94131714957574,-117.04300947824481,-118.10017891488964,-117.4917730173191,-117.09378022094187,-118.01061742843075,point1,-117.61009962385145,-117.7106289594046,-120.64027602965966,1.3806452622088763,0.22266354831363086,0.8800881905772875
HDOK,PLOK,17472,40,40,-128,-12,11,2,33,-117.89636262231514,-118.04105945406904,-119.70739240425627,-118.92183184745811,-117.54167340326254,-116.5552927735548,-118.09171651679144,-118.21924197149691,-118.28468859397029,-117.6290551646008,-118.64366712126791,-117.07443579666035,-118.81405762758585,-117.62153803125723,-116.92865224575753,-118.78141905016861,-116.11532774594943,-115.92567562350786,-115.48482464831694,-118.10402595195869,-118.89455003192784,-118.10063355353395,-117.216264111966,-116.93223623436704,-117.41593042868541,-115.71464847869845,-116.9959999274893,-118.24270521248263,-117.64763262658465,-117.9520834933772,-119.36403069408965,-117.80304199498316,-117.39180871384073,point1,-117.69859103321916,-117.80304199498316,-119.70739240425627,0.9990958454019181,0.3444701368014842,-0.07480420870238769
HDOK,PLOK,17472,40,40,-128,-12,11,2,33,-116.75225027252439,-119.88497481790182,-120.54739982451808,-116.72225039127315,-119.20350244864919,-116.59976038409997,-118.64692921588058,-120.01134274914733,-118.57001367865605,-120.51770026001837,-118.90481240521464,-118.18511920715353,-117.21497585364001,-118.52183673153876,-118.44241575866147,-117.1936973569693,-117.85254736819645,-118.37133438650089,-117.09527492471283,-116.72388006629649,-115.97377893463704,-118.52377681799932,-116.2832935024332,-117.85813521948468,-117.58715344643949,-117.6161283273604,-117.49226660299524,-117.52895013651757,-117.99708017274224,-118.33079453752283,-118.50348554908096,-115.76509368409978,-118.07752781549036,point1,-117.98483281358655,-117.99708017274224,-120.54739982451808,1.4079855111071315,-0.33202312850460886,-0.09640069839959997
HDOK,PLOK,17472,41,41,-130,-14,11,2,33,-118.40965030651117,-117.67453468411213,-117.57919043212691,-117.6582110480391,-117.28067092747001,-117.46698043962803,-117.13192512807483,-115.7866857649537,-116.66280107720277,-115.4935507099002,-117.34114483643255,-116.42748357935956,-116.3211037198656,-117.41760766936736,-117.73577388551409,-117.16190406860697,-116.28140522187773,-118.49024042252978,-116.04960523943461,-115.10142696914295,-118.04521987498195,-118.56138344723257,-118.73037669419527,-115.93945832955636,-117.03300069585062,-117.41118913332261,-117.22962411384296,-119.0086043231819,-118.83225113914088,-116.24280636992243,-116.72040317856155,-116.9766445668694,-116.77956292845047,point1,-117.18128548258358,-117.22962411384296,-119.0086043231819,0.9440107087858217,0.021161445172544854,-0.47663958255461436
HDOK,PLOK,17472,41,41,-130,-14,11,2,33,-118.25021736929854,-118.13589087264924,-116.4401821222347,-118.74475223507207,-116.40148869632662,-117.90544707295214,-116.97772938492813,-117.8255201250798,-116.82987060511772,-116.8202403847163,-117.75638763812321,-116.05581662190488,-118.46347887813832,-117.96174021522233,-114.931601863363,-117.9468025122357,-115.48274594203917,-116.03760987993212,-116.30172600145232,-114.9551258502472,-118.92214798189318,-117.79890499983863,-116.28228538120591,-119.00049006894753,-118.26695312083595,-117.3879877127616,-115.90094212788637,-116.84406540109285,-117.56651901939705,-114.81498984022907,-119.4143690484232,-117.75172389517428,-118.48907042741206,point1,-117.23226737261002,-117.56651901939705,-119.4143690484232,1.4999684625284495,0.33495508289302606,-0.7399088281120765
HDOK,PLOK,17472,41,41,-130,-14,11,2,33,-115.75639495329078,-116.42228735969589,-118.48674089592927,-118.09402008508087,-115.75021663171789,-116.54268140253514,-118.78309206407708,-118.28016181727038,-119.0931761353375,-118.28890526475108,-115.94092951305514,-116.07215280658357,-115.98526265073848,-117.45445104699186,-115.75541833456188,-116.58453964511676,-115.86150456258999,-117.70063753937544,-117.30452541276465,-117.67419508921671,-118.02778621838324,-115.06345964704965,-116.41804109310513,-116.92768704660993,-119.28740183664215,-115.35004000598038,-117.62996021098598,-114.9723016929491,-119.28009933269828,-117.88355179992213,-118.43318831345653,-116.57311787634005,-117.38417432876899,point1,-117.12309401859308,-117.30452541276465,-119.28740183664215,1.535485548527753,-0.05818300956888881,-1.1011781683812467
HDOK,PLOK,17472,41,41,-130,-14,11,2,33,-117.80998420613362,-117.73959231758897,-117.57123796457662,-116.88484055024814,-117.96962429409925,-117.94047500723694,-116.99205500314156,-117.58031936148114,-116.59702001634193,-116.66970993861126,-117.79150250570686,-117.11728466328417,-117.24940704950971,-118.01976461893726,-115.13700371371583,-116.56959348526304,-116.14979010768906,-116.61308947376239,-116.415026013615,-118.45752427301754,-118.3975682087779,-118.23890462475826,-117.34348162320337,-116.5082037027493,-116.60195057447298,-116.36716991512856,-118.80464427788134,-118.12619169983437,-117.49708822022446,-116.49777429237317,-115.28664698447697,-115.85690314556102,-116.00091201343135,point1,-117.1152207226313,-117.11728466328417,-118.80464427788134,0.8165654273831413,0.22117791712122123,-0.5548106496637115
HDOK,PLOK,17472,41,41,-130,-14,11,2,33,-117.38141926939977,-117.074776740167,-116.17849717414786,-117.67260781603011,-118.38824293464413,-115.62689100346985,-116.12279083242555,-116.62311398080885,-118.41593476970586,-116.6627591838304,-117.14421742876702,-116.31557592052533,-116.04422121077602,-116.45459092250526,-115.78132940636098,-118.57109412621229,-116.61327914542198,-116.85766239976564,-117.68221090909444,-117.94269527169142,-117.63727969875869,-116.47926412272402,-119.62649957309378,-115.59227086711665,-117.56999380363936,-116.73979298075761,-116.83918943280888,-118.20131050312928,-119.20581538313272,-117.05197157892125,-115.85492748257901,-116.91905353141027,-117.58866384147383,point1,-117.11696797713016,-116.91905353141027,-119.62649957309378,0.9939073728297795,-0.6087991650128232,-0.03950607667875161
HDOK,PLOK,17472,41,41,-130,-14,11,2,33,-116.30150442136984,-115.85291986114615,-117.0823405081981,-117.71563491785541,-117.12210921460687,-116.98324498766759,-118.43255795842585,-118.01143444480975,-119.94655243966245,-117.54121124561968,-118.16129023866493,-116.19560198101173,-118.14922538310037,-115.08465561629899,-117.0775349507192,-117.08387473033575,-116.74438406949074,-118.62873388357545,-116.3296218227639,-115.71715868840322,-115.34940809625068,-115.2216536102197,-116.48920428741651,-116.53706684110288,-116.17025841686387,-116.24046922200353,-116.90275738205385,-117.8780667810225,-120.85668129326135,-116.43364234481993,-117.70619398314926,-116.7457104327523,-117.40991580960242,point1,-117.09401878376497,-116.98324498766759,-120.85668129326135,1.5224762174983153,-0.9869363039986855,1.6871601312826177
HDOK,PLOK,17472,41,41,-130,-14,11,2,33,-117.83715796825176,-116.19487885013177,-118.73393224962585,-119.3582323798099,-117.16833872900884,-116.83631129072407,-116.55446200214574,-117.05537981176246,-115.20246669686678,-116.22811207111656,-117.10311763965777,-116.35017094624428,-115.13919920906548,-115.35769858014083,-116.03958061876301,-118.38243998291611,-117.35358779182897,-116.88485632349825,-116.14319516201893,-116.03918431398864,-114.53083103049875,-118.68746523905327,-115.8244037604703,-117.13937913796195,-117.49658750624498,-116.07757974966174,-117.26598550622154,-117.84504130423225,-116.36731140430535,-118.37381191225451,-115.82140652417695,-118.28055620551054,-114.23986289802735,point1,-116.78522802412682,-116.83631129072407,-119.3582323798099,1.4806982955974801,-0.050200021797655286,-0.3799378723892586
HDOK,PLOK,17472,41,41,-130,-14,11,2,33,-118.55544352399201,-117.00517231190528,-117.26598187784938,-120.01694579400122,-115.65618037917316,-116.31634363339776,-116.99025759486828,-117.40394903707355,-114.58579908649511,-118.23652328285247,-118.37038143433108,-117.01069744565218,-117.897104151158,-118.4714076569327,-117.60647864167312,-116.35633553101472,-115.95044442354167,-118.65724700288224,-116.51408557170126,-114.93217750797493,-119.48299986930687,-116.5188957937901,-117.67865370510748,-116.76881215828833,-116.62517382059886,-117.87392174463106,-116.15415058250163,-117.48728956302648,-116.05056849907301,-117.59334170697151,-117.63588110141733,-117.59596800926538,-115.88303082056225,point1,-117.18629222009123,-117.26598187784938,-120.01694579400122,1.4017978709468433,-0.10033512812998538,0.18657507920521343
HDOK,PLOK,17472,41,41,-130,-14,11,2,33,-117.14781468339255,-117.01601236245605,-117.62656452084106,-116.67356282400053,-116.97696853545017,-115.52839283637927,-115.65731287576664,-117.34491846653751,-115.45999293427455,-115.05186756733768,-117.26552716252606,-116.10201455276317,-114.84039282112238,-116.38975474944102,-116.95557250310227,-116.14867002404243,-114.94086707568049,-115.89472073845407,-116.05511377456963,-117.72548417970637,-117.67975108966809,-115.27784999719434,-119.31226210919135,-117.71541855243265,-117.56065149600441,-117.73325118205581,-115.02035566692278,-116.75054390426041,-116.87868571369442,-117.03605663752933,-118.3955704339958,-118.85796035929707,-118.27480971687105,point1,-116.76650581960487,-116.95557250310227,-119.31226210919135,1.322965212279856,-0.0912819337721691,-0.6006442839495123
HDOK,PLOK,17472,41,41,-130,-14,11,2,33,-117.87538641339287,-115.29885230597169,-117.10700171056723,-118.9270262880212,-116.34091073556436,-116.94346158506124,-115.53789975483924,-117.19407545721934,-115.68377418266635,-117.37412286568971,-116.04646711008543,-116.95010606902675,-116.23894849732666,-116.86023946415821,-117.7004385733222,-118.79050449674372,-117.85403180808392,-117.93712439675238,-117.11371996438662,-117.26821366635667,-116.30610461037631,-117.89953827113794,-117.8277475341157,-117.96411111380444,-116.69459668359305,-117.45238551290883,-117.15115976132171,-115.79052545728949,-117.00651186646803,-118.66740197730233,-117.57627268740279,-115.76685577138566,-119.06964035418811,point1,-117.15803505898573,-117.15115976132171,-119.06964035418811,0.9560936130277871,-0.013448198539052814,-0.5328476366207737
HDOK,PLOK,17472,41,41,-130,-14,11,2,33,-117.64031383720446,-118.23036522526043,-119.86748028882829,-115.56868028954567,-114.78177328252916,-116.9414956712089,-118.71542441916674,-116.23610817555847,-116.24434719467156,-115.74512209609512,-116.2664431566677,-117.1377773640887,-116.3648690338583,-116.77526862006152,-116.62036692052088,-114.15633731054024,-117.67071185114183,-117.41507033478925,-116.59443782456593,-117.65564944749207,-116.46599786050578,-118.35904819546681,-118.65613017334927,-116.30256708771705,-118.27055679120721,-116.70931792504567,-118.55563271809142,-118.43528492657815,-117.19747913805624,-118.9618937696911,-118.206592197383,-116.55033551308323,-115.86949372331205,point1,-117.12631431403884,-116.9414956712089,-119.86748028882829,1.5480798459540865,0.089180371480432,-0.0932017635636484
HDOK,PLOK,17472,41,41,-130,-14,11,2,33,-116.8611602047239,-116.87746731076622,-116.90488330229013,-117.97858239063193,-116.95845006040817,-117.67535046400296,-117.37271504205866,-116.56748938501705,-116.33275217849588,-116.09890367369394,-117.4223163980983,-117.30048817201987,-115.27729800849063,-116.5489348741506,-116.82786705395318,-115.78928389725459,-116.41923120230713,-116.65730220950282,-115.92291410998213,-117.4826602246372,-117.29298015007012,-115.22167197659945,-116.93435814908236,-117.54871291674635,-117.3971091897035,-116.00512694305095,-117.88418620864009,-117.22799278555408,-114.47828134371966,-117.50281200783893,-116.42026113568508,-116.27622180937065,-118.25889712467777,point1,-116.77953520918861,-116.87746731076622,-118.25889712467777,0.6912927411708136,0.7058404529503391,0.5341558096915988
HDOK,PLOK,17472,41,41,-130,-14,11,2,33,-117.60327489781764,-115.65445857589522,-118.13525372916831,-117.43765899036455,-117.2601925698777,-115.21259247808668,-118.44215335301394,-117.40602164058735,-114.33691500833609,-115.60052616089357,-115.27282818181023,-116.37781443985826,-115.63191299671219,-117.73608153606936,-116.94259002635057,-115.66956251788459,-118.15702966996638,-115.7088882434224,-116.13799275097696,-117.25274964405581,-115.00713922202665,-115.79298015699432,-118.1606798723717,-117.26089017294858,-117.16327080279412,-117.24989975853094,-117.3861062604624,-117.44143003088186,-116.95469141218938,-115.69598410345064,-115.36565660147662,-117.85090874490248,-115.34157360635828,point1,-116.62568812595562,-116.95469141218938,-118.44215335301394,1.2146450189608147,0.18452345094687955,-1.2170786167844323
HDOK,PLOK,17472,41,41,-130,-14,11,2,33,-116.28318246150182,-116.47859237032785,-117.50933906583502,-119.42351649195875,-117.42499470114153,-118.79590045865893,-116.3652628117072,-115.74231772761877,-118.2260666355191,-116.43297163038525,-117.3812118654646,-115.17137542675508,-115.65056461741864,-117.40229586310083,-116.1159245523938,-115.22304958979993,-115.84498961185865,-116.70113695218284,-113.60223909327908,-117.50084363328719,-115.59317211702036,-118.4069303447263,-116.63740147920888,-117.80244826916883,-116.90603789768312,-117.09996033002436,-117.11562863950438,-114.65083691303151,-115.75954585368676,-115.64249262844491,-115.7892638285421,-117.05223704878478,-116.61802210145203,point1,-116.61665918216588,-116.61802210145203,-119.42351649195875,1.4301660781470407,-0.02081919440145539,0.45223871532140425
HDOK,PLOK,17472,41,41,-130,-14,11,2,33,-115.65004195101369,-116.35888443472342,-119.79838317242202,-119.38171639701308,-117.4041247688935,-117.73774118247324,-118.39330635678098,-117.47049276124228,-115.26342924830703,-115.19253183410305,-116.76778626165266,-116.07600408426052,-117.23176982854444,-117.30040304681972,-115.86765686061622,-116.25453252029692,-117.064147611831,-118.15647590388657,-117.7435970428928,-118.07432220489254,-118.70675610380088,-119.36300322505826,-117.04639834311718,-116.22626580883535,-118.40830928978994,-117.24189671406239,-116.72744843009899,-116.6880430034791,-118.53109525294103,-115.86278768990347,-118.49142241974575,-116.77571081201182,-115.84160764553377,point1,-117.245396733668,-117.23176982854444,-119.79838317242202,1.4365417669187517,-0.2647163660141686,-0.6648346851144873
HDOK,PLOK,17472,41,41,-130,-14,11,2,33,-116.0518721921503,-115.67246321666653,-118.10632330610203,-118.7438999796651,-116.82445118237042,-115.51679768410578,-116.04680474214433,-116.74367124616786,-116.04770496876948,-118.28834473368282,-118.06213209978245,-115.31538605819773,-116.13405079670392,-118.54499118036739,-117.6506826756168,-116.47952497699166,-117.70515957135436,-116.26607867200427,-116.60137110322437,-117.1367770022806,-116.76507803133956,-117.05922646333605,-117.56410575286479,-117.22992207906586,-116.69874933858625,-115.80811660692636,-117.31695722916027,-117.89902725554134,-117.50980078324233,-118.01073030418988,-116.80914102905346,-116.82189969267989,-117.19894459043536,point1,-116.9887935316597,-116.82445118237042,-118.7438999796651,0.786172984058744,-0.06032443464759728,-0.7644116274589741
HDOK,PLOK,17472,41,41,-130,-14,11,2,33,-116.5954245974502,-117.32597610271168,-118.11711232566522,-118.88248262551485,-118.0793658902655,-117.58826112749277,-117.73552291078663,-117.58051920874252,-117.07326909465094,-116.27148733250588,-115.19979515506722,-117.02410781306716,-116.45030339425675,-117.15296068431434,-117.39745190182359,-116.99552783266004,-116.77913112056795,-116.69683663284151,-116.72778692319093,-117.51351018019702,-116.06719996063934,-115.15106615826195,-118.31539628615548,-117.72141666115621,-116.8483753100896,-116.47982115034743,-116.43706534166405,-117.20420781794135,-117.97866383941464,-116.91620053895494,-115.73836752596642,-116.94208957701147,-117.4025949036799,point1,-117.04209993712288,-117.02410781306716,-118.88248262551485,0.6680356470641714,0.27595578897545986,0.42636797362138745
HDOK,PLOK,17472,41,41,-130,-14,11,2,33,-117.08448793431694,-117.74253564566179,-116.18843724826996,-117.20539290689307,-118.40723473564621,-118.09478464558003,-116.72271768873594,-117.78671385438305,-118.68843917490781,-115.01487216889912,-118.92122020612358,-118.09607256068658,-117.8756107379235,-116.47699035377774,-117.72095680595324,-117.00432751065853,-117.91825862400466,-117.76034653143961,-116.55291458316718,-117.36548889906955,-117.90206265094513,-116.69389641579579,-117.21604750008314,-115.83970884789355,-115.28433648261766,-116.95745823455368,-117.12964934942302,-117.22397723600179,-117.31320270911627,-116.73451833339553,-116.46088314974455,-117.32909640282631,-116.68849293286445,point1,-117.19397372913207,-117.21604750008314,-118.92122020612358,0.7535878067972536,0.4278481588592546,0.423285668168242
HDOK,PLOK,17472,41,41,-130,-14,11,2,33,-117.87746634491823,-116.44109355832055,-116.57942416469346,-119.01211327967053,-115.80981925754799,-115.64794105926208,-117.2789714554643,-117.14054864984716,-118.3307871861384,-116.82246922688064,-116.0996422972562,-116.00094319017822,-115.85583157678404,-118.0606657970372,-116.75812134508122,-116.86572768464697,-116.66564234816863,-117.30441263736094,-117.14129393436063,-115.66718756637671,-117.02468547874946,-117.25196654084728,-115.743531527972,-117.89292864835147,-118.57016989597838,-119.03595248727164,-115.88346417049767,-118.52532840051087,-116.58320965017796,-115.97438675353112,-116.95056650755278,-117.03618966454705,-117.38126418436944,point1,-117.00647716576822,-116.95056650755278,-119.03595248727164,0.9324244573160337,-0.48993191748246967,-0.5480482582336372
HDOK,PLOK,17472,41,41,-130,-14,11,2,33,-119.27772771252917,-116.4613106941165,-116.8848256041589,-118.63873002902292,-117.61855101591367,-118.08853519809064,-117.9649683759017,-116.56136216543767,-116.11065687394573,-118.10787892186202,-117.6488136379471,-117.7499298481514,-115.67975020555173,-118.05044495551734,-117.1883974871022,-115.8861052588516,-116.95955926159976,-115.86016321029774,-117.62359853434215,-116.78794094373988,-118.65441797764863,-116.95320390036844,-118.87999512509687,-118.42889784676431,-117.15331615262485,-117.89658397994401,-116.32854843108672,-117.01803383619063,-116.66022873145992,-115.89908172569879,-116.71448298205148,-118.02184316970305,-117.59305790160651,point1,-117.31366489982801,-117.1883974871022,-119.27772771252917,0.8751287883303016,-0.08470925080302796,-0.7790955094495562
HDOK,PLOK,17472,41,41,-130,-14,11,2,33,-116.7715909401327,-116.6677466999803,-117.67983169855722,-115.91671562147624,-116.5420353051925,-117.72253196008408,-117.40374585325574,-117.08645602645434,-116.02515951079288,-116.05000758654745,-114.94908652043028,-116.93087779056398,-116.39519421259752,-118.00365094543358,-116.53226255051337,-116.12347542193784,-116.28013097823178,-116.59345684424648,-116.4597822180307,-115.97865552353588,-117.28675183650647,-116.26276442838339,-117.11489918703286,-117.6656293997226,-116.58057201107579,-116.81526605253488,-114.94967802608926,-117.08400047971601,-117.70952477123004,-115.56993417525715,-116.48042407929304,-117.5035264011034,-117.57553727222702,point1,-116.68820916145958,-116.59345684424648,-118.00365094543358,0.5709429685536261,0.3875335131362712,-0.08031022799565068
HDOK,PLOK,17472,41,41,-130,-14,11,2,33,-116.90432019252769,-117.84144715902158,-118.11764919674417,-117.82728994301645,-118.28387286075524,-116.62147099264153,-116.66960776759353,-115.43092316920318,-117.33422487712389,-116.66401066690403,-118.6107648022271,-118.78820798199655,-116.6463297456297,-115.20321186006522,-116.9033393486906,-116.70845840491975,-116.58945400871765,-116.85922890487471,-117.74130475384705,-115.4986152713407,-116.74895641914135,-116.08166779566965,-116.79299914149033,-115.04967920588513,-117.77629101136267,-116.60404727915304,-117.27161158694518,-116.04459077507322,-117.94756446096449,-118.0437233532924,-118.47820459598218,-116.89484052514747,-117.4581668506219,point1,-117.0435174214718,-116.89484052514747,-118.78820798199655,0.9181827546832562,0.20263896346263047,-0.44220730927186125
HDOK,PLOK,17472,41,41,-130,-14,11,2,33,-117.61204004166056,-115.38321328902119,-118.42918194811787,-117.19828278388162,-117.02989992556935,-116.92797969757719,-118.01235205515805,-116.30541517351105,-115.04046832887886,-117.57551105359069,-116.03159997800523,-116.89354326972925,-118.25192824226794,-118.96208182884105,-117.98771111128195,-117.9033724334376,-115.99826786462009,-117.79215787312916,-116.90686794364684,-116.75818634176085,-116.9667578442323,-116.30674943737455,-117.76393144992947,-118.61724306274692,-117.45152437625205,-118.54551222400154,-118.56366123299303,-117.21599518541598,-118.934155940554,-116.54497850174444,-116.73121996325591,-115.35987036088804,-116.83702847117281,point1,-117.23753603740144,-117.19828278388162,-118.96208182884105,1.0378981198678163,0.2433932824672113,-0.5098799844374051
HDOK,PLOK,17472,41,41,-130,-14,11,2,33,-117.19080085206885,-116.85218574580878,-118.81188778880028,-117.66410771909788,-117.40831420370935,-117.26403136878882,-116.39682446901017,-117.75113222452563,-116.33849683856373,-118.50782694605203,-114.60414197225748,-116.6132495692659,-117.20451940200604,-117.39803837994923,-115.38409940697451,-117.34314071340232,-116.6322574747249,-116.36993616954965,-116.5982580195762,-116.65177374409072,-116.43175797814547,-117.18447653324348,-115.45451118955016,-115.93923713686934,-116.70391027833365,-117.75782904375279,-117.63238654910487,-116.19831809280575,-117.55498133933443,-117.25966854347176,-116.30030431293754,-117.47970414460119,-118.39421223883566,point1,-116.94776728452149,-117.18447653324348,-118.81188778880028,0.7822946144146058,0.31444178598526334,0.587737643459918
HDOK,PLOK,17472,41,41,-130,-14,11,2,33,-116.16610044443344,-118.09411505829759,-116.85309102911664,-117.27123987982317,-117.81486625131316,-115.34656475560504,-116.21538832548231,-116.60357218327447,-116.93387337851692,-116.0160236039874,-117.3180597239204,-117.97297485186812,-116.38738344914509,-118.03652813824044,-116.76891514320701,-117.06929136160271,-117.13637527362998,-115.82737134700797,-118.97203116700487,-117.73747795234094,-117.21371418974583,-115.9316165608432,-114.23317545856858,-117.7103014923619,-116.34833116120052,-116.16662777811617,-115.97132396018854,-116.86935127106885,-114.95486543675655,-119.32532531655353,-116.86502815173885,-116.71673250934074,-118.08639892014472,point1,-116.87678895528622,-116.86502815173885,-119.32532531655353,1.1339956848687045,0.03297603348612073,0.46635730085801397
HDOK,PLOK,17472,41,41,-130,-14,11,2,33,-117.66997164347427,-117.76739328673723,-117.8460670936026,-119.188217934205,-116.06921793902848,-117.37087092676585,-116.31080181970324,-117.97935804780444,-116.47791387179726,-117.9921456618596,-118.04659433533836,-116.45504221792469,-118.75101917163116,-116.56007346016759,-115.55099062756764,-116.88559084479543,-116.45358630209188,-115.81663679867339,-115.19637542872422,-118.13189667874963,-117.97400867030106,-116.10409088196504,-116.99766342349257,-117.34108560147358,-116.54658838907943,-118.17652266932139,-117.01578439686747,-116.80768693195333,-117.66709408739285,-116.75641518868761,-117.81201911985043,-117.11731410616316,-115.34998952988799,point1,-117.096546275366,-117.01578439686747,-119.188217934205,0.91884262449157,0.043209033994847976,-0.5030645329683732
HDOK,PLOK,17472,41,41,-130,-14,11,2,33,-116.23792259645431,-119.22202574234761,-117.0209296162208,-117.27905831101435,-116.24609197028813,-117.71546901888021,-117.80738170243085,-117.58484016716355,-117.37886731285771,-117.06318757324077,-116.32447468818827,-116.1399354782153,-116.68971406202867,-116.4989544850367,-115.08109934198487,-114.86672749176374,-117.7477296055569,-117.84830680834638,-116.94115411653696,-116.85489728989192,-117.67962600280799,-117.59839780120215,-116.48245536183506,-118.45836284895937,-116.09047699380771,-118.14650588066095,-116.81337749393653,-117.21012211556237,-116.13192352102553,-115.53851613832944,-117.87367050927443,-116.11441666330664,-116.82353925365359,point1,-116.9548532716003,-116.94115411653696,-119.22202574234761,0.8707298134353924,0.04868865618673119,0.1990457571536428
HDOK,PLOK,17472,41,41,-130,-14,11,2,33,-116.44988350510276,-116.64807628672595,-116.07651294892197,-118.84937563976129,-117.09999956758236,-117.54358007336664,-116.50328324556867,-116.8868078474759,-116.38103370488459,-118.10587866183872,-116.27401926124399,-116.63980420828914,-117.04352644446948,-116.4981692604098,-116.46227676819987,-117.03569045960487,-115.89102819461381,-117.93876845422996,-117.3815308691668,-116.37125781119458,-116.8981327723459,-116.41779935077543,-116.09937713659139,-117.46685535139953,-116.5233784990151,-116.45670428077973,-118.95205520453302,-116.70719591250541,-118.31716720722038,-118.10424253217695,-118.4754179598994,-116.10999786611768,-116.44052806554616,point1,-117.00149561671387,-116.64807628672595,-118.95205520453302,0.6895972174202712,-0.9551242706646026,-0.1292928625353209
HDOK,PLOK,17472,41,41,-130,-14,11,2,33,-119.06773040630546,-117.9718855398203,-116.70876036341106,-119.24291848589566,-116.88047884977239,-117.67767104781078,-117.45354978634751,-116.79972778100681,-118.74901297538784,-117.88765319425721,-116.26654705386886,-118.56658491112542,-116.29618809287385,-117.90650363359688,-117.48127205102372,-117.52598579267519,-115.33458092263923,-117.0185023106381,-117.08351113380884,-119.05215998589924,-118.5397117007155,-117.5173185593028,-118.35024101424531,-116.26333352301673,-116.86751845088159,-118.0764086768831,-117.63592345922085,-116.74107486493779,-117.50597968049036,-117.23658866255282,-117.1976251043715,-115.55609374633386,-117.70077614605849,point1,-117.45938842142957,-117.50597968049036,-119.24291848589566,0.8886748969242638,0.12161175993796858,-0.14829921647011046
HDOK,PLOK,17472,41,41,-130,-14,11,2,33,-116.35205913018268,-115.7082826299771,-118.52190293831059,-117.11553322087313,-117.34885473206802,-117.24682031435921,-116.15562322036354,-116.81530170714919,-116.56197398775483,-119.16645790170249,-117.59373972373278,-116.9587891473666,-117.92613666260138,-116.18143447289204,-115.39388914221634,-115.46201801463857,-118.34477578341131,-115.70197770196783,-116.12986890145126,-117.04996315485823,-115.31451811736106,-115.64192871196501,-117.03172138615909,-117.5128104327621,-117.79564062774777,-117.72126564292957,-117.01400581184224,-115.16756137935884,-118.57379680230926,-118.35335649176578,-116.99055709713757,-114.69969766311237,-119.567404917056,point1,-116.94302022937525,-117.01400581184224,-119.567404917056,1.4199303922858046,-0.18032499837986193,-0.5451136171676301
HDOK,PLOK,17472,41,41,-130,-14,11,2,33,-116.9538258344259,-119.17671411665312,-116.98439341203667,-115.81166392221631,-115.89382004331225,-116.68846878718607,-116.83721111500964,-117.74527469525431,-117.92772548710533,-116.24224959214324,-116.99188058955977,-117.27988484532153,-115.64931781114659,-117.71828343770474,-116.70814154905976,-116.7083537246375,-117.59908699059918,-116.5629922380044,-115.78955613743642,-116.74749353190863,-116.2635878753347,-116.43991907684955,-117.71465430554858,-116.18824999330054,-116.81891945575495,-117.04517956240345,-116.79092092847247,-117.98562452412612,-117.07079264050383,-116.83622544779931,-116.19498631306615,-118.56789311993886,-117.97479821638842,point1,-116.96691179758209,-116.83622544779931,-119.17671411665312,0.6450226405978473,-0.6629624104796425,0.44195865963316017
HDOK,PLOK,17472,41,41,-130,-14,11,2,33,-117.74515129027135,-117.40306803820737,-118.63924290728082,-117.49087890410433,-116.01286177411913,-115.95150117532972,-116.76904019257368,-116.71363851660361,-116.44884647792873,-114.95633608529245,-117.8082319426011,-117.50382915622544,-116.7318179596925,-118.54651804016348,-118.84342498882705,-116.3356746779723,-115.2617056001282,-115.98523073273206,-116.80241537320977,-116.93852015973395,-115.35161475098552,-117.64044166207493,-116.65234625079493,-117.37726546606717,-116.79619103759218,-117.12776929887431,-117.64020309678432,-116.29726565546612,-117.63377599287539,-115.86746766741557,-114.3207315325268,-117.8166944695366,-117.66660904939069,point1,-116.88110030070851,-116.80241537320977,-118.84342498882705,1.0757417028131262,0.3706141425639558,0.01266715498586235
HDOK,PLOK,17472,41,41,-130,-14,11,2,33,-118.15461837536793,-115.52325398418867,-117.60252778593153,-118.39159916277329,-115.67734586114994,-118.67725256327552,-114.73509457487027,-115.3576762206076,-116.685770457064,-116.90525099119054,-117.13491528327557,-117.26114677687401,-116.1646697563995,-116.0292436158396,-115.70557666229327,-116.57375487901636,-116.75467955918552,-117.80414144123303,-118.03379511015268,-116.43875985018686,-116.32672890791832,-117.11295624141353,-116.56760306926266,-117.38530293140009,-116.49581342640657,-117.43004556083665,-117.00350022786904,-119.47710439087192,-119.31522570463734,-115.68294271239606,-116.89782748052754,-116.67781570784841,-117.17735922663388,point1,-116.94428177269386,-116.89782748052754,-119.47710439087192,1.166666385581216,-0.4191546975907734,0.17720417029876145
HDOK,PLOK,17472,41,41,-130,-14,11,2,33,-116.37039021870551,-115.74092560019952,-118.29980977982157,-117.2554073619744,-116.35881211858985,-117.04843368816844,-117.44770770881448,-117.34367151529948,-116.8762387221913,-116.05666711511466,-115.98556590746283,-116.37984643904196,-117.39294860194937,-115.94318683519826,-117.50593812905115,-116.70151354586113,-116.62058112845416,-115.99170775717226,-117.95074318178612,-117.2406530054929,-117.42131560457109,-117.81836221432053,-117.29156401015527,-117.18499514200106,-116.48332013889026,-115.95430838626478,-117.18361442542256,-118.03403888427873,-117.37913913753147,-118.94150981984257,-118.85992689515098,-118.32375190942007,-115.64005209715911,point1,-117.06141354622297,-117.18499514200106,-118.94150981984257,0.7516893752809226,-0.2927010748566186,-0.5099229538024161
HDOK,PLOK,17472,41,41,-130,-14,11,2,33,-117.2323807051841,-116.37513642090218,-118.09623011745097,-116.7273306020877,-117.09312032754974,-116.19763113068335,-115.53356250594999,-116.61801633476736,-114.92177296634078,-115.64695617689313,-117.37693309360787,-115.22767132606623,-115.55309813090213,-117.62559848477494,-116.07875277691228,-116.77178277482389,-116.09771567892709,-116.38233030299254,-115.90311174467047,-117.37232344839512,-117.74977100568772,-117.66299644975416,-116.99801687858253,-118.32525106620005,-117.5164657364967,-117.1210701105163,-117.11824062961433,-116.76364733785962,-119.01920720701811,-117.11398812363942,-118.74087019802292,-118.34006580610638,-115.65226091693894,point1,-116.87737292473695,-116.99801687858253,-119.01920720701811,1.0112557720913702,-0.11033727310748208,-0.501920950931777
HDOK,PLOK,17472,41,41,-130,-14,11,2,33,-117.21025252629168,-116.68769794571281,-116.49909532716319,-117.73944168968744,-115.90046521663034,-115.36628546492472,-116.45386788499826,-116.53853291658967,-116.13698807721653,-116.21237567279019,-116.34545732598833,-118.4666981772932,-117.42378642008171,-116.88495368625853,-115.90593804601068,-116.5722546717247,-119.70007139359998,-116.34708321893166,-114.9599950498358,-116.20563608970409,-118.1407826121969,-114.85950160490312,-117.1962301704641,-116.1591818398825,-116.79530879054683,-116.91105155639904,-116.7620949916433,-116.32390559172264,-116.51614370765158,-118.24934735265768,-117.32020697729375,-117.62897302857428,-117.20078081100567,point1,-116.776375328375,-116.5722546717247,-119.70007139359998,0.9463871781521198,-0.6679094324595294,1.4986130037499925
HDOK,PLOK,17472,41,41,-130,-14,11,2,33,-117.58293605677656,-116.83286187989829,-116.32781671809249,-117.67856544946716,-115.12746680435104,-118.29989776210343,-117.05577829873414,-116.23797140436947,-116.89567253410348,-116.76770263342559,-116.98793523120361,-116.87177699959538,-117.37617323673369,-115.82639340867117,-114.26956493861326,-115.76041508076659,-116.7769678359284,-116.12923687420337,-115.7901818961511,-115.72734472036097,-117.14206163390686,-115.52963656581439,-116.08457657324371,-117.632588055361,-115.87575196557958,-115.5419768928841,-118.36209177441003,-116.09237603460208,-118.34046255256688,-116.17047335598296,-115.7973689947091,-117.0015440612177,-116.6559479128554,point1,-116.56210654959646,-116.6559479128554,-118.36209177441003,0.8713455008484667,-0.04760095267680516,-0.00451558915604533
HDOK,PLOK,17472,41,41,-130,-14,11,2,33,-119.18510672792075,-116.577369457795,-117.22959655037631,-118.8738565973337,-118.17540790299898,-116.52327841404681,-116.00962670496563,-118.19717342365614,-117.41871461787169,-118.42500978252912,-116.17135390610835,-116.8415374518716,-117.86580749235348,-117.07979389034769,-116.58262305475294,-116.44330218725273,-115.69630596725452,-117.19097870953054,-116.35354761122599,-116.986011370933,-117.69215971422729,-117.34799130388795,-118.49298877867798,-116.85517472907071,-117.75749572363387,-117.99418230878148,-115.77956492599817,-115.80008715974725,-116.61561385192608,-115.22447111439968,-117.03730837002904,-118.33982529084216,-116.55148617223128,point1,-117.13075003832056,-117.03730837002904,-119.18510672792075,0.937203577764025,-0.19449343037563552,-0.6206417677078266
HDOK,PLOK,17472,41,41,-130,-14,11,2,33,-117.55004472800735,-117.4719796014432,-116.41695806819115,-117.72252813367686,-116.15027440044261,-116.04057910928837,-117.8427310555148,-116.46162606242885,-117.05493419822788,-117.07730451712334,-115.3704625970942,-115.43503618406827,-117.03454040947221,-117.86827805734364,-117.55351738024554,-117.71845191969143,-118.73195762788701,-117.49274437653204,-115.98999582121533,-118.63146807976757,-116.98852476739286,-117.20024921000146,-116.29576120932391,-116.51766381247016,-115.98780734256893,-118.4204749924504,-118.95486963191325,-114.8905443297907,-117.39306794932104,-117.949917633841,-117.56138034213569,-116.91437226782038,-118.04063663499869,point1,-117.11305098338454,-117.20024921000146,-118.95486963191325,0.962673109314224,0.27180355758027636,-0.3654391525830203
HDOK,PLOK,17472,41,41,-130,-14,11,2,33,-116.69159068585121,-118.4394910157046,-116.29658378630525,-116.53544425220014,-118.74746688271371,-115.6223461610577,-115.41617047234611,-115.20286173251841,-116.3853821453251,-116.98875875797626,-116.2755592493027,-117.41178666760416,-116.1551608961995,-115.84848231279918,-117.38033378643597,-115.45240401456621,-116.57231397394773,-115.58148311913304,-117.80319171670764,-117.26134302162981,-116.65544458971195,-117.64738135599679,-115.68059491439536,-116.34949896646367,-116.88719242897015,-115.26191483569716,-117.16579580584317,-116.53454715358865,-117.88465745980598,-117.96983741629788,-118.23148218995641,-116.00779076365819,-115.35329456636232,point1,-116.65750263930524,-116.53544425220014,-118.74746688271371,0.9446156172746862,-0.36066520731307555,-0.7684786712343121
HDOK,PLOK,17472,41,41,-130,-14,11,2,33,-117.12477441166328,-115.77216814642956,-118.18514497709005,-115.9378382165291,-115.75033491011239,-118.1443706044188,-117.35368309178848,-117.02761269431625,-116.82156094112591,-117.21264414279106,-116.71934883030862,-116.32686535258765,-117.44257398207313,-115.60562984957453,-118.02183312695311,-118.11598111622196,-118.0828984112715,-116.68359747306305,-118.05674812044911,-117.58791284487252,-116.73751419641552,-118.21399213398963,-117.13493317560905,-116.04594082104178,-115.3333399157427,-115.71169294884537,-116.64834818002052,-118.00347574458455,-118.38207215405978,-116.37599109947885,-117.89761321569135,-117.79091921191734,-118.0240690223533,point1,-117.09919463828452,-117.13493317560905,-118.38207215405978,0.8279022528796505,0.33861026026678614,-1.1758983120359674
HDOK,PLOK,17472,41,41,-130,-14,11,2,33,-116.88442455872858,-118.49917019162685,-117.71457992373716,-118.63242873578706,-116.46196513596465,-117.69814381509218,-117.63509998548629,-117.24048481291219,-116.32886229384741,-118.34380663609248,-116.30207001459344,-115.4674566034994,-117.87882089839474,-115.48318015047025,-116.16873321570377,-118.22556548598527,-116.36752742647727,-116.4419899430731,-116.68194737737586,-116.57640044490007,-116.60423266168392,-118.00263447556013,-116.83909786148884,-120.3660332291954,-116.94836503466,-118.82416988580246,-116.67752375890858,-116.32389597578904,-115.61063245397949,-117.23734146617235,-116.79855278258516,-118.52355271816675,-113.82437422344162,point1,-117.07918376294491,-116.83909786148884,-120.3660332291954,1.4745454778686893,-0.11902001346749924,1.2393585380431031
HDOK,PLOK,17472,41,41,-130,-14,11,2,33,-115.99993144550848,-116.68821336725924,-117.79226242862987,-118.21908416914027,-118.03852836214381,-116.53949869649108,-117.25694876230249,-115.70320434291332,-117.7611191705253,-117.22549381028142,-117.23753109748715,-117.22357329116485,-117.01302314787992,-116.54944899427318,-117.57957189873719,-115.44367104677832,-116.04021051721216,-116.16699926951661,-117.89493169977243,-117.2735227900033,-116.12316132793885,-118.36595525376894,-114.96889667440053,-117.49962826473333,-118.79806625466463,-117.06077332697602,-117.51551892439637,-116.21422521667641,-117.62111960155325,-118.14258481914301,-114.62884847657821,-116.98942539223243,-115.80251868677041,point1,-116.95083304629858,-117.22357329116485,-118.79806625466463,0.976838238505521,0.4359683184277477,-0.31247658951789337
HDOK,PLOK,17472,41,41,-130,-14,11,2,33,-116.17268758488943,-116.75156260307405,-117.51040563804439,-115.75736311484125,-118.42754992448059,-116.21758848035056,-117.58777545186582,-117.42882063301865,-117.62378336974656,-116.73862199440458,-116.40594063324409,-117.69910105869863,-116.25359538656656,-116.01420466327643,-117.88526096852132,-116.50757270641398,-116.66885711318484,-116.78658472976436,-116.34111789723264,-115.98335054133902,-115.42403445580274,-117.94940328546325,-116.88164029995814,-118.16593156392179,-117.6072395383781,-117.26240070239841,-116.93747858000512,-117.4301151422959,-118.52966798358489,-119.1130308788397,-117.39341746472105,-117.63335084935903,-117.84504184699398,point1,-117.11922718438426,-117.26240070239841,-119.1130308788397,0.7332713229063109,-0.1308501615438254,-0.45961433471188995
HDOK,PLOK,17472,41,41,-130,-14,11,2,33,-117.33036229705506,-116.51782675862272,-117.18193426437715,-117.83069152304401,-118.36971287826479,-114.91213769569544,-118.05494071203023,-118.11669406424663,-117.20248466474409,-117.09754520477775,-115.947629321006,-116.55487882596604,-117.13945189620878,-118.91633807712276,-115.81679592293625,-115.9594539342625,-114.91182815806883,-117.13565556775274,-117.18178888552632,-115.92691840245787,-117.34538077702592,-117.63864298592061,-116.2742782448751,-117.29373393823369,-115.65957836099726,-116.65846899833919,-116.63749446027956,-115.67774755453722,-117.059129826373,-117.74041381204431,-116.06747295957844,-117.1688885293302,-117.53586498976891,point1,-116.87461104519603,-117.13565556775274,-118.91633807712276,0.8759215680889312,0.19189857977104277,-0.21716109853303056
HDOK,PLOK,17472,41,41,-130,-14,11,2,33,-116.45143256051882,-117.84087347950589,-115.1684954020985,-117.06796374860481,-118.95388451388945,-116.63028637851328,-116.98525334163493,-117.52302503553794,-115.28434058935257,-115.59574239469195,-115.92073541328153,-116.59295219159543,-117.1433823926116,-118.40130061992843,-116.07811733398633,-117.03909136067365,-116.82588168938054,-115.57598284532666,-117.84829502223074,-116.41319770507997,-116.60771091524309,-115.63618095784624,-116.65419890653858,-117.23602740988905,-117.5650718721395,-118.99721651750313,-116.63753866313381,-116.2412779852922,-116.24632959520713,-116.21486789970417,-117.4478605498545,-116.79751321377508,-116.87638027360371,point1,-116.80298208418705,-116.65419890653858,-118.99721651750313,0.8534405152824467,-0.5352275749756763,0.310376916082562
HDOK,PLOK,17472,41,41,-130,-14,11,2,33,-117.42974045767492,-115.44516334558568,-115.98493913351734,-117.88108012584325,-117.58397008858081,-114.8610768433513,-116.66053158402953,-118.50401158805496,-117.55074362117173,-116.55212669994164,-116.10985809856358,-116.16838445944076,-115.82787496041068,-116.75791753017168,-117.44820097853871,-116.17212583990393,-116.93549924420839,-116.4637927301904,-118.53419385321591,-115.91236560522697,-116.76131240860423,-115.78217277334579,-116.75107848548967,-118.39470505801452,-116.60359188762905,-117.36482199404983,-116.82970173418626,-117.19904221447284,-118.53775236151141,-119.36887637996509,-115.95127749419856,-116.4745790938174,-117.64589194610515,point1,-116.92267880663674,-116.75791753017168,-119.36887637996509,1.0095525016243831,-0.4105740134598759,-0.1095110908548591
HDOK,PLOK,17472,41,41,-130,-14,11,2,33,-116.43318650550832,-115.28177110113513,-118.17342713031424,-116.2894977161256,-118.54547393328161,-116.2555524163591,-116.3648298456158,-116.27987003621038,-117.56502740949894,-118.06378582180989,-116.76835976657594,-114.62787521687264,-115.80904817187756,-118.01452495104772,-117.1152198622955,-118.04572352496699,-116.77955820537889,-117.45783935426128,-116.55757014946214,-117.59764781864776,-117.01609715002503,-116.59560172038901,-117.57956663994216,-117.53196311364329,-115.87257887670374,-117.44254307132755,-116.37876003597864,-116.88793999235477,-118.31418128271828,-117.62559633040514,-116.78792744958865,-118.98089814482107,-118.2026103160491,point1,-117.0679410018543,-117.01609715002503,-118.98089814482107,0.9256539307291536,0.29035071517444455,-0.03641084051839805
HDOK,PLOK,17472,41,41,-130,-14,11,2,33,-115.78545214690106,-117.13816910079578,-117.03907376443316,-117.40147187955377,-116.32286548294287,-117.84010152031752,-117.67347192215482,-115.1252713434785,-116.19365722314997,-118.0467849888028,-115.92857594578962,-118.63064507601271,-117.40324029985082,-116.98517544581254,-116.53732638548232,-115.88660692780125,-115.21124994676103,-116.86630092026633,-116.2773423304157,-116.341127096775,-114.87737220371477,-116.5989977990555,-116.54800706196828,-116.40564487934252,-116.91256583052422,-117.41886736215673,-119.04978327202723,-116.9690869073811,-117.44229546074861,-115.35592659673668,-115.17948666719342,-117.0142862261708,-116.47543871096505,point1,-116.6933839007722,-116.5989977990555,-119.04978327202723,0.9432735336950205,-0.20819371576975154,0.038978120517807024
HDOK,PLOK,17472,41,41,-130,-14,11,2,33,-117.30730275395804,-117.06439403507581,-115.89897017547628,-118.86619425093816,-118.09766966108297,-117.40728714110763,-117.56840854976602,-116.87750991827878,-115.67843402594347,-116.4976901995878,-116.48767563656011,-116.80152542629214,-116.56976864266053,-116.72875006711652,-117.61431931015262,-117.9279151369683,-116.92264671329191,-116.81253308722668,-116.8019617745929,-116.93985232440639,-117.00203085135708,-117.08578470745309,-117.1604031957842,-119.43819877931868,-117.98692544582971,-117.8242151515677,-116.98369654784295,-116.1270112671144,-117.78442006585313,-115.44565961302662,-117.52351189008297,-116.11004590627702,-115.50310635132591,point1,-117.05593389707022,-116.98369654784295,-119.43819877931868,0.7579578590338585,-0.4365696321242461,0.7741025307710641
HDOK,PLOK,17472,41,41,-130,-14,11,2,33,-117.75332454633403,-118.15679637156914,-116.32407734829184,-118.47601182659182,-117.57911527995724,-116.42318741859492,-118.94901164777929,-115.31717045408409,-116.8262177904925,-117.888233142493,-119.12785405993236,-118.10319358889728,-116.64228330256812,-114.81076739561821,-117.04660069577612,-116.33120517042977,-117.45816096895045,-116.7648095698996,-117.94503625522073,-117.30725025017865,-115.70750694978646,-116.96997290036278,-114.99962212501744,-117.930317081885,-116.56598094955088,-117.15767842878915,-116.72356445461335,-119.07142889786216,-116.16321727775069,-116.20791247905962,-117.52435265633422,-116.56940824259156,-116.00805905697037,point1,-117.05543419952222,-116.96997290036278,-119.12785405993236,1.1762441984420515,-0.007205683752146414,-0.341852782723298
HDOK,PLOK,17472,41,41,-130,-14,11,2,33,-115.95334252437016,-118.33713215628536,-117.91941425097878,-118.8945403724166,-118.32782483318557,-115.59886079325678,-117.01662369814079,-117.16838888367542,-116.31950871680837,-117.60439436161242,-117.15280209051384,-116.83676781428332,-117.51842753474382,-116.96521284008325,-117.02924211728649,-117.1678338425787,-117.34910978010038,-116.25065430540201,-115.7909619368804,-117.87206547964806,-117.43353710108866,-116.52611141202799,-117.00336652627936,-118.07694504441224,-116.65870990467312,-116.68123954101137,-115.13814541948427,-118.2681474055676,-118.48918993401288,-116.65844738690078,-116.09494345587136,-115.85370242626925,-116.94857528817303,point1,-117.05770209630371,-117.01662369814079,-118.8945403724166,0.7994350961851125,-0.007210043769074516,-0.4604794282241458
HDOK,PLOK,17472,41,41,-130,-14,11,2,33,-116.08753230751309,-117.51900676662673,-116.68173780157224,-117.42589792471816,-119.03451779514099,-118.21115513231588,-117.11020790676022,-115.89671552668663,-117.73338341897495,-118.67685397238068,-118.30629035791449,-116.64430428218145,-115.41995774787492,-119.01551292076257,-115.79611504871211,-115.38502941298255,-116.85066276363531,-115.32683776592349,-117.03074737539627,-116.06763586946641,-117.23410853831498,-116.44000074968054,-117.13820962128032,-116.99986551030857,-117.46520070056872,-117.4258226316784,-117.77249771894357,-116.03178990479535,-117.35849896394264,-117.2959119542069,-117.97961986868117,-118.5130485575828,-115.51484568283101,point1,-117.07240977273803,-117.13820962128032,-119.03451779514099,1.0766136663905823,-0.03993291437144014,-0.7379569100109298
HDOK,PLOK,17472,41,41,-130,-14,11,2,33,-116.12288904787874,-116.19154502747556,-119.24874567584489,-115.92254339679249,-116.50204857132172,-116.12870969091111,-115.70288881533655,-116.47313683073381,-116.94262680562072,-116.09772362446974,-117.49651797904801,-117.68865779991552,-117.03807891913868,-118.74023023276513,-119.18958473704902,-117.5052732038121,-115.80808454894895,-116.43138895696822,-115.8626055579832,-117.88021292523453,-115.46087107583246,-115.01640812731691,-116.26950823873106,-116.86528588114413,-115.77268331795283,-116.48672915067327,-117.1484487573064,-117.3180019486019,-116.67094405925785,-117.35502970437707,-116.21843587092756,-116.42180746187218,-117.09789807862224,point1,-116.75986497029889,-116.48672915067327,-119.24874567584489,0.9718866894759045,-0.9236024921321212,0.7818694002291573
HDOK,PLOK,17472,41,41,-130,-14,11,2,33,-117.10122348587674,-116.46748709410961,-118.32801336845205,-117.40183719900016,-118.25260384672494,-118.60662942122464,-115.2933260505006,-115.68880211264188,-116.51652247923377,-117.10405890492194,-118.47559335832365,-115.85551781043903,-115.20333548390404,-115.33197032248043,-118.51880022659113,-118.0589538725028,-117.68604911531473,-116.3515243865597,-114.71318449687512,-114.92416710396513,-117.62828997270226,-116.22356193400827,-116.05664950995488,-114.99598656214248,-117.53972529723035,-116.96121369561344,-117.664594115568,-117.31578963915044,-118.44379754330348,-117.63745305629551,-115.43277533487691,-115.88851362305685,-116.58833317170294,point1,-116.79564495743175,-116.96121369561344,-118.60662942122464,1.4034199683017938,0.11142825580316128,-1.237867608656051
HDOK,PLOK,17472,41,41,-130,-14,11,2,33,-116.38878034805339,-117.39215309241443,-118.08495925444718,-116.31290528237626,-116.52208979114766,-118.1455660810126,-117.55642943222303,-117.33653857813542,-118.3605663269636,-119.53017783373508,-116.91975463912895,-116.49368583713672,-116.00500270157383,-116.97678836028136,-117.40191056898533,-117.08457017677436,-116.62242736962523,-114.9678803596444,-117.84892097589089,-119.21038206731956,-115.35890053837849,-116.32981157093357,-116.9187821806467,-119.29681265746099,-118.07826064489687,-117.01952675462734,-117.29235985022818,-116.4926387059855,-116.0569332078067,-117.34811305152338,-118.44245085408488,-116.11988006290669,-115.23232597096141,point1,-117.1257056099185,-117.01952675462734,-119.53017783373508,1.2149384352209742,-0.2936349006888056,-0.11434965115103601
HDOK,PLOK,17472,41,41,-130,-14,11,2,33,-118.33982091911331,-117.62940206324384,-117.69028404425285,-117.31398621602646,-118.81707957322605,-115.95777892853131,-118.34085652971493,-116.12496153845093,-117.65201702018663,-116.86253986844655,-116.27238012121141,-116.1311080599812,-118.23956018697004,-115.57300050952598,-116.98044228659293,-117.57222581148824,-117.77435884647785,-117.64577095052802,-116.76564624951824,-116.70412310904696,-115.70990987993041,-117.77090803537635,-117.85496769559428,-118.06490493069253,-116.11836790474723,-118.6986244395268,-116.19047002538228,-116.60287747905224,-116.62788315970299,-117.54872075532538,-114.1564876288629,-118.32023770550227,-117.46951799200264,point1,-117.13700668073432,-117.46951799200264,-118.81707957322605,1.0598356457593086,0.6530200606072202,0.45093763010657106
HDOK,PLOK,17472,41,41,-130,-14,11,2,33,-117.0041864741672,-116.11132022635357,-118.56876007181785,-116.84719042572553,-115.74737212813467,-116.27209761423089,-115.72362913694214,-117.94012322738543,-117.78161250729916,-116.26372522973011,-117.6119466572096,-115.34701721956743,-115.5496532834239,-116.66838008225693,-115.57109428972764,-117.58804298248329,-118.1655646231252,-116.62107984683522,-116.39079488931313,-115.84928328707318,-117.41083197674618,-116.33084413109219,-117.00575976424771,-117.55273225005071,-118.42287240866125,-118.27243623950834,-118.29853446227847,-117.16963057580311,-115.56348670204106,-116.91955986608717,-118.05024354927012,-118.06187041009198,-116.41528980056326,point1,-116.9423323133104,-116.91955986608717,-118.56876007181785,0.9320540478965658,-0.03237084496644727,-1.2643606196794352
HDOK,PLOK,17472,41,41,-130,-14,11,2,33,-117.22962364796275,-117.68125658827351,-115.61897949977796,-115.588582615542,-117.33022799592358,-116.7145301317075,-118.3564450999127,-119.36796388745563,-116.0934851994615,-119.80474559565417,-119.51530558141161,-115.83277833355436,-118.30196427533747,-117.52033237973544,-117.73975829307935,-118.05615695250576,-117.1084307162388,-118.42315140506375,-114.44789465356227,-116.54051585675123,-118.76589444247439,-115.39194099190036,-118.21433513818499,-117.32565369742113,-116.03648715946001,-115.56632426899031,-117.11729981077136,-117.82424491466286,-115.4213291559723,-118.17423375833232,-115.50301457502383,-116.77466043510667,-116.76028212703842,point1,-117.1559948237652,-117.22962364796275,-119.80474559565417,1.7333484738763327,-0.05165482304350514,-0.6510729892501317
HDOK,PLOK,17472,41,41,-130,-14,11,2,33,-115.30008588282473,-116.90150365304048,-118.34217712593986,-115.94910255662988,-117.24141261156029,-118.1654887056142,-116.25145793611581,-117.80561504226277,-116.82862285741137,-119.55596408762575,-117.16431183531535,-117.1581163464806,-116.92735068477192,-115.76258410839506,-115.98557525693785,-116.08782730231346,-116.45489613420997,-117.33429634845751,-118.00459223906886,-115.85877630605293,-115.99377702892342,-117.77788667505058,-116.58428614986296,-115.14065140820883,-117.25668618179479,-116.82851419238163,-117.66177462793048,-116.38176006653181,-116.56598226863076,-116.74507394130639,-118.15365481923428,-116.55265209916372,-116.74671893867685,point1,-116.89300531571894,-116.82851419238163,-119.55596408762575,0.8726494532776387,-0.548795097698054,0.6356109677851371
HDOK,PLOK,17472,41,41,-130,-14,11,2,33,-116.07732896391309,-117.99995323723932,-115.13164228021905,-117.41896742565106,-116.78203574533904,-115.78869475910693,-116.19824286588981,-117.80911293353722,-116.00185240172405,-117.22303061079214,-116.59612095231896,-116.2212059204422,-115.01715536417042,-117.18961906967634,-117.99169940043333,-115.86880946295811,-115.39497472921906,-116.42793739153609,-116.57347391496099,-116.74097786469598,-116.45986013804969,-116.41907742403768,-117.30578042732867,-116.6454613998908,-117.55753715659048,-118.55136307356356,-116.24863241699636,-117.06465825325792,-116.67062791843695,-115.97063245483325,-115.88735477754065,-116.02068660277115,-115.36251677287663,point1,-116.56415224575748,-116.45986013804969,-118.55136307356356,0.710331142988348,-0.3424926612032427,-0.2310948089796745
HDOK,PLOK,17472,41,41,-130,-14,11,2,33,-116.70993341380715,-117.24411682990566,-116.55985881445119,-118.82314414878266,-115.77299783273001,-116.84837111372147,-114.32335988083787,-115.97733566527785,-114.75678984494127,-117.71728465963342,-116.0555098357634,-116.48093353405268,-117.60213761109871,-117.0321712902465,-116.9857231125865,-118.85242500392191,-116.82801687751628,-116.04248305967957,-117.47362138615587,-116.38485050773564,-116.36158558198929,-115.25541342395097,-117.10905812100746,-116.67953379910303,-116.44615734420239,-116.83791833065567,-115.28758828002213,-115.39607412721669,-116.3484315780299,-117.17672895932932,-116.34474307706114,-117.43559144477466,-117.58301615252039,point1,-116.62826983765784,-116.67953379910303,-118.85242500392191,0.9609369044628274,0.02037015584629781,0.6369736263398802
HDOK,PLOK,17472,41,41,-130,-14,11,2,33,-116.50464164816587,-117.85605867973169,-117.27385779276167,-118.14507722689041,-116.22619871995394,-117.16212540763496,-116.1932720524156,-119.23951913725669,-116.79749150967308,-117.58588247122631,-117.31003467508523,-116.94175823351954,-117.7241390750876,-117.50539695547424,-116.52848865385388,-115.92019000278376,-117.40139979249402,-117.72925540949916,-116.03532153387643,-116.35180536240237,-116.31893790351279,-118.11168835739146,-115.9427830766478,-117.76351575423801,-116.51059071929893,-118.70063368920596,-118.28204047908545,-116.88353264900147,-117.92904321664527,-116.61451631432053,-116.46889284812886,-116.55211539651037,-117.74341973016986,point1,-117.15920074163465,-117.16212540763496,-119.23951913725669,0.6894313556759623,-0.44783969905334664,-0.43051287881401157
HDOK,PLOK,17472,41,41,-130,-14,11,2,33,-115.06480578539309,-117.16746213688603,-117.08805613659194,-116.91861351506024,-117.86772057567576,-116.82267756346018,-117.15736257962695,-116.11288020286746,-117.12227569154574,-118.56151666944487,-116.76464182884175,-117.19680119932916,-117.26058164882461,-116.47293302703706,-117.45555179501449,-118.6440518367519,-115.28026882797205,-118.38386778514736,-115.50876628615859,-116.57208666827565,-117.61634980742336,-114.90338543815857,-116.86398861289572,-115.52312497000254,-119.04490380694251,-116.97397313044596,-117.87802236389523,-117.90838150355083,-117.8357394951781,-117.02352914634176,-115.79780321193563,-116.63145385052361,-117.89513313567355,point1,-117.00965788584463,-117.08805613659194,-119.04490380694251,1.039350136803784,0.2582572770650385,-0.2667846297805765
HDOK,PLOK,17472,41,41,-130,-14,11,2,33,-116.28491706461384,-118.22967729439803,-118.05091602885823,-119.48120137945857,-116.56103821628636,-116.20067117963613,-118.08829652349142,-116.0366243794633,-115.33773868786125,-116.00143635469097,-117.03817531951589,-117.01761496084336,-117.37604439376543,-115.82647290050825,-117.95435750763534,-115.98103072475375,-118.31219242985465,-116.10194544433298,-115.95279164835691,-116.5870229829932,-115.4610139876879,-117.28410910422593,-117.65061346730349,-117.4966705037541,-115.89800464207948,-115.98289140352954,-118.01766121555694,-116.01775608708978,-117.86618831031572,-117.98745873949385,-116.04584072890388,-116.67786330797249,-116.68597391089907,point1,-116.89370335848879,-116.67786330797249,-119.48120137945857,1.0026475763134062,-0.5210168899617015,-0.5102909048233801
HDOK,PLOK,17472,41,41,-130,-14,11,2,33,-115.59556497491998,-116.98817805980276,-117.6038228499317,-118.837381047613,-116.08875876624188,-115.12642171136662,-119.75097984624371,-118.02841361336428,-116.65141181910822,-118.02988532841476,-117.27839559053236,-115.4961012388039,-116.0310993053195,-118.3224706201112,-115.72578850477356,-115.66848063910629,-114.39442131942619,-116.19272028103208,-114.1153711249673,-117.06634220181898,-117.65249021650138,-116.37885217495045,-117.57211983271871,-117.82301047893894,-117.15248311610274,-116.11337300564881,-116.85794645107342,-118.05336022439131,-118.62850572805489,-116.66537837507472,-117.08048236914387,-115.7277747752685,-116.79360492907341,point1,-116.83307243999515,-116.85794645107342,-119.75097984624371,1.5551103758299971,0.000424507822413748,-0.0437381568293449
HDOK,PLOK,17472,41,41,-130,-14,11,2,33,-116.01856463547935,-118.28692229156296,-117.22590997870272,-117.48554184530222,-116.16222111570032,-118.92947448236022,-118.00995870463244,-116.83363939307905,-118.9274104725531,-117.38292266602099,-116.83099486899255,-116.29622428470054,-118.15809870862094,-116.7813486997311,-114.27586011538719,-116.85032682601421,-116.60251290267767,-117.53904399006142,-116.23676697538691,-116.67347257453183,-115.54544480800112,-116.95374234920581,-117.98465133582303,-117.13662486409335,-118.29562251940185,-115.94084285029629,-117.35771526159755,-118.50416345346727,-117.4460254141334,-117.70671612807763,-115.05689083223926,-117.88920055230898,-116.10103409803128,point1,-117.07351181812652,-117.13662486409335,-118.92947448236022,1.1189576521575981,0.43008170321123407,0.22155563954792612
HDOK,PLOK,17472,41,41,-130,-14,11,2,33,-116.44751726872941,-116.05867610779099,-117.96619971523884,-117.79561391725032,-116.05614018275233,-115.7999875356844,-117.79708061207116,-117.66822136103542,-116.30318991618806,-117.74377625520792,-116.6555489815003,-117.31802003343948,-117.12595461753088,-115.39337932814259,-116.2755590272539,-116.00288099074552,-116.2108420129517,-116.89120577324469,-118.76024725108175,-117.39879332540791,-115.69227152263663,-118.04257973318975,-117.57208442904762,-117.96779016096185,-117.84831669212706,-116.66178415149763,-117.4044069830633,-116.54635017631853,-117.55082673361814,-116.96994684498266,-116.63947057891747,-118.55654322641284,-116.14221192146101,point1,-117.00798234446914,-116.96994684498266,-118.76024725108175,0.7361408277267922,-0.07166543826499737,-0.9295308680603691
HDOK,PLOK,17472,41,41,-130,-14,11,2,33,-116.39941481764349,-117.27028905968443,-117.57400421029476,-116.43615878957921,-116.42543844104517,-118.98835650219822,-116.222693100274,-116.28501029664866,-117.72520737406433,-118.29376167006053,-117.21526701138276,-118.63596409685908,-117.39407237767804,-116.10111963533247,-117.31404865499154,-115.35498604984163,-116.67741048971256,-117.40001051402146,-115.66767812997527,-117.16739558150377,-118.38607449789336,-116.71153361224358,-115.9417792393461,-115.98610607798759,-118.12498556568846,-115.88082960895643,-118.0205275014414,-116.2651503099768,-117.4851629805303,-113.89242258213508,-118.26257816148515,-116.80109527817766,-117.32032752566238,point1,-116.95838968922169,-117.16739558150377,-118.98835650219822,1.1230688886449711,0.42598670598455174,0.6748898053170569
HDOK,PLOK,17472,41,41,-130,-14,11,2,33,-117.01311608731142,-116.80078961999342,-118.79938988473012,-118.31192371665031,-117.14822844059057,-117.42241015953742,-115.70195184020153,-117.7572825799588,-116.12979814860628,-115.43449801732896,-116.15986108328619,-117.35465016266942,-116.50770315260608,-116.33308831739475,-117.57135291791776,-116.42440343781514,-117.08009354867048,-115.52439028914912,-116.36676804887844,-116.42703349464342,-117.04870727286155,-119.03613517491344,-115.64253055178031,-116.75002021196055,-118.200417663913,-114.93993554365147,-117.39358278819485,-116.64930126851772,-117.17330613621435,-116.85509289774508,-117.72463432773763,-116.90078156303824,-114.98982859572423,point1,-116.83554566497551,-116.85509289774508,-119.03613517491344,0.9547191418206263,-0.14173639096770485,-0.030536541469710965
HDOK,PLOK,17472,41,41,-130,-14,11,2,33,-118.75610808955469,-116.63633366562202,-118.04241088354493,-118.43532390876622,-117.51391860969757,-115.91526448412186,-116.57851245841132,-117.61912793315251,-116.43536450930048,-115.91819421452347,-114.71019468634354,-118.56808611457309,-118.85252900590193,-117.24852106663329,-116.72418635397487,-117.21532877411796,-117.56453006937859,-116.51583866566203,-116.7647587730374,-116.69432332732258,-116.66186297143207,-116.47157580553474,-118.22256587436797,-117.68025095366389,-117.47114680145991,-116.9484555245381,-116.46322362450763,-117.48016900711322,-116.56511530215977,-115.31548715268579,-117.56816347368886,-117.73873759067075,-116.9926409340925,point1,-117.09964395786531,-116.9926409340925,-118.85252900590193,0.8647213028507218,0.21934432576017104,0.26570554564371074
HDOK,PLOK,17472,41,41,-130,-14,11,2,33,-117.95028783261452,-116.47083911012065,-116.36037249088814,-118.43834327248598,-118.01809244962392,-117.0147786457173,-116.5368314704121,-116.57330262708844,-118.42362067647343,-117.46279706298535,-117.2150533179227,-117.34174582344382,-117.23626018280127,-116.25318215910585,-117.42144367933102,-117.5047284563173,-115.91082656893984,-116.81777401556033,-118.28157030711107,-117.88301067544043,-115.0344047197762,-116.18586570795158,-117.79291401383884,-118.75398816489566,-117.3077363707212,-114.76928210352494,-119.01181338408655,-116.56233019728144,-118.11298270321838,-117.1490779541217,-116.9156813853611,-116.53224974096211,-118.69406142904597,point1,-117.21021965755057,-117.23626018280127,-119.01181338408655,0.9886509817973141,0.36712672267451757,0.06481891324955447
HDOK,PLOK,17472,41,41,-130,-14,11,2,33,-119.53102909987362,-118.25014742940476,-117.4683255911332,-117.96607158169127,-118.31567240089795,-115.55210526378389,-116.03326401912432,-118.02986731038509,-117.3359784628603,-116.72854892265293,-116.06946270645857,-117.11206041338417,-117.36038720921655,-115.86550927822675,-117.55499034280113,-117.3336231758755,-117.10018154375672,-116.60441352713694,-117.02932887935697,-114.68949891716743,-119.03348770896108,-117.69783060112397,-117.26620356330216,-117.2928056467138,-116.53462685554001,-117.29266107300953,-118.41330566682576,-116.09634978815474,-116.94335147544408,-115.35107310731502,-116.035606643417,-118.42226186794876,-117.98345016350886,point1,-117.16040849201372,-117.29266107300953,-119.53102909987362,1.1224022984326776,0.12007590807010905,-0.0009246604573203143
HDOK,PLOK,17472,41,41,-130,-14,11,2,33,-116.2751863832509,-118.83324778444242,-117.67767498119724,-118.57943073111271,-116.94352130793446,-116.80313673473965,-116.52637324537893,-116.78579190788037,-118.93098707296974,-117.2770271922533,-116.54840583723396,-116.42450655327512,-116.56616294589666,-118.03380976960037,-117.431283649262,-117.6348007597972,-115.76414876685766,-115.85304050755536,-117.38836923726933,-117.27061225568414,-117.21502848002281,-118.11432612824876,-117.45848077260978,-116.32050998669814,-117.38174867286908,-116.1418868532182,-115.74541456965623,-115.90300153708424,-117.37194472776271,-116.68840859810952,-116.38434350910903,-115.84355854666569,-117.41125832775867,point1,-117.0159826767698,-116.94352130793446,-118.93098707296974,0.7314385646958161,-0.47459937545506525,-0.3060695237013191
HDOK,PLOK,17472,41,41,-130,-14,11,2,33,-116.00375607081392,-116.62683654578144,-117.66525300196179,-117.20305362214559,-116.76911629664711,-118.54104105724235,-116.12644963799332,-116.80189734144231,-116.814222199463,-115.14804841369035,-115.99269955150443,-117.13765445276083,-115.69228790115898,-115.65223670666657,-116.40916953826297,-115.11860192487394,-118.06763704952286,-118.07188167042602,-116.02200934567006,-115.88566665026502,-115.90911727602982,-116.87037011933303,-117.86051263621101,-117.8078950505263,-115.77411017365297,-118.42465362402243,-118.72170492187179,-116.64293499395227,-116.72626272952537,-115.53213967169744,-118.39766835262863,-118.47593687169184,-118.31791049314207,point1,-116.88517381492659,-116.76911629664711,-118.72170492187179,1.155561885870432,-0.19551308395139536,-1.2201844874435954
HDOK,PLOK,17472,41,41,-130,-14,11,2,33,-115.7998073884631,-116.68210245829458,-115.86321307573365,-116.77927320939438,-117.68006083596681,-114.41141756652905,-116.65120191712991,-116.87731914755,-117.06134262477698,-116.92483761441362,-117.95827595283801,-117.00898367023888,-116.04303248984975,-117.37954403080542,-117.16092498822822,-115.7723285498547,-117.07879776747512,-117.09951449468092,-118.68519789295281,-115.99423063030693,-116.94185796518374,-117.45707269987373,-117.32863560417655,-117.2165103972859,-116.5408176688888,-117.13230936336439,-116.57770907630936,-118.14776146830145,-117.35510646909732,-117.5454422107961,-117.0100069602905,-118.39988487506943,-116.53096566470956,point1,-116.9422874766312,-117.0100069602905,-118.68519789295281,0.6713767806462744,0.5867719121941383,1.8108962272185463
HDOK,PLOK,17472,41,41,-130,-14,11,2,33,-117.01676043934434,-118.08892119395237,-117.59946973264533,-116.72126467515928,-117.82686173773666,-117.30513383300143,-116.97509424221114,-118.16886816461259,-116.36306305199804,-117.62909092567106,-116.13126148245628,-116.59374062687145,-116.30316243611762,-115.72609732815552,-118.09921324503746,-116.48089042105187,-117.90436302734906,-116.59565512757757,-116.88890984863906,-117.12485716855802,-117.19019893822558,-116.09430330836052,-117.06772312053904,-118.2669816322159,-119.8698806425585,-116.51492512222114,-118.41661967812954,-117.3548603842001,-116.63926225410471,-118.26573674313255,-119.06241987168727,-119.30972382886245,-117.82322148342496,point1,-117.37631926411538,-117.19019893822558,-119.8698806425585,0.9236042129901056,-0.6289229880692979,0.09075223775055274
HDOK,PLOK,17472,41,41,-130,-14,11,2,33,-117.6064147276822,-117.03990187931839,-118.01797494048039,-117.77677943106977,-116.9698425147453,-117.62373832667808,-115.81608670180015,-116.71473849322173,-116.86809178574306,-118.58595983956583,-120.23718067566061,-115.90478552460175,-116.12905013876733,-116.69911027331617,-117.01896599717298,-118.14582857940995,-118.29085026835013,-117.45505345443384,-116.07327497303025,-115.62614104745145,-117.52129389132514,-117.07711973162576,-115.86418237481281,-116.07731360088545,-117.5448165289269,-116.41462981596617,-118.55641173557466,-117.13952006008776,-116.62851495620978,-117.34741325624404,-116.74195438891253,-118.40248456814156,-116.19701665798773,point1,-117.15492245876362,-117.03990187931839,-120.23718067566061,0.985485272337888,-0.8175367543661367,1.1961568824856568
HDOK,PLOK,17472,41,41,-130,-14,11,2,33,-116.4662211090761,-116.91359337023086,-117.69052521995019,-116.33948635182944,-116.9081714159375,-117.96899101376113,-120.3561624503209,-116.23541049318014,-115.86249316530265,-115.69774487188396,-116.76647779112942,-116.28478781702125,-118.32904263773862,-115.56662447482213,-117.46021796620288,-115.61222326565928,-117.17666637092245,-118.3899820666096,-116.9133110482448,-116.17710604266347,-117.09641424962759,-117.34431660279269,-117.8107856639884,-117.0290736702901,-116.5539923810356,-117.08929579391503,-118.03929261582593,-117.73286911518204,-117.71726270777626,-118.09452562526212,-116.99444646707187,-118.15944373771362,-116.07633226063895,point1,-117.11676635859416,-117.0290736702901,-120.3561624503209,0.9767856595268269,-0.8609492368881304,1.899070246848249
HDOK,PLOK,17472,41,41,-130,-14,11,2,33,-115.81067861229961,-117.51246511666619,-116.35239525842071,-118.19466548323922,-116.64440255305469,-117.47244574920427,-118.13722349563304,-117.67817157570934,-117.0622315212316,-117.8691678133629,-116.31144756393176,-115.84701348400465,-116.77799020692943,-116.7627479097994,-116.6684997652347,-118.62343369011947,-117.1111019618742,-116.59286136304772,-115.26947757843001,-118.07904138991759,-116.37256970647651,-117.19193409124806,-117.06488960847022,-116.82836047906048,-117.33385062702665,-117.71355271059532,-116.72463456030498,-116.70599568502374,-117.02857844842873,-115.4923864144857,-118.6748996195656,-116.93885710465794,-117.76811434507559,point1,-117.04897228765242,-117.02857844842873,-118.6748996195656,0.6732783376333678,0.03918016233342717,-0.19451444616615854
HDOK,PLOK,17472,41,41,-130,-14,11,2,33,-116.24010498696501,-116.15999823757127,-118.52146718241168,-118.35411657419392,-117.07302758786388,-115.41727108231946,-117.66783223597594,-117.56036761988305,-115.81177952494208,-115.19716835704492,-115.6390157016783,-116.29680348770958,-115.9689151042207,-116.90162155517024,-115.4991118641353,-116.53915672173076,-116.12188019274038,-118.36949761252627,-117.82741774057914,-115.55986412503161,-117.4876547784873,-117.99767937209292,-118.36318155178456,-118.72032190219038,-114.52565245372163,-118.2839337181625,-117.63806185624239,-116.25468532401095,-116.42148463100258,-116.61962148208129,-117.82545635519507,-115.84076576746753,-117.8701488308636,point1,-116.86591107630292,-116.61962148208129,-118.72032190219038,1.2759596271652391,0.045149517393871345,-1.1529675937794739
HDOK,PLOK,17472,41,41,-130,-14,11,2,33,-116.03173122156495,-117.36721919625207,-117.29085016001619,-118.51352636376457,-115.55012300920205,-116.92669252146428,-115.80448113416415,-117.58173198746722,-116.38232805366842,-119.0949961745038,-116.96101603048943,-115.98422173414366,-117.20346207777645,-116.02486152939409,-115.34452620868967,-117.69010895921143,-115.92267315202892,-117.83356717583257,-114.84972639957134,-115.3694736986289,-116.03982426618131,-115.50342281971591,-117.26842821878843,-115.85403953794892,-118.0961341106836,-118.51072386110634,-115.38179697826536,-117.18228543315902,-117.88382955894184,-115.16687485744954,-117.99667061744402,-116.57116304532393,-117.33542097517295,point1,-116.74296760812167,-116.92669252146428,-119.0949961745038,1.2244653187812824,-0.18562421058243325,-0.9826329272813465
HDOK,PLOK,17472,41,41,-130,-14,11,2,33,-117.32757163279246,-115.47620486522577,-117.25544105669941,-116.2205273033064,-117.58971967269343,-115.63511604720014,-118.54196175427525,-115.71491126855832,-118.28398634913933,-115.18047535361669,-119.58675087726093,-116.72444041983496,-116.14430241534178,-117.34005071440679,-117.14724950915101,-117.73958843030127,-117.99911460070528,-118.58621083524426,-118.21816734413834,-116.78133145821532,-118.14813165041264,-116.08903824816379,-116.36617587244065,-116.45836943381629,-115.32975386880977,-117.92044951245657,-116.42145757583002,-117.979710252274,-117.03965658998813,-117.63895792171665,-116.37752934019906,-118.20200280802703,-117.31225971240038,point1,-117.1144428695346,-117.25544105669941,-119.58675087726093,1.1276666390579195,-0.03727979254380216,-0.5813229457088553
HDOK,PLOK,17472,41,41,-130,-14,11,2,33,-118.1621780320425,-116.81730448295791,-117.26430523749922,-117.23736650060528,-117.84117524945658,-118.639331913396,-118.8313180451929,-116.40443332364052,-116.15254635482636,-115.53160211907134,-116.48783828257747,-119.17748672352269,-116.04404741029475,-115.83216502041122,-117.21539645273246,-116.53186174913716,-116.97285471988896,-116.59830588699128,-116.89770738251522,-116.4217548218725,-117.57627507033395,-117.36121554206908,-116.34991289256871,-117.3659320899742,-115.59532306146774,-117.74383435943574,-117.91606225980239,-116.49008726388958,-118.49567250699208,-117.7228780811722,-116.50423116118439,-117.60511796613345,-116.23524129555986,point1,-117.09159888664288,-116.97285471988896,-119.17748672352269,0.8444281182556127,-0.41370143247862917,-0.4430479885386762
HDOK,PLOK,17472,41,41,-130,-14,11,2,33,-117.24193622312102,-117.79962376789845,-117.5304035063257,-116.75152567962219,-118.23680125037315,-118.03130492106192,-118.31874179891828,-116.14412966884971,-118.95063084339318,-115.47338222026607,-117.20336566632764,-115.15882241491768,-116.53430438025103,-117.39691031147451,-116.37186242370761,-114.49671624959728,-116.56050858377809,-116.46853819449076,-115.65800735961896,-116.6827101760225,-118.08544402225219,-116.18164818509277,-116.20292199554157,-118.70878396247711,-116.47689654805194,-117.67521089861971,-114.64798980878659,-115.76478231708866,-117.65634212788876,-115.81120024818885,-116.20177444071606,-116.55849197343652,-115.58576763089238,point1,-116.74446908481967,-116.55849197343652,-118.95063084339318,1.2362765353288405,-0.04105566669854418,-0.5639806550750106
HDOK,PLOK,17472,41,41,-130,-14,11,2,33,-116.61498654790714,-117.45047118098779,-117.66237786828862,-117.80989689033593,-116.17910998581306,-118.40245543025569,-116.50986079804575,-115.96005305615105,-117.94862701567403,-116.44009323122292,-118.06827926791406,-117.56520834341298,-117.18327926688283,-114.54557494909939,-117.01043539211327,-116.44433440306774,-118.13706326178503,-118.69868084033757,-117.51064413465028,-116.21190754417016,-115.0011201044346,-117.00892976582792,-117.00649946013209,-117.40508261450151,-114.98942447425678,-116.97583389417211,-114.98570607266011,-116.33839588620363,-116.52523254648055,-118.58531364445058,-116.69121309580801,-116.51817402263207,-119.35539744519814,point1,-116.96180795257192,-117.00649946013209,-119.35539744519814,1.235546731083402,0.18670792552982768,-0.05220765623574142
HDOK,PLOK,17472,41,41,-130,-14,11,2,33,-119.2441289344253,-116.22200386046372,-117.80318185279513,-119.74828326807179,-115.49643093728561,-115.73983840233191,-117.74222763270542,-116.18528324029297,-116.27185420036007,-117.54713605128381,-116.91945577154388,-116.56007242704045,-116.85220429959165,-117.0857034435535,-116.96776127494203,-116.96275753493241,-116.33972717097696,-117.89638315846604,-116.73010941308632,-117.93732230285497,-117.6726108477979,-118.9236497322592,-114.53503785900625,-116.05855872480454,-116.18351532748062,-117.32533687505907,-115.06664587145826,-117.42381935757642,-115.7614360143995,-117.56970815745318,-116.8516892575326,-117.66925634538109,-116.79474741347576,point1,-116.97235990789962,-116.91945577154388,-119.74828326807179,1.221381777136042,-0.3145569447471702,0.5848326094966829
HDOK,PLOK,17472,41,41,-130,-14,11,2,33,-116.76868883952008,-116.59030170731032,-117.54408022513917,-117.45650306379903,-117.6071747168031,-117.19882845872324,-117.70292489894796,-116.79158479246492,-118.28335714502062,-117.76607180657194,-117.67713043043842,-117.13940512292753,-114.95228691910965,-117.87807683981384,-117.14017513636661,-116.08112419974145,-114.93784893091161,-116.17505251718505,-115.38243181179294,-117.94514855115689,-116.99603942895409,-117.08376734165533,-115.97027004237407,-116.58616807359053,-116.2145851765975,-119.16618164240512,-117.49301772642448,-116.90341407473923,-115.69026049794489,-116.47516651670756,-116.57203927747965,-118.02583034373187,-115.48710794796952,point1,-116.89945588497937,-116.99603942895409,-119.16618164240512,0.9283673973167978,0.1676700650184491,-0.08893831516537443
HDOK,PLOK,17472,41,41,-130,-14,11,2,33,-116.17231317234099,-117.3545976319999,-117.12200347871712,-117.69157838159678,-115.69339453106112,-116.30459551527635,-117.81334131393945,-117.41021076885241,-116.650039473381,-116.23501239192869,-117.83340973635501,-117.08979464879924,-117.45661762322622,-118.55102170429474,-116.3881927098489,-115.01105073175964,-118.02092329223542,-116.36541330931442,-116.21223497719177,-116.82694332615873,-119.13531937097075,-118.02846974856384,-117.47823253692293,-116.19757466479497,-115.51777351034146,-116.97551495471765,-117.45272510683192,-115.05796302892155,-116.00769185782136,-116.23054506079896,-115.39406056908717,-117.89273914319175,-117.46330687314584,point1,-116.87983651952693,-116.97551495471765,-119.13531937097075,0.9736273029913,-0.026055754881483435,-0.4560205432979201
HDOK,PLOK,17472,41,41,-130,-14,11,2,33,-114.34179824991318,-115.67271229509943,-116.05560633699291,-117.10624985900272,-117.21242456244094,-114.50141659765931,-118.46561341257055,-117.07566142407269,-117.52633711731036,-116.97778308350122,-117.20806694033361,-118.65480137074383,-116.33984737930345,-117.94643807323348,-117.30781872268795,-116.11232067725967,-117.70375245806333,-117.8104538914376,-117.26515872302446,-116.9600064862496,-118.19516500375583,-118.45554189032902,-117.2179862960085,-117.32095684383305,-117.07875819657598,-116.83956062032627,-118.43741814340801,-116.83695127063265,-115.16501812485244,-115.96265750762123,-117.42071730137855,-116.4786674792917,-116.59369532816177,point1,-116.97719277779014,-117.10624985900272,-118.65480137074383,1.0767380570615859,0.7428559880553902,0.6182752885674248
HDOK,PLOK,17472,41,41,-130,-14,11,2,33,-115.74145213651923,-116.50758203612733,-118.4752057975616,-117.91512528333291,-117.61244229991149,-116.843463668026,-118.59796831012298,-115.91711341113911,-116.50737775436433,-116.70987805507946,-117.46372571947589,-117.74769727333144,-117.08122703137893,-116.45618661189863,-117.67639652297993,-116.55871992329374,-116.42316387462955,-117.07711876323616,-115.28587469168244,-116.91941209743001,-115.97742397541731,-116.9431750333808,-117.09260656042532,-118.17483732337479,-116.68799850043425,-118.00760990331513,-116.275133416893,-118.24494513332496,-117.17358015852501,-117.08126744313594,-117.95986674127572,-119.54624303392774,-115.18755367143935,point1,-117.08695067140575,-117.07711876323616,-119.54624303392774,0.9214336559512964,-0.24040882033074243,0.13014613773277128
HDOK,PLOK,17472,41,41,-130,-14,11,2,33,-116.24289720882217,-116.51505405601795,-117.85393317548842,-117.65828181415826,-116.19829953523451,-117.70128422791821,-115.17364715856706,-116.78973158062672,-116.45196286827976,-117.50975309592567,-118.70916671083104,-115.23301950255663,-116.96974047659525,-115.42508515735545,-116.53829595600754,-118.6124727508785,-116.65281192702686,-115.6162049215361,-118.2533396380033,-117.069973241352,-116.86350175901524,-117.70762323065618,-116.62096009910518,-117.8975155207619,-119.09171559128683,-119.13519948417306,-116.32929464946045,-117.97703926745214,-117.44782431621512,-116.21936824835574,-117.00417209925477,-117.3505451022882,-117.59746184752441,point1,-117.10355079450697,-117.00417209925477,-119.13519948417306,1.0526632161935947,-0.07580844048230392,-0.43528543441289
HDOK,PLOK,17472,41,41,-130,-14,11,2,33,-115.94263145382016,-115.6262026122818,-117.25068658885117,-118.80739095198858,-117.31383444577257,-118.84820391646971,-117.40352891615542,-116.47544315110272,-116.2457043239378,-116.80884390032938,-116.76161549693084,-116.59946057582151,-115.79733860154414,-118.29362090590473,-116.87826662034593,-118.68501199746244,-115.98694993806322,-116.06562775706092,-115.05441916645198,-118.109129196583,-117.4789833628464,-119.19834985615795,-118.55428864778034,-119.27523054838757,-116.90134536742845,-118.29025853355583,-118.63972864062424,-116.95146211024665,-117.29885335123285,-116.97822191169992,-115.42507133937693,-115.21217259240281,-118.20752722190565,point1,-117.19289103031893,-116.97822191169992,-119.27523054838757,1.4247180593067579,-0.052191737551978166,-1.0313354921955709
HDOK,PLOK,17472,41,41,-130,-14,11,2,33,-116.08383140182688,-119.85112098722732,-116.07748940936888,-115.10302369207018,-116.10149444593657,-117.66141648175586,-117.07608996607912,-117.62021533778962,-118.37654663447493,-116.40875269478404,-117.86368729433892,-115.92974355691929,-116.20239628476433,-115.92006805407068,-116.72583038934167,-115.45664216896589,-117.32191561984313,-116.47538437834223,-116.81824336422332,-118.5504489022144,-115.78666467434803,-116.87915718972798,-118.30880340366959,-116.26441698935692,-118.26040311546772,-116.05284653430259,-116.25255327784883,-116.30639608551866,-117.28328942823768,-116.5863155866062,-118.7997413652667,-117.0968204255086,-116.9326937416473,point1,-116.92225584490438,-116.72583038934167,-119.85112098722732,1.11622553120971,-0.7922195939967127,0.3371409483794823
HDOK,PLOK,17472,41,41,-130,-14,11,2,33,-117.14248304645697,-117.40104331301906,-116.08441568429139,-118.72550506108232,-116.09584644496422,-118.7589980044571,-117.65697532090164,-116.02589996565538,-117.28200645713696,-117.3400645257516,-115.95396054313692,-117.19921381865352,-117.44791088454076,-115.77901004166456,-117.18649396219453,-115.80939743816599,-117.81060492864535,-117.04508194859984,-117.66611556231561,-116.82493814470189,-116.6673114026536,-116.16700373671705,-116.24744368707293,-117.58282479861496,-117.16764379998023,-117.22353767087507,-116.84926554269752,-116.2874265685125,-116.5394061909417,-116.0599688466256,-116.10340954784616,-118.2112328150132,-116.56628976549506,point1,-116.93662816573882,-117.04508194859984,-118.7589980044571,0.6253521903170489,-0.48958926224541205,-0.2818464995822123
HDOK,PLOK,17472,41,41,-130,-14,11,2,33,-116.5707291938233,-116.42006642606586,-117.15286161215197,-118.4632115837809,-117.29888898518563,-117.68380484905799,-118.26068267073457,-117.00628261580236,-115.96357853141397,-116.09960056921892,-117.13627429229602,-117.75995696354296,-117.78569008376684,-116.86503287189839,-115.99816158815797,-116.71559301227664,-116.07350909366572,-116.43720647824173,-117.05342298514606,-117.89349532553155,-117.89171700372533,-116.07418089064457,-116.75817060156655,-118.16636211681418,-118.16007858209271,-117.42962093128365,-116.77373206686534,-116.90382192203832,-115.66458604129461,-116.98648828130844,-116.85819732465102,-116.7518919196941,-116.7758554975511,point1,-117.02523493670576,-116.90382192203832,-118.4632115837809,0.5322734093615917,-0.19462516737865476,-0.7446248870866947
HDOK,PLOK,17472,41,41,-130,-14,11,2,33,-118.28008908422345,-118.88768531795765,-117.54231261914512,-118.32901735865478,-118.39413280850542,-114.94142652018688,-118.12003757384228,-117.48715202089515,-116.22517089342197,-117.26810359409146,-116.56309431166203,-116.78478221755765,-117.2112020071408,-117.43903142865793,-117.23479963344441,-117.42747172110519,-118.49004669277329,-118.12853779288236,-114.57307731971062,-116.48827167824804,-116.44718268449596,-116.81455837992672,-115.80641257823851,-116.8885786010435,-118.11063085607495,-117.65171848129047,-117.0038561036018,-117.18201876426048,-116.4829146466629,-116.16460148743263,-116.75016535791913,-117.03498325259582,-116.4977049431891,point1,-117.11062935547997,-117.18201876426048,-118.88768531795765,0.9185332566273059,0.5193220206087822,0.576678107493199
HDOK,PLOK,17472,41,41,-130,-14,11,2,33,-117.57992613171048,-115.70559485881775,-117.85984815199281,-118.66653324558037,-116.821753286269,-117.99777796856385,-118.09658226490713,-117.47604194450044,-116.66940348364199,-117.01375240839815,-116.6827515658701,-116.87691926374447,-117.62532324244393,-116.92674355375732,-116.4322965759158,-117.01990922710378,-116.60527447875472,-116.24720829422566,-116.43307994713079,-117.61691314950963,-116.81275715752464,-116.0199836081055,-116.56564110068483,-116.7795963964081,-117.04143562372937,-117.03904414348267,-117.16110126853147,-118.49752706457069,-116.64849712298914,-116.5301918143465,-116.9175965815726,-117.64616044694431,-116.42873864588724,point1,-117.04369406113987,-116.9175965815726,-118.66653324558037,0.45121812434246167,-0.5830968828430214,0.1332823416933797
HDOK,PLOK,17472,41,41,-130,-14,11,2,33,-118.5109217179689,-115.40698151397484,-116.75728939554658,-117.86944795208754,-119.20905022358039,-117.39928354935029,-116.73295107159157,-116.33671687892745,-116.98984094178994,-116.64130359303697,-117.02984318954039,-116.4132893642302,-116.91551510367836,-114.7038345889392,-117.94749516273075,-116.43005004509168,-115.57157487596685,-116.21266818047069,-117.62855188275462,-117.06430348606109,-114.92449871420943,-115.7821592057904,-118.82058839558968,-118.32825536291905,-116.6926995715275,-117.1325736922118,-115.52514298021813,-116.39201177030304,-117.6288111670939,-116.39105025147153,-117.95399298495288,-117.16859980550342,-116.01966660863867,point1,-116.86457464326509,-116.75728939554658,-119.20905022358039,1.11541257755268,-0.1321390676274596,-0.16359314418884274
HDOK,PLOK,17472,41,41,-130,-14,11,2,33,-117.7769890436859,-117.33824267993056,-118.78376907048829,-116.66122654702383,-116.80634934599166,-116.20827998164512,-118.5816269724686,-118.7267673210972,-117.17141649820263,-118.38388233523537,-116.28309754019465,-116.71731414568146,-118.28210722680566,-115.76946243777034,-117.21347870042445,-117.62589099353225,-116.88095531155358,-115.90224741621996,-117.1155250344646,-115.95796271190007,-117.04116635034826,-115.73731765039764,-116.45139956524963,-117.42459939020182,-115.90789766704115,-117.46358070540289,-118.80967908449016,-116.66701551405917,-117.03032293341796,-117.72160433179587,-118.17553131592707,-116.63992994836563,-117.60105536409648,point1,-117.177505791973,-117.1155250344646,-118.80967908449016,0.8133275458681696,-0.2309890349670591,-0.8334792520710894
HDOK,PLOK,17472,42,42,-130,-14,11,2,33,-114.95116594360978,-117.07781859228754,-119.22871646229287,-117.76825771610487,-117.17309983248313,-117.56653956017152,-117.80205241397857,-116.37406173300877,-117.63434696634256,-117.21586450644021,-117.27056880959634,-115.57036343493992,-116.16197143994309,-117.46879138251074,-118.80409297073138,-117.24404808252679,-118.83812430209537,-116.19256047437418,-117.20485483665394,-117.16974379977727,-119.12071585412352,-115.62980501270692,-117.24790278658826,-116.45066172665304,-118.59086022632123,-118.31521789808143,-117.94799478957104,-117.17337632993925,-117.09629170710485,-117.35074342400705,-116.66184405351648,-117.68672210343888,-117.78216465863147,point1,-117.32640435850158,-117.24790278658826,-119.22871646229287,0.963416452941741,0.18997099587690452,0.2108896413436976
HDOK,PLOK,17472,42,42,-130,-14,11,2,33,-115.1616642273554,-119.97683078751083,-119.06054872133005,-116.92913056633985,-114.48834498837965,-119.53352534027853,-116.93088870885923,-118.37003713564671,-118.0402864561479,-117.80549406537861,-115.82320228631501,-116.85767260633685,-117.32011205174946,-115.99647371109664,-117.08651903549975,-116.23358120144654,-117.4800635177189,-116.39648958888243,-116.95650462475353,-117.7310001024957,-118.24070007106606,-117.04526805628986,-117.20297255356158,-117.57377894851513,-116.6706649766309,-117.29630953697998,-118.52059453938602,-118.41241686582136,-118.18193980965673,-116.58560502600947,-115.46230467418243,-116.6561862125101,-117.74469780012164,point1,-117.26581238770464,-117.20297255356158,-119.97683078751083,1.386722536465246,-0.007960550263460285,0.33895508405658115
HDOK,PLOK,17472,42,42,-130,-14,11,2,33,-117.65708647676875,-119.01000950381543,-117.83555633581268,-116.89374232984541,-115.93953254112189,-118.46634078112956,-116.73708982646752,-118.72546328684213,-118.8886356983126,-116.84543444533088,-117.36384153413138,-115.76032406800721,-116.29002175991492,-115.04725094619636,-116.77174839563034,-116.3201544710601,-116.73487694948304,-118.52220168540288,-117.62498400911717,-117.93618842144308,-117.59730247554948,-116.95534269802917,-119.64061333969583,-116.11991641577735,-116.63398381370466,-119.08217795106215,-118.92881588870625,-117.97736777930871,-115.6148429836758,-115.890073624536,-116.70589617345632,-117.26304690802966,-116.93030534394846,point1,-117.2942475412519,-116.95534269802917,-119.64061333969583,1.3016239982141942,-0.2059055559309426,-0.7420856310113768
HDOK,PLOK,17472,42,42,-130,-14,11,2,33,-114.78777036996992,-118.05905155328786,-118.76560249137661,-116.87807322991853,-119.55244239024147,-117.26490284917558,-116.37798204484879,-117.50709527696577,-115.9595081543943,-116.78908517182043,-116.87405899841944,-117.09652119916032,-115.93453390185721,-117.86344364173648,-116.91961272950788,-117.66552177953203,-118.7167044703934,-114.58191702171054,-116.80086183564434,-116.40861466195743,-117.27520265878455,-116.52167651645804,-116.89208578198838,-116.18679945301685,-117.41958988173445,-116.92760939335992,-117.79576343416862,-116.8254744493173,-116.88439912980301,-116.67205424587813,-117.41996090930014,-117.27545178984553,-116.60003822828874,point1,-117.01513362557158,-116.89208578198838,-119.55244239024147,0.9512423585863568,-0.007237519877230466,1.5844023981592081
HDOK,PLOK,17472,42,42,-130,-14,11,2,33,-115.44817569401857,-118.39791739904442,-116.26401792398578,-117.4784137481693,-115.7676133378655,-117.4872735185236,-117.16659629675934,-117.95261040326888,-117.80207710259631,-116.39959340462703,-118.05825583026942,-118.68573620771564,-118.2830530073859,-116.42838441778136,-116.27979686410208,-117.71162348526357,-117.92312757853716,-116.32867944300057,-116.76909884574371,-116.40420707955319,-117.0049427547128,-117.6779986505642,-117.37353836114539,-117.09682817926236,-116.6843630893449,-118.06437264646516,-117.4468247202163,-117.77592080383184,-117.16943917378053,-116.63381901204106,-116.66555013981755,-114.76315999280247,-117.27156458639396,point1,-117.11104768783606,-117.16943917378053,-118.68573620771564,0.7602024163746137,0.5412902466135917,0.22888093256119912
HDOK,PLOK,17472,42,42,-130,-14,11,2,33,-116.34954473322354,-118.23267313416628,-116.82067321802121,-117.06409037344402,-116.62615846259632,-116.4398424928361,-118.40992669017639,-118.15185462032045,-118.69745956308732,-117.15393886102233,-117.64479639834089,-117.49812124174751,-117.9764038059683,-117.42193351091521,-118.76915907474769,-118.58641413606259,-116.23163672694336,-117.72463369348685,-118.56760463146907,-117.29678112869536,-116.15148341547575,-117.10455854783332,-116.30907716682528,-116.87763322281214,-117.67319683621699,-117.34974451539155,-118.85794739063968,-116.48968088461437,-118.53739698797214,-117.59358011193622,-118.9553045887159,-119.09790836557559,-117.45233119822375,point1,-117.57919665846981,-117.49812124174751,-119.09790836557559,0.7678976489112024,-0.057150302740826726,-1.1530384051198772
HDOK,PLOK,17472,42,42,-130,-14,11,2,33,-116.67948209998697,-118.43949848264494,-118.57820221501252,-116.69594626819635,-117.57995358060245,-116.35228147583918,-117.03882860963493,-115.63984675215424,-116.59115789019455,-117.30493189392033,-118.11584791771094,-117.29705299726385,-116.06953590895962,-115.25849666116893,-116.16287147757745,-116.3228474250164,-116.38196856216062,-117.04098887899625,-116.31821444776392,-117.2249391479803,-118.39553992005453,-114.94322856838005,-114.72977635109741,-117.36772258269566,-117.00953368016182,-116.01961168002696,-115.80883514168586,-116.87373635654279,-115.94264646989595,-117.56718668773051,-117.72157230881024,-117.20171290024585,-117.70421103692425,point1,-116.79933958718293,-116.87373635654279,-118.57820221501252,0.9074917388555086,0.15179054948576678,-0.3195542034686052
HDOK,PLOK,17472,42,42,-130,-14,11,2,33,-115.48598259382462,-118.81256360134013,-117.49243625319122,-117.37029430960231,-117.00992709802077,-117.69744663564788,-117.60951028073052,-116.99825396511629,-116.38645559172235,-117.40313539704175,-116.12834420302624,-116.15307209847218,-117.15412801704657,-117.97424155573822,-118.27803928292478,-117.02305715346431,-117.02841532199999,-119.46341551872138,-115.78222993441452,-116.77139497463129,-117.33262343107981,-115.58410739286609,-118.04549454485678,-117.57294944025169,-118.72973146243477,-115.67760011287649,-117.36079101581367,-115.88115991573785,-118.11178191644404,-117.74245749645416,-116.1219921573993,-117.74410073792473,-117.77218153436075,point1,-117.20300954379326,-117.36079101581367,-119.46341551872138,0.9409122869812331,-0.026560502844281287,-0.3392190972029874
HDOK,PLOK,17472,42,42,-130,-14,11,2,33,-116.99601995222136,-117.30848595586112,-116.4547437478449,-116.23307456662556,-119.44880333135515,-117.54715347383366,-117.03466308035665,-117.46781568014252,-117.88724995213548,-116.33266385581636,-117.16024480590951,-116.7654172389354,-116.5437320830268,-116.12548176505413,-117.00361692150175,-117.76930672803287,-117.00911018924373,-117.06694367229916,-116.67661818298654,-117.92528162037863,-117.6822194946961,-117.64995049972202,-117.52767840530215,-116.57350562737699,-117.1464197085362,-119.22287346375644,-116.84197304719798,-116.99339934505605,-118.83421158668588,-116.52207619171598,-118.06915516035293,-118.47291328454898,-115.37978042206379,point1,-117.26280554668402,-117.06694367229916,-119.44880333135515,0.7553672390401432,-0.6206921164174696,0.6924727666012358
HDOK,PLOK,17472,42,42,-130,-14,11,2,33,-115.71288049889075,-119.00675977370157,-118.82859880043085,-116.44370093816057,-117.35315310198374,-116.86949753657021,-117.59875539289453,-116.44646955465797,-117.14898475292202,-116.81651301539168,-116.20529116417158,-116.1239785223231,-117.7176967212677,-115.7141967310927,-116.1512328285107,-116.91877843804028,-116.0895406604157,-117.00991239038449,-116.21234771233348,-116.86018331531021,-116.76745536036466,-117.82932340712975,-117.76049427917587,-118.03075818296077,-119.17621179836651,-118.50306444678492,-118.78570537987412,-117.02906517805107,-118.66520793806765,-120.24153977240422,-118.53835449616616,-117.28975318551147,-118.39960846367352,point1,-117.40136405266618,-117.14898475292202,-120.24153977240422,1.239516172248055,-0.5150366513753017,-0.3745208209609552
HDOK,PLOK,17472,42,42,-130,-14,11,2,33,-116.9680865115164,-118.45036090661522,-117.66044582676645,-116.56274132059798,-117.96387415136655,-117.71839374671573,-118.95614977507881,-116.87985256642169,-115.31992678879274,-117.45709200465662,-115.71064362728653,-117.77505651767298,-116.9461291014217,-117.07787215138485,-116.92142079609525,-115.81174056835206,-117.79250669656034,-118.53869637311568,-116.7759729362234,-117.37131175049286,-116.54131804875894,-118.10822250718299,-115.60793449618924,-116.98349812939473,-117.36291330306958,-117.35096023585939,-115.41911857577753,-116.56746082031147,-116.38629619769324,-116.78807571713996,-116.8234814023727,-117.46482579592299,-116.90143927599449,point1,-117.05950965523643,-116.9680865115164,-118.95614977507881,0.751606988837782,0.08640067510487864,-0.0850203256341806
HDOK,PLOK,17472,42,42,-130,-14,11,2,33,-117.19894114612339,-117.97197823328096,-119.70866198829634,-118.6671887860327,-115.76464348681787,-118.40473647539206,-119.8120808837022,-117.68935601541098,-118.0213568994782,-118.05202370758738,-116.68735388247748,-116.01725634817258,-117.69069732072042,-118.22426269348531,-119.01588609426928,-116.48920636296883,-118.34447064081775,-117.91318301737277,-116.83390115849379,-115.79623419068123,-117.68220437406094,-118.17046297770823,-116.6925283625681,-117.85361609407687,-116.31343736325195,-117.73567932632226,-115.62831862342195,-118.31600681172979,-118.23277594741852,-118.64418584645327,-115.93477371094464,-117.02310797836934,-117.48720174698457,point1,-117.57629449984522,-117.73567932632226,-119.8120808837022,1.1677492261660276,0.09129448263362396,-0.4854421136080931
HDOK,PLOK,17472,42,42,-130,-14,11,2,33,-115.60041692053264,-116.97573759944166,-118.892843395382,-117.96103314525634,-117.83778062205965,-117.44555520926467,-116.20179072376247,-117.91712717204364,-117.00603488677902,-117.07228934378746,-116.77549006721084,-117.61707989789194,-115.96502175027241,-118.13330146767929,-116.39658754220831,-116.1595543781461,-117.43133981474938,-117.70397984228964,-115.83695225303092,-117.4211539313046,-115.91454755268063,-117.13758670798104,-118.66954120233504,-116.60492766670184,-117.97665413935836,-116.17683517962406,-115.5034292016479,-115.36364755701986,-117.96367847616258,-116.47624559709088,-116.65281199146884,-117.87817248770165,-116.02909137511212,point1,-116.99085573024173,-117.00603488677902,-118.892843395382,0.8679609860780885,-0.06947410966513222,-0.9450070461044322
HDOK,PLOK,17472,42,42,-130,-14,11,2,33,-115.61520913024414,-118.11929924097649,-117.88619574088138,-116.89044400647789,-117.14501688168869,-117.52022848843072,-118.62588092271916,-116.88165181007035,-118.27233445806827,-118.2227660494868,-116.84441136080804,-115.17064841501856,-118.17567925888272,-115.46266794450092,-118.88818541351885,-118.18030785679528,-117.4213204291806,-116.2477801079271,-117.9205517185149,-119.46386078796152,-115.97979845968383,-117.04768485350847,-117.6935000224925,-119.52681398174865,-119.09682031761908,-115.69653068226779,-116.82916956905602,-116.58943517403279,-117.58887909766018,-118.92586219626749,-118.30414682276077,-117.95913110571371,-117.11492630958314,point1,-117.49415571559233,-117.58887909766018,-119.52681398174865,1.2909306922157475,0.23723103851837551,-0.5747210075852065
HDOK,PLOK,17472,42,42,-130,-14,11,2,33,-115.573848047653,-118.19306934361184,-115.57734046551832,-116.34456138801478,-116.27080457735767,-118.01769561414196,-119.50961589706985,-120.72641289262975,-117.20970383329032,-116.78332525972705,-117.5076228561585,-116.64733731926228,-117.41991064941175,-114.6090811486881,-115.4856607944738,-118.3434737920642,-117.186360729006,-118.3025042097666,-117.23796754530134,-118.58254481092857,-116.42368910076753,-117.75684274354839,-116.08257559752175,-118.22214289611321,-117.28694839176815,-117.78956322575466,-117.37686960639894,-117.88416123195655,-117.49017172598377,-115.56454833380856,-117.53310308214053,-117.75600448800206,-119.84871167008747,point1,-117.34982343236142,-117.41991064941175,-120.72641289262975,1.652179890706706,-0.30330696107933586,0.6037051563002609
HDOK,PLOK,17472,42,42,-130,-14,11,2,33,-114.59530178498193,-117.47102403826325,-116.06447624887906,-117.96345949794805,-117.46718022350662,-119.1049908352128,-117.7132265980285,-117.23872926848438,-116.88285254545131,-119.29302437706161,-118.13282189713345,-115.83598354734856,-119.27260562794118,-117.36843585173855,-117.3704885964153,-118.62618958709707,-117.11112817987436,-116.29686441870882,-117.5091331893315,-116.618235643351,-118.44347423009191,-119.21135311462685,-120.45323093421862,-117.27759047371467,-117.4956175491697,-116.65116109302087,-116.6056773390569,-117.34445813431297,-116.55041204037684,-116.84475038984002,-117.68274313817469,-117.28961388958076,-115.05744087603877,point1,-117.4195053078479,-117.36843585173855,-120.45323093421862,1.4632117575481236,-0.155674006652898,0.6499637114171821
HDOK,PLOK,17472,42,42,-130,-14,11,2,33,-117.40296998466782,-118.94078640442667,-116.69544536331591,-118.85786913743407,-115.962736931007,-118.66187471700474,-117.81642890719974,-118.55484438052727,-118.0302575651969,-116.37844481765292,-117.21676438541353,-116.55336817526552,-115.74081576799358,-116.81345145378712,-117.7595275002563,-117.98679887098083,-117.03804266350265,-116.60935081249568,-117.47252664885879,-116.5773271060136,-119.1298795645172,-116.27948761738344,-116.3606827203407,-117.73562643853677,-116.8614556070523,-118.98349498608079,-117.99875946204659,-116.81030118992979,-117.3394958163184,-118.05845329542215,-119.26076947190938,-114.55028456538838,-117.71643400147838,point1,-117.39862897967895,-117.40296998466782,-119.26076947190938,1.164425740384769,0.2453165248628074,-0.01182966234741567
HDOK,PLOK,17472,42,42,-130,-14,11,2,33,-114.72140423625714,-117.10937083863001,-117.35202170208221,-116.81574167737648,-117.49258283222623,-116.6267532890464,-117.19198184890257,-120.04856938511261,-117.94490741116584,-116.48874772226173,-120.11256170598193,-118.11582317395958,-115.37811632931984,-116.3579604802499,-118.50393754094212,-118.1578179359922,-115.58026187552257,-115.4063922481313,-116.66317345046998,-116.37474689782998,-119.46895997402906,-116.95463798739638,-119.43167807836157,-116.4530535101,-117.16106753834508,-117.77553513672487,-116.06642618179673,-117.93586212731181,-118.76406610968442,-117.9500473889194,-117.57486680854561,-115.35781691178167,-116.68594205241037,point1,-117.2734191632384,-117.16106753834508,-120.11256170598193,1.7643839775097336,-0.3454404988770828,-0.20344237322931313
HDOK,PLOK,17472,42,42,-130,-14,11,2,33,-116.22910044228547,-119.62332026440855,-117.89176534561332,-115.66487243343046,-116.03550268693047,-117.15886513813325,-118.60110650570476,-120.80523979780453,-116.11396267968588,-118.48207579285307,-117.37925749768473,-116.96199398321916,-118.221637032257,-117.17995615538862,-115.82971737045135,-117.6548744028333,-116.17147029531948,-117.80704990457998,-117.70176829481112,-117.44048412231207,-115.02753599850597,-117.00503659811324,-116.72165702238668,-115.92009118561141,-116.86949713995716,-117.90221618842315,-119.7731797012015,-118.3908691410022,-117.48841085364812,-115.75054333492359,-117.15225424801963,-116.37514041876068,-117.62463938610217,point1,-117.30166943522309,-117.17995615538862,-120.80523979780453,1.5672094824170444,-0.7123481257404992,0.7497589547861581
HDOK,PLOK,17472,42,42,-130,-14,11,2,33,-116.07686927160255,-118.4292013940274,-116.62035054906177,-115.5149193278023,-117.2009983634539,-118.23618738233259,-117.4955672044955,-116.1012623708275,-117.74185411219982,-118.18320889916767,-117.41656999136207,-117.06530384254977,-117.08931721015993,-117.53973278645157,-117.31811215215892,-116.81906684355326,-117.00385347966598,-118.14201870631487,-117.93951985474882,-118.53752765723299,-115.8610468027093,-117.3526392523032,-116.69599374287323,-117.46233335242032,-117.78955642144152,-116.3620346239224,-117.32137825085944,-117.9513968675042,-118.22195861049673,-117.50376769517779,-118.35599840508856,-116.1196823764482,-115.95074177354866,point1,-117.25515059315038,-117.3526392523032,-118.53752765723299,0.6684344443863135,0.38884632635648625,-0.7652869344742239
HDOK,PLOK,17472,42,42,-130,-14,11,2,33,-115.17670236021029,-117.66882743732099,-120.23562316303422,-118.00569184903709,-115.72359806031018,-117.66261578414077,-118.39783867711776,-117.73933923425953,-118.75393850984432,-116.99803220542651,-118.6048960919407,-118.52307655490877,-116.30817051352211,-116.72143688645185,-118.02643110560955,-115.94946547674445,-117.21868446155615,-116.25535948837694,-115.55027705132981,-116.83028566729848,-116.45896965180393,-116.85333206610065,-117.6075030501464,-117.98653927668325,-117.47057392474456,-118.03679202937946,-117.83607228488167,-116.84972506104847,-114.98517637238483,-117.96733722487237,-116.33306430247117,-118.21263842723948,-117.19822587795795,point1,-117.27715879176228,-117.47057392474456,-120.23562316303422,1.2523830005864458,-0.03695418347071525,0.29382085504432176
HDOK,PLOK,17472,42,42,-130,-14,11,2,33,-114.38806677854103,-117.6735243873338,-118.02381015385286,-117.02887771703797,-117.74450831871563,-115.93394928971392,-117.88267273191101,-117.50981884864979,-117.24479348335657,-117.09089429113278,-120.2909106957527,-117.33111625981216,-118.60012136697277,-116.77948370261475,-118.54064058373635,-115.69017312008154,-116.67399680188406,-115.86978713015148,-118.69290955854039,-116.73679485387089,-117.0063531378051,-117.42783764128248,-117.7853178979351,-114.01898644223114,-116.41274630384041,-118.12513320504051,-117.00455903314698,-116.34227945001493,-116.26993762331256,-117.34809088025847,-117.12394956231641,-115.71833134296709,-117.57771635603804,point1,-117.0875178469652,-117.12394956231641,-120.2909106957527,1.4303793764945227,0.2142636077725529,1.5257365484499332
HDOK,PLOK,17472,42,42,-130,-14,11,2,33,-115.35097645444456,-118.75227427608212,-116.51525895799007,-118.07796790944202,-117.34892528734233,-119.87368395311745,-116.76178201875837,-118.68303880445046,-117.99497699375988,-117.41044088255228,-116.61266890129511,-117.02578151006848,-118.81116467127153,-118.11730367075747,-116.47652199000757,-116.2871162526838,-116.4636997523147,-116.74126165733745,-115.49435470647998,-115.9988262112278,-116.87863488977679,-119.45164195212162,-117.93774271826203,-117.79226672350488,-119.58341521468974,-117.88687314360027,-115.58128109283629,-116.39587952686236,-116.83364610972596,-116.92024376793754,-116.34710817139162,-115.84772563908372,-116.17575418718502,point1,-117.22515872722309,-116.87863488977679,-119.87368395311745,1.4201485586213742,-0.5689694746658889,-0.4594037430101183
HDOK,PLOK,17472,42,42,-130,-14,11,2,33,-116.39474092772616,-118.44717106620998,-118.16571247264439,-116.06215401772465,-116.573805760134,-118.1457051573283,-116.86958250444502,-117.6024657760465,-117.76126373866889,-116.30287832368555,-118.33093805992492,-116.54374871033309,-117.79364137915724,-116.18188067150935,-118.53361509940989,-119.10097102914864,-116.42820480578195,-116.47481537189196,-117.57177201735549,-116.38820671079569,-115.8945035100348,-116.11198061735026,-117.77490164891678,-116.91365086773061,-118.40816329621083,-118.52590563551966,-118.20339329600176,-115.25284894338634,-116.94614100587503,-118.63011711166226,-116.58405248926667,-118.19618280521065,-117.59142859891169,point1,-117.29413767957573,-117.57177201735549,-119.10097102914864,0.9750616447273766,0.06109092908403218,-1.1850461664587004
HDOK,PLOK,17472,42,42,-130,-14,11,2,33,-118.30326641181668,-118.20151915297436,-117.93875981686485,-116.75680914688662,-117.96678840330922,-118.01449025470282,-118.14724592473274,-117.15439822299301,-118.23047626972257,-117.39331322019362,-117.4065396763794,-117.29613096017408,-117.83805015420519,-118.17489451574205,-115.53517800779778,-116.68147325966393,-116.02644930162667,-116.55964898313992,-117.36262228807051,-116.9278418967262,-116.6050636821029,-117.4469042443117,-118.05839398572023,-117.6036670411802,-118.68255736101379,-117.7396940806693,-117.8974583143871,-119.91179719769232,-117.78445709080238,-116.8918632768238,-116.24390650636033,-117.84967466860356,-117.95813102095558,point1,-117.53301407085898,-117.7396940806693,-119.91179719769232,0.6933995537707884,-0.015464640095292578,1.2560293824571374
HDOK,PLOK,17472,42,42,-130,-14,11,2,33,-116.05612639428988,-118.0426723818107,-117.41964926023105,-118.47624696205602,-117.47803473898999,-115.77376703518001,-116.840160397051,-116.4396811149013,-117.64098450233482,-116.23574241262325,-116.74395013178305,-119.43818653147237,-115.23189588155417,-117.56395763522667,-117.1386940445649,-118.55723031181003,-117.88891649134023,-116.17346219177188,-116.50111043102073,-117.03678264370508,-118.42023519544223,-117.45096437445106,-117.71561516602294,-119.13642849067655,-114.96573181222543,-117.76122448659275,-117.69073776166097,-116.97092982266422,-117.34395044312645,-118.0086323598466,-118.68972551432572,-116.83146855691085,-116.1467891368456,point1,-117.26696013983359,-117.41964926023105,-119.43818653147237,1.0881917065800735,0.11997959545340298,-0.20131060139082235
HDOK,PLOK,17472,42,42,-130,-14,11,2,33,-116.35362418168333,-117.69422568987576,-118.520628076357,-116.1477773189429,-115.39986530737508,-116.26324452570884,-116.55026675583704,-117.47700388550271,-116.08459276674685,-115.54984156983036,-116.23311550255326,-115.93251971135238,-118.71370130608162,-116.98516860031876,-115.80535703094208,-116.24763048676994,-116.30557434291352,-116.96998466016483,-117.60409623684095,-115.99232349306277,-116.19139105878371,-119.25999466084649,-118.69331856703958,-117.01669840567213,-116.22399016269094,-118.52008892657919,-117.88275173250028,-117.21398081510509,-117.30790124582187,-115.85775029608055,-116.9929692388237,-115.91153422956941,-117.1365418265306,point1,-116.87998341257286,-116.55026675583704,-119.25999466084649,1.0129762540886555,-0.7390366479546602,-0.36567792589823744
HDOK,PLOK,17472,42,42,-130,-14,11,2,33,-115.78235169083652,-119.2631507629269,-118.79729130894292,-117.41360226025331,-117.17822009235013,-117.00240197533206,-116.42815110640593,-116.54957141053126,-116.80040548955834,-117.5888767688098,-118.42811757902395,-117.26371014858789,-118.18436986835007,-116.53166404849146,-118.12990512801045,-116.15176092438631,-116.93125186024768,-118.64415230095078,-116.13886748926078,-116.5225695955637,-118.43596190184397,-117.90016047332477,-118.54117550606264,-116.62162504436058,-117.96793507687455,-118.59333137056663,-117.88669397351248,-116.44502179246169,-116.20518892373383,-118.91872624200644,-116.91671545880259,-116.67954464707223,-116.68877672578277,point1,-117.379734816522,-117.17822009235013,-119.2631507629269,0.9115323615377101,-0.28480731372775153,-1.1946898613617853
HDOK,PLOK,17472,42,42,-130,-14,11,2,33,-115.66026700977967,-118.42901089207103,-118.04164357837233,-117.7756147487416,-115.09125037890423,-118.2561478796652,-118.04795002519892,-117.68762797940113,-117.621932377427,-116.60427242695272,-117.2663568814095,-117.99307409470264,-117.72956777038023,-118.05500591501843,-118.55861861181988,-119.48069958872486,-116.64198120095764,-117.63742577358225,-117.48488226431286,-118.60420889171121,-117.76659780773167,-117.34795393163849,-117.15093707309381,-117.89932859239684,-115.68111778840468,-118.10742456517146,-117.82477792420428,-116.35522581311767,-118.07076317745876,-118.14177243654615,-119.44835034488737,-115.93899321558212,-116.03122581652008,point1,-117.52824262957233,-117.76659780773167,-119.48069958872486,1.0421392373092542,0.556359487533551,0.1545103730250541
HDOK,PLOK,17472,42,42,-130,-14,11,2,33,-115.27543594025846,-119.02381025538108,-119.17126023687139,-116.82509581447837,-117.37884102812045,-118.04643736245025,-118.52024869778926,-117.04548771690041,-117.57664234977837,-115.87961144828867,-117.57014111106203,-116.9133868339053,-116.19558413575321,-117.8072444989327,-117.51752990101717,-119.17718241497526,-117.48029395091343,-117.84488796459667,-116.6014199592153,-116.76591642604123,-116.85065077899522,-114.30296492251082,-117.90215702613436,-115.97947245994659,-118.77235527543036,-117.63391069185258,-117.62100238006532,-117.12142445659842,-117.74099486679852,-117.56134384937884,-116.06185232203997,-119.23806731285163,-116.95078569847573,point1,-117.34404363902448,-117.51752990101717,-119.23806731285163,1.2332308246001773,0.41958831910256295,0.5850414277864529
HDOK,PLOK,17472,42,42,-130,-14,11,2,33,-117.11883516432839,-116.77693458410278,-118.45422995087011,-118.63148601390589,-117.15466964934105,-118.59789980476054,-117.78317319802733,-117.5045521772275,-118.92509599670046,-117.36499105967022,-117.79024887047049,-117.34387732693285,-118.46545406797236,-117.09996552283543,-117.31246720737549,-116.2262647163617,-116.48214697966489,-117.8071195860276,-117.53992253353114,-117.87967250747118,-116.75777016532605,-115.95945298198967,-118.33739421424276,-118.99226136638353,-118.4757059860322,-116.52604951889259,-117.39313272553463,-117.24163946353274,-118.69089535797822,-117.85735470956531,-114.6676281801234,-115.18257187224684,-115.12694764573561,point1,-117.37781245773215,-117.39313272553463,-118.99226136638353,1.1622955774321777,0.7339325853066361,0.2537193283995003
HDOK,PLOK,17472,42,42,-130,-14,11,2,33,-115.97680467884199,-116.66826179627148,-118.1600542962601,-117.54343667114236,-118.58582392724773,-117.62988091827643,-116.96202710240547,-116.82421116117878,-118.86134636101349,-118.21926646951924,-116.0506293385168,-117.65893934717029,-119.94801558018519,-115.2934603561639,-116.43080959609395,-116.68523859594612,-117.34045864876072,-117.66940539350807,-118.76942307513299,-116.03571646700351,-117.49356826823272,-117.9031456951649,-114.76271041808195,-116.4830408992824,-116.67297197545945,-116.73402233109174,-118.21224337491319,-116.21965435992506,-118.5494123598953,-117.00755058460854,-118.24285446211316,-115.66125610027431,-118.16174646380342,point1,-117.25507233556013,-117.34045864876072,-119.94801558018519,1.2790289930918084,-0.015167095529656546,-0.18330462170217876
HDOK,PLOK,17472,42,42,-130,-14,11,2,33,-116.26972305440552,-117.65891347227705,-117.96602995486379,-119.88765157604378,-116.98391833998929,-116.78325830756098,-118.64190661929044,-117.29665370696189,-120.07362056948551,-114.64522260241358,-117.98463092200296,-119.21773014624269,-115.69257675197817,-114.87486620054437,-117.64307168295,-116.7041494752777,-117.42040225099481,-118.36205458041312,-118.60403461691021,-118.45412291750175,-117.39681094093613,-118.60546297710214,-118.0612405648893,-116.08469935157689,-118.18054045130192,-117.52055593325781,-117.94718471194028,-117.96089366604505,-116.17855931760413,-116.85349782900296,-118.36962689939709,-115.86970775278688,-117.92246775766874,point1,-117.5186601788369,-117.65891347227705,-120.07362056948551,1.5576863817487407,0.32205996192603226,0.13785349065734076
HDOK,PLOK,17472,42,42,-130,-14,11,2,33,-114.67545204334306,-117.81456191097698,-118.10846794822396,-117.63785572147263,-117.21290296925629,-117.11759428391531,-117.07126712906965,-116.95999663253231,-117.10463515312993,-116.90737760251811,-115.61120924695476,-117.61321846226949,-118.08575833122957,-117.21141074212629,-116.52786658215098,-117.61866386293727,-116.91707414705776,-118.44155615153235,-118.57989618837115,-117.02466971979831,-116.57841065994148,-116.51823291000686,-118.97557312379205,-118.6971789744168,-118.06751311802607,-116.86966429715497,-115.9854914173514,-116.0711207309247,-118.65217941397994,-118.97119899042474,-116.93444677430269,-117.34114202560562,-117.74580538883299,point1,-117.32270886829168,-117.21141074212629,-118.97557312379205,0.9273007636996355,0.3843832580394822,0.46389516436736855
HDOK,PLOK,17472,42,42,-130,-14,11,2,33,-115.32390619073325,-116.64581887099061,-116.27956130289242,-117.86743372306051,-118.03303971454154,-118.46698015603646,-117.28432071144749,-117.58557355979804,-116.15685604491621,-117.03500069969031,-118.53680695114126,-117.08134936746353,-115.67344330807542,-116.34976190908733,-117.69129790691905,-118.77365757055267,-117.0616983147101,-115.87121267304374,-117.94884405332883,-117.58083707722037,-115.95316236937738,-117.11033061243603,-116.02206153507596,-118.08046500079091,-118.03017949721514,-116.57295041634534,-118.44237733675432,-117.29536839142867,-114.856600659851,-117.77832464385087,-116.52538867164938,-117.64575201678564,-116.71237290897916,point1,-117.09917376261177,-117.11033061243603,-118.77365757055267,0.9543976561446177,0.3224628363200344,-0.6083694661488859
HDOK,PLOK,17472,42,42,-130,-14,11,2,33,-114.62837202686487,-118.85182521458748,-118.34973862919527,-116.90254949862704,-117.51650459745326,-116.88568794044131,-117.26659699581504,-116.99551470036215,-119.44740948799071,-116.3327055577015,-118.71119183941369,-116.22394270296164,-117.6230412528311,-117.4884873319685,-118.2933740985711,-118.88165314302918,-117.12675324769128,-115.60338461521428,-114.87142903251804,-116.68541849777365,-117.07010902022876,-118.18339383587113,-117.21470138466877,-117.2085395533042,-116.97551564744313,-117.25335496664493,-117.01276114272505,-117.47544162953044,-116.05758415050411,-118.61082084366637,-116.81958208347076,-116.04629203432715,-116.81592413866352,point1,-117.1948363891533,-117.12675324769128,-119.44740948799071,1.1706162725103806,0.18167877787667935,0.289138549189611
HDOK,PLOK,17472,42,42,-130,-14,11,2,33,-115.86525789088276,-117.79463845998603,-116.4519597163882,-116.57807616712894,-119.06113852157199,-117.71595913310074,-117.24981509453022,-117.44454466812161,-117.7731501238971,-117.40702976704011,-118.72901706016039,-117.58532601599059,-117.1753318728288,-117.79220943232416,-117.33565466105321,-117.06149370075391,-116.5931662245069,-115.5692117804086,-117.09510696027739,-116.0285584316265,-116.99210220808058,-117.2851720253399,-116.25151620607721,-115.99209783425036,-117.61208697539452,-117.76988763635654,-117.13644756529555,-117.69707874548699,-117.87458971513362,-117.00650157325131,-117.20018843728215,-117.71117311082624,-116.88173342630228,point1,-117.20355215580773,-117.24981509453022,-119.06113852157199,0.5618478656150864,0.03043465145055415,0.5234002657778509
HDOK,PLOK,17472,42,42,-130,-14,11,2,33,-115.12668372053254,-118.02691196781481,-117.94579810285317,-117.25755783776643,-116.84150286514786,-118.63374632411075,-117.04310009288065,-116.87179494602326,-117.61116268216654,-117.51483137294137,-117.88243497991077,-116.54279532695458,-117.0945495163732,-117.69318541635703,-117.0884555523786,-115.79183553714114,-115.21627504743019,-115.04760149793547,-118.36028768890931,-118.08750184304334,-118.18140241272805,-117.08009247075113,-118.25697719750627,-118.01793768885983,-117.78520220074206,-116.17224362085545,-118.1720039646987,-116.96519518847307,-117.15981433690868,-116.49503313600853,-118.48970502464331,-116.2114620563239,-115.36860398595778,point1,-117.15253592736752,-117.15981433690868,-118.63374632411075,1.0168819929434616,0.6495188576371087,-0.4624564126482551
HDOK,PLOK,17472,42,42,-130,-14,11,2,33,-115.0302997817983,-117.71299900060642,-117.9673294585982,-117.54452851578843,-117.32689416661223,-119.40304667987006,-117.57216464799124,-116.07543971655082,-118.20849676536115,-117.88230144285026,-117.2601766384969,-117.65745442862293,-117.59993656405055,-117.66015600716277,-118.20533212860086,-117.8027796026612,-116.42375631037486,-117.10304175447611,-116.17503988072768,-115.41922050224892,-117.94215909937907,-117.80306814999174,-118.83979585054175,-116.9512113835173,-119.11670939095538,-118.43844528612337,-118.48135112881175,-116.59443428527615,-117.77220935434109,-117.68363196904937,-117.21324114654385,-117.02613839219742,-119.52742010138329,point1,-117.55818816762304,-117.66015600716277,-119.52742010138329,0.9964233804685125,0.4063116137393211,0.6257095935698276
HDOK,PLOK,17472,42,42,-130,-14,11,2,33,-115.47136320586549,-117.46956691528507,-116.90045505598913,-117.5693893648017,-117.9616741081406,-116.88158882856293,-116.63250012900777,-116.06228267328902,-118.33753011690024,-117.66470991109017,-118.04462928689351,-118.21985561104592,-117.47427853612253,-117.00274204356113,-117.47000554731132,-114.09431573531715,-118.48348382997487,-115.05109460718516,-116.37625649729534,-116.54198894968671,-118.26956304716703,-118.65102992019968,-117.11544483627972,-117.0604178544908,-117.57587028615143,-116.81264632465582,-116.64847087258836,-118.7683371454944,-118.08699607816382,-115.77144767139134,-119.59720530147624,-116.4464513715823,-117.8420302854316,point1,-117.22289763479993,-117.46956691528507,-119.59720530147624,1.270471266777172,0.5597301564532999,0.7497991843681828
HDOK,PLOK,17472,42,42,-130,-14,11,2,33,-115.14318170320324,-116.47615166995345,-117.88441696695324,-117.3516307608967,-116.51390753617208,-116.63532706180072,-117.56917871449087,-117.95747814313097,-116.44602442275273,-116.54831346159177,-115.99468334227997,-117.41295794120163,-116.14425178651071,-117.51925714199486,-118.77082611621138,-117.97388139190127,-117.15565023519808,-115.12383057586543,-118.26563074307327,-116.52844784444791,-118.4952275289814,-115.30544293593984,-116.87816729466032,-114.61992080038661,-118.81449345552642,-116.26472951884809,-116.39973022570432,-117.5088171081542,-116.89639901757013,-118.10757575157133,-118.00517077374917,-117.29375601924004,-116.40470981663876,point1,-116.98209599413946,-116.89639901757013,-118.81449345552642,1.1000529409367454,0.2804173105841838,-0.383447178586509
HDOK,PLOK,17472,42,42,-130,-14,11,2,33,-116.15308948956952,-118.06851286897582,-117.40071682093154,-117.2923447261489,-117.70351297428317,-116.70688713795408,-118.76921400181395,-116.54511624774248,-117.31284624654907,-117.89202913685692,-118.00347262698128,-115.8822269404933,-117.41698752591842,-117.29121381696903,-115.0878617172398,-118.2059209728606,-117.37892666223692,-115.71247972250838,-118.73106561356013,-117.27432762075155,-118.17412934193435,-117.78641453482707,-116.06580351831735,-119.30087025860153,-117.31062516801158,-117.04813448639669,-116.92506957015422,-118.80085904515069,-117.1822922733108,-116.8404334649945,-117.39903892161382,-117.19106574261102,-118.88707192385083,point1,-117.38607760970059,-117.31284624654907,-119.30087025860153,0.9037301462085079,0.20327237033427545,0.07504122094890509
HDOK,PLOK,17472,42,42,-130,-14,11,2,33,-116.82306710440011,-119.08076531898374,-116.50751203445883,-116.127096719247,-118.33140042411287,-116.68874898103824,-119.736288598926,-119.340515426323,-119.64621618650844,-118.02505544210018,-116.70215477260516,-115.0219149502033,-117.87640729299896,-115.76699376106407,-116.14935876039829,-117.89432666540407,-116.36396926214324,-117.3992177975854,-118.12496844281348,-116.0994998404611,-117.24404089201549,-117.48524369156368,-117.33061360538319,-117.79449806509237,-118.50492006366461,-118.31605834482603,-115.76242667126027,-116.00195502017898,-118.02268904130169,-116.32028415530455,-117.59606489414433,-116.93864934915491,-117.33821526390989,point1,-117.34427687392655,-117.33821526390989,-119.736288598926,1.3435481375101836,-0.2534893260851633,-0.4584887517754481
HDOK,PLOK,17472,42,42,-130,-14,11,2,33,-114.45633765607818,-117.02787712515921,-116.25903478988803,-116.75380917861708,-116.82119650085964,-117.28822756415742,-116.28072122050288,-117.68516051635461,-115.65592353557847,-119.01056543159552,-118.68775688575161,-117.77789321264534,-116.83024136391451,-117.66095264058058,-118.2862777896468,-118.018787596412,-117.75063114731216,-117.68305819627413,-117.87862842593599,-117.9790510115496,-117.22749143777224,-117.6326393903264,-117.75492716811321,-116.879218833196,-115.75376150785044,-117.28170957792787,-117.49682267681331,-118.28628515813953,-119.52377714210338,-116.38523669421575,-117.89100607653018,-115.7884270651989,-118.83489355109225,point1,-117.34934327479067,-117.6326393903264,-119.52377714210338,1.1006878841252148,0.48414835404048306,0.6427305621795547
HDOK,PLOK,17472,42,42,-130,-14,11,2,33,-114.66769103166007,-117.56668982012215,-116.36239458538812,-118.71983526545485,-118.230780745138,-118.15345013366415,-116.02636120822008,-117.67562077220046,-118.34556494099985,-116.87297781249775,-117.64848857085079,-116.96696870455237,-118.98954801701285,-117.27758237220175,-116.84737563860702,-118.183272218785,-118.13513199743967,-116.24020257483804,-118.88887481098496,-117.1202332269189,-120.37037204150428,-116.34565063606696,-117.65109628387924,-120.10340054838589,-116.09918264667601,-115.96360633439002,-117.0414384896283,-118.65029987946023,-116.66587160670562,-116.25444169401146,-117.05328849156658,-117.57406434625858,-119.0816740935616,point1,-117.50828580423126,-117.56668982012215,-120.37037204150428,1.508819441825795,-0.24767103746864141,0.14487469147791243
HDOK,PLOK,17472,42,42,-130,-14,11,2,33,-115.53924208872606,-116.79230405234281,-117.52218462562313,-117.01276086003196,-118.53188606991255,-118.47163888446751,-117.60075672205471,-117.43849471392707,-116.47942380546603,-114.34491275760087,-117.47545742193971,-119.44511598883263,-117.4740323310785,-116.8452046945564,-118.1506651485293,-117.17838344838543,-116.76209802451231,-117.53767688126733,-116.53972282678723,-116.93040265019312,-116.8099563452213,-117.74516857793328,-117.93750719203291,-117.99149329106119,-115.18547290259193,-116.81753982998265,-118.5024921481748,-115.5454476639192,-117.03017591202416,-116.0627798625182,-115.84533080800162,-115.81913216869098,-117.89579208511833,point1,-117.06850462980321,-117.03017591202416,-119.44511598883263,1.139829753915369,0.33538519794123256,0.3137766360345733
HDOK,PLOK,17472,42,42,-130,-14,11,2,33,-116.1554660991636,-117.93920073553738,-115.48458310172849,-118.52727423863003,-117.41502788067528,-118.14879648164064,-117.39821467898564,-116.42772502908285,-115.35941442024493,-118.08399513466551,-116.98163146384431,-117.06549374658454,-116.21834466693049,-119.08362970631076,-116.86776451136349,-117.23040066352294,-117.94485070507919,-115.58914464319565,-117.83904420237162,-117.74234424139088,-116.27620702400158,-116.39242332674071,-116.43378910336492,-117.39286732607825,-117.80785849317651,-117.86499982722218,-116.52550597416543,-114.35052511027598,-118.76085556563906,-116.08200561715886,-116.23852453568836,-117.91059585286104,-117.61834069246055,point1,-117.0653589333267,-117.23040066352294,-119.08362970631076,1.1164379426001705,0.3772316805223575,-0.10701993289816025
HDOK,PLOK,17472,42,42,-130,-14,11,2,33,-114.6669326149511,-118.02591003713391,-116.75672576769139,-116.09624281549169,-118.50409722163997,-117.17994583934362,-117.84475521249236,-115.23965829332191,-116.67674281983348,-117.89362063408595,-118.73040725795497,-117.40165993739029,-116.58154824569509,-116.0321581853187,-116.58307404105534,-116.73801543096499,-116.33162106129872,-115.23664850065674,-117.67740317627702,-117.02222049613995,-117.93419753201448,-117.57871058477916,-115.67583380743356,-117.43920131575358,-119.46017782002417,-117.94620333585091,-117.08538789826923,-115.33688855243922,-117.28099901221634,-117.15195458428519,-116.43655868469736,-117.33957645902113,-117.86361407966668,point1,-117.02268761379358,-117.15195458428519,-119.46017782002417,1.1226019561002314,0.1739297420488562,0.0027928726265979975
HDOK,PLOK,17472,42,42,-130,-14,11,2,33,-116.24334975618014,-117.39594177625608,-118.50388054432705,-114.90859512990757,-118.2063983347158,-116.85729460347696,-117.32676576914723,-117.15454902253806,-117.07218071199453,-117.62753081144861,-117.62564389461036,-117.66122917642464,-116.2108773075325,-116.13152505302807,-117.21055612807339,-117.16812024307777,-119.91114981087411,-114.97098788047329,-116.76847174927951,-116.09369169091327,-117.36699425504561,-117.18529791443103,-117.41320695552038,-117.71844208458116,-117.14562509130326,-116.75393581198607,-117.21883422497893,-116.7015510836942,-118.81353135821072,-116.99618635440852,-117.69700606482547,-116.58296079088757,-116.77151454433485,point1,-117.13375230086322,-117.16812024307777,-119.91114981087411,0.8969811341420334,-0.20999197712657866,2.1102342989010823
HDOK,PLOK,17472,42,42,-130,-14,11,2,33,-115.68029083660227,-118.30205259764408,-118.38005074441625,-118.02015325945644,-117.19034241233341,-117.22191145259998,-118.40988187511077,-117.84096244252541,-118.44733822647979,-117.5652946735222,-119.713587315938,-117.56485126379157,-118.047054032024,-117.01294375708352,-118.0763869266909,-117.55913936963294,-117.83022638678378,-115.80400061375892,-116.72476648249638,-116.58754640824243,-116.91165930657411,-116.1937719373971,-118.25375087075219,-116.8865295194474,-116.79040043644831,-116.7845107909117,-116.00424682037988,-118.03558178007012,-117.91765354105019,-116.67833784922905,-116.8947468402819,-116.92861815495884,-116.01601683948401,point1,-117.34165472012478,-117.22191145259998,-119.713587315938,0.8081141450306706,-0.19296863575411208,-0.012672770640506315
HDOK,PLOK,17472,42,42,-130,-14,11,2,33,-115.88482752548506,-120.02052923169724,-117.36637547830662,-117.75103344586618,-116.50611139536973,-116.25652440932598,-116.28459313302466,-117.83095975726275,-119.37759095017981,-117.33202997038723,-116.24302647840899,-117.236166534817,-115.93102529626479,-115.92558017528972,-116.29019642697722,-117.54629631756028,-116.1863391807728,-116.53855053704598,-118.13837374514229,-118.55054256745538,-116.2794190008164,-118.18834926733373,-115.2018026836795,-117.31175855391407,-117.72955120092033,-116.58312485741881,-117.63166481796011,-117.6903845129923,-117.4661751054347,-114.99422157539688,-115.84871337548634,-117.4996962157178,-116.67445261523089,point1,-117.03927231330125,-117.236166534817,-120.02052923169724,1.2074341624853144,-0.5650960065475041,0.5112366186187085
HDOK,PLOK,17472,42,42,-130,-14,11,2,33,-114.20424181815392,-118.28159343406462,-117.37177229761407,-118.2927324193223,-116.95013967177752,-118.01416850733385,-119.08663163189289,-117.82446862712489,-116.83674462662158,-117.41591727608497,-116.2348663048531,-116.8090893449895,-118.65454792498849,-116.83667319793655,-118.53627222993154,-116.25311320217344,-117.26710906543492,-116.9915789987438,-117.10709679577984,-116.17855669242886,-116.29930082928172,-118.52260712556372,-116.09026293652721,-117.73485706561735,-117.90797264974796,-117.7248381618507,-117.5363691249164,-116.30570479384,-117.43246367620984,-117.10594955646219,-116.04664317402545,-118.01651095186205,-117.08888780963395,point1,-117.24120248250875,-117.26710906543492,-119.08663163189289,0.9430061013822721,0.6580333992688902,1.4174053879144997
HDOK,PLOK,17472,42,42,-130,-14,11,2,33,-116.38075317888347,-119.37268353761337,-116.16848477652987,-117.35036558083152,-118.925002002688,-116.31071480998648,-118.00673086131634,-117.44840326352612,-118.61302424796949,-118.9231598779915,-117.54215782730235,-116.30822494133785,-118.35783397223082,-118.81606865369776,-118.12860766111577,-116.71470461226387,-120.13695173567233,-116.5870330261376,-117.3643602125173,-116.5391902463334,-117.46252151898187,-118.09762332595794,-119.76804540424013,-118.06082075752329,-117.62246298675208,-118.10975222392993,-117.18819361814442,-116.89231159269909,-117.67242932581551,-117.41417277159768,-117.7012017222298,-116.92428489042719,-116.43744390955405,point1,-117.67714300223628,-117.54215782730235,-120.13695173567233,1.0402129297358975,-0.547891470835854,-0.23232671460355192
HDOK,PLOK,17472,42,42,-130,-14,11,2,33,-116.79846778923952,-117.62278310240958,-119.00674954755347,-116.23578493087508,-117.77922436949252,-118.2996307489257,-116.7995218290361,-117.47387948720238,-116.99124521268499,-115.87622241419096,-117.49844165521313,-116.90604415791024,-117.17775252610109,-117.06342545231607,-118.08979703554023,-118.0703541096893,-117.11392578968918,-117.325376589701,-117.69188768167072,-118.1453810575616,-116.92168679951293,-118.97805176786767,-118.01198157459729,-119.16082535030247,-116.27309085559703,-115.25650746298115,-116.61024691800156,-117.23376475965844,-117.94441517264158,-118.20881052765205,-114.38197946001553,-117.31712092492516,-116.89904217556001,point1,-117.30798240110046,-117.31712092492516,-119.16082535030247,0.9992039414358602,0.6317833330452715,1.2900279141411652
HDOK,PLOK,17472,42,42,-130,-14,11,2,33,-115.56046284969474,-115.14902301857548,-117.28788979053213,-117.45790636579378,-117.82104878629995,-115.69984808125686,-116.75516122278763,-116.66652944661278,-116.50360714042885,-118.10748994361586,-116.54892917212844,-118.02451168004497,-117.46420543289813,-115.98424219318392,-117.6203444052962,-117.21296740232685,-117.43336783087348,-116.83139718143156,-118.30821883844273,-116.4754388617958,-117.48203271384679,-117.19385938368347,-117.08225913471108,-117.95599128270409,-117.18325184711325,-119.11920984305988,-117.50824318706752,-117.34754237665805,-116.19094081047433,-115.6760110913868,-117.02520897629921,-117.70729689975474,-117.60759490567784,point1,-117.09066763928656,-117.21296740232685,-119.11920984305988,0.7282901231927671,0.27360794817401757,0.18610001901696416
HDOK,PLOK,17472,42,42,-130,-14,11,2,33,-116.0239089353225,-118.11000599939179,-118.4747953533169,-117.43362184010765,-117.61049683728099,-116.51891624365608,-118.63971286155501,-116.98524554579502,-115.58116066984265,-117.63644425857348,-118.79983852541282,-117.19944764213979,-117.91443296046937,-115.75724065286006,-118.69839574851878,-117.61932497955576,-118.38981746476482,-116.95507546667372,-117.07172759696161,-117.56594910123329,-117.39608002227793,-117.25046946936006,-118.90460354748744,-116.13349424210826,-117.38432953625859,-117.75927307953616,-118.5109937219221,-116.44496639025932,-118.03043687239173,-117.77626750066904,-117.76213615667893,-117.11235187345487,-118.91748401955293,point1,-117.52631651864817,-117.61049683728099,-118.91748401955293,0.7925075850310874,0.38720634717621144,-0.3920153697353066
HDOK,PLOK,17472,42,42,-130,-14,11,2,33,-117.04448043326099,-117.57861594311252,-119.32051410600877,-116.21057596516906,-116.68060100404003,-117.10977410836298,-116.89610364171719,-116.39257926827521,-117.36868743702863,-117.57344203121067,-117.69358393781445,-116.75632237357313,-117.5433849442496,-116.42792597831692,-117.37217643152756,-119.06928167627846,-117.38813250560841,-117.40411900487162,-117.65531932034756,-116.75846369582598,-119.45004452607373,-117.11752965879599,-117.03704467390342,-117.90455459102752,-116.48800385274005,-116.12894729300794,-115.03323559951285,-117.97286405777129,-117.32096047646048,-117.85498767362323,-118.40504739937502,-117.18335389618619,-117.1963708003048,point1,-117.3132432819813,-117.32096047646048,-119.45004452607373,0.7879536545101272,-0.3514448214932491,1.3285669509307314
HDOK,PLOK,17472,42,42,-130,-14,11,2,33,-115.21515583199057,-117.32008274629217,-116.2842085473691,-119.20870910557983,-118.08337874777695,-118.82618291017292,-117.35753436494817,-116.60982186485631,-117.54348162673625,-117.2192030854721,-118.52821683761718,-119.14355683336204,-117.49155928867238,-117.41569318565875,-117.1706870859914,-115.50341530754655,-116.64910721265407,-116.70922567703138,-115.87566073205146,-118.48604741169376,-115.43174874411874,-117.35849135632098,-117.8455336532287,-117.46962263971685,-116.95184357897813,-117.07345466431033,-119.10907903391205,-118.11542206416458,-119.52903482055947,-116.99386402717612,-116.74926717362585,-116.83695311067727,-116.72288948253778,point1,-117.35842826523638,-117.32008274629217,-119.52903482055947,1.1712436572844767,-0.12654302187471414,-0.29720411461609375
HDOK,PLOK,17472,42,42,-130,-14,11,2,33,-117.17761081632334,-119.65598229124016,-116.43443382708875,-115.96871758274128,-117.98416339312486,-116.26516754806211,-118.20138413660291,-120.34061551843756,-116.93746027788536,-115.84390032768847,-118.36205687171443,-118.27069208739779,-118.17356162979466,-118.17842535703865,-116.63448078612394,-114.66757953078164,-116.59529805866417,-117.87472925003256,-116.80828214185321,-118.33999196697467,-116.24958559420587,-116.112381826563,-117.83938179707589,-117.52830734118562,-117.8828825532273,-115.94478130001598,-116.93038731874117,-117.23843346070892,-116.43367418016614,-118.60265014090324,-116.67599774240946,-116.76448097528494,-117.90967814845622,point1,-117.29779259934892,-117.17761081632334,-120.34061551843756,1.3252168809634497,-0.36288662453044324,0.5409458686513386
HDOK,PLOK,17472,42,42,-130,-14,11,2,33,-115.94437471874467,-117.86991231298894,-116.70466884593364,-116.63436918126176,-117.4324669257369,-118.25003155495583,-116.21986808115625,-118.95658535874294,-118.14623253876537,-116.20545831582625,-118.16514125203618,-117.58528978342368,-119.29718414608348,-117.34633537926331,-116.17119189675321,-117.2533721959741,-116.29651842189695,-118.16491581011915,-116.09949341143074,-116.60209602683392,-117.28037941751887,-116.5137315273484,-114.40137697465677,-116.18933843694911,-117.87810533226661,-119.15045532702241,-118.4726515646159,-117.80546020698046,-119.12898702114556,-116.73843273951182,-116.53320227362806,-118.04468225636843,-117.10784391269165,point1,-117.29061070147365,-117.28037941751887,-119.29718414608348,1.2110894586101648,0.13165223329648404,-0.029261725155720786
HDOK,PLOK,17472,42,42,-130,-14,11,2,33,-117.0168121920639,-117.45751341557204,-117.45777299356438,-118.3867292008222,-115.41662316929576,-117.92016454332392,-116.72252310613462,-117.3698897547092,-119.40241141951586,-116.4878996775659,-116.59305386981747,-118.81759561545589,-116.7093116714242,-116.3991632610188,-116.85607644235238,-116.43257414223568,-115.20032576520683,-118.96575287543004,-116.8197287816792,-116.90458658442624,-117.50750450549558,-117.93809484453801,-117.02810625569141,-117.83321181462011,-116.4095202976041,-117.24701965425412,-116.65109781716339,-116.99975147169769,-115.62411276577568,-118.65577099534302,-115.88959688265246,-115.883306100866,-115.25622632547457,point1,-117.03817661250882,-116.90458658442624,-119.40241141951586,1.085363296441682,-0.3305785526957443,-0.18629177240917194
HDOK,PLOK,17472,42,42,-130,-14,11,2,33,-115.74945692591676,-119.06826618028356,-118.00807125589228,-117.41556585165523,-117.62852054060446,-115.97662734750386,-117.50271539927729,-118.0316431395858,-117.47612522826144,-117.65426993106787,-116.71654107207308,-116.83577674110607,-116.78303046860225,-117.3788092358638,-116.85443767601447,-117.42023193390628,-117.0035038111613,-115.85710505108581,-118.69111666123025,-116.09327694833091,-119.05977446371121,-117.52089174158114,-117.71958240307852,-118.96687297662308,-117.16452996058827,-118.6187164899354,-116.59723565036037,-116.45555235674485,-117.72314938406336,-115.82503792120222,-117.59787610512657,-118.32168926381482,-115.56656423173284,point1,-117.31159285902983,-117.42023193390628,-119.06826618028356,0.9331337446144996,-0.03152712048878731,-0.6316345816075981
HDOK,PLOK,17472,42,42,-130,-14,11,2,33,-115.30866514303932,-118.71494003635306,-116.15311824422338,-119.6346188711691,-117.37480608655912,-118.81602751353617,-116.64232649847061,-116.58580953928245,-116.68921685147173,-118.38638711743705,-116.19907451168662,-117.61940489604724,-116.54630278010536,-117.86741920461779,-118.41436589978271,-115.51621609089483,-114.93274733736571,-117.47358882263373,-116.26517684088485,-117.06062246978647,-116.71287519763392,-118.44683891980398,-118.0104884320928,-116.07516621648821,-117.53410406832141,-117.83716313430754,-119.12410066040607,-114.79873319175347,-117.75334111722296,-117.97886622010466,-116.2897361747763,-117.78222465716193,-118.23475950998383,point1,-117.23573431076981,-117.47358882263373,-119.6346188711691,1.4294565975354614,0.19248267483704073,-0.5707585985784891
HDOK,PLOK,17472,42,42,-130,-14,11,2,33,-117.0121108113762,-117.57326476432478,-118.99929611054615,-116.54906194361034,-117.32695825659103,-117.02727195597991,-119.96062859678368,-117.72108952391638,-115.7265566134427,-117.92687026714196,-115.9939303066644,-117.48388723079671,-116.65574038255505,-118.56686763728638,-117.62484470534588,-116.61080206343443,-118.19330406746667,-117.13279610196189,-117.29469695363895,-116.96229002680846,-117.23243417499923,-116.59223277909553,-116.42662157838288,-118.26272210577206,-118.75824649263629,-116.35153023172157,-116.91988344264952,-116.41215199487148,-117.81349678474974,-117.2764055012002,-116.96743381246925,-115.75578994159494,-117.01425324740394,point1,-117.27652940627934,-117.13279610196189,-119.96062859678368,0.8504904407968201,-0.7846500315904618,0.9515765534494416
HDOK,PLOK,17472,42,42,-130,-14,11,2,33,-117.64916370023042,-118.30405901536227,-118.12996225906464,-116.88846239910599,-116.57465452575147,-117.0912823338254,-118.32525671638591,-117.68262205338013,-117.50585095573253,-115.68357303309527,-119.67071090777135,-116.27183020225974,-117.15409973658292,-116.87138582185332,-116.9242244111865,-117.87041579886723,-117.05701262847211,-118.52158200666501,-119.37716073892139,-117.80140151205806,-118.63082326916906,-116.90430910019569,-120.43115741513172,-116.06835228467627,-117.50607467057539,-118.45218160875066,-118.86707103132218,-117.06818538585291,-118.08017278740289,-117.94051560130396,-118.13615860111258,-117.03559292061657,-117.73220835897142,point1,-117.70325799368645,-117.68262205338013,-120.43115741513172,1.018595064737547,-0.5044168732033003,0.5916619494606161
HDOK,PLOK,17472,42,42,-130,-14,11,2,33,-115.5472576574192,-116.880701899765,-118.29357836652436,-117.61015259103287,-117.64150689702726,-117.48838779654845,-116.71133121981042,-117.42452842066061,-117.72710494869165,-116.82344775853511,-117.7457394068359,-117.16097635217758,-118.52487877306007,-116.2538381464258,-115.65366777751811,-116.925945357622,-118.38535510353844,-117.51189788471046,-118.17219265141904,-117.1214804012866,-117.68614763828708,-117.39719938517993,-116.0007333569241,-118.91369955517804,-117.42107153144529,-117.53059254967413,-118.1787895458819,-117.59319254378751,-118.03324425657183,-114.76724947429699,-117.62794077246488,-117.99824096455608,-117.93082715286735,point1,-117.35402721629468,-117.53059254967413,-118.91369955517804,0.7927123950465687,1.0401065656274622,1.2178673381961826
HDOK,PLOK,17472,42,42,-130,-14,11,2,33,-115.55901474895748,-118.2950505598332,-115.8985528637706,-116.0989133382939,-115.98645431790713,-116.59208485584098,-119.01854207718266,-117.31944571685692,-117.50616911987419,-118.39305895165845,-119.32573039580714,-119.25531292453968,-116.72447995922964,-116.11272472429722,-116.87725116406628,-116.88729795554171,-117.21540349296033,-118.96907074366692,-117.4002820503976,-116.18005650627506,-118.44429129369294,-117.09255855683651,-116.60385455368997,-118.09142225868786,-117.13634091666799,-116.22675614354553,-119.22306717328878,-117.7693563544782,-116.73950416472158,-118.34851383685039,-116.96123445321687,-117.87175315716829,-117.44900667952484,point1,-117.38098654573719,-117.21540349296033,-119.32573039580714,1.1254817784229032,-0.3119314358273808,-0.8964303343680426
HDOK,PLOK,17472,42,42,-130,-14,11,2,33,-115.17730935822257,-117.84079323788774,-118.11720573309007,-116.57409338169943,-117.05556385017076,-119.06668311742675,-116.31204109773819,-117.26417291228175,-117.93431716702369,-117.08114364923642,-117.70658377737355,-117.44825097270645,-117.26181645991893,-116.2048812103015,-115.20429073514609,-116.88117495850942,-117.44524811432998,-117.8961479029548,-116.55939854778774,-116.08696133285565,-117.82153554817559,-118.21813483577765,-117.86352939864123,-117.83437249223502,-117.4647195168313,-116.1102422602521,-117.21545050373041,-117.535945698813,-118.60622369392541,-115.97349510532229,-117.79793225795143,-116.60294921807228,-116.69133788018647,point1,-117.17739230080534,-117.26417291228175,-119.06668311742675,0.7954865187726963,0.3675556467203756,-0.03325084450090854
HDOK,PLOK,17472,42,42,-130,-14,11,2,33,-118.53389635369318,-118.97842664777498,-117.73362807138791,-117.03782547401877,-116.44323416406026,-115.86419030697195,-117.30078055187498,-118.6401876049094,-117.70919123555586,-116.8308588548643,-118.31006263279588,-119.47375277655834,-116.95881580278093,-118.04524796529427,-117.6653373615208,-116.64488666762882,-116.25138891441851,-115.5778488239553,-117.3027752804137,-117.91851695968654,-117.26329387410475,-117.00390638333513,-116.02693566993813,-116.66997474127501,-117.37594531894437,-117.45521568041231,-117.5464836089181,-116.92903948340378,-116.9155077086569,-115.1285899799689,-117.71534550575284,-117.04809274814903,-119.02762425379734,point1,-117.31293355778251,-117.30078055187498,-119.47375277655834,0.9520094012862268,-0.07524718441991206,0.07223294163301208
HDOK,PLOK,17472,42,42,-130,-14,11,2,33,-115.81479195760528,-118.64441566680682,-115.53608626463682,-116.73780356823687,-117.07300839506428,-119.16869214703998,-116.4116363629701,-117.91736925900946,-117.49122065115861,-116.90646125357819,-116.8544013950467,-118.6991496443899,-117.0644606567924,-115.85573165167627,-117.57806776479357,-116.30946175304712,-117.0977700098611,-117.76373802830014,-115.97063927239884,-116.22496079409638,-118.66547921381097,-118.91026177484432,-116.1454447750012,-118.61081912221026,-118.42761493589661,-117.15952345438055,-117.99246135405936,-118.16341741196683,-116.91075940675456,-118.00726946714336,-117.67241769015853,-118.48145332952511,-117.1364548410613,point1,-117.37585585676732,-117.15952345438055,-119.16869214703998,0.9978504512568434,0.032482014313174684,-1.0477273262646394
HDOK,PLOK,17472,42,42,-130,-14,11,2,33,-115.29079710202821,-117.69826308653694,-118.44958697137088,-119.1206662731264,-117.86155671936078,-118.50511074383581,-118.58195872386577,-118.18919296612064,-118.56621082102416,-118.27403286714883,-118.43096102362382,-116.32169004991592,-116.57876006496988,-117.07703038260337,-117.86947239787429,-117.5711775007459,-117.93307635235372,-118.39556504100001,-116.81330919609056,-117.38843222198761,-116.19226953406042,-116.56353054960792,-117.54355739682411,-116.35993755859198,-116.11980953915895,-117.0011547919334,-116.34263075553585,-117.15464689325184,-118.26188730396504,-118.1269369511004,-116.21957230409183,-117.50385411565689,-117.38820168372546,point1,-117.44529817827541,-117.54355739682411,-119.1206662731264,0.845352651644691,0.33526209923209027,-0.7268147161362695
HDOK,PLOK,17472,42,42,-130,-14,11,2,33,-115.81375941736255,-117.96043689636127,-117.65336623073019,-115.21568841531838,-118.10879507232289,-116.71615286692466,-117.48093975538592,-118.56100462138419,-116.10309040850862,-118.05823718530638,-117.92213184762949,-118.65424778747605,-116.15446958522435,-118.10229649197926,-117.81160325808658,-117.59686058968072,-118.11022718142536,-116.0668069036329,-116.91691276884661,-117.42199383090244,-116.43670106710978,-118.13633739479656,-116.96007903927654,-117.75394156601098,-119.0966689370611,-115.80082976438689,-117.3819701606538,-118.82974477256612,-116.9373128679519,-117.11682086776999,-116.55906548289619,-117.56751231234655,-115.73364855585002,point1,-117.29514102736864,-117.48093975538592,-119.0966689370611,0.9524987957645592,0.28236815869101706,-0.7190196496482524
HDOK,PLOK,17472,42,42,-130,-14,11,2,33,-118.41014988220107,-116.88071266557682,-118.17805108065937,-115.62144450720966,-119.30020192654882,-117.8980384010802,-118.03792998918045,-119.06119423390291,-119.60470420892801,-117.5654540305181,-117.78119023358994,-115.73818447770753,-116.88132274333708,-116.62722645733555,-117.40987061175308,-118.15998738211592,-116.6686488435765,-116.92530860323149,-114.82822992190145,-116.17159233302144,-117.35991775222692,-117.37602676618542,-117.92751540977942,-119.33071513485861,-118.21320224152002,-116.99272037563928,-117.26873660360128,-117.02347300251579,-117.68559804556094,-117.60215551536263,-116.82369678160516,-117.67971109884012,-118.35991566917049,point1,-117.49675233121943,-117.5654540305181,-119.60470420892801,1.1013860059909724,0.21564828735566074,0.4138192731470465
HDOK,PLOK,17472,42,42,-130,-14,11,2,33,-115.36235500073231,-116.5441217295286,-117.96888621920522,-118.76589518597365,-117.46613051875319,-117.0799145526362,-118.43932343168765,-117.99135786850823,-116.90117042863426,-117.25045029344759,-117.4373974836899,-116.23565475334868,-118.02786234656789,-116.91120038515328,-117.25298701859307,-116.34135556291874,-117.4095050537888,-117.4686407268491,-117.67748839087655,-116.57757476790057,-116.50245004551175,-117.00510021494513,-117.70696151781185,-118.59089818374837,-116.53018976957381,-117.59556259118025,-117.49044850284771,-117.3381458925462,-116.80433761346977,-118.21994150996969,-117.94944471268822,-118.84478261360776,-116.51420628825711,point1,-117.33944670227123,-117.4095050537888,-118.84478261360776,0.6101020648739487,0.10550442302409119,-0.010130212299563457
HDOK,PLOK,17472,42,42,-130,-14,11,2,33,-115.20633657327993,-119.12401091879582,-116.04638697342627,-116.69956400415467,-116.40547077653461,-118.16682645664767,-118.91165072703834,-116.9354908207324,-118.08462338772725,-116.87194004556417,-117.73397362247914,-116.74021887748104,-116.81306946546981,-118.03749809678666,-117.27653212053113,-117.22320544683878,-117.11519692769339,-116.5740487080692,-117.14606098757882,-116.02464067363664,-118.40901862589755,-115.92344306353932,-115.86328757378942,-116.05533344113312,-116.95957824906586,-118.08061535162005,-116.88379818493975,-116.71448223769829,-117.18486054839002,-117.6102233253923,-117.54000679892934,-116.41388751622324,-116.76933821247474,point1,-117.07710965877452,-116.9354908207324,-119.12401091879582,0.7817483934239373,-0.355921912637358,-0.007469308164833155
HDOK,PLOK,17472,42,42,-130,-14,11,2,33,-115.48052947227,-119.30124097691463,-118.02980082571521,-116.73457963729497,-116.67667561263507,-115.9767271045882,-117.53338501373497,-116.47491812278012,-115.40569444251541,-116.30395975945687,-117.23862499301622,-116.84258568220285,-118.39919715866898,-117.94679027487413,-115.95001920314857,-116.43448055526086,-117.73093496876575,-117.1314326757211,-118.96709161992108,-116.20704813542314,-117.25211458143336,-116.53232114588548,-115.903460028944,-116.99956057710584,-118.36314445144829,-117.51215882678092,-116.02574007068536,-117.19580321458912,-117.728349720188,-117.06827415288767,-116.92848058447315,-116.70991801015839,-116.447947020142,point1,-117.01312086726148,-116.92848058447315,-119.30124097691463,0.860534913831772,-0.5352186638156775,0.030870601632704275
HDOK,PLOK,17472,42,42,-130,-14,11,2,33,-115.96304469837669,-118.84175315416118,-117.47488401898943,-117.58345869659377,-116.88633909395989,-117.4625398724454,-116.8433491366956,-115.69905021145951,-118.51821951177307,-116.98783199484758,-117.24402072643818,-116.14064586274972,-118.55977413236766,-118.82700106393825,-115.36390942293197,-116.66588948731507,-117.3078546887664,-117.22047564610067,-118.47621431500225,-116.84341872751547,-116.75198736676684,-115.91818584703512,-116.93922639697043,-119.01009781471949,-117.7289287795895,-115.25745065998615,-117.86243657362942,-118.10713345136953,-117.26267080138155,-116.66417541030273,-118.16399758871951,-117.78204693182319,-117.65297201584661,point1,-117.27306012425963,-117.26267080138155,-119.01009781471949,0.9670953357940959,0.18796848143195455,-0.5000407961184474
HDOK,PLOK,17472,42,42,-130,-14,11,2,33,-116.06519470296149,-118.17147865715337,-117.46154851118925,-117.81566224050101,-117.84775177934593,-116.89724320630286,-117.07088839111768,-119.09378778592043,-120.03666782289241,-115.852899414028,-118.01982565264532,-118.87014336732679,-116.41337411236039,-116.15910592349331,-116.9942058361286,-117.23194599672959,-118.01079754314662,-116.64882439828514,-118.16412364858175,-119.29484691648796,-116.09444968419719,-114.76063540016236,-117.26507845896522,-117.88948358513579,-119.58959427387809,-118.11022675088117,-116.80938652898318,-116.7350389104977,-118.03904752946784,-116.85483251924532,-117.43664717806533,-118.21950214117672,-119.36783488394333,point1,-117.5543052651878,-117.46154851118925,-120.03666782289241,1.3689757694823455,-0.04337878150224399,-0.07328876413084995
HDOK,PLOK,17472,42,42,-130,-14,11,2,33,-113.77519471883934,-117.28282778417814,-117.19635560927836,-118.0883701671833,-119.30347978293341,-117.88857001802519,-118.87212757425436,-117.17096338204888,-116.00437766999273,-119.28604250831799,-118.18796190056818,-116.52969865657228,-117.794552867551,-117.17008488958318,-117.52343544652972,-116.90420805418604,-117.21086990192869,-118.32603675919383,-117.4513395358711,-118.5503751463471,-116.84180351852537,-116.65157654910436,-117.58521812198885,-115.89059087524132,-118.44135577808375,-118.48786584255326,-118.49654728194064,-116.56207701598304,-118.80933116841634,-115.34577838425908,-116.37022762874666,-117.1987035469819,-117.40882843345919,point1,-117.41232656117174,-117.40882843345919,-119.30347978293341,1.3327497641372845,0.8368626704075776,1.6003788609770928
HDOK,PLOK,17472,42,42,-130,-14,11,2,33,-116.14944892451804,-116.2088473014841,-117.9123604886734,-116.54980818795208,-116.24928546165305,-117.58245290430129,-116.27243273667929,-117.71856944343622,-118.74014404656621,-116.06610177234025,-119.84683533743546,-115.32166092088099,-117.42753219784699,-119.44638953898178,-118.1940749477245,-118.38239785675961,-117.63597774455657,-117.05115195346238,-117.90612447197034,-117.5945249266784,-117.291863957303,-118.04413928041978,-119.10353385442842,-119.1331471669727,-117.82632485055022,-117.4970303229665,-116.71019496362823,-116.62728116493493,-118.76937819443137,-116.5288686433414,-116.33055172735635,-115.51577688096117,-116.52583410764055,point1,-117.39878928117683,-117.4970303229665,-119.84683533743546,1.2886180871702175,-0.25997557496855966,-0.6312450463019506
HDOK,PLOK,17472,42,42,-130,-14,11,2,33,-115.56720428945897,-118.94161819838286,-116.85177791063647,-117.68613803658972,-118.48404136368471,-116.93460478810233,-116.41516081082949,-117.86768946276771,-118.8740731665603,-117.79309808898313,-119.04574904543357,-117.97615462470084,-118.04544755500466,-118.05331887849194,-118.24367211909461,-118.34276732476214,-117.0922685132464,-117.40600109031494,-118.39011024768254,-116.79701623704827,-117.34820638768734,-118.98881725171896,-118.82257535452165,-117.33728426461616,-119.69906432663817,-118.20031630724671,-116.80706660752402,-116.89159799017949,-118.59911698567883,-117.77515663661256,-113.06086234684875,-117.04567384593513,-115.81843196757708,point1,-117.61218430377455,-117.79309808898313,-119.69906432663817,1.532966334260208,1.4881406999395772,4.209345520224598
HDOK,PLOK,17472,42,42,-130,-14,11,2,33,-114.59463872937296,-116.69219899246126,-118.2679599904448,-117.2169869669333,-116.39327689949438,-117.11898035571946,-116.91515533432974,-118.52586140267765,-119.34222289216763,-117.69298958689097,-117.67794499301982,-116.69563210877361,-117.7784146934085,-116.87465284911079,-120.05807490076629,-116.54331048175803,-117.4926798671103,-118.00296620004673,-115.99240876009839,-116.95795278275021,-119.72418865312144,-119.05132367380867,-116.71693186822843,-117.21591401635669,-116.95645981236967,-117.15635014392323,-116.69982784444575,-117.6878867690821,-117.45186468201011,-119.32770337166691,-116.6848966108848,-117.32315713127075,-116.46422253426455,point1,-117.43318290602326,-117.21591401635669,-120.05807490076629,1.2571376904116618,-0.42984225375206586,0.818600318422591
HDOK,PLOK,17472,42,42,-130,-14,11,2,33,-115.8484942466137,-117.98309183290104,-118.44498751920452,-118.6507396995574,-118.4754908787139,-119.57006521170567,-116.93945834089509,-116.71140114424705,-116.44269472644665,-116.67716883445335,-116.23968185978534,-117.51891283696017,-117.92552102304859,-117.18442404160496,-120.50215376226109,-115.77382200335605,-116.468960014434,-118.501582478694,-117.28532430516861,-117.73314154624885,-115.87483686559005,-119.57391836775143,-118.07818314942146,-119.08493422510621,-117.75012264334205,-117.35515434720575,-116.9393957039192,-115.38506881896109,-117.72799255850339,-118.07392744622095,-116.8930747614186,-119.38636131293785,-117.52126211438849,point1,-117.59155601882021,-117.52126211438849,-120.50215376226109,1.4504790290034648,-0.3261367773623394,-0.2320236747397484
HDOK,PLOK,17472,42,42,-130,-14,11,2,33,-115.66746997478853,-117.40482041480735,-117.6342767141632,-116.24363063687422,-116.23460137101036,-116.86610018648453,-118.63020125625333,-117.30628607310396,-116.24597826270404,-117.65855581721993,-116.7171110326279,-117.73084783607153,-117.25045130391928,-116.52164762495079,-116.79398074316067,-118.27786062181886,-116.18983616546849,-116.32724504348307,-116.46554587541009,-117.42762475647413,-117.10918608374199,-116.37084977536765,-118.32700715289087,-115.51404296935101,-117.47653452280132,-119.05317816171555,-119.56894265150089,-117.81174964655843,-117.41468601059758,-117.65320708633736,-118.41536972569446,-116.64034527369209,-116.63917061896743,point1,-117.19964670878818,-117.25045130391928,-119.56894265150089,0.8804171856768475,-0.5082980683247109,-0.009974899925709213
HDOK,PLOK,17472,42,42,-130,-14,11,2,33,-115.00563623574656,-118.58631643895326,-117.51202797973498,-118.35147873630471,-116.2397768881166,-117.49479999012732,-117.50800558051873,-115.8725348850356,-118.03345234647472,-117.48594716233943,-118.80482095561727,-117.05664327083257,-116.57313212602466,-116.67747719613072,-115.81951889708488,-116.8660250298626,-118.39162556266746,-118.50745003757888,-116.43905158547562,-116.88243983731489,-117.45511772356714,-116.44023880461316,-117.82446625930757,-118.3479740221593,-116.62642320572377,-118.19960193762634,-117.59684996251451,-115.61639901725937,-116.01001819035054,-117.3114498883134,-115.24797431695941,-118.37989224871555,-117.31240420835928,point1,-117.16596880386093,-117.31240420835928,-118.80482095561727,1.025464759962447,0.31111632309393455,-0.7616776275390982
HDOK,PLOK,17472,42,42,-130,-14,11,2,33,-116.79908050846969,-118.15191252918535,-116.41089618397166,-115.76988413472743,-116.78100651242664,-118.74646233996232,-117.68929953520498,-117.83058947529116,-119.24239183795157,-115.55987329938435,-117.22972211506332,-117.4546758768683,-116.38818328976447,-117.76642054238326,-119.60881125208195,-117.69344532084835,-117.1376860409981,-118.1496663575442,-117.24893418876684,-116.91840253480709,-118.23284267984143,-116.85760021262934,-115.29828281631505,-115.79645245753971,-116.35310165915111,-117.7156534029974,-116.94609419513489,-117.5558549449279,-115.19544636536037,-117.8338220247072,-116.41911255594799,-117.34657503253567,-117.2263439573327,point1,-117.19256139939762,-117.22972211506332,-119.60881125208195,1.056789879134348,-0.10406579479202636,0.08060004799750109
HDOK,PLOK,17472,42,42,-130,-14,11,2,33,-117.25561594034096,-118.22130717826879,-118.0580803749992,-117.146748263395,-116.60261847893686,-118.51264001642797,-117.44896425710942,-116.91636017440487,-117.81185299185655,-118.0439709308789,-117.42409227883817,-117.61358357987073,-119.06626299523404,-117.59818216713285,-116.42107620401129,-115.62075114158927,-115.70952643980436,-115.58779911807963,-115.06552867713178,-118.15997792351087,-116.37287294886592,-118.58568323027168,-117.43987306514116,-119.57490115903938,-116.53176827449983,-114.91712111383384,-118.2631876554537,-117.38697881466338,-117.35274911572805,-118.5006262342467,-117.18903072376705,-117.33854083012382,-117.40589153390877,point1,-117.30739890398073,-117.40589153390877,-119.57490115903938,1.178102540540579,0.3819390738093814,-0.012323299555537126
HDOK,PLOK,17472,42,42,-130,-14,11,2,33,-117.05180766235922,-117.79355903707182,-116.81384299449925,-116.58064462915361,-115.86836305960301,-115.47010085773533,-116.55606831227453,-117.80348599476265,-117.27523699912196,-116.27152798552584,-117.08880274189178,-119.13214642110302,-117.06352221173171,-117.33140623129428,-118.46037155422317,-116.50015552968748,-116.83977276573304,-117.69867497744357,-116.74640078636067,-117.13861431260614,-118.4422557733708,-115.37676821604055,-115.79574520818086,-117.48883288666286,-117.90582887881537,-116.98160145902094,-118.77167602393786,-116.88828586825181,-116.6567166245381,-117.4585295628779,-116.99156078178933,-118.32407086936465,-117.46436798989133,point1,-117.15244682445227,-117.06352221173171,-119.13214642110302,0.7717360259995762,-0.1221854899111887,0.01807160344016223
HDOK,PLOK,17472,42,42,-130,-14,11,2,33,-114.81714790575991,-117.52079113320791,-116.92674366993565,-116.92915712108666,-117.14168071896161,-118.54449422090232,-117.92887140633697,-118.52741261834106,-117.09802778649981,-118.03153874321143,-117.12919118551471,-117.62528271301798,-117.22894151514889,-118.31691590461439,-118.23925989604359,-117.39463983683707,-116.34194250020245,-118.0931602920722,-118.48883776898538,-116.89410197367799,-117.25750721896259,-116.92430300142135,-115.55853236259136,-117.0522446202187,-119.43519306966077,-117.09510687569464,-115.3756833669723,-118.2606615495549,-116.4607566617029,-117.50912720020627,-116.41463148407395,-117.90282660104279,-117.806513796021,point1,-117.34155232480246,-117.25750721896259,-119.43519306966077,0.9179147377644964,0.5208050729418429,0.746233934597385
HDOK,PLOK,17472,42,42,-130,-14,11,2,33,-115.18031836560243,-115.44339792077089,-118.3852111138178,-118.0188291500342,-118.97063434846554,-117.54978576158258,-117.15461938211779,-116.98210328245706,-116.24866126389956,-117.08824333544274,-116.99468277795376,-116.55857777698172,-116.77739071009931,-116.49945783542333,-117.90855225979836,-115.36109695223732,-117.26094183444451,-117.40801997844426,-117.94015679562888,-117.20185506297095,-116.84904997897962,-117.79471406890546,-116.79828125395477,-117.08143384822802,-118.44725613229836,-118.48670623925258,-116.31479311070876,-117.13950016921055,-114.95606314407675,-119.43499801967218,-117.39118751619202,-116.45999829360318,-117.8570021689021,point1,-117.14980363188356,-117.13950016921055,-119.43499801967218,1.0509040658288584,0.12999332806716657,0.13170770312107205
HDOK,PLOK,17472,42,42,-130,-14,11,2,33,-116.55560843578496,-118.53633562634599,-117.86215257502624,-114.58815591225003,-118.66234807367125,-117.79484872454174,-118.2926689447055,-118.45260382669163,-117.91399241129899,-117.55777568313903,-116.67975440394851,-116.68439749537235,-117.0589207672962,-117.28178189361925,-116.07187658576164,-117.70876319606568,-115.57477754486021,-116.2950260873859,-117.39690776977857,-117.10741378635407,-116.74578196975541,-116.34698393971371,-116.82870371413192,-117.12521957048868,-117.4313541697878,-117.49974719531204,-116.96275402398932,-118.75524937976266,-117.42342237424897,-117.58683784799176,-115.04821281471894,-118.91520871982465,-117.41612085690309,point1,-117.21702140365232,-117.39690776977857,-118.91520871982465,0.9836731089664921,0.6015729572473262,0.5880669230938365
HDOK,PLOK,17472,42,42,-130,-14,11,2,33,-117.60599342132161,-117.07395149587809,-116.74472714112531,-117.63006278273613,-117.31174995224637,-116.44216078196818,-116.63666022257028,-116.3517209797029,-115.52638045298617,-117.2124471551208,-117.31578753359454,-117.8572328834838,-117.40734986091205,-115.99774882663371,-116.3838763912061,-116.88032646273805,-117.609886792857,-116.13995687438926,-117.10537914021685,-117.75987024285402,-118.331696326371,-117.38789395273172,-116.99104739169493,-119.53105151445381,-116.80117808334143,-117.04684454195188,-118.8144455252474,-117.65029944526276,-115.51595773591058,-117.2503658417128,-117.9653017366424,-115.45915200654606,-117.59029269760909,point1,-117.13117564224291,-117.2124471551208,-119.53105151445381,0.774241521853008,-0.24525373718062315,0.7989667256716309
HDOK,PLOK,17472,42,42,-130,-14,11,2,33,-115.61210758609128,-115.61493141379462,-117.34434267942898,-118.70071851886247,-119.07257057723587,-117.66098170287883,-117.36287354632232,-117.52014793402837,-116.48402354855254,-116.15304927201385,-117.26239982180671,-118.37275833775324,-116.76775380183807,-117.83012196852572,-116.7500467189853,-116.51059600048264,-114.46352258249222,-114.85729104505123,-116.75864610024696,-116.49877107037439,-116.81162792831633,-118.54035214118832,-118.1900478291308,-116.42233182882883,-117.35544064364878,-116.95883703774562,-118.23941918181566,-116.61942510548933,-116.46249971207403,-117.45169277738297,-118.4721080050155,-118.34408555653454,-117.99707530810072,point1,-117.13523022066778,-117.26239982180671,-119.07257057723587,1.155486627112178,0.4340105820751186,0.04039398340424061
HDOK,PLOK,17472,42,42,-130,-14,11,2,33,-116.10934816551561,-118.19105139179621,-116.55686210102067,-117.11105973760684,-119.570208468919,-118.07910356314521,-116.89855827788749,-117.01858953133059,-117.15576621250267,-116.2364163919834,-117.83431862633063,-118.20159505188911,-118.59479833367156,-118.36130341947324,-116.52157561226956,-117.13489873813373,-116.2681212786594,-114.58580336415766,-119.58370878490933,-118.0965762392319,-116.73841664780369,-117.12517802478538,-118.52502893204358,-116.99095174229748,-116.73260368869381,-118.58112403388505,-116.423993777651,-116.71425263515607,-118.19714156358935,-116.70507642213137,-117.04838362310772,-116.38351536050398,-117.82535368243617,point1,-117.33638434619755,-117.11105973760684,-119.58370878490933,1.0933010762061408,-0.08847774206930312,0.43554921085649445
HDOK,PLOK,17472,42,42,-130,-14,11,2,33,-114.46441914367023,-118.91050662808135,-117.51113908565375,-118.86428241069692,-119.79741702339659,-114.78561327757201,-116.78819410829847,-120.15003870186105,-116.7941711813618,-115.95385433173263,-116.43055130918162,-117.5406573534924,-117.18768032755106,-116.97245391371912,-117.24479919969795,-118.542594880373,-117.29007559991292,-117.90600974495175,-117.14232206557487,-117.83065299184028,-119.07454274988466,-118.27102895640574,-117.32093122469179,-118.52655656681043,-117.96143045244565,-117.02911747011072,-115.91259584905501,-118.37769784975468,-116.35246731722064,-117.27656657635126,-116.2345087080551,-116.62569676655939,-117.45704082715764,point1,-117.40992771494312,-117.29007559991292,-120.15003870186105,1.5333487106845205,0.08273956703242963,0.435305173186308
HDOK,PLOK,17472,42,42,-130,-14,11,2,33,-115.99479285571029,-117.10685330511966,-116.66083519194822,-119.02564629563514,-117.13883134149168,-116.66502997435684,-118.22885233485718,-117.30534479677233,-117.90702705782573,-115.67989928402154,-117.91849203866062,-115.99679057889605,-117.2725566903686,-116.22500335314041,-117.26149620508689,-119.41303444581966,-117.65215748943257,-116.64454788195111,-118.29504995178742,-116.49055592961115,-117.12124036496148,-115.71808328218772,-118.59241469614405,-118.12014501785754,-117.44301961804052,-118.2812435054936,-116.8791470468108,-116.8726077598054,-117.1568646539036,-117.68050482585635,-115.47455905544547,-117.06679300140036,-117.14607317933411,point1,-117.22531796999192,-117.14607317933411,-119.41303444581966,0.8765766747854162,-0.21600387593595283,-0.16097035140030647
HDOK,PLOK,17472,42,42,-130,-14,11,2,33,-116.30309957424404,-117.12451737272617,-117.93231625261315,-115.75224566293164,-116.8613320047331,-117.2568922550977,-118.06039900073763,-117.96029308481278,-118.09424720163577,-117.60128996595908,-118.71353609101357,-117.40301540669718,-117.8491161006663,-119.41344453548072,-117.9981788729865,-117.40227962535454,-117.17233328545949,-116.83241331290347,-118.14887359379831,-117.373195347627,-116.89854130077144,-117.6143936018332,-116.99716783137508,-118.26252149979366,-117.96855625306063,-118.39434961751006,-116.90212921387007,-115.96203229292333,-116.51600057044799,-117.23780263739663,-117.04679774963327,-115.3651920404933,-116.69145745058165,point1,-117.36696850324755,-117.373195347627,-119.41344453548072,0.7122837313989286,0.14355524906500566,0.4063059138982874
HDOK,PLOK,17472,42,42,-130,-14,11,2,33,-116.15634415921716,-116.34113588274309,-118.03061876521573,-117.75702298863983,-118.13567027057775,-119.00648227802257,-117.01319408502633,-116.61581873852077,-118.33204189666544,-116.73049405924769,-115.66582765807911,-119.26092966206225,-118.02152347119883,-117.10534850741749,-115.90243163436253,-116.41070522292651,-117.13360944264954,-116.70281066734603,-118.1006952478738,-117.31943056292623,-116.4757026567303,-118.28052691121874,-116.71326331406746,-116.17559073619981,-116.79419542687121,-116.00554618721587,-117.46571336721318,-116.83060383116765,-117.6605771552715,-117.61578053418796,-117.15446164689111,-116.22397005427565,-119.10885853062923,point1,-117.21960380462599,-117.10534850741749,-119.26092966206225,0.886682036784081,-0.4878591782169217,-0.5267452747228214
HDOK,PLOK,17472,42,42,-130,-14,11,2,33,-114.36591158848799,-117.91220802593487,-117.25903149367304,-116.76616778473571,-118.67675667392933,-117.06036643435291,-116.27186837328829,-118.13305505148185,-118.02368681445958,-118.69965249863718,-117.52959709594957,-116.21209035698278,-117.27947357932399,-115.8437660906822,-117.50607533197217,-117.50952672266959,-117.064096878282,-117.88999380894595,-117.8638528008995,-116.7296963145397,-117.76679843818795,-117.83847211029072,-117.08952477385368,-117.63621826009262,-118.23157681979109,-118.2623146473448,-117.14111112801389,-116.55215345096613,-117.64009293647688,-116.40044567728506,-115.03837975185624,-117.5618706660584,-117.30312619329068,point1,-117.24421086584047,-117.50607533197217,-118.69965249863718,0.8786924015464413,1.1550179678050114,1.8189810731614577
HDOK,PLOK,17472,42,42,-130,-14,11,2,33,-115.29635962074168,-117.70462320861085,-115.49860396929724,-117.61985487704274,-116.58045275721766,-116.95996435030753,-116.94405156617981,-117.41113541338281,-117.01066969161278,-117.62273242960093,-116.38766544740551,-118.8569901137721,-118.84004216224996,-116.42225644469654,-118.79934379086313,-116.85545278567179,-117.26174506534093,-115.4073965380282,-117.94245836352796,-117.76614550276824,-117.03047661403912,-116.82287985472448,-118.569293634032,-116.3619777444717,-116.6843566593714,-116.73609922067388,-117.3024667034642,-117.41587165918985,-117.93935074108732,-116.34665092155923,-117.75431358623952,-116.55590966132344,-117.51673875845525,point1,-117.15831302596817,-117.03047661403912,-118.8569901137721,0.8032632552612947,0.010890010107759746,-0.02864429247409861
HDOK,PLOK,17472,43,43,-129,-13,11,2,33,-114.23474678681751,-116.63852805962244,-116.40523223647958,-116.70487994033503,-117.17201183103792,-119.59844763284515,-117.05313560460523,-116.05383894406425,-117.93634116200778,-118.29651087019704,-117.2061153107975,-117.09990038744564,-118.06196824265054,-116.58216734778583,-119.5152269434182,-116.06142623976108,-117.36366420533915,-117.42129591189256,-117.23573213385126,-119.11095220554056,-115.84225015310972,-117.85781922289712,-115.31726441318776,-115.12982071809091,-118.52813612768757,-115.96416948360411,-117.35632279711514,-116.57852741150863,-115.56263797304207,-117.94077634808177,-117.38169127396607,-117.46977771500124,-118.40078398503805,point1,-117.1236999884492,-117.2061153107975,-119.59844763284515,1.476719967300207,0.055538929220891174,0.044081609559932566
HDOK,PLOK,17472,43,43,-129,-13,11,2,33,-113.46704541822038,-118.17567615525331,-116.43382576128803,-117.12757884568663,-116.40647993087508,-116.55521082637168,-116.73171069515318,-115.83645324788527,-116.70222285397249,-116.82960053224802,-117.16264944089832,-119.69166915339852,-117.51491128025768,-117.5905992000868,-117.22940481642915,-118.29062142387002,-116.36549809372274,-117.26800639387614,-117.97099305928563,-115.62316299665848,-115.57630157455299,-116.27906275761482,-115.39078397517235,-117.19239974905038,-115.82328022869241,-116.26393794683706,-116.99211996822564,-118.11566020000826,-117.90966261175326,-115.62741497341192,-117.36858587207796,-117.87493969379842,-117.1325375452429,point1,-116.86424264308714,-116.99211996822564,-119.69166915339852,1.2296328121453977,0.39738906774864,1.9922677337796526
HDOK,PLOK,17472,43,43,-129,-13,11,2,33,-114.8839305713796,-117.52097875658806,-117.14042482307431,-117.33314996865823,-116.60587094522658,-116.5913336474846,-116.90686375495414,-116.31505931725167,-117.71756810764016,-117.02787000260356,-115.68630140529734,-117.69857624018101,-118.04213728351543,-117.48321360080506,-117.81576395312635,-117.34847370212651,-119.61270671638607,-116.83028302034238,-118.55612647714767,-117.30598204439045,-117.57626826948473,-118.25414517789878,-116.94408136674235,-117.8953139139943,-118.45140925368112,-118.31227245233367,-116.82606071171334,-115.7065958391483,-118.76162687467178,-117.42625396191828,-116.5148948603793,-116.1303006636271,-114.6117204022134,point1,-117.20707751775714,-117.33314996865823,-119.61270671638607,1.1119146753418352,0.3726306359615466,0.602155215935253
HDOK,PLOK,17472,43,43,-129,-13,11,2,33,-116.49248214175849,-119.36766455503958,-117.04348564939727,-117.38655095954816,-117.27600935311712,-117.68067988176098,-118.91433922244764,-116.59908060049936,-118.91046983920116,-116.99463859235397,-115.77921675419543,-118.43266139986335,-116.95227143431345,-118.19356606084838,-116.59664724070115,-116.7838105278728,-117.52926020798759,-119.11730128058282,-117.16638182452805,-116.55503759074568,-117.20677003748713,-117.566328005785,-115.26482614550554,-117.80651097252196,-117.35356190206406,-118.16962800318535,-115.97087268224062,-115.68089514815789,-115.3104045644812,-116.15434036167588,-117.8349866481231,-115.38383805456196,-118.26955420363663,point1,-117.2043658135209,-117.20677003748713,-119.36766455503958,1.2008178740722764,-0.04621416098279558,-0.6021860594859754
HDOK,PLOK,17472,43,43,-129,-13,11,2,33,-114.90408815297121,-117.42187094109075,-116.53156219553973,-116.93700994580291,-117.41794677659313,-117.566947916041,-117.88344174178096,-119.13733911456764,-117.3336679023766,-114.60781584064982,-117.53920211961115,-118.0378321927778,-117.8345235513304,-116.7208475961227,-116.77604718947185,-120.19846129552143,-116.96038488800939,-116.37808636913213,-116.09440449648076,-116.38297234345443,-118.39090248682517,-117.71625886471588,-117.3788253750719,-117.42418700311553,-117.73350254895917,-118.51607296083209,-118.4874569556776,-116.51310032510429,-116.06376290455549,-118.05970347989839,-116.70285984488467,-118.05439389478876,-115.5413870199489,point1,-117.249905037385,-117.41794677659313,-120.19846129552143,1.2669067530633356,0.04580747204191364,0.8879099186663129
HDOK,PLOK,17472,43,43,-129,-13,11,2,33,-116.66077612713711,-117.13097856021294,-117.17714260858449,-117.29284412118193,-116.55643427199243,-119.12330948942471,-117.08049930912817,-118.00478328346796,-116.6390616140273,-115.74744167937315,-114.53413129863273,-116.34233912194216,-116.33108051219736,-117.81961131260083,-116.08456177649744,-118.59555564177833,-118.29952500400158,-117.78368080950979,-117.6044523830127,-118.33335841571547,-116.33061981727774,-118.9904706425732,-116.36122368037881,-117.66315901560824,-116.22768258612146,-116.89949076245726,-117.39650633427023,-116.0299380864572,-117.44898946898151,-118.16891435266524,-116.52642124778357,-117.20497700232566,-117.11100608999924,point1,-117.13639292203993,-117.13097856021294,-119.12330948942471,0.9493133959502398,0.10263029334001339,0.35553881378087526
HDOK,PLOK,17472,43,43,-129,-13,11,2,33,-115.32593186338781,-118.411916278342,-118.02625739402075,-118.17961039006882,-116.91377431691474,-116.9583088787681,-116.82672557765032,-115.703524123822,-118.0613637847374,-116.72783510265349,-115.51575868610061,-117.32887566903678,-116.93540824017707,-117.41367973279247,-117.15392423633811,-114.99118395638575,-117.8889279785506,-117.32746291417726,-116.86901538614606,-116.90726168847162,-117.58933362064722,-117.09029487735383,-117.20576976352181,-116.21127200662276,-117.31801155217438,-114.62301166165014,-118.3461348319068,-115.77308221827045,-117.70768049985175,-116.97223815496177,-116.36852092100358,-117.33824235567107,-116.66994135242462,point1,-116.92970545498794,-116.97223815496177,-118.411916278342,0.8690637621849745,0.6905950164238003,0.14266743328205234
HDOK,PLOK,17472,43,43,-129,-13,11,2,33,-113.66885192127826,-116.54184135243206,-116.53553586130309,-116.56161603835899,-114.43472854017432,-117.96866757194655,-116.95677756672238,-114.31262827068835,-117.32943068997753,-117.87593340692617,-115.86374422908547,-117.64917434726155,-117.63687010327583,-116.27367966115222,-115.6902690179732,-117.11147128316806,-117.47831011744067,-119.2839026669092,-117.22055961043642,-117.29926473125782,-117.32580409670423,-117.80217441865958,-117.31698466999474,-117.21354614400948,-116.411188399929,-119.4007237810274,-117.56033628002407,-119.2510298802321,-115.64390669351157,-119.64934446502038,-117.08164254065518,-115.82175862282469,-116.3768732958757,point1,-116.98632031140112,-117.21354614400948,-119.64934446502038,1.8276251586279249,0.26887831069315815,0.5788571021828788
HDOK,PLOK,17472,43,43,-129,-13,11,2,33,-113.67278756528225,-116.31837435608627,-116.95585235937071,-116.39231230667642,-118.23893348979985,-116.93773590512454,-118.33549760580146,-116.96935310747287,-115.59614078355553,-118.52582539898722,-118.01300013242938,-116.52110283461114,-116.94298314101744,-117.16659813357849,-117.99721838855163,-118.06590899632234,-117.56723101293429,-116.59183593129465,-118.45755281231001,-116.69272028363439,-116.93310404282502,-117.39605587489739,-117.31381399164492,-118.30143307319983,-116.95568784536664,-117.71390267765094,-115.82117664308647,-117.49770710297561,-117.78768314138512,-115.96754706245201,-116.35859675212076,-117.91442818194356,-117.56740138397525,point1,-117.13598491873833,-117.16659813357849,-118.52582539898722,0.9818492743018535,1.2430150170803336,2.9680970125385353
HDOK,PLOK,17472,43,43,-129,-13,11,2,33,-115.99363991257755,-117.23794096024491,-118.10478894144832,-116.3208684159192,-117.81699897981808,-118.46912762164087,-116.98257881124927,-117.79938815023921,-117.5078559923419,-115.44897292321274,-117.87729991628943,-116.34842940618285,-117.27657725439957,-118.44781489119895,-116.30323712447712,-117.23747884040398,-116.61269238905557,-115.75771489535653,-115.44324544054825,-115.62922334992193,-117.4313527467673,-115.90616098970362,-117.63840408944803,-117.06068071542288,-115.62976796098903,-117.53351170762318,-117.11997001593257,-117.41219053246857,-117.4676676095581,-115.52618056109938,-116.38546295623767,-116.59676946051343,-116.14889261090299,point1,-116.86281473252102,-117.06068071542288,-118.46912762164087,0.7866402666215196,0.05005266033789852,-1.0976626272695706
HDOK,PLOK,17472,43,43,-129,-13,11,2,33,-115.9562183045015,-117.89499851581441,-116.5306824746355,-116.92946829257804,-117.32951367496835,-116.386861319174,-116.0207555660004,-117.37146224192867,-116.00051706046779,-117.7180990212122,-117.7426272539461,-118.02467465409855,-117.5908914701529,-118.13370902547902,-117.59534269986443,-117.09143157004787,-116.32626241462448,-117.11903772237177,-116.15637866381743,-117.46599089995547,-117.25239553962837,-117.16866074320197,-116.86292512088004,-118.24992803463834,-114.89096598287603,-118.78135538943219,-116.1443490362855,-116.93637387401593,-117.02251765465243,-117.94930667115614,-115.55100056621954,-116.55077714720214,-115.94862760945364,point1,-116.99073049137213,-117.09143157004787,-118.78135538943219,0.7437502894342831,0.2386269377231074,-0.2637258796906723
HDOK,PLOK,17472,43,43,-129,-13,11,2,33,-114.72852923473283,-117.57784836067823,-117.94240663016379,-117.90550449795143,-117.45476052254591,-117.34816580460897,-119.09812544418223,-115.2787164763449,-119.1589801668478,-117.88550697284957,-116.41799321790073,-118.0479981380797,-117.46337742936846,-119.73812541357204,-115.6762387392726,-116.214552257867,-116.53467046930014,-115.51280267642451,-116.78497122044807,-117.8690007954502,-115.68184829654207,-117.01253426484355,-117.67356543714888,-116.53864459380914,-116.42682989043578,-116.61332568319779,-117.80666861906857,-116.72786581644218,-116.57746470122349,-116.20578587623876,-118.4715280652536,-117.04436050749389,-116.89306362199738,point1,-117.10035635885708,-117.01253426484355,-119.73812541357204,1.253050785835168,-0.21330322179288094,0.03736331066605425
HDOK,PLOK,17472,43,43,-129,-13,11,2,33,-114.94543472212942,-117.1941819769017,-117.04858492112227,-116.47722685321251,-117.27186766847686,-118.1464272599498,-116.96219925668393,-118.36082210737074,-118.20307183460993,-117.84428719216248,-117.2772998659011,-117.87688392121123,-117.82115892353889,-116.84739217706027,-117.73096467293283,-115.93154092903424,-116.23744843743302,-117.95648488157315,-117.45904948819681,-115.08138849255694,-116.08103176843062,-115.83727868633467,-119.24852000978314,-118.5434014961754,-116.8856847984742,-116.01046127969127,-119.78898216674818,-117.15866911335233,-116.49404438321855,-116.85856160649666,-118.50381279283597,-117.32756696786747,-113.96393124593608,point1,-117.1325958150728,-117.1941819769017,-119.78898216674818,1.4623096372627113,0.34250535103675406,0.5676094705804076
HDOK,PLOK,17472,43,43,-129,-13,11,2,33,-115.02126488423056,-117.47898105611031,-117.3668865044805,-117.60953079389752,-114.96636790616563,-117.48443765851327,-117.99047703353101,-117.15608995013866,-116.7015114228158,-118.38397705049675,-116.90372394546006,-117.79738532328041,-118.23620846934107,-116.67183390033694,-116.02604409731492,-118.1221682796469,-117.67031986683303,-117.6490487752458,-115.86425442142199,-116.23837575412894,-119.70636561652576,-117.57484110719258,-116.84176979949983,-116.59866259469396,-117.96443992641126,-118.98298797442536,-115.54886388674458,-117.27661720864262,-115.89242103212908,-117.51349854641818,-114.67980297671463,-115.97784515727122,-117.7251081614371,point1,-117.0794579115605,-117.3668865044805,-119.70636561652576,1.2843103534143867,0.20641028539261155,-0.018561594623951017
HDOK,PLOK,17472,43,43,-129,-13,11,2,33,-114.74830270385493,-117.59205187096265,-117.2199317442522,-118.14904707598035,-116.36358790939897,-116.84408838941961,-117.04448933474575,-116.34127813194947,-117.89560668270066,-117.95383486220707,-118.00957826166982,-116.87419397342502,-116.80187471247811,-117.3425536766887,-117.45751056117008,-115.46180822638168,-117.37699899681182,-116.7895953281362,-116.28931151798719,-116.00438523873976,-116.0874773476439,-116.09413325108204,-115.58579289612224,-116.27200422414654,-116.70459248617216,-115.73663787440171,-116.0550727135075,-117.16527506268663,-116.80830991129667,-116.12239850030397,-117.7931044105369,-117.32723106020603,-117.64168036968411,point1,-116.78647694868941,-116.80830991129667,-118.14904707598035,0.6682809331042096,0.31769810137369,-0.385285060450562
HDOK,PLOK,17472,43,43,-129,-13,11,2,33,-116.43327614728373,-117.47774102130609,-117.38707009913527,-116.58194794285107,-118.11118337187735,-116.88333604004002,-116.62252245309595,-117.27667303125152,-117.39717540653496,-117.49231228232911,-117.61917768307694,-116.50449072388605,-117.76162018812992,-118.24705401347951,-116.34321987656,-117.50466244621873,-117.02944361576499,-116.390982778816,-115.70992422744536,-117.82602750033422,-115.28047965560897,-118.6241858908865,-119.01822652153383,-116.73268698190059,-116.91191566018021,-115.47393239917598,-116.45769614154219,-116.41310467052487,-117.83148385341791,-114.1846190053937,-116.0591505313905,-117.5421915670511,-118.36739747918715,point1,-117.01505791537002,-117.02944361576499,-119.01822652153383,1.008601589332546,0.49897428662390003,0.7023388358573013
HDOK,PLOK,17472,43,43,-129,-13,11,2,33,-117.21131356078416,-116.70326702553912,-118.50034006158107,-116.17459272358117,-117.2763993026459,-117.54759234748634,-115.86977738897883,-117.91848098648626,-115.83326191688265,-118.02198284421226,-116.8994883939931,-118.1321337433004,-117.10973376332885,-117.0832081880529,-118.01668960982012,-119.00217972908521,-116.43062851537596,-115.64315847163486,-117.37743943624892,-117.78193994080323,-117.79710110996417,-117.23333124742038,-115.63121197003612,-115.60746715997415,-117.98750275570531,-117.15505130909838,-115.3425684168473,-118.09116354148765,-115.72692456423897,-116.05506095357289,-116.20528969731699,-115.80163324021221,-116.90149666113334,point1,-116.97180032050997,-117.10973376332885,-119.00217972908521,0.9468025024424317,-0.022494965908728418,-1.0491743869833319
HDOK,PLOK,17472,43,43,-129,-13,11,2,33,-114.21383831514711,-117.7125824180023,-116.24827432031577,-117.6636566003002,-118.6972860646592,-116.74659273363235,-119.11205821789173,-116.90828204450379,-117.8104623550699,-116.06900705621354,-117.66536720292264,-116.55942771064132,-117.73554094732226,-116.4169983888906,-116.67917938102049,-117.60543941792072,-118.12597304690996,-115.34170003428122,-116.26106701276177,-116.99366343374903,-116.8615874563405,-114.88169458775211,-116.45748841177648,-117.65547446593519,-116.16320065303111,-116.80356940029954,-118.13027718098037,-117.83008654473794,-115.35060973067635,-116.68345681321026,-117.57415897291524,-116.75850870117176,-117.87943638179098,point1,-116.95745290917498,-116.8615874563405,-119.11205821789173,1.1097851066575626,0.4691779741376898,0.39438457363142865
HDOK,PLOK,17472,43,43,-129,-13,11,2,33,-113.960506281355,-116.54123012376147,-117.01477356676595,-117.01850990220781,-114.91024908558127,-115.5654953333119,-116.45572289729792,-116.92138729645676,-118.51018844075494,-116.06354076499458,-118.08750148260023,-117.49712846507657,-117.35299819191764,-117.73422112850083,-118.22235189862653,-118.3833970242696,-118.34091616284768,-118.05694110036082,-116.55402886317941,-118.21438095354088,-117.85285082487184,-115.42032394169834,-116.81580513869794,-116.01244865167922,-117.09415881192345,-117.44261250274981,-116.11958338732346,-117.56261457948864,-118.315405164115,-117.44772959652704,-116.81230914104358,-117.22359848318092,-116.67993389905499,point1,-117.03651039653826,-117.09415881192345,-118.51018844075494,1.1220440073081355,0.8714024758304734,0.7819324297162242
HDOK,PLOK,17472,43,43,-129,-13,11,2,33,-114.98741855763738,-117.18100161265654,-116.74690528578466,-117.85373508671543,-116.8382581378403,-117.653158325647,-117.45393476064508,-117.48236383292193,-116.05451379122283,-117.3577115610339,-117.169874549355,-116.28223397107945,-117.51068281895671,-118.38813207070321,-117.83947043576607,-115.41490980605278,-115.88232286115003,-116.8412933193168,-117.71770299328375,-117.16219158477335,-117.47682533766437,-115.79080548082378,-116.43864420916759,-115.75049009828393,-116.97391152807911,-116.18073479228893,-116.84133251237795,-117.44603550431731,-118.20777560170794,-117.72822944183446,-116.707439596788,-114.00333244966829,-117.46242201051658,point1,-116.8735089068503,-117.16219158477335,-118.38813207070321,0.9017192275665586,1.0170547837306834,1.157304886287125
HDOK,PLOK,17472,43,43,-129,-13,11,2,33,-112.31324510993306,-120.12067048113352,-116.2448672746258,-116.94355490469562,-117.18513762490706,-116.78227653507984,-118.00049134332139,-117.1714390172372,-117.26467392341772,-116.97931879432119,-119.17224526650034,-117.25699898420818,-116.98792359757056,-118.65136256429597,-116.44545998821853,-117.66278498719505,-116.58594846971194,-118.01716999340418,-116.28469906948816,-116.90058132273373,-115.9371973345277,-117.15133116699,-117.23724126055478,-118.16544386904467,-116.28346784200734,-116.91182249702223,-115.48012563906049,-119.16266890370672,-116.55922428564968,-117.38579734439953,-116.35562808220801,-115.03276940027102,-119.05088805786677,point1,-117.08134711925173,-116.98792359757056,-120.12067048113352,1.8829666604313477,0.7903900942215699,3.6156708372665842
HDOK,PLOK,17472,43,43,-129,-13,11,2,33,-117.28631532156308,-117.06285474788903,-118.14689749764658,-117.08713512994657,-115.70348962619512,-117.17454556098721,-116.85333082396696,-116.38097700800586,-118.24728699003114,-116.20755064154724,-117.46340558775896,-117.93028292917984,-118.72590224619982,-116.9352715223423,-116.98813585212186,-116.7352335159238,-117.51327211792508,-116.55614448847444,-116.64615923966616,-117.20591220593687,-116.82342231810266,-117.90913176129156,-116.73960511017519,-117.50938966697713,-118.18537009431088,-117.58387895012297,-114.58337226280152,-116.76207050141774,-117.70479181228268,-118.476630372489,-117.72781283980186,-116.1200750897087,-117.48509110628768,point1,-117.165477119366,-117.17454556098721,-118.72590224619982,0.6851707658540267,0.716207525412627,1.6008372638701407
HDOK,PLOK,17472,43,43,-129,-13,11,2,33,-113.86031444244075,-118.55994615036111,-116.23824481863028,-115.81942052741272,-120.32783087267899,-116.27860212242508,-115.76557616915849,-117.14718976557758,-117.9066057575937,-116.98343025208614,-115.51317296131779,-116.29222252887078,-115.72635012410184,-118.20052061393912,-117.49147518388133,-115.44154345133205,-116.72048924098108,-117.33985437158407,-116.9153788229256,-117.46894598308342,-116.92738942333068,-116.80497510164213,-116.61178872280688,-117.47250484650937,-117.19269317060524,-117.10649103975763,-116.92635576925859,-117.51696713635111,-117.34199922831918,-117.32941979667827,-116.09415959635159,-116.32100138623554,-115.25211349831007,point1,-116.8149991780769,-116.92635576925859,-120.32783087267899,1.25045090069837,-0.35340292048615934,2.6040711810099553
HDOK,PLOK,17472,43,43,-129,-13,11,2,33,-114.53576913987659,-117.14104488601508,-117.8993371986352,-117.86131623886783,-118.16613948845709,-117.36868749188545,-118.1798299032858,-115.16624086817251,-117.59604901491626,-116.49598769810078,-116.685984930688,-117.20229185273116,-117.47866657225406,-118.00780200275537,-115.78597762392526,-117.36228496937329,-117.32277126930255,-116.22147184160531,-115.07689659532127,-117.81531001629105,-116.96938153769457,-116.88258355383209,-116.64599916670923,-115.46769949052654,-116.65585306465508,-115.47979432169105,-114.80699581347466,-117.37038636243474,-116.63623658790968,-116.8501783897869,-115.89203502684605,-117.23985478990743,-117.47467397842557,point1,-116.78004641473797,-116.96938153769457,-118.1798299032858,0.9847916107819451,0.6899973620349701,-0.4304301069615608
HDOK,PLOK,17472,43,43,-129,-13,11,2,33,-114.17520053212573,-117.70541429472306,-117.12632043386606,-115.67293446332421,-117.2349384629045,-117.87829309356569,-118.23707489377124,-117.63396205417429,-115.91651610562641,-117.56021935657867,-115.39488674669386,-116.15638840500618,-119.2452142692949,-120.0323959383038,-115.56713684645396,-117.92873854831544,-117.11992401399156,-118.01289377579552,-118.58386818430591,-117.77405471853523,-117.14742249646689,-116.80419671425398,-116.06395799331304,-116.54981369523429,-117.36293115199865,-116.17408111465893,-117.564289665416,-118.60330802999182,-119.04949530017821,-116.94587369974758,-115.56429284546351,-118.88806448023075,-116.31738567774222,point1,-117.21186327278944,-117.2349384629045,-120.0323959383038,1.598333044748373,0.06106941770826459,-0.06686823305673473
HDOK,PLOK,17472,43,43,-129,-13,11,2,33,-113.1456235590772,-117.69980658292924,-116.44824234915286,-116.98871232664463,-117.552923512955,-116.5529316993299,-118.53306174003984,-116.52036191229352,-118.75721177077189,-116.41816461182823,-118.91393340602842,-116.76174388043924,-117.50157559696112,-114.77068148227569,-116.7181033410355,-116.26560873559623,-117.66623493461029,-117.17263363490432,-116.19297218765973,-116.92777229590655,-117.12980494472475,-116.43724950518012,-120.04676155209168,-117.01890522876887,-116.96603959217268,-117.03965023667831,-116.54160005528438,-115.16201299678849,-114.09573809517758,-117.00556558381167,-116.30877773928736,-117.30687030634492,-115.22983772789715,point1,-116.78173070074692,-116.92777229590655,-120.04676155209168,1.7160248706416341,0.339204113181911,1.7195027847315871
HDOK,PLOK,17472,43,43,-129,-13,11,2,33,-113.52413645776258,-117.26548708384601,-116.41802882606129,-118.15419438049,-114.68230254891644,-116.3452395580989,-115.39399276611512,-116.78267866538887,-116.64397848122618,-118.02730671292625,-119.0052668091851,-116.44629302999701,-116.61821922875207,-117.26689831673308,-116.62425019648366,-117.0036937596021,-118.75122648098765,-117.49629921330236,-118.35304511387592,-117.17877757216645,-115.54609804836102,-116.82737369193775,-116.966815455216,-118.82472609220625,-117.2733536663449,-116.66096014741895,-115.54705356053941,-117.43548382911442,-118.92315651945987,-116.21873128496318,-117.20575495422239,-118.08165122827764,-115.10481057780066,point1,-116.92719043205392,-116.966815455216,-119.0052668091851,1.521103671260615,0.4846956531499388,0.562004548271787
HDOK,PLOK,17472,43,43,-129,-13,11,2,33,-117.13388305194715,-116.47079053936851,-117.10724955861309,-117.33596816461585,-117.72954503266621,-119.19910729472718,-117.16120653901032,-114.25849315384308,-115.65449385947248,-116.11747249998669,-117.77151308467437,-117.89898553780353,-114.98862982392815,-116.59506870340522,-118.05085833961749,-119.59365453999781,-117.71924348023128,-116.55526393502191,-118.26881605098099,-115.53833383883712,-116.95813351795933,-116.40418129058067,-118.0742149778519,-116.62626736830163,-118.70646595509497,-116.21854125672436,-118.43765600543014,-117.17236580891402,-118.24963488492635,-115.74104609871216,-115.93046978302748,-115.69009104131663,-117.70919213446612,point1,-117.06263142885012,-117.13388305194715,-119.59365453999781,1.438697209477326,0.10410861348156294,-0.22318783616665927
HDOK,PLOK,17472,43,43,-129,-13,11,2,33,-114.78378842556221,-117.88198070248409,-116.57490725437248,-116.54210427090248,-117.35130909833929,-118.29331077110254,-118.32754696772034,-117.76159867836493,-117.41381103073161,-117.07065481758852,-117.43613054721816,-114.50686861592943,-117.35064338346488,-117.85587202880194,-117.82301768069928,-116.1075164781271,-117.84189672990013,-116.17450988874661,-117.74078796012179,-117.008865945445,-116.39889933025837,-116.82937677937268,-116.59320771083352,-115.84443685165186,-118.37977752673844,-117.62018864079369,-115.76766264365685,-117.12214389606234,-117.02943182378185,-118.00929338077994,-115.7938137649294,-116.5123785698013,-118.0661945756262,point1,-117.02466444757304,-117.12214389606234,-118.37977752673844,0.9276072144845424,0.8000711745003414,0.2938534766146983
HDOK,PLOK,17472,43,43,-129,-13,11,2,33,-115.73616399685814,-117.19117237167886,-116.86464741895247,-117.15622567686448,-117.92463988450574,-116.87808385616,-117.44911890741177,-116.48058745868335,-118.11355921991144,-116.26672290074016,-117.18523550107577,-115.79813783519951,-116.5575098756407,-117.30317111621412,-118.72191549506782,-115.12494340951008,-118.14542339968254,-116.65326133605222,-117.66433334738556,-116.82157742903046,-116.82582269019173,-117.23705251989794,-117.64704203892444,-117.98341939822495,-116.0380766927259,-117.99462353510766,-116.02815535398022,-117.60528505642056,-117.91077796998165,-117.66998639129248,-118.12989480667572,-117.31272154318812,-119.49137041702066,point1,-117.20941390455329,-117.23705251989794,-119.49137041702066,0.8199585558320096,0.021092437893358275,0.3194433773763814
HDOK,PLOK,17472,43,43,-129,-13,11,2,33,-115.3974894275646,-118.80989351495923,-116.73351262737047,-116.27581339014164,-119.01626194571357,-116.32330067936927,-115.43213756692741,-115.96548466072713,-115.58270011899585,-116.41240095733481,-118.79731437834202,-116.27153401618594,-116.9313318722949,-119.28142279793545,-116.3740304983334,-116.86260280282698,-118.16269047339357,-117.49776772433073,-117.67521127288232,-116.70538880120318,-116.96977364368004,-117.74381475601272,-118.96163306203893,-116.74087791595102,-116.83466324340068,-119.4078810959265,-116.84718720439643,-117.3877978398481,-115.56738340076448,-115.5389161530205,-117.6284616519399,-116.10214852110116,-116.52806741748682,point1,-117.0535422858303,-116.83466324340068,-119.4078810959265,1.344036088813019,-0.580958607712915,-0.6093869783563486
HDOK,PLOK,17472,43,43,-129,-13,11,2,33,-113.86046159493905,-118.14902344377956,-117.38493726671173,-117.63543618607375,-117.21061496580539,-118.24454124442205,-115.71694453833896,-117.64357831442446,-116.44960923738799,-117.74864087151819,-116.23442292337253,-118.26204040663951,-117.56541356933394,-116.2061940636645,-117.21838329091248,-118.03544315128873,-117.44125283011307,-117.11752377738968,-115.23393524175358,-117.58084149343978,-117.09182151961666,-116.86254268046481,-116.3281020393258,-117.04662813326809,-117.76352350046608,-116.60910495726797,-117.6543064215224,-119.00463035234313,-116.95384755298912,-117.67874225054013,-115.95444233519777,-116.8112197196963,-117.12149082180754,point1,-117.0854436574489,-117.21061496580539,-119.00463035234313,0.9450975806495681,1.108672438761263,2.534450207299843
HDOK,PLOK,17472,43,43,-129,-13,11,2,33,-113.6509906510001,-119.93070360188933,-117.58428171288772,-115.70621826319896,-115.94871909847762,-116.46375309038815,-117.10653649032369,-115.2734215572269,-118.2543979093805,-117.8951300411772,-117.2737245624414,-116.54201582344521,-118.24334731528958,-118.20901502885711,-119.80353552713049,-118.25784169157038,-117.37596308788623,-117.40543253765257,-116.50478809622156,-118.5972920251109,-115.89423016263228,-116.58630102181624,-116.30385229175133,-115.16022593708621,-116.97227326378825,-118.50564584970526,-118.5882247701639,-116.09793485806335,-117.27691600993914,-118.4158506264572,-116.07887790065077,-118.23550173260891,-115.67429974066867,point1,-117.14597703869354,-117.2737245624414,-119.93070360188933,1.8422537871654434,0.16272025912922813,0.10727256785729233
HDOK,PLOK,17472,43,43,-129,-13,11,2,33,-114.5292473676139,-116.42894336798572,-116.24197730192842,-117.75502928113275,-118.13319253063968,-117.45968545278978,-116.16432047211008,-117.50644848469777,-117.11094849906117,-116.94185346394075,-117.54513098912933,-115.68916866201921,-117.0512366215613,-118.77823909629899,-116.13416442388105,-116.7291532440447,-115.7042476570699,-115.93031665243724,-117.03902282637172,-116.48905707768746,-115.26708490350985,-116.48756146996624,-118.86162898401496,-116.45416054593383,-116.28471619014378,-116.77611555180873,-116.75901393343632,-115.63288122266627,-116.93231891919226,-116.56187396765817,-116.15069930368672,-116.90357600856221,-114.69547047418517,point1,-116.64025711961108,-116.56187396765817,-118.86162898401496,0.9277493410028345,-0.1706814766200996,0.5837811656809233
HDOK,PLOK,17472,43,43,-129,-13,11,2,33,-115.07151505789257,-119.51823304700672,-117.54900237955762,-116.37884431490053,-117.40800874640215,-116.54561973256247,-116.61823037170191,-116.23501771708386,-118.61271753409467,-114.81790460916304,-117.60493137030281,-117.49452237866043,-117.27487183177308,-120.17500707688845,-118.28459949380596,-116.74613373005204,-116.1318337477446,-118.59745281937909,-117.35431008913956,-116.48329581356664,-115.98373238940864,-116.91129395762628,-118.31140893442196,-118.41168244361229,-117.15865415279795,-116.61122598177595,-118.11365931264405,-116.21546992192037,-117.31524524443887,-117.20183478259143,-115.88831607496185,-116.77818427129215,-116.02546076070146,point1,-117.14630969969308,-117.15865415279795,-120.17500707688845,1.3287072114971412,-0.4778834175788705,0.49435210597483614
HDOK,PLOK,17472,43,43,-129,-13,11,2,33,-114.2023492865595,-117.33896664762553,-118.05733849003563,-117.61953305714144,-116.59652881673767,-117.51069607934252,-116.2838122872683,-117.1071972822404,-117.4157745646524,-117.84708489744861,-116.63027014575425,-116.93159457314573,-116.91811709546494,-118.15135108993178,-116.84060650257905,-116.1836402791642,-117.70942185548331,-117.72840496413431,-118.48404911507322,-117.04653562642517,-117.38475429041787,-116.39932557064253,-116.1407545706509,-114.51767859186727,-116.88848665871352,-117.97110261751403,-117.55392709426881,-118.41551139016663,-116.698368143947,-117.062089697054,-116.18118556818402,-116.97179943198184,-117.26354816438517,point1,-117.03187286200006,-117.062089697054,-118.48404911507322,0.8534244940006176,1.2304643628400813,2.4903984423802297
HDOK,PLOK,17472,43,43,-129,-13,11,2,33,-114.62366160794089,-116.69847840295625,-118.49963303572174,-116.9026078735724,-116.57982794438347,-117.86220375806641,-117.88501254251891,-117.72159964599248,-117.95432751515376,-117.33803218055496,-117.9069043743736,-115.79124718277161,-116.90778133519802,-115.76700922876962,-118.64632092710944,-118.6996108606915,-117.8916379770776,-117.7254774775246,-115.05959413208535,-117.95428283356344,-117.23536530252962,-119.01357878972152,-116.60987708903184,-118.10588361863516,-117.36675514060323,-116.82083699454554,-118.16269203870367,-116.74393669033802,-116.67055824522706,-116.84691308006981,-117.54198549226076,-118.90785784332701,-116.96943509731601,point1,-117.31548261388896,-117.36675514060323,-119.01357878972152,1.0456041040705728,0.6524848679365851,0.4560970879297108
HDOK,PLOK,17472,43,43,-129,-13,11,2,33,-114.13031475987034,-119.55880941354019,-117.13426920978152,-117.8524609206209,-116.3681577926062,-116.73964836010866,-116.11857647022995,-118.58335376394035,-116.62828388298793,-117.39877030781545,-116.55085078238632,-117.41880367199315,-117.25856098049918,-115.2377853162032,-116.44601934350239,-116.98040483297116,-117.03315677145852,-115.96635994359983,-116.4697225403856,-116.52553500513197,-118.44302921282218,-116.97420347669721,-117.41549572704801,-115.8945700179964,-117.54699379759995,-117.6965263958608,-119.26183578412817,-118.60370037494712,-117.13972671906367,-114.89651966656723,-115.63018446610711,-118.2682206202882,-118.63130838831812,point1,-117.05461087021446,-117.03315677145852,-119.55880941354019,1.437858101849295,0.10283793223962982,0.15207530608211384
HDOK,PLOK,17472,43,43,-129,-13,11,2,33,-114.94619718382042,-116.54270659231233,-116.58066645179986,-117.87062565062544,-117.77235322385661,-116.81555874991999,-118.39783626744062,-116.90495961749309,-117.92843038313805,-117.00447695468988,-117.66461496443378,-119.37434555603105,-116.62251335462163,-117.34554890504641,-116.42338089939273,-117.83652862819397,-115.63765859889408,-117.48367323009859,-117.03972103008125,-116.74924789076108,-117.8491406032861,-115.62722391095355,-117.68386672451827,-117.74949113355,-116.81783449722693,-118.57813980491449,-118.01683945141659,-116.73130739718266,-116.81569867105517,-116.13559039770323,-117.29636876649634,-117.47923767494731,-117.8032865003642,point1,-117.19772938382624,-117.29636876649634,-119.37434555603105,0.789785716492771,0.20587475284050769,0.6654233715360744
HDOK,PLOK,17472,43,43,-129,-13,11,2,33,-116.63834097586613,-119.73564596957125,-117.09783617199771,-116.43495404806805,-117.35538838284886,-117.5512450103824,-116.52441895869475,-117.3657910962441,-116.10130950243786,-118.0135591073759,-115.91912154820565,-116.602503222539,-117.13753043805305,-116.49502912313679,-116.85593504392112,-117.78447440954503,-117.71743500102663,-116.93670297988967,-116.21908661563224,-117.17532291529061,-117.02705980547222,-117.26562601791898,-116.811568663001,-117.49583318535396,-115.49975375828228,-116.09061036483023,-116.51944478367938,-116.63918080166027,-115.94469316209828,-115.88304652269161,-116.02100463645198,-116.97227669122962,-118.52905957223845,point1,-116.92002389350407,-116.85593504392112,-119.73564596957125,0.7031230354099025,-1.1390117132820206,2.5354439302422107
HDOK,PLOK,17472,43,43,-129,-13,11,2,33,-114.98268432791349,-119.37294622793428,-118.25394714241168,-118.12871303640746,-116.89905209343179,-115.4907588993926,-117.58045101241213,-117.65928396446334,-117.34889832086847,-118.29612279375954,-117.14837263595984,-117.79285124803454,-115.90140613203309,-116.46229681860562,-116.87271461299873,-117.06549887646558,-116.59705606857526,-117.9873502540877,-116.86297996143608,-117.92587412087485,-117.60730385213627,-114.76396190825919,-115.09091605211378,-116.3999639250141,-117.00289563907457,-116.9996729414363,-118.29653333486968,-117.45619024360731,-117.2344090004216,-117.46215390382672,-118.19954028242363,-115.51017376693274,-115.604272662614,point1,-117.0380983654787,-117.14837263595984,-119.37294622793428,1.172062538515582,0.3988987021555677,-0.24029566269818936
HDOK,PLOK,17472,43,43,-129,-13,11,2,33,-114.27549585975932,-118.85210234188116,-116.42869911644044,-117.55537449658826,-118.79063008962558,-116.63075815718041,-117.90955277314472,-117.0217424892184,-117.70719093317321,-116.96572980038347,-117.22154824872428,-115.79108153019243,-117.883936405773,-119.36975996820516,-116.53302020606046,-118.7591682496205,-115.87594737477488,-117.84815709602982,-116.77345169712787,-117.77288298146708,-116.30589863020298,-116.35861390697794,-116.19159542437349,-115.48600309836621,-116.36217753166225,-117.7775738053881,-116.95602142496924,-117.19721768653797,-116.91549630824785,-115.76052284645746,-117.94444951991252,-116.53566155687805,-117.54991641742157,point1,-117.0699205446293,-116.96572980038347,-119.36975996820516,1.142271888913817,0.08213796878321696,0.3476638499146505
HDOK,PLOK,17472,43,43,-129,-13,11,2,33,-115.30609103862174,-119.49984196726051,-116.68469554691971,-118.4356547653743,-116.44706559069753,-118.03183694082614,-117.28456682412191,-117.1577172687122,-117.3188309227372,-117.13670297182202,-118.44938799291332,-117.22157645094686,-117.0515833851746,-118.48419015763203,-116.62672478844954,-116.61819704766395,-116.26259441974848,-115.48803543506058,-116.0068695243483,-117.35520733577144,-114.1633238390743,-116.83269627335697,-117.99055407824835,-118.13618962018276,-115.74409541953555,-116.82405412998028,-116.51454424127255,-115.96340566709608,-115.11336837045138,-117.20626887321444,-117.08790630803291,-118.4791039735266,-115.32204134577388,point1,-116.91651280347114,-117.0515833851746,-119.49984196726051,1.3062606050091636,0.10380833624384725,0.05503196982986314
HDOK,PLOK,17472,43,43,-129,-13,11,2,33,-114.24385517226747,-119.32537342889543,-115.71773685591506,-116.0072937925936,-116.33625184507628,-116.19622861168455,-116.92860274761084,-115.70560756947047,-117.6481682714033,-117.26930833253758,-117.6677520579926,-117.75287274410968,-118.7684413313096,-117.20599390668221,-117.17798119063097,-117.7915820739438,-118.94516099821543,-118.31465255636827,-116.05871528829208,-116.55509698250657,-117.80840397175076,-117.22315598970664,-116.32361659945828,-117.5610104583906,-115.83153090987302,-118.15161297814795,-118.07363505867995,-117.82745047740104,-116.64134639030362,-117.31991570086358,-116.90032331424861,-116.24857380333827,-116.02400665698153,point1,-117.07731085050453,-117.20599390668221,-119.32537342889543,1.1483398495373798,0.1727646194195598,0.22294636556046354
HDOK,PLOK,17472,43,43,-129,-13,11,2,33,-115.3194896708276,-118.40964435539303,-117.60559190856755,-117.43108252650444,-118.93787091106569,-118.29041668883659,-118.03519203333599,-118.12085548503936,-118.04815561814355,-117.59539741916588,-118.15041259955,-118.36403966632817,-117.9866315615457,-115.51240206173392,-118.14174068043766,-119.90919906017899,-118.60454373113745,-116.25703774178298,-116.2063302233134,-116.46589220059303,-113.69858496165094,-118.1816199647404,-118.65562200413375,-116.35254945906304,-116.53457387487427,-119.30464625902658,-118.24935331584908,-117.6727619823865,-117.38939122426994,-117.55699294482258,-117.62178479173868,-116.11151635746326,-118.03960343119864,point1,-117.53820990044537,-117.9866315615457,-119.90919906017899,1.5424687668683563,0.9872498691423863,1.511988941227322
HDOK,PLOK,17472,43,43,-129,-13,11,2,33,-115.42102338906462,-117.1597989815246,-116.08257138508233,-117.51509072990898,-117.58500723936166,-117.22355405149041,-116.86865398794053,-117.7421302740956,-117.4909027171611,-118.65291630481101,-117.05658704467037,-117.93150979161169,-118.35572524794951,-117.56433558667396,-118.2762024838207,-117.54725585966995,-117.19204324981834,-115.3980564565903,-118.21666405508512,-116.73831603653485,-118.77954199900996,-114.84182052597646,-116.46799877338574,-115.62559786866646,-116.67645192690998,-117.30607357726262,-117.97817223628358,-118.95808159654865,-117.46809483694226,-116.45637047421177,-117.57833858894271,-116.30036612318631,-116.8855511400616,point1,-117.19214559212891,-117.30607357726262,-118.95808159654865,0.9631994097705001,0.45044677241457687,-0.039569647911500194
HDOK,PLOK,17472,43,43,-129,-13,11,2,33,-113.82657911227211,-118.00272755909032,-116.35318731566036,-115.53992064356727,-117.35414427191262,-116.80144080856542,-118.55532481656999,-117.23174087333389,-116.0011251391566,-117.36727805089124,-119.30890855097805,-117.43601770854262,-115.19914007870042,-116.65183745729105,-118.88999041239038,-117.41008567711748,-115.20347384078616,-116.75017540072731,-115.51106579072503,-116.7369514126856,-116.98388489855907,-117.39824948176503,-115.9124975505971,-117.3005836270619,-115.72721510348426,-116.68786544077169,-117.51274429854415,-116.19024377564,-117.93472721971098,-117.98604058524019,-115.61162203651658,-117.57154757839065,-117.30725700562729,point1,-116.85623010675369,-116.98388489855907,-119.30890855097805,1.3084453024542875,0.2742216817745432,0.39208584506394883
HDOK,PLOK,17472,43,43,-129,-13,11,2,33,-114.54083885193585,-117.54674478391917,-116.32565732105996,-116.28508949232155,-119.03202626272959,-117.71166310839313,-116.93456204608691,-115.85431143807708,-117.33152834620341,-116.78255625776113,-118.00436102590035,-115.97884650414237,-117.63372067480711,-117.67467085301097,-116.85216710047848,-118.86818967663693,-116.59724699858769,-117.80889236761399,-116.89500050726751,-115.48490261953727,-119.89639386160277,-119.52036973383015,-114.77339621727015,-119.41837943981874,-117.6073039426485,-116.0462698107189,-117.0645683248287,-118.22869868519483,-118.7722282992468,-115.13260621980908,-116.76269273878074,-115.56370790233845,-116.4665433003952,point1,-117.13321620342286,-116.93456204608691,-119.89639386160277,1.810647076928677,-0.1629465423776419,-0.46318238909680653
HDOK,PLOK,17472,43,43,-129,-13,11,2,33,-115.75861778339225,-117.24041636831652,-118.32284768157675,-117.29414687300131,-116.08897613198076,-115.91720405548402,-117.87454397618116,-116.30782224244942,-116.14711171518707,-118.1445356603933,-119.19747687711421,-117.38066381758986,-117.11888427533609,-118.00576204720636,-117.4276676794635,-115.9136403618666,-115.93396296012463,-118.23211852802717,-116.70542768732857,-118.24096413337719,-116.7892213895251,-117.12637224543928,-117.15317422279976,-117.38904698698722,-116.56063447430691,-116.35301789696543,-116.68072334137575,-116.74431930208618,-116.44960947623213,-117.21503488326036,-118.27499653267581,-117.70933736384087,-115.76879888044037,point1,-117.07475993488883,-117.12637224543928,-119.19747687711421,0.7632248169619744,-0.3359670310252102,-0.5693576847372475
HDOK,PLOK,17472,43,43,-129,-13,11,2,33,-114.73895548759226,-119.48110449663173,-118.23340300738623,-115.99078591488303,-117.64708508048055,-118.66718402970184,-114.87605123272678,-117.0925543294339,-118.04403307895382,-116.78983838503554,-116.88082661104241,-116.7489641884761,-116.59146395092756,-116.78890032636617,-118.5423528746272,-118.69597869037668,-119.13377708658031,-118.48754330892115,-116.86062705213114,-117.66031341362911,-117.0967466081015,-117.62151423070415,-115.39562130211328,-117.64372721126756,-117.54458136086528,-115.75793169512768,-117.37054449456946,-116.94651628056754,-117.03124167556443,-114.78834762066096,-118.13767784651836,-116.8007551881686,-114.86192562971901,point1,-117.11966283908644,-117.0925543294339,-119.48110449663173,1.5489081759369194,0.3312105339217366,-0.38091928672716113
HDOK,PLOK,17472,43,43,-129,-13,11,2,33,-116.39712362205589,-116.79740262023242,-117.21301805243326,-115.91593018385511,-117.61321948745014,-116.13025413321921,-116.9483951921419,-118.83290613643014,-118.06735532459115,-115.25903953222466,-115.80658746978523,-116.14095007452971,-116.66806770167697,-116.14620994830179,-115.91473060283447,-116.82479041259056,-117.37464417514242,-116.50395696890514,-116.66437740202072,-116.48248437758726,-116.46420531491347,-116.31666911576293,-116.99958114973383,-117.850689933756,-116.27435205890359,-115.74368645990711,-117.50409527816477,-116.54601389776575,-117.73458498961773,-118.63490800523589,-115.80813660476069,-118.65547088327591,-116.28157727175943,point1,-116.80349740550199,-116.54601389776575,-118.83290613643014,0.7856078958827597,-0.7408908028407775,-0.06865802921012776
HDOK,PLOK,17472,43,43,-129,-13,11,2,33,-113.9345363278263,-120.0241309185044,-117.47095586904928,-116.53934591540036,-116.48876709739805,-117.0842301222251,-118.04751926356867,-117.91568939555776,-117.0161162791553,-116.37095855816924,-118.77656471818224,-116.7773660402081,-118.60114691195842,-117.0538141729182,-115.25142732310682,-119.73587259527098,-117.29280867756485,-116.5917438599694,-116.60580354639437,-115.54208118134723,-116.75067870981835,-117.44603468038916,-115.39448474142081,-117.36375990785362,-117.84586308774367,-119.099793518509,-115.14351119870649,-117.24948562760382,-116.46625912586025,-116.00808449573226,-117.23328407178063,-118.75695463687128,-116.50898047516237,point1,-117.10266827427961,-117.0538141729182,-120.0241309185044,1.7070496061958507,-0.11805655147367186,0.38136130544432545
HDOK,PLOK,17472,43,43,-129,-13,11,2,33,-114.83779683187791,-116.80755950936947,-119.61748532574136,-116.06249552090979,-116.33652958354762,-118.46732599864508,-116.92329306482564,-116.64131017211,-118.57595424601759,-117.4924543038307,-118.05284204536049,-118.17602879098773,-117.88342272232754,-116.85066469609683,-117.66053811338529,-115.28296705054068,-117.86343213477397,-115.93961723620535,-117.63428274064252,-116.69785644524751,-117.18923682035859,-117.5615049397568,-117.21629177619485,-117.37275563705906,-117.38153627824924,-117.30712211233994,-116.22257385970906,-117.54380668586228,-117.75479359112687,-116.74659146794508,-115.85188051091548,-116.15546386639625,-115.33655425860015,point1,-117.07405964657447,-117.21629177619485,-119.61748532574136,1.0262656052980408,0.04856496212149713,0.24650324604641582
HDOK,PLOK,17472,43,43,-129,-13,11,2,33,-115.25464395771697,-117.77895384230442,-116.09265833709995,-116.67281171760115,-117.31250937388788,-117.20009029618632,-117.0331380677055,-114.84506019690615,-119.24701201432404,-117.34463168801248,-115.99867786867851,-116.86341378316563,-117.87236382218462,-117.9958544661097,-117.8089254213284,-115.85939003228748,-116.70199890950168,-117.23584821020262,-117.62487866158732,-116.67400471767469,-115.64201535213739,-117.3754360961547,-116.22411790346902,-117.44117172660157,-115.65952134097286,-116.72898240130728,-117.28662936169998,-118.97566295089942,-117.03283772281864,-117.66883356938952,-117.94823288931548,-116.45441292872454,-117.34107583720325,point1,-117.00593319591393,-117.20009029618632,-119.24701201432404,0.9182472660273724,0.049040011174245016,0.30075498400378464
HDOK,PLOK,17472,43,43,-129,-13,11,2,33,-114.88505720890763,-118.09236856551823,-115.33738907392338,-117.79433611984689,-118.28402672413495,-118.48083088839601,-115.58458489609671,-117.7644921108471,-117.46470431873912,-117.83554858182609,-118.66230201592037,-116.76868623116543,-116.90852789837888,-116.00455492021656,-115.64632975735479,-118.98644157581056,-118.61846879516602,-118.93688721833912,-118.87582733920101,-116.0520292054327,-117.850885481029,-118.00090936081484,-117.77156386669641,-117.0824441009727,-117.151703783356,-115.3919791372084,-117.85428397227577,-117.72190133977986,-118.0008032273531,-115.84188914148253,-115.52192234110437,-117.11652697369087,-117.84935246116528,point1,-117.2769563221864,-117.7644921108471,-118.98644157581056,1.3850502806826333,0.493137490943792,-0.9408802063627233
HDOK,PLOK,17472,43,43,-129,-13,11,2,33,-115.34439092890824,-118.28876975025061,-116.5444260122292,-117.7908397414327,-118.25670106463059,-117.52768556828869,-117.59351442182293,-117.87409074531746,-117.23901451601644,-118.51000678599456,-118.11704984784848,-118.08989362557996,-115.44968433899554,-118.80559894809703,-116.59864239806703,-117.158104504901,-118.006325562754,-115.70442171915793,-118.16598555860682,-117.26401425592812,-117.34574973670884,-116.87978155069774,-117.81404779165435,-116.10803632482093,-116.44632059863298,-117.34152364051509,-115.42312584053934,-115.97541939224463,-115.88155294873795,-117.96408801981704,-116.34166322437866,-116.014169495049,-114.59616699517,point1,-117.04426684405436,-117.26401425592812,-118.80559894809703,1.145553558491034,0.42004462188444547,-0.8140677716555467
HDOK,PLOK,17472,43,43,-129,-13,11,2,33,-116.12164991120366,-117.88242813450616,-117.97834025928229,-116.81247499671876,-117.13968401407259,-117.41592324766204,-116.63023397235365,-116.90783648761779,-117.06811674906838,-117.78870063135048,-118.03151490602754,-117.19155347312875,-116.8508825113837,-117.04891143263417,-116.17961923172699,-116.64496241900879,-118.35974346711463,-118.86056234803894,-118.51113195682399,-118.50300107295296,-118.37484791408419,-115.94684104093582,-116.57150157235472,-117.25794497149859,-116.55518401694715,-115.22314652506248,-118.92169538189792,-117.53574483804417,-116.65756425193851,-116.35719658523399,-116.5116788826112,-117.56496906032284,-117.38651084868789,point1,-117.23612415491806,-117.13968401407259,-118.92169538189792,0.7656530456590567,-0.10259155883688437,-0.3876312399707085
HDOK,PLOK,17472,43,43,-129,-13,11,2,33,-114.80631628320394,-117.64561954972096,-118.59684572727308,-117.07609594933017,-118.80116406815307,-118.86258245864481,-118.4022225629197,-116.36850416034912,-118.95926946068445,-116.76711224051087,-117.94617459178818,-115.750124067695,-117.58319793203115,-116.58260265855981,-115.59293765652384,-116.9721039608638,-117.18786070352576,-116.86067428681389,-116.7160220990603,-116.81683313155237,-117.60523471586534,-118.06280656502808,-117.5304343366806,-116.404163481009,-116.88037405518594,-119.44288507451094,-118.02938285184946,-114.86598053150622,-115.99227493214376,-115.81950282680918,-118.9324747747338,-116.34347151911201,-118.01947643339379,point1,-117.21887047415248,-117.07609594933017,-119.44288507451094,1.3829826371915521,0.10480583209106095,-0.5738081450602799
HDOK,PLOK,17472,43,43,-129,-13,11,2,33,-115.41444712252493,-118.31526025266271,-118.2976643498053,-118.0664077687901,-118.71979367020688,-117.33306701125046,-116.61533829406193,-117.46335094851082,-116.001395879675,-116.91727133724913,-115.97215301136892,-116.88086425737335,-117.25207892254575,-117.86859622616251,-116.17381252538539,-115.82538465241448,-117.48730583714952,-117.0287220445191,-118.30762710732442,-116.82775899875202,-116.14177799297948,-116.92687794346843,-116.60500501726494,-117.93500648254712,-117.1912221555495,-118.00392735098423,-115.65928236473401,-115.72102037258735,-118.5103642921296,-117.63782104567053,-118.05829910606073,-115.9005046940681,-115.71753109107131,point1,-117.0538466705105,-117.0287220445191,-118.71979367020688,0.9165166323698467,0.04332100210645484,-1.2318139553660732
HDOK,PLOK,17472,43,43,-129,-13,11,2,33,-113.95753828978047,-117.03824937902544,-118.7180760573759,-116.23808534936688,-119.85259042429931,-116.93425917562811,-116.89041666789008,-116.44064824319925,-117.41911174025802,-116.68831344623537,-118.04108327894264,-115.66834731599724,-116.68540223099801,-117.090975567637,-116.41612115891657,-117.72052490221995,-117.66815587598911,-117.21992084192782,-115.50113578088002,-116.59141676651018,-116.88969592297897,-118.30212517397305,-117.82286298101478,-115.360971650735,-117.23707702256853,-117.38919999606664,-117.31597843904066,-117.07419971821764,-117.54128551473411,-118.68328206076897,-116.60340370427389,-118.85629548640196,-117.26718405278838,point1,-117.12496770353452,-117.090975567637,-119.85259042429931,1.2100679617688086,0.23765495700145434,1.6094707077312225
HDOK,PLOK,17472,43,43,-129,-13,11,2,33,-114.99999702667934,-120.63775748382714,-115.28836608752492,-117.61017849527839,-116.3888450307252,-118.47524996901528,-116.9532077022847,-116.81782376841541,-116.51435453313132,-117.89288144923589,-116.72630811440891,-116.16689433748154,-117.8854115973913,-116.65058598294286,-116.84166690033096,-117.2612802953039,-117.11918306220379,-117.5107671883192,-117.62937113913947,-115.18678477724892,-117.36956808339859,-117.62893476134701,-117.01054612591537,-116.80749644404351,-117.68974256241627,-116.81573446363753,-117.28643758436577,-119.08973632917201,-115.43909503738696,-117.1950591357297,-118.25220108202967,-117.96535736763144,-116.16363551604415,point1,-117.12940786163652,-117.11918306220379,-120.63775748382714,1.2281896352997423,-0.6033861379131072,2.0866082452750168
HDOK,PLOK,17472,43,43,-129,-13,11,2,33,-115.55421831698858,-118.3288201144897,-116.8053632448994,-114.74903106795325,-117.60271323508314,-118.16649198016846,-118.6146803244429,-116.70971973151427,-118.02390087186349,-117.45472937368007,-117.25124908852237,-117.19696320419276,-117.4251248820275,-117.4456767024118,-117.0701695088545,-117.42977759695395,-117.56499441128163,-118.59044780764619,-116.81944653646147,-117.27485554074902,-116.97424248742156,-117.49112627014902,-118.0537389118323,-116.80335619170549,-117.96274115019423,-115.72055463090659,-115.32601099027617,-116.36270541137957,-118.6879668090567,-117.85352247234793,-118.41522635068061,-117.35807570525297,-117.91018507932421,point1,-117.30296442426398,-117.42977759695395,-118.6879668090567,0.876683975844065,0.90787537192959,0.7624241873194264
HDOK,PLOK,17472,43,43,-129,-13,11,2,33,-114.60921111409736,-119.83563693592644,-117.04132896814394,-115.63806463717361,-118.19193413245537,-116.96668464789438,-116.57634894124081,-119.2935346901305,-115.88191265696035,-116.60075867912725,-116.37127288163009,-117.87768507887228,-118.71004187993194,-118.15437916918428,-118.61773618219169,-117.66145927532223,-118.16057468831914,-117.12472050942938,-117.70502407863776,-116.95649797475275,-116.53972742792206,-116.0818026963967,-117.15226687943517,-116.93682235231773,-117.66951250207674,-116.3368306426593,-116.59374506325061,-115.52462605583705,-116.68138629644572,-116.84168134453716,-118.49927035252298,-118.13053176765115,-117.39024467777652,point1,-117.22282591455304,-117.04132896814394,-119.83563693592644,1.2333670305233515,-0.12434629635022713,0.14370413077162514
HDOK,PLOK,17472,43,43,-129,-13,11,2,33,-115.71390151510315,-119.29622289237031,-118.53177996269048,-116.5203140214676,-117.33040594173818,-117.11580554035606,-116.8014117080897,-118.67523511523932,-117.53244895381745,-116.03423099371705,-115.87938576829386,-117.45840843532022,-117.35746270682452,-115.53529285021918,-118.00772663622072,-116.35454228139393,-117.91864931238248,-117.73342597787085,-117.27818761705197,-117.88547842586658,-117.18757260351138,-117.9960786983073,-115.35379681309647,-117.90782392416035,-116.684458179891,-118.28229247770659,-116.5879402394635,-116.1974951968746,-117.65545167870837,-114.9231988402369,-115.6695607027237,-116.56281847127923,-116.86290506871303,point1,-117.05550635002137,-117.18757260351138,-119.29622289237031,1.0558312626510458,0.07246683789082711,-0.5037501515653209
HDOK,PLOK,17472,43,43,-129,-13,11,2,33,-114.6224909749762,-117.34644384570896,-116.73861144250255,-116.24629148483984,-117.40711242061992,-119.09228674489489,-117.51689545617265,-119.7297935563541,-118.2397381201588,-115.7386456343976,-117.87434148212088,-115.57224755108852,-115.51798113263798,-118.29999892382341,-117.67929611471874,-116.96188403688507,-115.85971979460128,-116.90255588833305,-117.53942452037978,-116.71620666889294,-115.9709244325926,-116.27195697384037,-116.84219826331919,-116.849576601407,-116.76398722275754,-115.76610054326676,-116.63501531719223,-119.18350119231619,-117.20421107544234,-116.93750450583006,-116.26142528945819,-116.5620074825178,-116.63691694330713,point1,-116.9541603526471,-116.84219826331919,-119.7297935563541,1.1998142334463642,-0.563996457295879,0.5631214659898585
HDOK,PLOK,17472,43,43,-129,-13,11,2,33,-115.66169325216367,-116.48445122351166,-117.02193514927357,-117.92449878143954,-117.98874048180814,-116.90519459623783,-116.06373252575719,-115.6968164665297,-116.2940632495913,-117.13537348158222,-117.80856755323617,-115.15366625688424,-116.28458942123657,-116.41081145986713,-116.42679933262666,-117.25466546174192,-117.45271576442573,-117.29239783992327,-118.67131773394132,-116.82733280079776,-116.20910365137296,-115.44275986951216,-116.59747154978726,-115.77551081040379,-117.06599867100832,-118.84659115065082,-117.75013156451463,-116.09280766987261,-118.08451539554244,-117.00859911067056,-116.58964399120838,-118.49788731071456,-116.79877639343562,point1,-116.89451999912939,-116.82733280079776,-118.84659115065082,0.8543138082885848,-0.2989406143705885,-0.4798486892142426
HDOK,PLOK,17472,43,43,-129,-13,11,2,33,-117.91416588884451,-117.88751641946655,-117.69773814729466,-116.84178691738502,-118.71878048579349,-117.00869316405377,-117.62467529687551,-115.57136210873875,-117.48636770361153,-117.03142286758391,-118.42168629465787,-118.47951065963686,-116.59329664258767,-116.35553740888042,-118.11860110728104,-118.58962817935068,-118.04570047076342,-117.63604137384664,-116.14997978910377,-119.09839111479828,-118.4903909571105,-117.61896141570875,-118.63457100592012,-117.0336520839672,-118.19378818212573,-116.99180957174713,-118.83401043710963,-117.4602155068827,-115.68836315359819,-118.04779235950083,-116.42387249034418,-116.83550996396686,-118.5364413292026,point1,-117.57758365144663,-117.63604137384664,-119.09839111479828,0.8411548599474756,0.44096301839223684,-0.6015048878420814
HDOK,PLOK,17472,43,43,-129,-13,11,2,33,-114.50938904830679,-118.5378545456927,-117.57532373179099,-117.88133673770551,-116.1595793220289,-117.2068843219686,-116.8743993351312,-117.75646905499822,-117.83651419398753,-117.31659991192059,-119.19690940699827,-119.73806594865323,-117.35607566819984,-118.00400672549632,-116.02970367671345,-118.83415687363387,-118.2085797178555,-118.9195440478239,-117.31143925223945,-118.93260838732616,-117.93109646780853,-118.16740923686565,-117.68404594106909,-117.81373403688461,-117.46024042014874,-117.00075159822926,-118.06819154665016,-117.15133913086416,-117.10331131026145,-116.7392455725396,-117.41802944342011,-113.98602225579317,-117.17706696582384,point1,-117.51169466166148,-117.57532373179099,-119.73806594865323,1.3338834904493733,1.0655423633325911,2.4758688620184777
HDOK,PLOK,17472,43,43,-129,-13,11,2,33,-115.04986797585565,-117.83150827049394,-114.80893672745343,-117.23359675575935,-117.8708676007545,-117.076186525082,-117.02471714951814,-117.85438714570904,-118.67494767051238,-117.47150471615427,-116.96588344596103,-118.53504481988524,-116.64492980383169,-116.98450094664823,-116.33410156236225,-115.31669454977417,-117.7145096912229,-117.80070515560682,-116.00789057194805,-118.01673959166186,-116.13242077400594,-117.27963148310049,-116.94369308767706,-118.57409387185855,-115.842288833064,-117.09914238240641,-117.51681018961247,-117.1912621982133,-115.91486401731044,-116.40925901319133,-117.05549417789433,-116.83008701456077,-115.2807277116287,point1,-116.94809986153693,-117.05549417789433,-118.67494767051238,0.9755718033401013,0.37875466869990815,-0.34401646913860473
HDOK,PLOK,17472,43,43,-129,-13,11,2,33,-114.71583198451629,-118.15106301770176,-116.02893163705231,-116.3559336365783,-118.83513260336571,-118.10240512422288,-117.53374953502048,-117.97134020615948,-116.46964303377455,-117.65327118090356,-117.34528666505736,-117.69174072302322,-118.01343891532383,-115.0043558502436,-115.05885117233971,-118.45820429731278,-115.74548350442528,-116.91428789728745,-116.32495956134511,-118.46007990538845,-116.83779438348317,-118.51404140973659,-117.16717053519314,-116.71160887583837,-114.82086200075123,-117.89731499217498,-119.02269339478022,-118.21153356785568,-116.49886027858123,-117.49629588645705,-116.97538644597059,-118.82736181981583,-116.63171578467632,point1,-117.16504938867746,-117.34528666505736,-119.02269339478022,1.4153552039894772,0.4928863369366172,-0.5524904257861065
HDOK,PLOK,17472,43,43,-129,-13,11,2,33,-113.11421041479656,-117.86306953353657,-115.33408762849955,-117.10370388799079,-117.46246267973135,-117.83042793567775,-117.76034669333464,-115.8384713867321,-116.19822024617767,-115.46206244420723,-117.12262782725388,-116.04114979397728,-116.74652020235546,-116.25242332604749,-116.33636858209904,-116.48287236779737,-117.10934328284175,-117.1602265221333,-117.631360152607,-117.63284238610905,-116.64081939168356,-116.39065117261858,-116.34873565437977,-116.7102697816602,-117.36852878877266,-116.07039698137953,-117.17390575814846,-116.2944502699918,-116.61062402936986,-118.98679941833346,-116.7011517029978,-117.07821416843124,-118.01169875222486,point1,-116.75360736860296,-116.7102697816602,-118.98679941833346,1.009763902427375,1.1348359614673702,4.231504607040188
HDOK,PLOK,17472,43,43,-129,-13,11,2,33,-116.45903519902323,-118.01818970237369,-117.10428324428509,-117.0265741396059,-116.70194915838796,-116.71644124973946,-116.64150084448903,-116.27857514366703,-118.8100991548937,-116.37115954969755,-114.71103282928533,-117.12331112881378,-118.31119829584502,-115.95535839859936,-115.7568899160691,-116.15601486903351,-116.73493271686169,-118.51229596486782,-117.48506708965209,-118.96915282490778,-116.64475614846633,-116.9231432458452,-115.87097878001661,-116.48086967699919,-117.96842897805833,-118.75375977944714,-117.52337102453708,-116.73225398082899,-116.74817330855015,-116.93828815481763,-115.75002859665499,-118.64875931432249,-118.48658301577635,point1,-117.07007440680057,-116.74817330855015,-118.96915282490778,1.0622817614729303,-0.2065707979591359,-0.44448878269608016
HDOK,PLOK,17472,43,43,-129,-13,11,2,33,-115.49940506663884,-119.02840878427178,-115.70026662637709,-116.10623762411551,-116.4347931175581,-118.99573114676073,-117.16998579468833,-116.99020034362732,-115.7698483514685,-117.28126624415276,-117.48525761826612,-118.23380547746355,-118.49798907511754,-116.73324917459406,-117.22243247647876,-117.3004323012651,-114.99897479707639,-118.60388115349656,-116.89634512066084,-117.5522373412952,-117.36310880335562,-117.77249127937137,-117.3603747704919,-116.70986711292201,-117.0583873512002,-116.88896118419397,-115.88722780334561,-116.85044777190386,-118.14297571429414,-117.06716778073384,-117.65492778936564,-115.66621870219028,-117.8453440346549,point1,-117.11418932525444,-117.16998579468833,-119.02840878427178,0.9668214601306867,0.07281925637882852,-0.27245289523289706
HDOK,PLOK,17472,43,43,-129,-13,11,2,33,-115.43114021679999,-117.87690662708576,-116.2258313164528,-118.24933285689933,-115.99386409436116,-117.0714131462582,-117.12024382420311,-116.66244520581263,-117.4656389490578,-117.411814831767,-116.80029922281467,-117.8589379838757,-117.07464231937136,-117.43797437316282,-115.60516887497026,-117.16628954533222,-117.21244735201537,-117.48334935177992,-117.94348904490606,-116.60236890469085,-117.91985953470568,-115.59940828979309,-115.93896904742175,-117.0700801462955,-117.53984102260928,-116.79280434562024,-115.0789917059995,-116.94498002357757,-116.60234038812449,-115.25200354826234,-116.0964492816032,-116.89203588380438,-117.40263652503138,point1,-116.84315144801414,-117.0700801462955,-118.24933285689933,0.6835176476946169,0.5129526165671133,-0.5474573219160925
HDOK,PLOK,17472,43,43,-129,-13,11,2,33,-115.7862120524584,-118.3559721917159,-116.77039423882675,-118.1473673608933,-119.03388808535951,-115.78783683946091,-118.22807742568908,-117.85595202932576,-116.47784894959432,-116.09059923840059,-116.54932803030555,-117.19229859888753,-118.61792234619678,-117.88676435990831,-115.64918036415942,-117.9251509198518,-115.91090452389182,-117.18332592503087,-119.40711773013903,-119.10479751111627,-119.54215470394998,-115.24581819966033,-117.26955696846022,-117.67115049797287,-117.64488464343316,-117.2291417561386,-118.4828190432678,-116.85087737742852,-119.98522414266634,-116.13943658610886,-117.48341441638479,-117.16946193764393,-114.31156263614542,point1,-117.36322550395373,-117.26955696846022,-119.98522414266634,1.7253671938851372,0.09110662697644639,-0.34006330777352023
HDOK,PLOK,17472,43,43,-129,-13,11,2,33,-113.36455599462398,-117.48455918118984,-118.85772804859025,-119.01223173726794,-116.94905695583483,-116.33805038743469,-116.37958487476067,-118.61881789642821,-117.60689390312437,-116.99950856504341,-118.91443492652104,-118.01223834088508,-116.45868270718255,-118.49644439430224,-116.51565942358441,-117.86969380695268,-118.11356405618926,-118.27248051165923,-116.89432350834251,-115.8452092461623,-117.44495176073491,-116.58718566576209,-117.03531417049025,-116.48109614450988,-115.39287674796738,-118.50281867397217,-117.80348266065238,-117.39957211255344,-116.55822014081974,-117.18352752787956,-117.07363722130674,-116.01998375123344,-116.84503411269733,point1,-117.19186118656542,-117.07363722130674,-119.01223173726794,1.3173465462744016,0.8891808084674636,2.2671288773655838
HDOK,PLOK,17472,43,43,-129,-13,11,2,33,-113.62568037545601,-117.69989871260563,-118.87221652131335,-116.02393196860889,-118.23280670992801,-116.98186088292373,-116.9987509967215,-116.42498296081003,-116.03106228160904,-116.2449757346193,-116.89195392216695,-115.2302141191446,-117.30679373933289,-118.10403810375807,-115.71486579869705,-115.18165731731024,-117.46187523937024,-116.60490523402183,-117.48790663606893,-119.53502765947708,-116.04635705379258,-116.39861592711013,-115.5318380486447,-117.52714685956383,-117.21681466482599,-116.65649685321064,-115.95395023168545,-115.68040032078865,-119.28494748797726,-116.7146235644893,-115.79604876327456,-117.66006413057308,-117.60735231420233,point1,-116.81000185254796,-116.7146235644893,-119.53502765947708,1.4912837859439785,-0.05952447632947328,0.5959275506735255
HDOK,PLOK,17472,43,43,-129,-13,11,2,33,-115.91934915683572,-117.39408827740483,-118.07304457531855,-116.09768820997009,-117.02283699496135,-118.12059454507353,-116.4548976128137,-116.17996424076678,-117.4628294046504,-116.05633348815692,-116.9926213539384,-115.92542808346299,-117.78433483171986,-117.84310768716807,-118.85654604743424,-117.60517439567155,-117.08235031928602,-117.32400799646648,-117.99464723040617,-117.03553031941145,-116.61916354438766,-116.86113698108628,-118.9408632903511,-117.61621594555163,-114.95460432618775,-118.04040012400677,-118.3372335321494,-117.01403223880105,-115.3650931325928,-116.78937164606273,-118.47451136542333,-118.64008254697346,-117.82609005592323,point1,-117.23345980304285,-117.32400799646648,-118.9408632903511,0.9650301607453873,0.3264271428697395,-0.41235773979774004
HDOK,PLOK,17472,43,43,-129,-13,11,2,33,-113.8789677126859,-118.78143666095981,-115.54627160025633,-116.8283948801137,-114.84088920796796,-118.32144605637961,-115.23293244403916,-116.93390161859239,-119.36095922443079,-117.81364538546904,-114.36668621492096,-116.5155907979797,-115.46688650049178,-118.53755782619064,-116.71518283070465,-118.29487448382345,-117.46536836099514,-115.00689542930748,-117.09892073378536,-117.43345092738177,-116.35934210015161,-115.586886824946,-116.88636932714914,-116.42658153148321,-118.4340483215798,-116.17819754591785,-119.64745124362204,-116.63845808243448,-118.14599995056275,-116.41356095591624,-116.21016753473053,-116.40036569979694,-116.90363524766624,point1,-116.80822191704341,-116.71518283070465,-119.64745124362204,1.9064550134264966,-0.04006365083571385,-0.3529550951942735
HDOK,PLOK,17472,43,43,-129,-13,11,2,33,-114.27386244270183,-118.10468362779943,-116.01075712667301,-117.50469435682368,-118.90088407833927,-117.37736791752243,-119.24316407318487,-117.44566050578501,-117.23277922958458,-117.80180683849335,-117.10239364448141,-115.24079280006794,-116.35985854876915,-116.65230619224043,-117.26948151329545,-117.00453454673547,-117.03203435635395,-116.70706362704168,-116.07912381309802,-116.94565410229363,-115.96052523918233,-117.79232055114088,-117.23663248160652,-116.77865285391134,-118.23511878959577,-117.37901358886637,-118.14773006177231,-116.97279348180284,-118.6171385141866,-118.48640971664085,-115.61274387283817,-116.68414943936368,-115.91923298522306,point1,-117.09428378537623,-117.10239364448141,-119.24316407318487,1.1133057080033903,0.31105069397945523,0.4697722256107997
HDOK,PLOK,17472,43,43,-129,-13,11,2,33,-115.20313419674147,-117.78870497312177,-117.90553143924392,-116.43148906086017,-116.55589835175581,-118.92359114264187,-116.62003525283521,-116.97228562966421,-114.93286287688683,-118.06183095547193,-116.17698608799876,-117.78105526640422,-115.59267878978322,-117.2194275179175,-114.93561027142886,-116.47997132801358,-118.95741339010941,-116.4976103448158,-116.57502420191125,-116.30533779733878,-116.20790967762262,-116.32450341953565,-117.10378919540271,-117.52712378349663,-116.69883951470332,-117.25793039077216,-117.06311363396827,-116.57010278698213,-119.01069074836845,-116.51119377157015,-117.0085708652181,-116.02042552607249,-118.08428692238837,point1,-116.88802906397109,-116.62003525283521,-119.01069074836845,1.0531541770226598,-0.266660467880519,0.01278974508673869
HDOK,PLOK,17472,43,43,-129,-13,11,2,33,-115.37605475993783,-119.9396025721407,-117.14779711112371,-116.44546904657497,-119.03872198363989,-116.29318349567686,-118.36051397697797,-118.32599902737049,-117.28083443660577,-118.73469386216883,-118.03775975047215,-116.73782887710722,-117.27853849746703,-117.12375520955845,-116.48333209810968,-116.0999910431632,-115.76322987886408,-117.66045437013632,-116.06877679006034,-116.43161721436344,-118.74425542222129,-117.09733250165436,-116.79323907974297,-117.82070112633039,-117.34129800779876,-116.08453078704731,-117.29027690548482,-116.6473204616945,-119.37599677790443,-116.05122548741622,-117.37741772628488,-117.62459415846051,-117.33190332045471,point1,-117.27903775042465,-117.27853849746703,-119.9396025721407,1.1509965265050788,-0.5739327135983268,-0.07655981826416713
HDOK,PLOK,17472,43,43,-129,-13,11,2,33,-115.2915509991443,-117.5047810850632,-117.70904503521717,-116.76084442695289,-117.57558051058963,-117.59363773440302,-116.46119552229207,-116.3333661919176,-117.69589190710285,-115.35802010553533,-118.18693340495595,-117.39061977516211,-117.87011514380617,-115.59645676156048,-116.3655582812234,-118.63916608523735,-115.62907630034012,-115.94500742929651,-116.41161371267738,-116.14778987986732,-117.0287373603239,-114.84502275366326,-117.96650031123761,-116.21160932846351,-116.28441452498028,-116.98101505247034,-117.30595765750313,-117.9373747001321,-117.53770241672069,-116.66917081065186,-117.06015956499951,-117.27331866075616,-116.13116519139899,point1,-116.83934541289835,-116.98101505247034,-118.63916608523735,0.8436426879255186,0.22656850967043587,-0.6745112084565772
HDOK,PLOK,17472,43,43,-129,-13,11,2,33,-114.21076697038625,-116.95801900293648,-116.68653343557533,-116.32127656367837,-117.92322872720962,-117.05949117497866,-118.3217899314395,-117.73010085563193,-118.04468092230935,-117.42603823715845,-117.92460581244298,-117.52631938007893,-116.6045239495156,-116.83300249824497,-118.0689445068584,-117.25169156327651,-117.79087495894888,-117.26445850985148,-117.9133755333863,-116.90362329321155,-116.79028816049257,-116.01467720224989,-118.73090726848368,-117.15728459062507,-118.36790430743372,-117.29721435299928,-117.04885317669554,-117.46540977030244,-116.27664270995072,-116.82857682247035,-117.17198830998002,-115.53984383501229,-114.28821771144283,point1,-117.08306527409876,-117.17198830998002,-118.73090726848368,0.9959103836225924,1.2365956404104548,2.1704185800719284
HDOK,PLOK,17472,43,43,-129,-13,11,2,33,-114.94346415316502,-115.51272854788866,-117.50775086913944,-118.95680036544383,-117.66069604439186,-117.07603659096486,-118.16058265041104,-117.80963738764451,-117.63608032165436,-117.54114610432276,-116.20344646015398,-117.2546867991472,-115.95936869857805,-116.95824421889897,-117.14281751413519,-118.86759726819183,-118.18826931504667,-116.47009590524284,-116.48242429175139,-118.1538210877789,-119.87074678272066,-117.26996231759732,-117.81586572164333,-116.6471267397382,-116.57652215096522,-117.66894903254223,-117.82316520332418,-117.06375346566612,-117.20137008207816,-118.53382604921579,-116.61486024749195,-116.67900048489699,-115.65641977070675,point1,-117.26991704977385,-117.2546867991472,-119.87074678272066,1.0519075826117679,-0.10493812495644134,0.4311513054920253
HDOK,PLOK,17472,43,43,-129,-13,11,2,33,-114.6780391972457,-118.11861078333075,-115.808734295157,-115.67384369914356,-116.9798543638034,-117.30379844414651,-118.11779552587517,-116.88186228353399,-115.7386650859626,-117.81560394782238,-118.49829430010863,-116.8568676657944,-116.47310563710516,-117.49793831930235,-115.88590388883664,-116.30983556251857,-116.85795717399958,-116.07402196072896,-115.73155968507358,-117.92401737231646,-118.34635437072934,-118.3842468271929,-116.61864950171157,-117.77620936182873,-117.65165312065231,-116.71863310201769,-117.38041134245883,-115.79900526518115,-116.00678385196795,-118.20486462879066,-116.89296901277325,-116.5284078724386,-117.17387027205903,point1,-116.93055659762447,-116.88186228353399,-118.49829430010863,0.9209850929897504,0.16216860849904924,-0.7156493982723409
HDOK,PLOK,17472,43,43,-129,-13,11,2,33,-114.09168918538218,-118.30291620161366,-116.01132034053856,-117.03167572168049,-117.56052183146346,-117.2134338748327,-117.42587460059879,-117.04286148069605,-118.00567476972725,-116.53875042265194,-118.49964438298485,-117.87799780031848,-116.69412980129562,-116.13900371204643,-117.259844311075,-117.06407560199663,-117.9680928784372,-118.15900820017524,-116.3811403245725,-118.35760304694809,-117.02220007678353,-116.09806979742687,-118.39161823825602,-118.97113331404499,-117.78739310752186,-117.44135152451574,-116.43212782536877,-116.84662346533966,-117.51869161857488,-116.29116665354414,-116.10205680086374,-116.82592473011694,-115.6381140389774,point1,-117.12096150546574,-117.06407560199663,-118.97113331404499,0.9730611019837114,0.6359799457044978,1.187718730243032
HDOK,PLOK,17472,43,43,-129,-13,11,2,33,-116.37081666862471,-117.90963029604106,-117.60743362398713,-114.55725546666127,-117.43750141376229,-117.93924306323208,-116.59822452909977,-117.8854246114435,-115.4237249590303,-116.39507787600098,-117.9727930166758,-114.72058541348832,-115.43800824058077,-116.6390046467841,-117.54519402544175,-119.1928923731265,-116.43647073130523,-117.16682083228741,-117.83298580683886,-117.73546009607622,-116.18375176180884,-117.57198708515074,-116.75195313721746,-116.98729370915358,-115.82348076802575,-115.59737886137341,-117.55922325933786,-117.61173840058285,-117.34375675520141,-116.59743116201004,-114.57051863366925,-117.09862687176238,-117.54549217282029,point1,-116.84991455359399,-117.09862687176238,-119.1928923731265,1.1717385574317378,0.5197153573321661,-0.04619105978813698
HDOK,PLOK,17472,43,43,-129,-13,11,2,33,-115.2166939966624,-118.20193988919044,-116.4894272600892,-117.12519157179905,-116.93561236472682,-117.41069573513622,-116.10932272482138,-117.86114124607522,-115.26260592357028,-116.65972019452263,-118.22875692007466,-116.95791606104945,-117.30759495002869,-117.62652207014048,-116.28709194723885,-116.85484347866701,-116.26752248449539,-116.8213540348369,-117.38778496679605,-116.56140469423563,-118.313363362274,-116.18315413051802,-116.6749287124347,-116.54226499684646,-117.39347442158304,-118.10291842252532,-118.98073851235098,-117.62286296615312,-117.00881361195378,-117.10066337369973,-116.98851835216496,-115.45937656264309,-117.46026268559478,point1,-117.01225704923937,-116.98851835216496,-118.98073851235098,0.7322150251640253,0.07351394928815118,0.1286793924498255
HDOK,PLOK,17472,43,43,-129,-13,11,2,33,-114.889921028143,-116.64375430108866,-115.32634498754808,-116.7217263256967,-117.87305052547138,-116.86276285872648,-116.6174867101867,-119.86281053582213,-115.59883342811311,-117.83156652742697,-115.66395953922434,-117.95659258038027,-117.0591422911391,-117.18683397167555,-117.5151976794749,-117.41513535816493,-115.37508386624106,-117.28847109012231,-119.27292648497351,-115.88341465450947,-118.39803752599595,-115.94416143271339,-117.64966612563907,-117.45372174960208,-116.62808280982792,-118.49233264580857,-115.42573235114455,-118.84235451817348,-117.57302527414446,-115.95409747100533,-117.11550265029834,-117.41271839690287,-117.0762992114588,point1,-117.0548711183892,-117.11550265029834,-119.86281053582213,1.3635183839082685,-0.23510813506107692,-0.1568947606736577
HDOK,PLOK,17472,43,43,-129,-13,11,2,33,-113.93097670859923,-115.37584124363718,-118.04761467459161,-117.10378128281687,-118.4119415894113,-118.8840438331327,-116.49181693647819,-118.13669345467856,-117.16738778739807,-117.33368554880438,-116.32363432319477,-118.39743000745229,-116.42015731630575,-116.39473564135575,-118.3525694427859,-117.87343558224927,-117.59973316666505,-116.20807527701118,-116.56245404446722,-114.82758117882717,-117.20266251426193,-117.88966503439056,-118.54336774375565,-116.85969473496965,-117.70388456848785,-115.51472187436744,-115.70877734125459,-117.87247363949999,-116.67028225185393,-118.48055322851143,-116.51151157015654,-116.61878875376557,-116.11887435150807,point1,-117.01632868626201,-117.10378128281687,-118.8840438331327,1.3277968619106628,0.5492612908383785,0.07818558244190665
HDOK,PLOK,17472,43,43,-129,-13,11,2,33,-113.84507765881999,-118.54436340045201,-116.37191299873606,-116.68290654673181,-118.29023248649841,-116.37219845406125,-116.88637601631294,-117.95703410447449,-117.68193159794853,-116.24659155287011,-117.39106614273695,-117.63983957172132,-118.01592704064288,-116.3974324910614,-118.07061173040566,-117.11173699764505,-117.40852588721685,-116.85939670849626,-117.18067173165458,-117.04607875878328,-118.65943040563772,-115.4844014982672,-117.60741536540618,-117.79877485553712,-117.40730474148815,-117.3654815670244,-116.43928572073166,-117.50381808870593,-116.56197119212757,-116.86713288824662,-117.72491460312739,-116.86086550936251,-118.0613953847371,point1,-117.16188193023238,-117.3654815670244,-118.65943040563772,0.8525211287737662,1.3441360507092088,3.734327601960161
HDOK,PLOK,17472,43,43,-129,-13,11,2,33,-115.71420385191055,-117.30498396833283,-116.3821862456566,-116.91364642930618,-115.89030604282796,-116.8121555849095,-118.39213715105726,-116.4562945321947,-117.29498862602213,-118.34235439569822,-115.62911794562696,-116.48821502898727,-115.90079539135245,-116.38648888418675,-117.26914490608063,-116.52877306488571,-117.67667933328677,-117.64077533965173,-117.80134748519838,-119.61721432453628,-114.7622466129866,-116.75579759702343,-116.66701438955886,-117.19342515272042,-117.04730064908662,-116.49660211696789,-117.97435426756523,-115.6124632268379,-116.4392125508724,-117.20352937547376,-116.69821918925808,-116.11281208452927,-117.5378556070844,point1,-116.8770497379295,-116.75579759702343,-119.61721432453628,0.8871464470670867,-0.4916622261002901,1.1446855619773104
HDOK,PLOK,17472,43,43,-129,-13,11,2,33,-116.42253362198579,-118.46062079610441,-115.13282457465824,-115.80499305503513,-116.97409840218849,-119.62235875415126,-119.24143471868685,-118.6702514758492,-117.30568546723349,-117.60236575499535,-116.60882517003677,-115.90141531600216,-117.8991414171275,-116.7767143505021,-116.64554693730764,-115.959942631147,-116.44822303492855,-116.32270338395887,-116.36753305021679,-116.20305948724152,-118.43119429279687,-117.18949171382725,-115.6762252513797,-115.77495468669028,-116.92661199667403,-116.66729022447323,-117.27632274194373,-117.24204392500613,-118.57536094076924,-117.1423880488346,-117.10756126843701,-115.99927635888628,-116.77602450844456,point1,-117.00469749568245,-116.7767143505021,-119.62235875415126,1.1183485739607493,-0.7249142904519342,0.08949321538424515
HDOK,PLOK,17472,43,43,-129,-13,11,2,33,-114.42130233485854,-117.41509804077461,-116.71775417574688,-116.40260112502273,-117.71702320876241,-117.09444838613184,-116.7131049890022,-118.47007829278914,-114.98388955973739,-117.85682668107276,-116.4457340380689,-116.44486070714673,-117.1020432137395,-117.24024308332082,-116.67454262690943,-116.52613683581407,-117.2023753519739,-117.4953602710912,-116.47841085780239,-117.30459371896801,-115.99058450725299,-115.15842138805368,-117.24502990430888,-116.47709062451942,-118.18994866347204,-117.31530293479074,-116.48918747714464,-117.12985048743754,-115.65265541082933,-118.48947320916645,-117.8708800122185,-115.2680508967949,-116.80539283574498,point1,-116.8117665409233,-116.80539283574498,-118.48947320916645,0.8995935948542529,0.5332119851841476,0.2950515105481384
HDOK,PLOK,17472,43,43,-129,-13,11,2,33,-114.42320396339065,-116.88598234481458,-116.15563851480775,-116.32727253037692,-116.74768486538086,-116.76036546621704,-118.18674946839779,-116.54139256068039,-115.91669411079612,-116.89424224847865,-116.51721251721001,-115.60241746151287,-116.82817805337868,-116.14451818572783,-116.16528960955739,-116.38053728024678,-118.58851959312531,-117.70753499272755,-117.3261355647075,-116.5983231958906,-116.11763196444336,-117.24345455661827,-117.70459302219628,-116.8329474432042,-118.71879783326042,-116.82791992361886,-116.7203544033613,-115.94238647328915,-117.7501247757991,-117.78182852874481,-116.40476430888927,-116.59026696137512,-116.19638201108717,point1,-116.77361650707009,-116.7203544033613,-118.71879783326042,0.7350396366691692,-0.140792549607893,1.0927549396777931
HDOK,PLOK,17472,43,43,-129,-13,11,2,33,-116.15709137675276,-118.24560563715347,-117.5052370044062,-117.98883584226547,-116.98546391003947,-117.75646771370911,-117.26898630081567,-117.1621087719797,-118.72136569551779,-116.67193354566825,-118.08778303671512,-116.11214188180693,-117.72793691255502,-116.60251047779555,-116.49070026113645,-116.69315081989396,-118.53009845111536,-116.96822820492798,-116.12568498336843,-115.9155175777295,-113.78124234706668,-117.11056504159588,-116.47329393530234,-118.12945243818595,-115.05454173959195,-115.3627513652512,-116.2879128369433,-118.12129350714733,-116.41697273915591,-117.21535450353007,-116.56790766068853,-115.92525918461268,-116.91249470020172,point1,-116.88108758801896,-116.91249470020172,-118.72136569551779,1.089612362298985,0.5877271676947187,0.9882652610507745
HDOK,PLOK,17472,43,43,-129,-13,11,2,33,-115.02366115496989,-119.6457876956582,-117.09252553966378,-117.49408395477458,-117.38922662552501,-117.59323983555863,-117.77683242050243,-116.67771183751013,-115.6893379654185,-117.2323759753135,-116.85141218441636,-117.47646568245369,-118.33756900370467,-117.19274345492973,-115.01952445461502,-116.76073819173021,-116.56309802041007,-116.02374132453791,-116.56112424154507,-116.7502306302098,-117.75644550224936,-117.38218561424424,-115.43174517633354,-117.0964148788225,-117.96141425143263,-117.88013748541246,-117.76363147058058,-117.37539660834365,-116.75101932220606,-117.17089614950119,-117.43179859096936,-117.68246428395179,-117.29053825167277,point1,-117.09471265997476,-117.2323759753135,-119.6457876956582,0.8405157632438023,0.23904919804990254,1.5442024777188919
HDOK,PLOK,17472,43,43,-129,-13,11,2,33,-113.05470444868186,-117.76286639395197,-115.538367940305,-116.275795498163,-118.02537759101159,-118.46232176254577,-117.16569505717494,-115.87568720826673,-117.34019725439826,-118.02271926719979,-118.50853717256837,-116.64311913335719,-115.92844616009607,-116.21038563491338,-116.63750912624418,-117.20374958590071,-117.2610140400646,-117.53992103502803,-116.50401303235707,-117.20739528336611,-117.15847546173671,-115.0425370463241,-117.10391398703067,-119.1333306578782,-115.62914105931482,-117.29491457465794,-114.89459997772572,-117.03514517459475,-116.62165827065421,-115.13168283189471,-117.5729210796413,-116.37413224921706,-115.74671890777687,point1,-116.72445436072852,-117.03514517459475,-119.1333306578782,1.4450070173654703,0.6774582773775438,1.3435039829808688
HDOK,PLOK,17472,43,43,-129,-13,11,2,33,-115.2134567537927,-116.6200869112324,-116.7119204196468,-117.75152149749889,-116.74058843228124,-118.13270615800127,-118.70368943512453,-117.90215056157838,-116.45071311034359,-115.67275406909664,-118.66399160011436,-117.37889617548925,-119.76208192005568,-117.41986081812354,-119.05735345275322,-117.4703228214093,-116.47325042691492,-117.58789713999622,-117.52614711609225,-114.86040129876872,-117.56274204882925,-117.53645878272754,-117.07479401647254,-116.77089335647194,-119.50815254363621,-118.40529372251449,-116.13933337056797,-117.55267918738502,-116.87518687396641,-115.70191872279993,-117.90312374414717,-116.38959881637199,-116.62035131677078,point1,-117.2769792915447,-117.41986081812354,-119.76208192005568,1.2799731503220249,-0.11307328049451637,-0.00980162919525851
HDOK,PLOK,17472,44,44,-129,-13,11,2,33,-115.19603201641306,-115.82042218850562,-115.41769326466824,-116.5611854904078,-119.37114052411259,-116.30007445919367,-117.16533330690488,-116.65677650160985,-116.56866020120692,-115.03812436847693,-116.733124484446,-116.37707196112811,-115.594447399769,-117.75823434846733,-117.78341800652932,-117.96776566812213,-116.58445802155495,-120.29252281363058,-117.67877221603842,-118.19128417831756,-119.49881536187236,-117.67842636617613,-118.3884396299636,-117.12423030687697,-117.65495089790554,-118.1913880613025,-119.23679907306104,-117.44188032735705,-116.76910069276143,-117.68282006383035,-116.11100644461592,-117.40287385027368,-117.47906529968557,point1,-117.26413144833896,-117.40287385027368,-120.29252281363058,1.520651654585642,-0.36291825199741706,0.04316765251380872
HDOK,PLOK,17472,44,44,-129,-13,11,2,33,-116.68519462541465,-115.23509101477954,-115.76777932594916,-116.22503173403115,-116.87413787218291,-118.32334192393537,-116.27344287417439,-117.93733725566527,-115.84153588019275,-117.99575999288572,-117.23389533432562,-116.93014620225702,-117.82646770050664,-117.41497841354668,-116.1895916750708,-118.86098367125285,-117.53190684042278,-117.3816705082438,-118.19733787486811,-117.53263808117492,-117.72675830621462,-118.32094001768527,-117.90851135461469,-118.16486631566686,-116.17813471957201,-116.88814950529766,-117.10245054479951,-117.70426243438895,-116.98199974877373,-116.79087055997138,-117.92083125929678,-116.86061162805088,-117.05300880663546,point1,-117.2078686061166,-117.23389533432562,-118.86098367125285,0.7017882503836379,0.33490485843762896,-0.3663796432697146
HDOK,PLOK,17472,44,44,-129,-13,11,2,33,-113.38880795594034,-114.01130282583115,-117.19247607531375,-117.23866137164238,-117.35971692793728,-115.09414670885968,-117.82543136409576,-118.57695400094437,-116.88919506490437,-119.0161025918764,-117.2230058970704,-117.21745835321533,-116.76465738348743,-116.52636319183829,-118.17476669404209,-116.64451802844671,-117.62346419500061,-116.62248590752812,-117.67223490893898,-118.75884244462728,-119.76480375163248,-117.14567812601263,-117.11627056394137,-119.91012971148618,-118.85544536869848,-118.1979391072011,-117.0113315095063,-119.31548928162054,-117.30130914388249,-116.95327990717317,-118.88207146009184,-119.20113814287923,-118.11033337245398,point1,-117.5026003435794,-117.30130914388249,-119.91012971148618,2.0241717404829576,0.8871478901033747,1.6015107164691478
HDOK,PLOK,17472,44,44,-129,-13,11,2,33,-115.60764017124625,-116.96021562273245,-117.42786552585707,-116.22829377013757,-116.85710751082017,-116.74024973151415,-118.2354943775674,-117.65529505291401,-117.6880203656061,-117.29825026630654,-117.43713235031628,-116.43231216316015,-118.15238809392702,-117.57334602259289,-117.20723825377064,-118.13685382827965,-118.47618057366374,-119.53056002659733,-120.07440520516646,-118.26106564732244,-117.68689338090117,-118.04136831309778,-119.67694705303,-117.86464003409544,-117.63628645166794,-116.86599001188654,-116.82253471392323,-117.50005339900032,-119.10041081650625,-119.0545190919985,-117.9031690838722,-116.45651115582653,-118.49628829998865,point1,-117.72986443531187,-117.65529505291401,-120.07440520516646,1.0010103805188788,-0.3604678945089234,0.11675809469024001
HDOK,PLOK,17472,44,44,-129,-13,11,2,33,-115.03818938261594,-114.75988412077474,-115.5010807916079,-116.25483790645255,-116.09014473879367,-115.00940514956827,-116.15158997746977,-116.22284011597962,-118.65224647897378,-116.65378569675167,-116.21943301418044,-115.60111146098114,-117.449179900452,-116.04930361429388,-117.7111061454411,-119.65987022496775,-117.72493133226665,-117.31092209824924,-120.6433353860363,-118.46771706598122,-116.28823712994561,-117.2495897855054,-118.45692593430725,-118.73183683888176,-117.45442501813326,-118.66868067618809,-118.58528642057549,-117.37188824242654,-117.81982346730324,-117.90351289914332,-119.12776109550707,-118.1386237343226,-117.35091660400592,point1,-117.28237643782069,-117.37188824242654,-120.6433353860363,1.9415962742396518,-0.1578384946720963,-0.3716725503751537
HDOK,PLOK,17472,44,44,-129,-13,11,2,33,-113.59703400059412,-114.99887287587883,-117.86896099584953,-119.08645832607178,-116.83256175284563,-117.63718118644576,-116.26249716283253,-116.71093197837776,-119.77578242405461,-117.31931725171081,-115.50123572238812,-117.1206525199823,-117.70429914953466,-117.99839961842792,-119.53265566499077,-119.08471832176065,-118.32906238495671,-118.09093669076798,-120.28302611759335,-119.66647544837745,-117.58661015938723,-117.49450138201877,-117.36771223264925,-118.0970175057655,-118.07960581751776,-118.13758856341227,-118.86926331510637,-117.62568290703805,-116.73944092070383,-117.72749727702822,-117.03348015687176,-117.49004652500973,-117.24576629158062,point1,-117.66349311053125,-117.63718118644576,-120.28302611759335,1.804986239284997,0.6766865620971888,1.6787439613932515
HDOK,PLOK,17472,44,44,-129,-13,11,2,33,-112.97008275410336,-114.52086670566952,-115.58589184076878,-116.70103271077751,-117.42783863777112,-119.04482127555275,-116.33495312112889,-117.61643499450511,-118.27442728135902,-118.59383502302501,-117.21069715890322,-117.51417535693759,-117.14669771589942,-115.53613038885146,-116.6938447977926,-118.86466398105824,-118.61363240872005,-118.7283214940248,-118.65123590952696,-117.03134523301948,-118.56744524575886,-116.50870293376082,-115.48163786100854,-118.78639959808547,-118.69262741611978,-118.5095303912275,-117.00672908685479,-116.4911839881061,-116.021576651371,-118.20566378975194,-116.93896004761507,-118.20280471774377,-115.69343886753423,point1,-117.21720089043431,-117.21069715890322,-119.04482127555275,1.9938814791052926,0.9061613685375421,0.8571539198442619
HDOK,PLOK,17472,44,44,-129,-13,11,2,33,-114.23866371980786,-115.34513523032706,-116.40887084426105,-117.31627236895557,-116.41890077446786,-115.74902159554304,-118.07076613928221,-117.36793731345553,-116.67017811104682,-115.45494317909942,-117.91401103416098,-117.000057748008,-116.25413378566448,-117.833131046582,-117.88442910125283,-118.15752355663466,-117.7524271479389,-117.38301775291242,-116.7390871798063,-118.78049020284283,-118.27991489314373,-120.05688333634093,-117.9212671806435,-117.26650604786188,-116.85129119358352,-117.70801687261455,-117.2399572897939,-117.25324304777361,-117.31612901491494,-118.15508581569989,-117.79431077892389,-115.18588426585376,-118.03023406896988,point1,-117.20599156479298,-117.31627236895557,-120.05688333634093,1.2793131157775106,0.40438102243881946,1.0111169386720857
HDOK,PLOK,17472,44,44,-129,-13,11,2,33,-113.3310395169803,-116.39889369286483,-117.93678894669507,-117.49181669098297,-115.94714845895389,-116.4558043487339,-118.32864254741806,-116.04255550130513,-116.49485797599377,-116.38484944199328,-116.12345274609729,-117.9968501765353,-118.63623062016254,-117.42286292499055,-115.31970730666517,-118.58076906794618,-117.44037699776445,-118.04367815658696,-118.46250672165291,-118.619913204474,-119.26075277486694,-118.37056187863531,-117.42659540455693,-117.00429729321165,-117.81798506757133,-118.38664656851306,-118.76717028465723,-118.80544042175156,-118.21097038955209,-117.56220854593126,-117.30830212079346,-118.24822068215144,-117.45158963004249,point1,-117.45695412445549,-117.56220854593126,-119.26075277486694,1.471018423890412,1.302541051563057,2.4918447256319127
HDOK,PLOK,17472,44,44,-129,-13,11,2,33,-113.3071176714669,-116.57211097232218,-115.23938469437115,-116.30521821062892,-118.1522745788009,-115.98504776381728,-116.64355473120075,-118.44101161065572,-116.38994901571878,-115.5629721948522,-117.530074086969,-117.94434580779703,-115.426715123053,-117.69952599703157,-117.90264613725829,-118.94108235644045,-119.04097314193395,-117.77456953704966,-119.04923945409678,-117.14527335846539,-119.35468429393835,-117.5358033140847,-119.23001601893009,-117.04899454909211,-118.48809749102901,-117.81467544909897,-117.8972605288278,-117.82232395693187,-119.44361995986473,-117.6120399439586,-118.09485270734112,-116.98485377027268,-118.07007416861964,point1,-117.46819341199756,-117.77456953704966,-119.44361995986473,1.7796978774183556,0.9638235450849086,1.4143940264169212
HDOK,PLOK,17472,44,44,-129,-13,11,2,33,-113.96982678390789,-115.66603993064645,-115.24233414686829,-117.13275326018457,-117.41655037247392,-115.60164697269099,-115.63793989627628,-117.58169342833347,-116.619454564589,-117.33260635566474,-118.4252996448728,-117.50738040661217,-116.21860499670352,-116.45570008781226,-115.10329598889625,-120.08094516591272,-118.28644167736206,-118.15917482721895,-117.30912387850348,-118.51850114486582,-116.6541778069605,-118.74851658229646,-118.34772397145719,-114.90709030757891,-115.8625594111591,-119.282863542127,-116.03731559077686,-117.08737104317163,-118.2038391207598,-116.55423307556869,-119.2110590076648,-117.19796215258833,-117.14053677149383,point1,-117.0757746034545,-117.14053677149383,-120.08094516591272,1.9257928756781253,0.02940883437739975,-0.35741062925303924
HDOK,PLOK,17472,44,44,-129,-13,11,2,33,-115.03339979816678,-115.45107847388147,-115.900771570436,-116.79771712154277,-116.92162952836186,-115.84813285265172,-115.54115106164684,-117.7382137753612,-117.7829812204544,-117.661296227114,-117.02245439992333,-116.69964382157028,-117.5280224863104,-117.97354593611142,-116.36864483370962,-117.90985045274967,-118.2474772122324,-118.05361607867539,-116.64081095559867,-117.94609127193837,-116.88040487444647,-115.77549536304794,-117.2943709729445,-118.00494985662486,-119.81893151257307,-117.07861415702031,-115.01454740760346,-117.55644442336917,-117.4656069833481,-117.31994496233939,-116.04625410524251,-118.35080663579932,-117.17653089346979,point1,-117.05604337049289,-117.17653089346979,-119.81893151257307,1.1091531466002413,0.030971231676730857,0.19706932413841427
HDOK,PLOK,17472,44,44,-129,-13,11,2,33,-114.47724535906762,-115.4781578448144,-116.65443828677613,-118.00139829221,-115.86891392061442,-117.9923388917636,-117.53942403219156,-117.54242899566914,-116.86051261934466,-116.02299892433804,-117.29074073830787,-118.30848503583306,-116.49487173585852,-117.16407881754664,-116.05771741128055,-118.44465557177406,-118.18669801816984,-116.61632245568886,-116.75422510450926,-117.58466242310607,-116.82339026575525,-117.34143919371888,-117.26853880977959,-119.99945498997701,-117.12233715981971,-119.16735634714159,-116.9395981213427,-116.43029348571557,-117.96102627995883,-116.75850180050533,-118.72897101141932,-117.2998865117832,-116.81794141148232,point1,-117.21209242022015,-117.16407881754664,-119.99945498997701,1.1364924183857168,-0.13985768292022707,1.0628199595703411
HDOK,PLOK,17472,44,44,-129,-13,11,2,33,-114.99796908224629,-116.57477356004448,-116.33702172907783,-117.25814399301453,-116.63896709725184,-116.5779610444854,-117.25089343262857,-115.882569233565,-117.35847067563265,-117.4525559894593,-117.03359247297021,-114.90976577407467,-116.80156211414216,-116.07177703599785,-116.28310169098185,-118.51297252332294,-118.04366749712939,-119.17992084103471,-118.3899083632098,-117.94280959281085,-116.84539054689994,-117.94967664680087,-117.72152627111225,-119.65132630373543,-117.77133073727326,-116.99552168197606,-117.57093386649089,-116.99115183736349,-117.43075603634465,-116.64031696912768,-118.72376633596983,-117.83760829601088,-117.53542183577215,point1,-117.24736760933206,-117.25814399301453,-119.65132630373543,1.0617253245110483,0.04812620871764312,0.49142047356938123
HDOK,PLOK,17472,44,44,-129,-13,11,2,33,-114.80582399539078,-117.05525316398955,-114.84173443460692,-117.6510645707339,-118.08477129991537,-116.39577969505974,-116.84673088422251,-115.60788493961591,-117.8701513932429,-120.34568315853474,-118.94467722839678,-118.07394715792302,-115.72752099752459,-116.50090496842041,-116.3420013133002,-117.41271190333119,-119.63500641276329,-118.3227257934409,-117.06730025643918,-116.80298851236348,-117.64138572764897,-117.01223934626674,-117.4920598642072,-118.0707429565881,-118.4158911994758,-116.45011989113678,-119.4382263082653,-117.51498998697328,-117.58560756296265,-118.30788607993166,-116.89282942236065,-117.68165180878613,-118.94837206211994,point1,-117.44808073624054,-117.51498998697328,-120.34568315853474,1.5610309109970433,0.003796838841130018,0.21410428613945998
HDOK,PLOK,17472,44,44,-129,-13,11,2,33,-116.15860007839106,-116.04181668423533,-116.68560515013793,-116.94462474146906,-116.66570690543749,-115.25703700242485,-116.60434850451328,-116.96788199358919,-117.69506444744513,-117.56093171145707,-116.72066759397593,-117.95402862314072,-117.39926139897287,-116.68000338656663,-115.65781713388913,-117.92720117575776,-116.74700287898997,-118.02139775094959,-116.71660001980139,-117.21504385236291,-118.336354949369,-119.02375168886921,-117.72136021032198,-116.01126665547201,-119.0605432636058,-116.31860759308006,-117.31010315298538,-116.832444043307,-117.46643361812323,-117.14044263965354,-118.26750039964915,-117.27887805443264,-117.51319685967064,point1,-117.14853103521352,-117.14044263965354,-119.0605432636058,0.7469292133894226,-0.17969669667898924,0.10310216900243674
HDOK,PLOK,17472,44,44,-129,-13,11,2,33,-114.23562542388949,-115.94687529963093,-116.46529407702374,-116.8731287606489,-118.18177228859946,-119.09060637792629,-116.44700178261321,-116.39193331011457,-116.1925567746972,-116.58633521934746,-117.3916154878043,-116.36548900047414,-116.61940205345567,-118.04454665195426,-117.95384417764829,-119.35684604974075,-118.55415725815101,-118.62331851262914,-118.21213158800145,-120.28545559253777,-118.41602968943346,-114.57567617867194,-119.18446181203043,-117.54478830129848,-118.48366554772596,-119.2247150130206,-116.08920068673747,-115.36875278889221,-117.66831190185391,-118.53294088914912,-117.5471904170644,-117.5573054945071,-118.04393070924984,point1,-117.45620924595524,-117.5573054945071,-120.28545559253777,1.9124135919424483,0.33992102273138897,-0.17219639365255235
HDOK,PLOK,17472,44,44,-129,-13,11,2,33,-115.73234324181722,-115.28841919931719,-116.70850702245183,-117.34895126525736,-116.8984930522456,-115.94133114179111,-117.56289977784076,-117.03106667091281,-116.53039972850956,-117.10800117880127,-118.58357257579084,-117.38247278642693,-117.37136746811996,-116.09517998288376,-116.19853313390679,-118.75768719890479,-118.75643980655184,-118.91709158818229,-118.94528158896149,-118.17106074782008,-116.87218315824238,-118.31235471238067,-120.334950641294,-117.12249569473919,-117.4651562162324,-118.32828415047892,-117.7103554619887,-117.03800353215263,-117.43409286219867,-118.96387200764708,-116.3059727572344,-118.68481039381449,-118.62293322646816,point1,-117.53104739307167,-117.38247278642693,-120.334950641294,1.2647826961585622,-0.19285895854547408,-0.25829819574685287
HDOK,PLOK,17472,44,44,-129,-13,11,2,33,-114.36600001171081,-116.20898214116833,-116.92593904176488,-117.79476255398971,-116.9189362015327,-118.40874463492634,-118.30423677969738,-115.46634513992093,-117.47374863129542,-117.09486184181306,-116.93490165558924,-115.86525392441496,-116.18412672860224,-117.71647170402075,-118.12215371637944,-117.31623379194876,-118.77305024514159,-117.02217276840776,-117.13239533928595,-117.85888441829428,-117.29249041704664,-117.00414775003648,-119.36923698292426,-116.65649548311814,-117.04699191792936,-118.57627522353646,-118.00454915550516,-118.92364819592706,-119.89410080223146,-119.83816878704674,-117.49363555233678,-117.55172506853536,-118.67592560704483,point1,-117.52168461251888,-117.47374863129542,-119.89410080223146,1.394786765534149,0.1933747071009745,0.6064096405993293
HDOK,PLOK,17472,44,44,-129,-13,11,2,33,-115.8225995820713,-117.25220810303108,-115.2440699442782,-116.64812781694897,-116.81223135894203,-117.21338947498725,-117.50319641593433,-115.63474698720599,-116.99944867985604,-116.66129828145834,-117.6798591085688,-118.15127154335721,-118.3050054102153,-116.85319755025183,-117.16891498207323,-120.39462539373567,-118.75615842500204,-117.65361478315366,-117.2915452705023,-119.07492354140865,-118.31986354939475,-117.09045103280918,-118.85875138203583,-118.1902288482181,-119.39804462809386,-119.28286776969583,-117.91226087083754,-120.27175672358968,-119.39504380584228,-119.23909888468384,-117.622708784699,-117.64638421049322,-118.10577465414569,point1,-117.83192932719757,-117.65361478315366,-120.39462539373567,1.4846851448094174,-0.10065776563991477,-0.16857504287274994
HDOK,PLOK,17472,44,44,-129,-13,11,2,33,-114.3228499513094,-117.30652462915876,-116.50161039313177,-117.90094716374725,-118.21372198857375,-119.15709426469789,-115.58976665643434,-115.77583987989624,-117.3454987258822,-116.48165258091754,-116.82240523633648,-117.19387331726101,-117.27636325542643,-116.93483770728676,-117.88816696712074,-119.0365947890205,-119.39612902911077,-117.84093619831964,-117.4277790402012,-118.05705828737317,-116.761964655156,-116.88059313268482,-117.42843578512864,-115.61803826376403,-117.810978380899,-118.72085201319885,-118.5194213920877,-116.63412014552469,-118.56445923596989,-118.68802075723646,-118.77394665058817,-116.26740673757187,-118.60871192683501,point1,-117.44686664054096,-117.4277790402012,-119.39612902911077,1.344320184017232,0.5012437891676025,0.10051955006392577
HDOK,PLOK,17472,44,44,-129,-13,11,2,33,-112.59419518457138,-116.18806513525796,-115.64749564363215,-117.81508910006454,-114.4212508995017,-115.98325425186866,-116.77390616801604,-116.92571881875894,-117.40792354148432,-116.83814053909529,-117.2887341519693,-118.63325404256925,-120.03836813958802,-117.50344536573581,-116.95867809038414,-118.15382953458821,-115.99195361335886,-117.71677653881127,-117.40185004720412,-117.38107911665533,-116.31513176698412,-117.7850193384191,-116.6031362762218,-117.08983165200223,-117.12900166748008,-120.0530829997482,-118.6898779510709,-118.29715290911071,-118.0208595814803,-116.4677508311904,-118.75198985578143,-117.64840804997286,-117.70637016689395,point1,-117.21880669604458,-117.38107911665533,-120.0530829997482,1.9625496142156615,0.8428718191332321,2.9238820731738184
HDOK,PLOK,17472,44,44,-129,-13,11,2,33,-115.02966702495596,-117.3620530976609,-116.46480124596434,-115.36521672990663,-116.53298108354069,-117.56291295523049,-117.78314939473758,-116.51640436278507,-116.3142300665037,-116.80933843006864,-116.49255771074014,-117.5104657954507,-119.21245372438068,-117.37201783241385,-118.15085666581507,-117.82930274407623,-117.9029691887874,-117.92206324746962,-117.13460640956382,-117.75469853616676,-118.65349776281516,-119.94319059844892,-116.91139736928122,-116.51682635100558,-115.63736352049023,-117.38083681793395,-117.9018990298787,-117.64170788651391,-117.21689686328982,-118.28975129329682,-116.08776173816396,-117.96414208763359,-118.41567417297574,point1,-117.32071793145292,-117.38083681793395,-119.94319059844892,1.0795360102329086,-0.03146817820141155,0.42673684884357677
HDOK,PLOK,17472,44,44,-129,-13,11,2,33,-115.16554031187951,-117.37893155492984,-114.58172485745163,-115.46600833235496,-115.81410933803106,-117.06031429288917,-117.60115075326436,-115.79452769606652,-117.20631444894595,-117.4693267229859,-115.92334704818389,-116.27916281019006,-117.00427337835114,-117.53274000156112,-119.66548024076428,-117.91839870454592,-118.18726470026655,-118.4463801568996,-119.10959339569514,-117.35591313529588,-117.36276223309879,-116.58267337373334,-118.29945297388335,-117.56115020428255,-117.77374200732862,-117.71526726976168,-117.12212017789922,-117.72725943071315,-118.75331101065274,-117.97922500819801,-117.75067140807319,-118.31668460953527,-117.45956313467578,point1,-117.31407226431482,-117.4693267229859,-119.66548024076428,1.2253457335316498,0.49217146949894813,0.3377384789570699
HDOK,PLOK,17472,44,44,-129,-13,11,2,33,-115.08428595947318,-116.85600823152382,-117.53071470135876,-117.1016088521451,-117.04439053141888,-116.314941565514,-115.45585154604588,-116.32963554810424,-116.4103238968353,-118.80847010241658,-117.08825734119468,-116.20597477568579,-116.39991722122186,-117.76786432423965,-118.82850618510336,-117.77175899912518,-118.4682647404349,-117.62539052403145,-118.66669181359002,-116.4662924851522,-117.40969046479168,-119.68223378811635,-117.73518824976131,-117.30963429605336,-116.26709858527893,-117.21874720210182,-117.48676489718456,-117.43217225431553,-118.9743353362195,-117.62416782725664,-116.86715997507523,-119.17128409008035,-117.8131463745725,point1,-117.3702052328916,-117.40969046479168,-119.68223378811635,1.0972173263672476,-0.1422996250875179,-0.12462145415953918
HDOK,PLOK,17472,44,44,-129,-13,11,2,33,-115.81110856241543,-115.65962978106073,-116.82137798119774,-117.05974475920121,-116.6966466255334,-116.38260815006764,-117.28376911761922,-117.52729916589426,-117.52078650391225,-117.6047808440622,-118.77936795361437,-115.66241347448454,-117.95667086657548,-116.57458603205254,-117.7969997281943,-119.43580919504767,-119.72441008027795,-117.05400026428666,-118.6840872701216,-118.63347579606771,-119.27441008617144,-117.85062992529843,-117.99162451999628,-119.78439979838618,-119.93721064051692,-116.64203390781573,-118.00676053419618,-117.61198672189447,-118.02237281842099,-115.98769236866315,-117.42422528432932,-115.68636007197743,-116.80227170508726,point1,-117.56641062225577,-117.52729916589426,-119.93721064051692,1.468716391799869,-0.2765144652670409,-0.6251350613824926
HDOK,PLOK,17472,44,44,-129,-13,11,2,33,-115.64032603011695,-116.41262937423703,-117.94546903761717,-117.9727033601225,-117.9061197563888,-117.56724541845163,-116.92562394647592,-115.1318499625679,-118.33297066107656,-116.03605471723962,-117.28749764759576,-118.34942116943023,-117.8276629615956,-117.30126404175411,-117.77282238936941,-118.31945792647713,-118.40467838479611,-116.36779950231282,-116.8727215112845,-117.5366279531024,-116.74383947725879,-117.50425244659377,-117.49546826252897,-118.60552520023613,-118.96804090089552,-116.69770059439922,-117.84880564575636,-117.21057254236953,-118.28618548026459,-116.76536053402579,-117.46210970549663,-115.2687456286472,-119.65049599905882,point1,-117.40660752028919,-117.50425244659377,-119.65049599905882,1.0131674369858883,0.35312760782717556,0.19627134723016404
HDOK,PLOK,17472,44,44,-129,-13,11,2,33,-114.12293549303662,-116.03708951829836,-116.15442051732548,-116.15192165233645,-117.20976438975796,-118.29826232564653,-117.43571616634658,-117.86708789311002,-119.36904491264296,-118.79842702384704,-116.98284913728715,-118.1041386649968,-116.87031029476348,-118.44519151460321,-117.2690495712566,-119.58302969341453,-117.8277422932693,-117.63033031401999,-120.11924152710321,-118.06495282170259,-118.4463708909686,-118.14304373126814,-118.21552371445598,-120.08120018321307,-119.11948040270542,-118.43251179530183,-118.44632770020166,-115.850643653752,-118.4003069793629,-119.36417055407202,-119.69158939689677,-119.94290586980175,-119.65192022054565,point1,-118.0644697217367,-118.21552371445598,-120.11924152710321,1.866526356669162,0.7132308950061166,0.6283328236037709
HDOK,PLOK,17472,44,44,-129,-13,11,2,33,-115.10586854468694,-114.45447647250434,-115.8792884860938,-117.22756694250032,-117.6681144550059,-117.31368261813004,-116.50771746879077,-118.06637102312479,-117.22737910147225,-118.51599930451968,-118.20215600800756,-116.23589412951999,-117.91858207307133,-116.89090927294458,-116.70751994191637,-116.41775069300844,-118.48591771785873,-117.91099807161679,-117.8480170955562,-119.64881701474864,-117.42151916519568,-117.0192712706649,-117.03292874110377,-117.9768073077751,-116.24697465668132,-116.46808420368968,-116.28218364794787,-117.86974689475605,-115.95802875137774,-117.79317293658534,-116.4003216400203,-116.17217737953608,-117.51235237450375,point1,-117.10262410317925,-117.22737910147225,-119.64881701474864,1.080655295780495,0.17733344110177363,0.539870898200963
HDOK,PLOK,17472,44,44,-129,-13,11,2,33,-112.21818872095956,-117.25681491798551,-118.22892235070168,-117.57395161269898,-115.5302317407732,-116.56986758370367,-116.54486468334736,-116.96161432212901,-116.36484615630876,-117.05048832848338,-115.41230730186903,-118.33242580592095,-117.06163110361167,-118.51602063487191,-118.07725274309048,-119.27803255971115,-119.68644729215607,-120.00380965347563,-118.57050158739744,-117.54754686435777,-117.89708365846106,-118.64958078663692,-118.26415429695692,-118.30531792445433,-120.0065533866175,-120.29811826751428,-117.08393714664697,-117.51692549638521,-116.16251644979671,-118.78500141352764,-117.07795346120416,-119.01755112343422,-118.11844953853348,point1,-117.69602754284007,-117.89708365846106,-120.29811826751428,2.422200812372569,1.1469045185386808,3.3079334015110207
HDOK,PLOK,17472,44,44,-129,-13,11,2,33,-115.03130102919147,-115.51227640229015,-116.04995189222304,-118.22258743309729,-116.03778109768518,-116.86610257914691,-117.61176918659318,-116.82361826783233,-117.06631971910764,-119.23915617246021,-116.31597306959324,-116.16874570363784,-116.04053737576484,-118.02579275757275,-117.92625272117245,-117.40332912307068,-118.7449349176319,-118.7639925844255,-116.97258647703248,-116.483823618567,-115.85922902435037,-118.54193556690797,-118.4882464448612,-117.72730451739379,-118.91511339240193,-117.64440512653653,-116.92444000582049,-117.00217385512802,-117.80196296692918,-116.32545350746474,-119.50978978244389,-117.14433643150527,-116.22791334541012,point1,-117.25512533621969,-117.06631971910764,-119.50978978244389,1.2668905214797366,-0.1692711797717545,-0.7822662928607538
HDOK,PLOK,17472,44,44,-129,-13,11,2,33,-113.82172306971661,-115.18339085985816,-116.45866469199976,-118.01286309513777,-115.61950493058495,-117.90777574643495,-116.93345848229957,-117.49396385733104,-116.36709349866742,-116.28716099361938,-116.3058156794711,-116.60414609478333,-117.65288795214188,-115.57278183455371,-115.973930636405,-118.36800265421698,-118.4355399000461,-118.72678071266351,-118.27338814518085,-118.10002901847383,-116.1602547576606,-117.44335623103146,-117.63910910708768,-116.98266173433367,-117.75825515051483,-117.53058475943378,-117.34494326179491,-116.7077422895487,-116.1917165313513,-118.17456152143693,-117.11200774820959,-116.306532405147,-116.69833112531218,point1,-116.97421086292266,-116.98266173433367,-118.72678071266351,1.1355872667367177,0.673316114083473,0.715828443006004
HDOK,PLOK,17472,44,44,-129,-13,11,2,33,-115.4399599367482,-114.80450936613008,-117.72272173041384,-117.06321949817494,-116.03183034726888,-117.46836861665848,-117.6259740657499,-117.18169448907956,-116.77224080858323,-116.2050421051034,-115.44644256872101,-116.71786085606062,-116.73097108781894,-117.44804178881817,-117.25512041520591,-119.33807685900277,-117.4838476266441,-118.34350119828103,-119.3532088669017,-116.26899758827568,-118.18128804820931,-116.93549867684962,-116.96631908645729,-116.8566862203403,-118.50490444842356,-117.73434451646415,-117.72746009729428,-117.55838590486194,-116.1553051323171,-116.6614914800725,-117.1565633245873,-119.7081866354838,-117.01170124556289,point1,-117.20787165565348,-117.1565633245873,-119.7081866354838,1.160060225498049,-0.26108967441436176,0.5027337801004208
HDOK,PLOK,17472,44,44,-129,-13,11,2,33,-114.46904691662589,-116.16714145659788,-114.65193675980072,-116.03079804965846,-118.1407060563626,-118.2640893328573,-116.55853047117522,-117.80903707631555,-118.66773182684504,-115.18182100568357,-116.29456984363028,-117.14998998017323,-117.93540944057497,-115.77906153088102,-115.98589105513872,-118.00108903199828,-118.06970275748589,-116.91853114149914,-119.85348738206821,-117.56805111964186,-118.57838520918261,-117.99843732428371,-116.88519054409623,-117.1942408230657,-117.94320497939023,-118.07151544828645,-117.46669182391511,-116.43615759172876,-119.22103980305685,-117.57541941886518,-117.3702546176972,-116.8522497820374,-117.01648540597415,point1,-117.21533015171495,-117.3702546176972,-119.85348738206821,1.4523022247108326,0.32648305230424907,0.14569944706859506
HDOK,PLOK,17472,44,44,-129,-13,11,2,33,-115.95349775834589,-117.27267460166759,-116.58521440229539,-116.0402779700584,-118.06911899449949,-115.96718247225922,-118.12484672909389,-117.41292359481211,-116.74657085776155,-117.07333324631345,-117.14275160575447,-116.73867485132948,-116.9564219156828,-117.27379098468435,-116.65160606651112,-120.5220713861998,-118.51192420753624,-118.43886183295812,-117.78170619012877,-115.85304446477654,-118.40120329108787,-117.78620075877579,-116.58792691618261,-117.59616871459963,-118.73617139847072,-117.81619908975951,-116.85892753927627,-115.90661069221323,-117.8519637419782,-117.7136499854404,-116.36683855250246,-116.60922773253097,-118.07377638126084,point1,-117.315798755356,-117.27267460166759,-120.5220713861998,0.9880518063278536,-0.8538001112658716,1.6410137839831678
HDOK,PLOK,17472,44,44,-129,-13,11,2,33,-113.42591905353403,-116.22214677121299,-117.12185602434637,-118.1576568391509,-116.0677330941505,-116.0346139164489,-115.6479762088755,-118.496606563742,-118.0260299942587,-117.15943146359251,-116.89096985873188,-117.27957911620784,-117.73553696561079,-118.30939729477218,-118.29841701074025,-120.53629153073618,-118.57686424355359,-117.06922990809724,-117.19248580939309,-117.82396018397279,-115.94340973527916,-116.26838654950197,-116.96301431603746,-115.25116666109417,-118.40483927819595,-118.32929778071293,-117.94414181463621,-115.865534872513,-118.91499147089318,-116.41138256749524,-115.40211730636814,-117.5580206449846,-118.32503849311746,point1,-117.20163767702901,-117.19248580939309,-120.53629153073618,1.7984245864844381,0.3174713457706436,1.0161535994409205
HDOK,PLOK,17472,44,44,-129,-13,11,2,33,-114.24218318464695,-116.46529043152589,-115.81686317117567,-117.5769811409378,-116.67212664619286,-116.63343454611757,-116.76257333374653,-116.7261853847545,-117.22799959959139,-118.27192819343655,-118.32915174262929,-116.38400921031307,-116.7834933584667,-117.0536501438968,-117.41055925956633,-118.43891205615581,-119.1282583146366,-117.82288766698537,-120.19337890626252,-118.64852803481267,-118.78139911248424,-118.26234187014849,-118.55029967349394,-118.55688602803626,-118.14974031642913,-119.01979703861389,-118.86979221027886,-117.5597461055483,-114.78969260229508,-118.12511622404286,-119.37984630348977,-115.82352279425639,-116.53064224861107,point1,-117.5450671773812,-117.5769811409378,-120.19337890626252,1.7164940135463194,0.45489896618192954,0.1067606651441868
HDOK,PLOK,17472,44,44,-129,-13,11,2,33,-115.76179568730767,-114.57522753723842,-117.40001566306728,-116.49652530962402,-117.73795490650024,-115.36020654932557,-116.01504635678485,-116.3413274191537,-117.45422454939325,-117.07820868368931,-116.40216329774509,-117.72892366291052,-116.1741478579176,-118.53305345634053,-118.57398309969763,-117.38740913425704,-117.99333118736466,-119.04444083790129,-118.6023783296279,-118.46953157615677,-118.28182478902174,-115.60355421154959,-118.10250725114878,-117.43241943281487,-117.63089573478659,-118.40667191790078,-117.13078727219866,-118.48626289971686,-117.49820551043607,-118.14416300786469,-117.54814117896693,-119.37602689248983,-119.12979750024236,point1,-117.45155008185277,-117.54814117896693,-119.37602689248983,1.3341633387971938,0.5789002267768015,-0.2213435111421731
HDOK,PLOK,17472,44,44,-129,-13,11,2,33,-115.9102772100486,-116.34186479304394,-117.07713112725587,-117.10695758621453,-117.41925086433515,-116.80849348223879,-116.08772980637472,-116.29877149431225,-117.27237197015894,-117.37173050776323,-116.33549191163638,-118.34163978326008,-117.2282823829815,-116.4282596984268,-117.89719552176125,-119.40740776095262,-118.14172216571976,-118.80534026879413,-116.7737991843415,-116.31611375442628,-119.22730594605983,-118.94150617871291,-116.97369318876578,-116.6631354107504,-117.58940059226194,-117.81670241764552,-119.82560970643905,-118.08048277317094,-119.72181581723171,-117.71239171590724,-118.49615472931369,-118.9234269051737,-117.71130000124286,point1,-117.60765929262793,-117.41925086433515,-119.82560970643905,1.178016532405584,-0.42478066374995627,-0.7657100556096639
HDOK,PLOK,17472,44,44,-129,-13,11,2,33,-115.17723317702458,-117.79338767999651,-117.90916250516293,-116.62710367186821,-114.93142141939023,-117.63053422205128,-118.67253374812883,-116.81953579387346,-117.54275325027622,-116.9407136417249,-116.28595858494526,-117.93891274024641,-118.13540259679922,-117.18828277843737,-116.20353031344649,-117.68288737390138,-119.52046788639446,-119.09868645201033,-118.00967080185379,-118.82961751400568,-116.81577021567892,-117.6439528776258,-116.4511103462069,-118.45345746395512,-117.43902254093759,-117.30658980491529,-117.94082335329682,-117.18756997982095,-117.71983010528416,-117.74112522056558,-117.79841656909595,-117.17539466472026,-117.64342496573545,point1,-117.46225103816293,-117.64342496573545,-119.52046788639446,0.9342702554142424,0.520729314704676,1.0379276594707094
HDOK,PLOK,17472,44,44,-129,-13,11,2,33,-116.57956228416285,-117.4922848794606,-116.9709868839371,-117.47906263816552,-116.76660815643878,-117.40039958827622,-116.71109371256556,-117.37440804647679,-117.77639535156895,-119.26527428141696,-119.61242459985438,-115.62011861055335,-117.1928019083201,-115.97061486025656,-115.95704635961762,-116.28888442596568,-118.4728643018837,-118.25032007487839,-118.14656341768992,-118.16010362724957,-117.88142243251723,-117.80078900017264,-118.3927439069449,-118.58127206119337,-116.83084969346174,-117.43110458412332,-117.9640863174763,-119.78936698199192,-119.37927062153557,-118.71636491918083,-118.1180297173496,-117.6840002616704,-118.13523739877043,point1,-117.70279866379173,-117.77639535156895,-119.78936698199192,1.052455121671616,-0.021212013487556077,-0.2954612423648695
HDOK,PLOK,17472,44,44,-129,-13,11,2,33,-115.49187503802835,-115.41963982053544,-115.61663581294222,-116.86912178535071,-116.88567183471281,-115.88851943018928,-117.30415000024448,-116.65098012239062,-117.44917375129008,-115.45929197243241,-116.84590459162959,-118.0199151698663,-115.15841142295484,-116.83997841555812,-117.2121254245628,-119.25831583064289,-116.98146232789409,-117.20927367996978,-117.45179937397977,-118.7105827842278,-118.94266951365655,-117.02361167652147,-118.06258216800448,-118.1282523115353,-119.29196286084846,-118.00318064181288,-117.17177218712357,-117.50119288464528,-117.43366931690473,-117.51159254868458,-117.66244314837525,-116.93618795039343,-117.38678004668066,point1,-117.2054159346845,-117.2121254245628,-119.29196286084846,1.0881229329265882,0.06279451701554713,-0.0598276813031835
HDOK,PLOK,17472,44,44,-129,-13,11,2,33,-115.25425310849381,-117.08788341097522,-115.62280270334514,-118.48792251117017,-118.81206094405619,-116.33770295457467,-115.33050442453998,-117.06067160669144,-117.94846192862047,-116.04110680115961,-117.97108432490295,-117.83059854451474,-117.33357576273056,-115.868909350133,-116.16650713757525,-118.5383039132438,-118.29157076020702,-117.96607242592489,-118.04594252555694,-118.48245625334003,-118.33624449230693,-118.19223921297507,-115.82482131907038,-117.77610706715005,-117.6194768963369,-116.93994061603517,-119.05825649020689,-116.48667006531494,-116.77363568482342,-118.60520201611614,-119.41266441235753,-116.39462924373616,-118.26746562219387,point1,-117.39896195546605,-117.77610706715005,-119.41266441235753,1.2946266384811616,0.3140067032208239,-1.0305949908008656
HDOK,PLOK,17472,44,44,-129,-13,11,2,33,-115.85913946370417,-117.47164208657384,-114.6845823846703,-118.13731273980481,-115.69041158894402,-117.68143652382697,-116.92592432610694,-119.29179739243705,-115.34788955615205,-116.7775597096326,-117.5279068941496,-116.19048803264425,-118.369290424462,-117.89964650208852,-118.7909855217082,-117.17236991469662,-119.52775565576493,-117.9502198247035,-116.5134956084197,-117.26340115159508,-117.08121591921781,-117.4401083948877,-117.34019322441006,-116.28503673441271,-117.87994261638113,-116.9616098264701,-116.89642494357598,-117.619292564911,-117.1378809011643,-118.36733322552678,-118.05776564677669,-118.27511344534426,-117.2383711338848,point1,-117.32283466300146,-117.34019322441006,-119.52775565576493,1.0938510961417491,0.2977875369379091,0.4417640238710261
HDOK,PLOK,17472,44,44,-129,-13,11,2,33,-116.80525889594787,-117.320527698445,-118.12145096418648,-117.34103829880686,-115.99754482347461,-116.90960605588239,-116.25256614536777,-117.54347385004858,-117.80688779969947,-116.52888464836434,-115.58826657043825,-116.34067025781975,-118.55651053976814,-115.02295084242132,-118.30656867690146,-117.606908372602,-118.25280248570434,-119.108646118249,-115.99439896071067,-117.53407842729385,-117.68441999924757,-117.67704017461885,-118.04437428516889,-118.83354353270286,-117.59990041587942,-117.83762428850908,-118.93059038262815,-117.23461430196559,-117.12174397553032,-118.66825943284964,-117.35043773475759,-117.16791363069605,-118.32689057386537,point1,-117.4368603988046,-117.54347385004858,-119.108646118249,0.9404990949394851,0.48570735809199017,-0.05224800699750043
HDOK,PLOK,17472,44,44,-129,-13,11,2,33,-114.78000841859051,-116.31572458131684,-116.78585784916314,-118.05592341528103,-116.60212532710874,-117.23018348808687,-117.09513347767076,-119.1316796313472,-117.04730142788972,-117.18899465484155,-117.59787762341021,-116.8498499573805,-117.01995798004468,-117.0732221822841,-116.2195156496115,-119.02607482751486,-118.80869524506328,-118.00681426091671,-117.41306381816645,-117.89678412975907,-118.36524174033144,-116.08674981427373,-118.95093571681228,-118.10865066890558,-117.38207588628195,-115.1545198799424,-115.77699039047246,-118.01263984781201,-118.34410005098061,-116.42174668330706,-116.9018853299073,-118.37197655710442,-117.96173833159952,point1,-117.33284966191447,-117.23018348808687,-119.1316796313472,1.1159862970214065,0.3611414212973208,-0.11520551782956145
HDOK,PLOK,17472,44,44,-129,-13,11,2,33,-114.48343793076978,-113.28123011373634,-117.82607898547693,-116.84178040947361,-117.86706338908692,-117.8182394626932,-117.47989989542008,-117.53672696183452,-117.12242800235921,-117.37299006825049,-117.353245886528,-116.73287466720369,-117.5697029355252,-116.3690314980906,-116.96523290979968,-117.60081935303317,-118.67166521207713,-117.43086014465419,-117.82029101748712,-118.11500112456066,-117.62280525487681,-118.73014049336771,-118.9946137156458,-119.11752722261294,-118.35106435147141,-118.61756733928496,-117.38598786786984,-116.94493740867034,-118.08397463537736,-116.57895173567344,-118.91278947160822,-117.64027223659691,-117.62018427416685,point1,-117.48058836288739,-117.60081935303317,-119.11752722261294,1.3261263794124716,1.8070517269490238,5.127246408027915
HDOK,PLOK,17472,44,44,-129,-13,11,2,33,-114.64498015369485,-117.47760114502393,-117.10694369376803,-118.08713814963583,-116.30400598797304,-114.10413979427659,-117.90889727380431,-116.34862764570983,-117.11759693554507,-116.73362833086385,-117.73445101991966,-117.41836080780548,-116.02267970121216,-118.26425663989129,-117.30761260036661,-117.37402570815088,-116.94787775840514,-117.93401671788298,-119.04197330102828,-119.29004100148217,-117.88568131528186,-115.97867612367985,-118.7924182312597,-117.83044779394695,-115.82213571324068,-117.58041977020082,-116.75027238765968,-117.83083995979172,-117.44314233317345,-118.50797810701027,-117.39444239345393,-117.51742392468309,-117.85252180998697,point1,-117.28349255241845,-117.44314233317345,-119.29004100148217,1.216357601281813,0.9075769668979699,1.4375100988618574
HDOK,PLOK,17472,44,44,-129,-13,11,2,33,-115.7450202297356,-115.82580672542574,-117.42011031992305,-118.3320163443586,-117.03078068563998,-116.17704301016815,-115.69800938000398,-117.387078782954,-116.89132952258215,-118.35777150979982,-116.54411038375018,-116.88384020038335,-115.28882445851623,-115.65344508229764,-118.67161591954452,-119.12288113669149,-119.55314179857115,-116.53608347370657,-118.47129933264705,-116.95571349000579,-118.60938342963564,-117.57130705473807,-117.12504487096068,-118.72865442049498,-117.59219813452752,-116.92004960748098,-116.85860074003092,-116.88927890941497,-117.8489687302033,-117.58179655549642,-117.46274941766639,-119.1188778863736,-116.99738030053706,point1,-117.3287942983111,-117.12504487096068,-119.55314179857115,1.1803732946585501,-0.13887048565678997,-0.6254206760089209
HDOK,PLOK,17472,44,44,-129,-13,11,2,33,-114.91918244559555,-116.79436362761446,-117.15199311208137,-115.76999165749154,-116.18108378130957,-116.92540638450149,-118.60805333872659,-117.31809358308094,-117.45928194943312,-116.76019144763463,-117.91445814450948,-117.51642396088641,-116.1730334775091,-118.02846772884625,-117.24792422349562,-117.97785368420902,-118.54386955483169,-119.44489162045318,-116.70706439455259,-117.53585467064659,-117.14282748676055,-115.37064345371809,-119.23707067395856,-117.18995747946501,-116.05608604212728,-116.75710708025109,-117.9174561904712,-118.61553039572662,-118.08515960298647,-116.80546289489985,-117.46826225202285,-117.02263588840405,-116.69642242528181,point1,-117.25279105010554,-117.18995747946501,-119.44489162045318,1.0203609299133556,0.001994956068500716,0.16606221786673547
HDOK,PLOK,17472,44,44,-129,-13,11,2,33,-116.68247203994464,-115.06554954877569,-117.55049776889335,-116.26155279242171,-118.54260193385566,-117.52524885156689,-117.78397181573938,-117.41316915546636,-116.71315873931586,-117.1503667246142,-117.5028568694671,-116.4428891606098,-117.96019603795526,-117.27003315238818,-116.7721977920674,-118.98184652035542,-116.44779574552085,-118.09572206690663,-119.583599344092,-116.31153727347363,-118.09121997675561,-118.66987405253565,-118.08667831760242,-118.29163650634901,-118.65352408606972,-119.55349222750844,-116.1766092959329,-118.63265992400699,-117.70163722594629,-117.0920048188741,-118.17169170523927,-117.70569427051215,-117.23387453763105,point1,-117.57932909934527,-117.55049776889335,-119.583599344092,1.0062568109029482,0.12313062098530703,0.02641705689137064
HDOK,PLOK,17472,44,44,-129,-13,11,2,33,-114.53737887592419,-115.80586452342426,-115.96217536379356,-116.41089021357787,-118.96233340144596,-117.40887479542278,-117.10798873850915,-116.62203309060256,-117.04690642783622,-117.44591237221698,-117.58191411373907,-117.16077009952309,-116.84571752008083,-115.96493648562695,-115.51727456849557,-118.5881856158677,-118.42348126260387,-118.4377700874444,-118.56710696038307,-116.85425172828369,-119.55834918459526,-117.15102051521872,-117.18539004697624,-119.50334868565807,-118.70824912898232,-118.41963249893898,-118.85007071743993,-118.08997558980323,-118.2608192292325,-117.94173478206154,-118.51818326330599,-116.87821321517052,-116.00368760593788,point1,-117.46425577903403,-117.40887479542278,-119.55834918459526,1.4281426870995233,0.3059813452642484,-0.39432172453185466
HDOK,PLOK,17472,44,44,-129,-13,11,2,33,-115.67210946992279,-117.74367285569411,-115.86403582806625,-115.89868099619213,-116.93726422043615,-118.16708891300138,-118.77487085110761,-117.98327101952557,-117.08346061850318,-116.35524675926854,-117.49434107216555,-115.73726807470645,-116.62190992248412,-115.67618029198742,-117.40955388985086,-119.04084489380112,-117.79012734045955,-117.09821765918538,-117.76086801813463,-117.07450431494313,-116.27418341990928,-115.74160289254596,-120.10367139310128,-116.26288579270766,-117.98792587164742,-117.09237858020292,-117.23880231480173,-117.85674926111078,-116.52229662166063,-117.92880964445105,-116.33152355882038,-118.63469513598506,-118.33713403529417,point1,-117.22715683429315,-117.09821765918538,-120.10367139310128,1.1626676126525721,-0.4489192308003258,-0.05478956265100754
HDOK,PLOK,17472,44,44,-129,-13,11,2,33,-114.30626010412199,-116.31149901487571,-116.46299935513872,-114.75023802667904,-115.99478849513856,-114.9387630643963,-117.66742264348699,-118.26935577260423,-117.43195218244898,-115.08073763084157,-118.84621975880319,-118.84515016831261,-118.21625603027682,-115.92231346001094,-117.443653074922,-118.59090296694143,-118.16226594401714,-119.58798349727454,-118.28540572062481,-116.94249923313184,-117.81340503566436,-117.67290562649872,-118.94066929636664,-117.24990187763387,-119.74476744495836,-115.98777371846104,-117.13357793296161,-117.62097565092698,-118.30260420199397,-118.08990663815884,-118.84218458409514,-118.4170225423932,-118.72975760100758,point1,-117.47279146348991,-117.67290562649872,-119.74476744495836,1.9381344732877444,0.6586619222059042,-0.3151771587525509
HDOK,PLOK,17472,44,44,-129,-13,11,2,33,-116.72522255708914,-117.23397339977224,-118.34650388806466,-115.59201065545024,-115.97545120823689,-115.57764539140588,-116.52957860361673,-116.08233019422495,-116.16434092736989,-117.4941641849552,-116.51057164957355,-117.81109537620794,-117.0087876055749,-116.72312601709767,-116.93092317669654,-116.24134925138507,-117.91696021047343,-119.56475593574122,-118.38068793497149,-116.67259750594181,-117.78827177735651,-115.9135243904545,-117.58227986470531,-116.48424645884187,-116.41061133772526,-117.52220645077792,-117.85668526187779,-117.6853424851232,-116.63971588516728,-118.29767252068079,-119.62055513578292,-115.6318065572462,-117.1085438859134,point1,-117.09162235410615,-116.93092317669654,-119.62055513578292,1.0457440809791012,-0.6762433273937092,0.21499587363167372
HDOK,PLOK,17472,44,44,-129,-13,11,2,33,-115.09421017636049,-115.91504583047079,-116.04985099114721,-117.73488683521431,-117.57717362857684,-117.31503387416461,-116.9030507490006,-117.64278855362579,-117.38732722948578,-116.40080327390399,-116.93785163612304,-116.62536804986804,-118.53541792321826,-117.15071430509666,-118.02752268964261,-118.60306437340033,-117.98491506411922,-117.7269402527104,-116.90378198129027,-119.21847624920176,-116.83480618413775,-119.70920902077036,-117.05157753340465,-118.95537941427821,-117.61539889874052,-116.65163469494051,-118.1987695508386,-114.92331755275528,-118.13215669364624,-116.91656449733867,-117.63042952832708,-117.14340802035136,-116.07938989956776,point1,-117.32049288350659,-117.31503387416461,-119.70920902077036,1.1152459839330697,0.06823517888221424,0.3142216456215716
HDOK,PLOK,17472,44,44,-129,-13,11,2,33,-116.11686500738993,-115.31842530252995,-116.65332374017812,-118.5555809489441,-116.61850752685494,-116.69611798213128,-116.16351345560908,-116.73107804861877,-117.51523005389856,-117.6683359380441,-118.67286458736892,-116.53316752790433,-117.17135166721077,-117.40306903598997,-117.43626070954231,-118.34447702046752,-117.2531304234836,-118.8317812038501,-119.64421435382128,-117.34483044892728,-117.90006386571812,-119.46170664297995,-119.10711705854158,-118.19386792449197,-117.16880363190121,-118.68964545011194,-117.23091238301716,-118.46207009100885,-117.1958174610597,-117.61020207591041,-115.70238687802413,-117.55083040353566,-117.34020003682627,point1,-117.52381057229974,-117.40306903598997,-119.64421435382128,1.0568199897332555,-0.09535270975773817,-0.2928467846211107
HDOK,PLOK,17472,44,44,-129,-13,11,2,33,-113.18633975757126,-113.93133789824182,-117.40866483483427,-116.81619604704407,-116.81114272679274,-116.80137860679649,-116.2464934924699,-119.5959256930515,-117.94916932275183,-119.58281041616071,-116.63579256156727,-115.92946406428106,-115.73391337608344,-117.51410604673818,-117.3012380198485,-118.65509280311967,-118.6231868462122,-118.5628425074542,-118.6448393131816,-117.41182704773307,-116.56136016621757,-117.80715842466215,-117.65425485987117,-117.34992626518445,-118.21554558632432,-118.1231984619274,-116.89609912036669,-116.4161768196916,-117.47352536364032,-117.31431353754077,-117.1075138368602,-116.65635563915892,-116.05988728254252,point1,-117.18112353775523,-117.31431353754077,-119.5959256930515,1.7509838260580541,0.8734203107865504,2.052396891615355
HDOK,PLOK,17472,44,44,-129,-13,11,2,33,-114.29125073328879,-116.8811556948403,-117.7335389636705,-116.92554667332416,-114.68838301025637,-115.68677592461906,-118.03420715039371,-116.0564383121335,-119.89866580226365,-115.16240003012143,-117.18398009096084,-117.57928943184889,-115.56188297063406,-116.66871441806825,-118.764984054497,-116.63281616875165,-117.66835106388164,-117.78776350684034,-117.02363876316552,-117.67196612706617,-119.22306474391402,-118.72822311617811,-118.23570160674655,-116.73984944394975,-118.33826202830666,-118.41746210501897,-116.31485598160704,-116.61291464633786,-116.85648315805234,-117.79643701570649,-117.64315010917592,-118.296204998796,-118.0417742060358,point1,-117.24685248637732,-117.57928943184889,-119.89866580226365,1.5692348287694504,0.38524326914741874,0.1048771074651329
HDOK,PLOK,17472,44,44,-129,-13,11,2,33,-112.96657925760059,-115.57387834144356,-117.73194436042618,-115.31558208008246,-115.46287742319555,-116.87564369779219,-116.88296391395954,-118.94093835936214,-117.06713562048154,-117.61448058330367,-116.99635780421288,-116.04823811834217,-118.9335819562032,-116.34202286746192,-117.65024710794825,-119.62803956773469,-118.56273064996948,-116.74675323030779,-118.12138986601968,-117.62411555780103,-117.37258003623099,-117.05949082008316,-118.14664028378546,-118.85003132992811,-116.07379468150097,-119.01209589577586,-119.2262379399704,-117.84445563145177,-117.3243095107911,-116.89782191707481,-119.5495461131523,-116.64976678571297,-117.92885653353643,point1,-117.36427660129222,-117.37258003623099,-119.62803956773469,1.922860857803024,0.7830925045261383,1.5961610522931626
HDOK,PLOK,17472,44,44,-129,-13,11,2,33,-115.9394088699497,-116.74729296814738,-116.74791503505317,-116.18466817960737,-115.28699109009078,-117.56408910445586,-116.74238506253269,-116.71925454901623,-117.38893225707903,-117.77110836395637,-119.52291061099758,-116.36734613525441,-117.47718999536086,-116.5561453998424,-117.86031196272577,-118.2804376184782,-119.49867888224594,-118.4941003421041,-116.77766479642845,-117.52291759900889,-118.87677604527315,-116.88504050425762,-117.38046706369299,-117.98171026596141,-118.37099456171227,-119.18290605532721,-116.6727369533181,-116.73454858144679,-117.88491874353447,-117.26139788839353,-116.79462015332103,-117.40001237454432,-117.73654350683616,point1,-117.4124976218168,-117.38893225707903,-119.52291061099758,0.9659480144610995,-0.38251227314833874,0.004067918387698377
HDOK,PLOK,17472,44,44,-129,-13,11,2,33,-116.46316041170552,-115.45604033464414,-116.61380461711242,-118.57236287977346,-115.91516871028148,-117.81624146295185,-117.71795193786157,-118.16071471497692,-118.36005546155185,-115.71964863886332,-116.94174428690988,-116.05749394350492,-117.62590884592568,-117.41636037228847,-117.51092188054317,-118.75379722523596,-117.8020358241007,-117.87498777670966,-118.25809325873414,-117.38761731696063,-120.2615255754766,-116.43132793281033,-118.04247490422301,-119.39529996250546,-117.04488209591615,-117.85732875276567,-117.97512356413036,-116.88265014770155,-117.53970084409251,-117.28201563291027,-116.04369292311254,-117.87678509004347,-117.70458218272007,point1,-117.47762119724375,-117.62590884592568,-120.2615255754766,1.0585833626906485,-0.21805906939698178,0.5786239120654759
HDOK,PLOK,17472,44,44,-129,-13,11,2,33,-115.01676703262763,-116.05137373931838,-114.9564243925212,-115.86851570257153,-116.33928345015053,-116.2321866304029,-117.37549469099261,-117.60047106150084,-117.23172631981448,-118.01122235847275,-118.60304131375071,-117.12921530545023,-117.33726467527435,-118.273068855684,-116.73975880687894,-117.47117590184234,-118.66480573772554,-118.30897636701066,-115.79986070921834,-116.96228341022585,-119.00838345648485,-117.82214578527966,-119.46689062107728,-117.77972738311011,-117.89991874721862,-117.73027566544742,-118.30560271819193,-117.89974276132857,-116.45485222168728,-118.04035375377204,-116.78428757202157,-116.91885577706186,-117.67168054206914,point1,-117.32592828685408,-117.47117590184234,-119.46689062107728,1.1233158701088564,0.38795544168981305,-0.09647318414509076
HDOK,PLOK,17472,44,44,-129,-13,11,2,33,-114.41653984412552,-117.73717629449094,-117.6951202642584,-118.32466908895273,-116.52537355246281,-115.95247521674874,-115.40718784957329,-116.7707864631773,-118.70972368017209,-116.77305212724923,-117.20352485667098,-119.071948646576,-119.22358704462236,-117.71221711862326,-116.3946730104945,-118.21860864507697,-116.89786910818398,-118.3066904727764,-117.86643923309,-118.7102151078774,-118.44743609613235,-119.49119098283097,-118.06053904828345,-117.9679465812335,-117.25576868229378,-117.36915571496105,-117.94803562468115,-117.78785058880135,-117.85534444258347,-117.96438355991947,-116.29251986541452,-119.37762683347484,-118.15754470427306,point1,-117.63312788939655,-117.85534444258347,-119.49119098283097,1.2540714772913328,0.7598740885260423,0.8402351708233788
HDOK,PLOK,17472,44,44,-129,-13,11,2,33,-115.0933877314278,-116.26980370364889,-117.74252250150572,-117.83218622141223,-117.31567015658375,-116.7322373099837,-118.53482330185638,-116.37718603982704,-117.80138885466326,-118.13536851677019,-116.02119723299418,-116.66521583219858,-115.68278347990828,-117.27957423818448,-116.96393236645362,-117.30690478774963,-117.94021840586535,-119.74924321449247,-119.9729648650708,-117.53505569727866,-117.55994066303982,-116.27882409453214,-117.1993135800919,-117.55730119711235,-116.58180580311254,-117.37655085879847,-118.22476847594274,-118.80050930690535,-115.6428821673226,-118.17137353558905,-118.03131082264431,-118.88329541050048,-117.11005675914731,point1,-117.40513930704891,-117.37655085879847,-119.9729648650708,1.1959636630189698,-0.19961981344449542,0.19957351423192238
HDOK,PLOK,17472,44,44,-129,-13,11,2,33,-115.33980741182219,-116.64887226539331,-116.54535015316432,-118.36593029340919,-117.14819122883208,-117.00205524766152,-116.13098914792904,-117.34635799756013,-116.16833906502879,-119.07017936099719,-116.585945239179,-117.53940817397786,-117.33531943158887,-117.3694057207705,-116.03992438846342,-118.40051373462462,-117.5899255881807,-117.76998368485539,-117.98781616256802,-118.24848544892653,-117.6331163459316,-116.5351789197095,-117.24345860997342,-118.54859211191311,-117.02396820447929,-118.7365189587766,-116.32950264490282,-117.36636641984487,-118.52152316186736,-119.04940641614994,-116.0862838666925,-118.8032242329163,-116.05311040245215,point1,-117.350395455774,-117.34635799756013,-119.07017936099719,0.9702122804826311,-0.04322528174386525,-0.9039558328170023
HDOK,PLOK,17472,44,44,-129,-13,11,2,33,-115.70080293297842,-114.12937334664122,-116.65945579713944,-117.18612147013326,-118.97295849106187,-115.34734598935707,-116.70832741838953,-117.74575630976437,-117.20773200540606,-117.0602176915554,-117.90615119293817,-118.52162792100575,-117.21061355458032,-118.45255910468407,-117.92787225865622,-118.79250322168575,-118.19891825630138,-119.45849259918218,-119.62044610556214,-119.66174828373943,-118.96530440047164,-117.97314379997219,-117.85944490740754,-118.43683444788142,-117.58204733694328,-119.46692606711818,-116.46825116388828,-118.43775778492443,-116.47901209100807,-116.50119532613908,-117.20926165222448,-119.59321554631659,-118.21545235636954,point1,-117.74717790398263,-117.90615119293817,-119.66174828373943,1.6642083391263613,0.6321726594904005,0.4641321751346261
HDOK,PLOK,17472,44,44,-129,-13,11,2,33,-114.9572058044396,-115.31528455589591,-116.5906295908431,-117.60689776353004,-117.17256841857764,-117.33054580266433,-115.29392158076404,-116.2849425034699,-117.99389670963951,-116.46588878389224,-116.93281270492245,-118.10532239108625,-118.61842719632173,-116.70326356184701,-115.81767922726141,-117.85491386673435,-117.91014869325778,-116.79671599101336,-119.58365421541947,-118.59521183870365,-119.05743257026315,-118.38683172819741,-117.4055919016256,-118.96509354057211,-117.30321325266272,-117.34550217499698,-118.63839270874891,-117.74378584197338,-116.1384987705595,-117.1400016969788,-116.65565853419581,-116.2673005509099,-118.38366709003934,point1,-117.31396671400022,-117.33054580266433,-119.58365421541947,1.2801037305448475,0.13921564808322817,-0.5062406077376482
HDOK,PLOK,17472,44,44,-129,-13,11,2,33,-115.46238716509984,-115.16836940456724,-116.7976276561561,-117.20370698640197,-115.70357777552216,-116.00726409540422,-116.9906166236369,-116.27332804733616,-116.61336688226673,-116.99213743288102,-116.92639793509542,-117.50694628219068,-116.89434511709413,-116.64621565006954,-115.47294366184406,-116.9538949776337,-117.60217653719624,-118.43982682373395,-116.5917227655504,-117.06781665266527,-118.26787346518665,-117.7504107103255,-118.0950329629017,-117.64460332355952,-119.60302714187065,-118.36434598221919,-118.28332401344673,-119.05075093704325,-118.26556141117781,-119.28872511139515,-118.18707306398797,-118.29277918439975,-119.43046498276796,point1,-117.38904972007965,-117.20370698640197,-119.60302714187065,1.3209942068392724,-0.01298737971929199,-0.5895526167539269
HDOK,PLOK,17472,44,44,-129,-13,11,2,33,-116.9020740235051,-116.3227843744578,-117.87433832745731,-116.81540995639772,-117.48767419160069,-118.41699302855848,-116.24143571012877,-117.53437438161566,-117.57125458085227,-116.5951071775754,-117.03334062141427,-117.52281080375741,-116.99247462083248,-119.13857960640176,-116.4753437833442,-118.83985649608073,-117.57907816941254,-118.36562740280937,-118.74710920703967,-117.2666767207676,-118.96106077210436,-116.56101181363157,-117.91383297135873,-118.83149410681926,-117.5674411743733,-119.28225282162296,-118.28092625458952,-116.59726572466602,-118.03351947005844,-117.15963164153067,-117.59683858211382,-118.26143638198504,-118.33463888823009,point1,-117.66980890263916,-117.57125458085227,-119.28225282162296,0.7355904902685523,-0.13741704078326383,-0.9922203648735359
HDOK,PLOK,17472,44,44,-129,-13,11,2,33,-115.09419629396173,-115.44268834607647,-118.070097393333,-116.54611221492719,-116.61144887115205,-117.37269262528578,-117.5177333811614,-118.67242172577936,-116.68993344791508,-116.81348475421385,-119.03788345341609,-117.08981755346115,-116.66041569448868,-118.00902999623085,-115.05408697283512,-119.51282358299869,-118.51997552343829,-118.59221596047753,-117.17021483377087,-116.81272156846336,-118.87002160014373,-117.64985545731344,-116.70606613321053,-116.72630498095408,-119.50357252224948,-119.02903411035398,-115.93931262534532,-117.89187101928664,-117.53513455159288,-116.20393439472679,-116.6874799715648,-117.24444643850383,-117.64247950677968,point1,-117.3611971971337,-117.24444643850383,-119.51282358299869,1.3566695959512842,-0.017357713082884932,-0.4715481289114627
HDOK,PLOK,17472,44,44,-129,-13,11,2,33,-115.90477913770768,-117.66807402618934,-117.29260026755192,-117.0359971573501,-115.8587455142664,-117.10499763298917,-115.37449741909597,-117.11385525582831,-118.25463941629096,-116.90517079046158,-116.85516317932137,-115.90899725152622,-116.12341241186826,-117.89021936758095,-116.71531636655864,-117.31715878902213,-119.2220192604805,-116.22938960177736,-117.94014296534242,-118.70075210575371,-118.01165855807834,-118.2011072226494,-118.05532148600675,-118.0223068725093,-117.11483635328007,-118.28524558032346,-118.64177329630273,-116.55251851718593,-118.09122828475445,-117.66354858850002,-117.45452120035107,-117.68207780167579,-118.42448503524714,point1,-117.382319900419,-117.45452120035107,-119.2220192604805,0.8557611095083724,0.3074164108355966,-0.5409811744071811
HDOK,PLOK,17472,44,44,-129,-13,11,2,33,-115.80493234235124,-115.36633843750198,-117.19797319079096,-117.9055696757382,-116.17656094860118,-116.93748816688522,-118.21099666269276,-118.25918953513795,-117.23868225905585,-114.48086882558582,-116.21628408019525,-119.3490184560683,-117.70919493407463,-115.81941839649264,-117.1347029804393,-119.20113668970133,-116.37722724533714,-117.11718443569517,-119.66079655782482,-119.39110790622787,-118.82511081782789,-116.25097356051153,-118.35671200478227,-117.6442737869257,-117.37188500942561,-117.98949481287276,-117.38555004280708,-119.262164748959,-119.15931029509827,-117.3923824646775,-119.45317632384202,-117.76792807077604,-117.32893028375774,point1,-117.56795648329278,-117.3923824646775,-119.66079655782482,1.6546353998099317,0.24733003351065297,-0.4062529530964345
HDOK,PLOK,17472,44,44,-129,-13,11,2,33,-117.0597055066922,-115.68982863833664,-115.46207229525294,-117.7375517986848,-117.07376276482462,-116.2477369670297,-116.4238482461723,-118.51247939447575,-116.80541058518159,-116.85018418245633,-116.17473253670244,-117.99275010496078,-116.36184622628795,-116.56774434335269,-116.73068816478094,-118.2505372078294,-119.56593545177547,-118.30381911110672,-117.05776019959752,-117.49694751644724,-118.10944461689316,-118.12274909953618,-120.11462689734098,-117.25864873638223,-117.89622019183763,-118.60262017320893,-118.160957586032,-116.88166652118758,-117.94179164246007,-117.91489908995274,-115.4057645060627,-115.4050406908165,-118.02520579280548,point1,-117.33954475110495,-117.25864873638223,-120.11462689734098,1.253347324486839,-0.20717151904130732,-0.0261920036203791
HDOK,PLOK,17472,44,44,-129,-13,11,2,33,-115.68338267281945,-116.1392237147225,-116.23729689174901,-116.08368210377456,-115.36797765658369,-116.10133946307292,-117.07739515592743,-118.25612206854458,-117.33305967227402,-116.53552871630554,-115.9957710923784,-119.46556659622114,-119.71466826295674,-116.08198625089155,-117.7651162596048,-118.81554698330841,-119.32821592619685,-118.91352238861562,-118.10486118292,-116.27375487281745,-118.76789653709054,-118.27952460554606,-117.46854870446847,-116.50761250925784,-117.69103840732328,-119.51110094674769,-118.8106859022158,-117.1416136051865,-117.08814494896829,-117.0771886746991,-117.02490507004076,-119.5083647681317,-116.75946079371779,point1,-117.48212434560847,-117.1416136051865,-119.71466826295674,1.6148127289782355,-0.27320178496163294,-1.1769848201021578
HDOK,PLOK,17472,44,44,-129,-13,11,2,33,-115.73739607089436,-116.24239163585466,-117.19127788614627,-116.22787063986388,-117.84791711084866,-118.14710797139325,-116.88428253388062,-118.33181932096517,-117.60687776966675,-116.49296652854301,-117.6715364193404,-117.50700565864453,-117.68706566507437,-118.01346051211624,-116.31166983155737,-117.84447019660374,-118.44036120155073,-119.82589367149325,-116.47632758388399,-118.58070770759575,-116.54369780489198,-118.27397134452902,-120.7798407062378,-119.69686198274385,-117.08908832617435,-118.49871645463665,-117.53472086796972,-119.07362103413281,-118.01418766412532,-117.57969098990371,-118.3508184906503,-117.6731246921669,-117.89000954201322,point1,-117.7595986610937,-117.68706566507437,-120.7798407062378,1.1848727169914308,-0.5487598163745756,0.7394753338765869
HDOK,PLOK,17472,44,44,-129,-13,11,2,33,-117.09093651567419,-116.07667060077954,-116.17812823053373,-116.67468959408102,-117.25029598914819,-117.0491377036021,-117.55053131822443,-115.94638461259271,-117.70720514447106,-117.48336456028373,-117.36991424935675,-117.17152005208742,-117.69201376781741,-116.47984772116868,-118.3340104544275,-116.70671890338086,-118.71203431385742,-117.96375137458611,-117.99351575763795,-116.23813187675186,-118.43447866312205,-116.51098104890096,-116.95292347293478,-119.94351040345644,-118.24498699965979,-116.21705227342282,-116.24297896451885,-117.28311026345604,-118.43591657889075,-117.41463450119038,-117.54346914016033,-114.47857807226242,-116.36344835376838,point1,-117.2040870144305,-117.25029598914819,-119.94351040345644,1.0230243446454306,-0.07617030702473092,1.2356129478650275
HDOK,PLOK,17472,44,44,-129,-13,11,2,33,-114.71037141690819,-118.27047609724391,-118.35808569622925,-116.00326917351002,-116.78036690454859,-117.8528203312779,-115.35023129603364,-115.46953812337047,-118.26166440031707,-116.63965095925109,-116.71823612771203,-117.551615557382,-116.17838851398201,-117.37649777898419,-117.56444589830086,-117.41040733014133,-116.25815785750474,-117.17575901367881,-118.02781854375243,-119.044881220416,-117.16096106762937,-117.76024056366748,-116.29777787741094,-118.89862944046726,-117.90565246876048,-119.70086051341025,-118.19752907797663,-116.17576606097846,-117.79514145596538,-118.05037475618334,-116.66805623473701,-117.01798178646452,-117.02539047593214,point1,-117.26233466727658,-117.37649777898419,-119.70086051341025,1.1899397888802146,0.15040784803310786,-0.004710658027296422
HDOK,PLOK,17472,44,44,-129,-13,11,2,33,-113.74513263313736,-114.80204144449748,-116.43830336519422,-116.75706447831823,-115.89526634013598,-115.64140268013982,-118.61279018248459,-116.61255048085486,-118.07753713098246,-117.13465853100712,-118.4021348673285,-117.37109402132995,-119.53789455897692,-114.77069796054023,-117.74141516908233,-117.59002492141549,-118.29608195668474,-119.30012684745749,-117.91295402642032,-118.7816053787743,-115.63828706483174,-117.39708208546547,-118.47276913133314,-118.20168035511192,-118.12195816615552,-117.5290569209564,-117.92025738322054,-118.8645206380454,-117.02579902742123,-116.62768830459132,-118.37625172865638,-116.62124475852242,-119.24618973140463,point1,-117.37768370516602,-117.59002492141549,-119.53789455897692,1.8844999605534407,0.7542483255988942,0.22547161522100279
HDOK,PLOK,17472,44,44,-129,-13,11,2,33,-117.05169018525936,-114.8033037711993,-116.42447375932615,-119.35969833252827,-117.06339249974783,-118.93006970388387,-117.05750087469866,-118.31799427877904,-117.6503091282255,-117.4467128533604,-117.42995226108751,-117.1865320838148,-118.03643063777402,-117.69138422916284,-114.98641873927536,-117.20863212576036,-117.91407160310894,-119.54140216194318,-116.48028427908386,-117.16235660102964,-118.92344203337107,-117.48233626070035,-118.57702796214525,-118.95896427450076,-117.31560820257305,-117.27943222227638,-116.47969246631116,-118.68849351593344,-118.55663709494313,-117.64553095866843,-116.42813984890749,-118.8316203151139,-119.13039233113221,point1,-117.63757356350379,-117.48233626070035,-119.54140216194318,1.2570372669684393,0.5009418753593873,0.3490129441909393
HDOK,PLOK,17472,44,44,-129,-13,11,2,33,-115.19616235026888,-115.08396770351838,-115.97097933825562,-117.53252010391758,-117.01320592520669,-116.59209849752051,-116.43051840407439,-115.84757647312867,-117.29669667678425,-116.4200749523359,-118.4228079304036,-116.1708053109232,-116.19936759339963,-118.40749437342943,-117.668671650174,-116.50060387427598,-117.32361573335136,-119.5551975887666,-117.59379042196439,-115.90284383615965,-117.20159461030471,-118.78617224038666,-119.50843419353227,-118.55835216804348,-118.82036643227322,-115.77834454596756,-117.83450141578773,-119.64835661239147,-118.44813661979913,-118.74220985916858,-117.65663582790349,-120.2257751762061,-118.37312127628113,point1,-117.47609090048196,-117.53252010391758,-120.2257751762061,1.8052813282412323,-0.12212111881256589,-0.8624889339407646
HDOK,PLOK,17472,44,44,-129,-13,11,2,33,-115.47947521523577,-118.83869028099546,-115.94959071155168,-116.3522156529911,-116.25403391549573,-116.1253865239132,-117.89435780994263,-118.68144258469016,-116.59486756613724,-116.63691248657473,-117.4020961803571,-116.40279216921523,-117.66019780643951,-116.42544751437866,-116.60688901804606,-118.87100385124307,-118.11187112012263,-119.75864469028566,-119.39277140850051,-119.28002464030804,-117.67442656848343,-117.59696912396706,-118.29332110662604,-117.90759027253307,-118.19461749711043,-118.54406748341509,-117.85515283575552,-118.26133057321744,-117.23735386616538,-116.62445969230433,-116.72110373829302,-118.65516180170904,-116.59013470992174,point1,-117.54164849745233,-117.66019780643951,-119.75864469028566,1.215520939092031,-0.1263136645987256,-0.9786134180064927
HDOK,PLOK,17472,44,44,-129,-13,11,2,33,-113.59389147856439,-115.93351408263631,-117.02824055564915,-116.79488732008303,-116.64265144161337,-115.19015701949341,-116.59217806309631,-120.08966792291956,-115.82950399244066,-117.31200111759132,-117.66057814859526,-118.42334495469626,-117.73128255653316,-116.95443419111065,-116.27026034257553,-117.68879494532382,-117.5158792984021,-118.68208623635184,-118.00851787296976,-116.32484198568744,-116.83560045476585,-116.63135446324432,-116.5984163407363,-117.37578492875225,-117.9544574385816,-118.8962206548501,-116.47305450970244,-118.07643780201704,-118.6328501386231,-117.65373810281211,-116.36074771571586,-117.29991942545949,-117.51206342807781,point1,-117.16870784635367,-117.29991942545949,-120.08966792291956,1.3716053225576448,0.38669421056101594,2.0165385762197334
HDOK,PLOK,17472,44,44,-129,-13,11,2,33,-113.55039150982446,-115.7234400788245,-115.91496018834559,-117.97248827168131,-117.20012332907369,-116.25626506686679,-118.01955108947743,-118.16107974733708,-116.00837185694974,-114.58053827105519,-117.71336281665165,-118.17745521731372,-117.94325148444035,-116.32417344717877,-117.80840254174484,-118.48412865887235,-116.10205643333295,-118.22373565786489,-118.02990730087903,-118.38421344755413,-117.66335516173417,-116.51253288333086,-116.45523768277265,-118.50844386424896,-116.53046153437079,-119.04381790633192,-118.63498809607603,-116.25271663919857,-117.4183006417689,-116.09675578516564,-116.42588601124658,-119.18531510494027,-117.10022232297496,point1,-117.16381606210392,-117.4183006417689,-119.18531510494027,1.6044986238851695,0.7185835759086967,0.5083298542730024
HDOK,PLOK,17472,44,44,-129,-13,11,2,33,-114.35238399928893,-117.39072005941242,-116.05086130383167,-117.11724100142429,-117.02519679592288,-115.89882749565619,-119.43354386339698,-117.77620363562802,-116.62165856687069,-118.08388255589527,-119.57973517986942,-116.21202008882062,-116.37856526635373,-117.04155422823325,-117.46302597001609,-117.34932772626603,-118.26384962499196,-117.24968389888011,-117.7331285582359,-116.87234561442679,-117.65638839713374,-118.77633764374005,-117.9751660332621,-117.11908603206665,-118.90440165444704,-116.13706631189935,-118.56273439872862,-117.35744787980975,-117.2970689290503,-118.7075392153615,-119.00773182433726,-118.7442790496304,-117.00549240714986,point1,-117.4892271275769,-117.35744787980975,-119.57973517986942,1.242982986148307,0.3278024293865984,0.5504508269774369
HDOK,PLOK,17472,44,44,-129,-13,11,2,33,-115.96639936542242,-115.51665423388432,-116.92629640617936,-118.73771301991505,-115.97072502635667,-115.56684768386398,-115.60093493332427,-117.81163104606532,-117.73594670037406,-116.26248454799578,-117.73209185488471,-116.62728253320327,-116.3479881497214,-117.70504841191973,-116.2693340273779,-117.60335120084463,-117.50024682798677,-120.85490329365126,-117.87043870968803,-118.64977682975722,-118.62324956724008,-117.40373934491659,-119.79768232405407,-117.85537005924247,-118.17111306339075,-114.91196550862222,-116.80278001286628,-118.382825777246,-116.42132408164396,-118.91982673526024,-116.80879659618904,-117.98527161932059,-116.84903493223621,point1,-117.33906286135289,-117.50024682798677,-120.85490329365126,1.651203488465854,-0.457561617460228,0.3869654916280174
HDOK,PLOK,17472,44,44,-129,-13,11,2,33,-117.51052139726555,-117.41842241288649,-117.35533989749851,-116.93369086191562,-116.28830437751012,-116.24358879579664,-118.59432155283993,-115.36093641937484,-116.14603050225344,-116.38124141716413,-118.32046377802783,-117.757825933451,-118.56827323744014,-117.46967907117424,-117.80259162660089,-119.32195179020229,-117.68862766521232,-117.1108630043401,-118.84058610385677,-118.51923727067667,-116.99651119301622,-118.70598321942397,-118.01076171644276,-118.53661469487828,-119.46827029775224,-119.33825094182579,-117.55919778257093,-116.96606212852366,-116.25659237484939,-117.9849203855377,-116.31438369854315,-117.53318430534553,-116.07800703424786,point1,-117.55700717843773,-117.53318430534553,-119.46827029775224,1.098697767231472,0.028285191105120552,-0.7447767028623287
HDOK,PLOK,17472,44,44,-129,-13,11,2,33,-114.34681703628004,-114.46534717353865,-117.03349840076025,-117.52189176360076,-115.88500454810648,-116.6974250169042,-116.16111610452673,-116.70075631632628,-117.84020563022638,-117.5576715911071,-116.61575723597878,-116.75461714563505,-118.39803400319934,-117.73072714882558,-118.61243706526533,-118.22074473598703,-118.49965675640352,-117.88438963396102,-118.41078279134,-117.84674093652634,-117.07668065929371,-118.36887072760543,-119.01353609595543,-118.48177256916065,-119.19306095160032,-118.57384378693494,-116.12975313045503,-117.70122281188328,-117.88512913380988,-116.82187074465928,-118.35671844492789,-116.96840027936938,-116.75261981171211,point1,-117.40930606611715,-117.70122281188328,-119.19306095160032,1.310967754804881,0.9235722478065891,0.8781164676183484
HDOK,PLOK,17472,44,44,-129,-13,11,2,33,-115.54142474569493,-115.02653601950641,-115.38802017071002,-116.46933215321613,-117.50658332140098,-114.92192271631323,-116.13580573824443,-116.85420029070987,-118.88317150370563,-116.1730280311625,-117.263414828406,-116.18616482342651,-117.58088731692116,-117.2890273965302,-115.59930309219224,-118.42328247148687,-116.42592995092049,-117.50780484064444,-118.97278170203954,-117.26624706753095,-116.73321111274959,-117.66788435499093,-118.85173352188426,-119.41421694915138,-116.57850972044618,-117.67503329271189,-118.5087204820091,-117.78020776839607,-116.06517757543624,-117.00158474896415,-117.5129081029896,-115.97955663993122,-118.88117847629472,point1,-117.09287245232477,-117.263414828406,-119.41421694915138,1.4209495953815638,-0.10556615981210711,-0.7690936542817259
HDOK,PLOK,17472,44,44,-129,-13,11,2,33,-115.9356926201464,-114.95061773604972,-116.65720929559242,-117.5291736703106,-117.01354840936496,-116.7896240136833,-117.16734149672524,-118.1443446549679,-118.10224155203674,-116.38247271876469,-117.02973697804431,-117.45308760712281,-117.4647522752146,-116.83384492080894,-116.16717413721065,-117.39527170889903,-118.62245615400884,-118.39144113929683,-117.18706213844725,-118.32522024098012,-118.13541243877312,-117.59123550007287,-117.79610178196988,-118.0705906524703,-118.6208514920373,-118.74159094661411,-116.46464384955091,-118.45323484396656,-116.67257290141762,-117.13211970706631,-118.84692965180123,-117.62374873368009,-116.3193428800427,point1,-117.39426329839814,-117.45308760712281,-118.84692965180123,0.8213264571987351,0.43372061385708754,-0.0017341224466398408
HDOK,PLOK,17472,44,44,-129,-13,11,2,33,-114.31612866080083,-115.36174562700207,-115.41180487378226,-116.9158056258339,-115.77099176275769,-116.79826914257939,-116.44785660048792,-116.87477386780732,-115.19294964176967,-117.18736944556943,-117.44227297844398,-118.10252073117708,-116.82416892019246,-117.02826214977097,-117.04135130594318,-118.64026218118569,-117.86373142295524,-119.39381018478443,-118.31732841773923,-118.11355709884856,-118.49067437592544,-116.80793882437803,-117.98302514983456,-118.05883319193134,-117.23647908475625,-116.76635215862751,-116.4758658263046,-117.74206834474593,-117.74370952634695,-116.64941677847929,-118.28312386109148,-115.9631012186092,-117.2172188240116,point1,-117.10493235771133,-117.04135130594318,-119.39381018478443,1.198159542031222,0.4166726717549189,0.1910297149828306
HDOK,PLOK,17472,44,44,-129,-13,11,2,33,-114.02063612438708,-116.95340087945964,-118.10194787811345,-118.04433373958723,-118.33993628513329,-117.11647534864815,-118.5786349388715,-116.98452706882917,-117.9066202678987,-116.82992261235515,-117.57260852268782,-119.04941940083809,-117.27105951987288,-117.34838323912292,-117.94723432214636,-118.53751252791402,-118.02878912727034,-117.77588603757385,-117.79745725649448,-118.52879330920534,-118.49658813039929,-117.42174380328704,-117.29599392661275,-118.3901675520433,-117.21102579280817,-118.31139009310402,-118.49564974865363,-116.25548345195853,-115.67965585598834,-116.2122582249995,-119.12394926521965,-117.84183229872482,-117.41127336199801,point1,-117.60244211855172,-117.79745725649448,-119.12394926521965,1.0219032768442708,1.453809166146144,3.5065799456237428
HDOK,PLOK,17472,44,44,-129,-13,11,2,33,-115.36165406002046,-116.41667259039272,-116.22989963828883,-117.4996940177144,-116.71697874404013,-115.42641969151009,-116.8613171498625,-117.21274143075824,-118.95184192259553,-114.85895981659627,-116.89015500248175,-118.22626536926184,-116.16323715104696,-115.66667122810104,-117.74478209674045,-119.83326443661818,-117.89536073024625,-117.35363682514235,-117.70846324510951,-118.56050636186299,-117.29856785484104,-116.22882799416831,-117.41166792841742,-118.70191302195883,-116.88634063332348,-115.9531615559168,-118.08311148976499,-117.2314007232907,-119.14304912140724,-117.24021724126519,-118.57743433120773,-118.51211020645887,-117.90031213162246,point1,-117.29535259824347,-117.29856785484104,-119.83326443661818,1.3564737688357689,0.042247381370709124,-0.408664069614066
HDOK,PLOK,17472,44,44,-129,-13,11,2,33,-114.15019270719802,-115.09758624123272,-115.80004351305566,-116.79291029393582,-116.35318411607146,-116.4556779784176,-116.5480777114605,-117.10956838900259,-116.41861723294245,-117.89057650153822,-118.28620971709523,-117.51126903502198,-117.2246512196289,-119.36367373994064,-117.37366886360486,-118.29080055856544,-118.93229974009003,-118.63991836537195,-117.25096713021102,-116.86097461458272,-117.35198509712818,-119.01534687184552,-118.39493459629898,-119.87811131137566,-117.56266992927489,-118.44264447157519,-118.81990002252476,-117.87204881445741,-116.487116738639,-116.56495701190796,-117.24825396226011,-116.75604925302765,-117.49450382831206,point1,-117.4011936235635,-117.35198509712818,-119.87811131137566,1.440648587389496,0.3168974071599984,0.559778227629447
HDOK,PLOK,17472,44,44,-129,-13,11,2,33,-112.42014655732804,-117.57037567076468,-115.93957437594388,-116.33618782197803,-114.46386839393996,-118.05854058746105,-116.65136063540842,-118.40241484691667,-118.68701314151213,-116.64600354314034,-117.90179802587512,-117.1284052886955,-117.68923695648408,-117.2698400227027,-117.5096812238871,-116.60105534880088,-118.58293738063169,-119.33494815267112,-116.2687514755276,-118.7685594232142,-118.72560035627347,-116.65438063605829,-118.7634095011607,-117.14424169736789,-116.54371307720339,-118.50703496521153,-117.3973431118852,-118.99642071519627,-117.88845023632973,-118.00742508221018,-117.3331821501132,-118.62036754067412,-116.90121731635219,point1,-117.38525712905817,-117.5096812238871,-119.33494815267112,1.8605308039841753,1.5887869189511012,4.189573037451698
HDOK,PLOK,17472,44,44,-129,-13,11,2,33,-114.04088268111256,-115.68531347517771,-117.66816281293372,-117.9325839007845,-117.37038791797454,-115.38966835918566,-117.46094795319014,-116.29122667201126,-117.52347125672134,-116.14852983580629,-115.84927893773533,-118.26886523945961,-115.89615874255696,-117.05549055747893,-116.95749187511211,-117.34687833414206,-118.98110691778083,-119.4801702728662,-118.27859777252353,-118.62839498488485,-115.97143723616423,-116.51709269207191,-118.78008801257198,-118.00676589027283,-117.95809673597573,-117.5076975602789,-115.54596714188095,-117.66832723176103,-116.35368668529773,-117.31666664759803,-116.96365440952762,-117.11307592772896,-118.2642162708175,point1,-117.15819336186013,-117.34687833414206,-119.4801702728662,1.3757587064268288,0.3833374306187809,0.12618383477718087
HDOK,PLOK,17472,44,44,-129,-13,11,2,33,-116.06631304139925,-115.41862973190744,-115.27683106473253,-116.17653384206214,-118.11926162657507,-117.57953978997784,-117.77381876541605,-118.27976687482675,-116.472726010423,-117.51086643642519,-116.27489823615328,-119.62666293648967,-117.5797115692161,-117.92507846466297,-118.25431149045836,-117.97902873129445,-117.82143845601534,-118.28934994163215,-118.8049480350095,-118.41773117345731,-116.5080604509143,-117.32955034338286,-117.79844387732072,-116.33371176632724,-118.12411878301423,-116.85897119313921,-117.43164123034968,-115.45459718851124,-118.03445131054258,-117.73432498480719,-120.82830544096332,-116.77584913171019,-116.57072873012285,point1,-117.43727880755273,-117.5797115692161,-120.82830544096332,1.382357212398575,-0.3834842904996981,0.9185458900587657
HDOK,PLOK,17472,44,44,-129,-13,11,2,33,-116.747481913721,-115.63924954104799,-115.76540182003511,-117.46629921302286,-116.38463149974869,-116.12346481408903,-118.11158041235021,-117.88447207042104,-117.97815287224826,-117.32614843486509,-117.14320594556284,-117.75208466904799,-115.66712438128177,-115.79482528530163,-118.91506242634856,-117.86973275609613,-116.79668681965519,-118.13098629120515,-118.14595698066981,-118.28164560202866,-116.2811624819347,-116.70978699505655,-117.7537522003241,-118.3983700897989,-117.31554865649986,-116.17615239521072,-117.33482635096154,-117.75021281079044,-115.97937230546023,-117.7232336918884,-117.31013999688676,-118.72591717923626,-117.3309108784556,point1,-117.23374484185608,-117.3309108784556,-118.91506242634856,0.8461951284919026,0.24194725407925938,-0.9744884933784879
HDOK,PLOK,17472,44,44,-129,-13,11,2,33,-114.1632028035771,-115.36714023397546,-117.19423579688626,-119.16016081310715,-116.3693103746973,-119.00843977019974,-116.92150881599859,-116.13995144511094,-116.7866268513857,-116.60825597747791,-116.78742366753474,-116.72497936755707,-117.72981898409608,-118.54096090838111,-117.17959800244117,-118.03394396375533,-119.3291390998643,-117.56686932497533,-118.77773001492035,-119.29572492963159,-117.18939602131667,-118.00259831445352,-118.65038308422879,-119.32128874421358,-117.48055089103212,-116.65497688375302,-117.6142147806385,-120.08181079113925,-115.80848180143444,-118.4944789337787,-117.47505297085071,-118.83019906559196,-117.06129809566501,point1,-117.58635610677787,-117.48055089103212,-120.08181079113925,1.647416297168315,0.31695136672952273,0.15320359118263172
HDOK,PLOK,17472,44,44,-129,-13,11,2,33,-114.3489047277581,-116.3873566305167,-114.94957992041788,-118.23784333890544,-118.70544765421968,-115.53351633222266,-116.41895518555252,-117.36704326780695,-118.44837667780172,-118.18470430363593,-118.06009979130982,-117.9548609985113,-119.43323214280512,-116.44631541744184,-117.96515385905508,-119.65808810560416,-116.95493585343704,-119.40764268195146,-118.60315704502723,-119.82532831875113,-118.86565014889466,-117.7621431954574,-116.61744209628675,-117.948462990819,-118.95016161820547,-117.91444735698484,-117.49232495716839,-116.90317412059737,-119.51627116181469,-117.41372784538406,-119.23700793463334,-117.2172648301929,-118.70002553744969,point1,-117.80086806201878,-117.9548609985113,-119.82532831875113,1.7594227295916036,0.6929776611848498,0.23790361360306145
HDOK,PLOK,17472,45,45,-129,-13,11,2,33,-117.2750561466351,-114.91651973746258,-116.13330846118616,-116.84193919773715,-118.81070703461447,-117.60724049709489,-115.62821758072882,-115.87727082727135,-117.21603340295088,-118.45071150317204,-118.14994163236956,-116.7376876859876,-116.37846027829086,-117.6970802206602,-118.73963041180897,-117.29775799034073,-117.02166203242275,-115.43842493059745,-115.23592400633851,-116.31075628070748,-115.51096238287403,-116.52811835081103,-117.60090508718838,-117.05966649185712,-116.5220755933951,-116.42437832229727,-117.30957165326461,-116.0399979920001,-116.900095207735,-115.82358955314236,-117.27677408145178,-115.94772580354707,-117.21896036479458,point1,-116.78567123462838,-116.84193919773715,-118.81070703461447,0.9402906652298851,-0.2085319567985225,-0.38426462392561644
HDOK,PLOK,17472,45,45,-129,-13,11,2,33,-116.49464974418684,-116.19769758485724,-117.25697275333174,-116.96506433616604,-116.67673152092381,-116.40507459206478,-116.15142793564713,-118.18351976533413,-116.41752051475044,-116.99018622525116,-118.2151023516874,-115.88047845220858,-117.11226229035447,-115.97454936871917,-116.35565401463931,-117.10387760581034,-117.21357631606652,-116.57019130906188,-116.70653911588434,-116.35630180268923,-118.5916280138059,-117.55716604934359,-117.30543498821233,-117.32728199625726,-116.4744927933041,-117.63130441008941,-118.18738027198036,-116.59599842416587,-116.71342768512044,-118.43724406119868,-116.82377698350624,-115.88759265150914,-115.97093203936457,point1,-116.93124357477251,-116.71342768512044,-118.5916280138059,0.5589958161797263,-0.6790802419351318,-0.3415989955999872
HDOK,PLOK,17472,45,45,-129,-13,11,2,33,-117.14157365012849,-117.808956477992,-118.85246414302628,-116.73059752345658,-116.22347942674284,-116.87411422571802,-116.23323158019103,-116.76035435860325,-117.57778173038518,-118.28584546340149,-116.76284678562712,-116.75738390978853,-117.38487233043065,-118.03250704523884,-115.49511182933391,-115.61538684732169,-117.19266998326032,-118.31941035331253,-116.43772809944875,-115.24660911430358,-117.21526397633384,-118.88305707257845,-116.68454748923581,-117.76295922251215,-118.01327957137282,-118.61373777747063,-116.7226857693794,-118.71959960941044,-116.62051481072844,-117.74270054115019,-115.25008392006997,-116.53862713560358,-116.84347956779277,point1,-117.13162004064696,-116.87411422571802,-118.88305707257845,0.9839965398911424,0.01756048088222067,-0.5763037438617089
HDOK,PLOK,17472,45,45,-129,-13,11,2,33,-117.02613296082613,-115.42206257734895,-117.38396019519598,-117.51848800483441,-116.94208878027099,-116.92171426641593,-116.06402619092472,-116.72991508545606,-117.32378919878592,-117.74856062232908,-117.45047102918367,-116.08445944463212,-117.97892884177223,-120.00641580161096,-118.45279828277856,-116.20558233465479,-117.91357791385029,-117.28287783093495,-117.51879711223718,-114.80840294945467,-116.3736355789492,-117.63738422649396,-115.71290805839082,-116.14258695914944,-116.07018558361327,-117.2694039636207,-117.23609152998668,-117.93304601612046,-115.13185447782602,-116.7119498210928,-117.15628331038141,-115.53216353030581,-115.99570484111851,point1,-116.89958325213777,-117.02613296082613,-120.00641580161096,1.0842010965763156,-0.38457076906655385,1.0918810580010496
HDOK,PLOK,17472,45,45,-129,-13,11,2,33,-118.7929275537232,-116.57042621717989,-116.6617665267145,-117.6414779827759,-117.73258694444029,-116.39827764755854,-116.99458750027352,-117.6792781078467,-116.60674285553698,-116.46981922784653,-117.81015828591455,-116.84869086454728,-119.07983421417515,-116.32551563015735,-118.05715652680648,-119.15525341839006,-116.74790499029191,-117.81060056927339,-117.49718556622018,-118.55782484321794,-118.72029990378489,-116.76467796881845,-119.04898884643703,-117.9869706043086,-116.53484481729234,-116.20938222375295,-117.04867457515597,-116.27572003971405,-115.23116759864696,-115.29150358854203,-117.33709465962602,-118.05790348108695,-116.08930532365618,point1,-117.27377421526404,-117.04867457515597,-119.15525341839006,1.0766762845954467,-0.1357241434263038,-0.6497062413705499
HDOK,PLOK,17472,45,45,-129,-13,11,2,33,-117.25882327641003,-118.31679963190567,-116.86465393566442,-116.99377350888689,-116.69552513987817,-117.30236326107837,-117.38175749762317,-118.3168943307985,-116.29848215087463,-117.54444772351916,-117.37659280547126,-117.62405133527143,-118.36987604822622,-117.56705890256436,-117.39908780779568,-117.98550526044346,-116.02156028601445,-116.00756999832487,-114.97853350889953,-116.37389941692578,-119.08061777688579,-117.37966030213052,-117.35579763972156,-118.41575123204986,-117.5926035418566,-117.09977373347463,-116.29406677531695,-116.696634105155,-118.62778319028291,-118.87360627696668,-115.60592269519489,-116.78245196256312,-115.87731893381466,point1,-117.22300739369666,-117.35579763972156,-119.08061777688579,0.9175170727022006,0.1442178182912161,-0.26192511749022174
HDOK,PLOK,17472,45,45,-129,-13,11,2,33,-117.4927489894857,-117.60721649435492,-117.84405480913728,-116.55272727903323,-116.07590964784146,-116.8634793477587,-117.40362709559246,-117.58668779095872,-117.38248606395605,-114.90364579981781,-116.69439446577923,-116.43962023471897,-117.17640072651031,-118.15992611198472,-117.12230116412718,-117.11431600194476,-117.15352153939588,-116.56802740366932,-118.04317680014539,-116.32648205003942,-116.75021915977244,-116.16594973789417,-118.17810474447313,-115.91826929304352,-117.11501487460568,-116.39518498982919,-117.00941227531563,-117.48299213551266,-117.91802425285636,-118.7277563608533,-115.21384077775299,-116.97912035451368,-116.47185249543699,point1,-116.99504518994274,-117.11431600194476,-118.7277563608533,0.6737587209921839,0.3805516749557358,0.4461836727386177
HDOK,PLOK,17472,45,45,-129,-13,11,2,33,-118.14766042373887,-115.29130812990128,-118.19373295988146,-116.05319768815026,-118.59063158652032,-117.49107334375391,-116.47196495575508,-117.07965635588181,-119.29300934982751,-116.38972353969365,-119.73692212079695,-116.16091092070076,-117.94184983137541,-118.31961198697225,-116.01680811570289,-118.06648995591713,-119.11211835460949,-117.62509637346999,-115.65700834634357,-116.91167416074586,-117.39292428024991,-117.57892007118356,-116.75646266309408,-115.97586588493813,-116.11590992637099,-116.69440162553919,-117.61326606796483,-117.32639673743577,-116.18457028300287,-117.49667545414341,-116.30359145911328,-116.6432277084763,-116.31651715998088,point1,-117.1802781157949,-117.07965635588181,-119.73692212079695,1.173010839684436,-0.5053734169325336,-0.36081691096331303
HDOK,PLOK,17472,45,45,-129,-13,11,2,33,-117.64841160466653,-115.87767418879378,-117.48382907218924,-117.38385816770437,-116.84403429707247,-116.36862215575547,-118.44519650880792,-116.3225139295673,-117.03403400401773,-119.34167868500325,-117.73779423126336,-118.07267241905043,-114.64300028805933,-118.32354971371319,-117.2043012825788,-118.90856821794245,-117.40156702130227,-117.22940922372024,-116.94145950137016,-117.53589210921425,-117.41094500904349,-116.07423899531916,-116.90165937522822,-113.12053570909835,-116.50348527037178,-118.32501153469715,-117.95112937253668,-117.10341908224373,-115.87308050334441,-116.02691950367264,-117.02568421593958,-116.63850388006911,-117.31016802064828,point1,-117.06099536648502,-117.2043012825788,-119.34167868500325,1.3646261696564443,1.0818498330689919,3.0092469898712477
HDOK,PLOK,17472,45,45,-129,-13,11,2,33,-116.74554906959114,-118.5799258650034,-116.85053035828972,-116.42300712988418,-118.8465704469195,-117.98603740313058,-119.10471209343822,-116.46296263177591,-115.80043043075058,-116.71236333224527,-116.4566688266923,-116.02448621157284,-115.5630141433025,-115.54177087367783,-116.99411821273591,-115.57362922153142,-118.32092859386756,-114.47517237345399,-116.0319415340187,-116.58540870626896,-116.83308494291138,-119.50024340219105,-118.51330118934267,-116.70781200621114,-117.40056232065949,-116.2661831154828,-116.77050192019938,-116.16560755970455,-118.1642932921214,-116.31499027965923,-117.80657421524081,-117.38280604447951,-116.71114869818555,point1,-116.95807080134969,-116.71236333224527,-119.50024340219105,1.3027052200395917,-0.40470805210905825,-0.178566242743738
HDOK,PLOK,17472,45,45,-129,-13,11,2,33,-115.78058076790813,-116.040952803297,-118.49127640669568,-117.37666461334955,-116.43090040865772,-118.25685880142386,-117.52975960247086,-117.17455667193292,-116.46345572165981,-115.68038008770291,-117.11526809970756,-117.9244402031948,-116.44337946782998,-116.68394039786533,-117.37537397206451,-116.26110637494035,-115.52693959266198,-117.55864856320584,-119.0202706391478,-116.45152176780076,-117.49694413728402,-116.41527274023991,-116.76093961378423,-116.2833339715613,-116.41312898477251,-116.46359703038272,-117.08371243968011,-115.86450805969145,-116.90945047622472,-116.64974436274817,-115.9640034396583,-116.28579541746684,-117.84115268783194,point1,-116.84902600984374,-116.64974436274817,-119.0202706391478,0.6849398087670252,-0.7072023885662141,0.1182102413021493
HDOK,PLOK,17472,45,45,-129,-13,11,2,33,-117.07396169422233,-116.88944709136798,-120.74902922607586,-118.02735999429403,-115.70643241450382,-116.04561217260064,-117.32428365103286,-117.14382944660711,-117.05283683011068,-117.78077377095003,-115.9784832316072,-117.01804493401622,-116.52243334200386,-116.56269783045506,-115.74712910723437,-116.40349851041854,-116.05344300763053,-117.66992372780842,-116.34962474004013,-117.0205151031094,-115.92072457220132,-116.2370162205446,-116.86534867803748,-119.12731006488981,-117.84372698305417,-117.80943393707928,-116.77863914370133,-116.16124098130865,-116.26958061747624,-115.61886292938222,-117.02479004777435,-115.92660992461437,-116.44395741732178,point1,-116.88323034374167,-116.77863914370133,-120.74902922607586,1.0748725076082895,-1.8099232117784931,4.776964154879202
HDOK,PLOK,17472,45,45,-129,-13,11,2,33,-115.57899118164285,-116.55487124018516,-117.49506118781274,-116.47441849272816,-118.94270070571379,-117.09845073255282,-117.3889630401538,-117.38308520192294,-114.91400772161056,-118.35924030262876,-119.81241350643371,-117.09476818176127,-117.99840576360828,-117.62603002213399,-116.91759463388358,-117.05125688886343,-118.30903377339295,-118.16414878130036,-116.01789975671547,-116.13610784532125,-115.9460510191278,-117.09978002490008,-115.7002768604689,-116.02187414534491,-115.99903343885731,-116.35115867827916,-118.3210705732123,-116.4418239575494,-117.9492096909975,-118.02976347500004,-117.34252707158491,-116.89126870533816,-116.27783885109689,point1,-117.08148865006434,-117.09476818176127,-119.81241350643371,1.1137976843817188,-0.34527260734085874,0.03396801024466578
HDOK,PLOK,17472,45,45,-129,-13,11,2,33,-117.11818706700596,-116.4673300265689,-117.11979780284443,-117.68976724294615,-116.62637723321389,-116.74717229771865,-117.91143543337131,-114.80422553937082,-117.98637106615499,-118.6350230152697,-115.95151758499813,-116.33701672652255,-115.81753556238026,-116.4588091448554,-118.3894628630446,-115.9587062257427,-117.16936846126194,-116.56689328730356,-118.06437003085571,-117.37066069661014,-116.11455335737298,-116.49472548258969,-116.64284699733864,-116.75534180829327,-118.07695423888168,-115.460152788724,-116.87070130803811,-117.1020453870726,-116.98338618858962,-116.88993899073036,-117.8275460150562,-118.8824768854653,-117.15649212134913,point1,-116.98324814780426,-116.88993899073036,-118.8824768854653,0.8200644554404356,-0.017312054577723827,0.0031124281910726026
HDOK,PLOK,17472,45,45,-129,-13,11,2,33,-116.89136742129467,-118.06613819261958,-118.13403183325939,-118.37965049938059,-117.19582666171215,-115.76339174502563,-115.93397343290806,-118.10862073609299,-117.39458495401269,-116.13053715721745,-116.81720909978404,-119.04111898949125,-116.42241731853272,-117.62733754723874,-118.25804433979616,-117.51382348202203,-117.0218928080025,-117.81900527651189,-117.56473544018134,-117.22758552141634,-115.52793491447287,-115.95213148161133,-116.27937453217321,-117.27953479505895,-117.55735744109965,-116.40416057185784,-118.7578753412023,-117.39256978010512,-116.47012231256562,-116.37171848524066,-117.99552364455587,-118.06437245881416,-116.70519517784939,point1,-117.21421707251841,-117.27953479505895,-119.04111898949125,0.7921928688667222,0.009326395387719847,-0.7922493080825506
HDOK,PLOK,17472,45,45,-129,-13,11,2,33,-118.014873859679,-116.92933668258355,-116.21912186995509,-117.71648573781916,-116.75384087558328,-117.24852169777645,-116.45825097044228,-117.87879143747037,-118.19787644664919,-116.6053499784945,-118.35761634687002,-117.82364452053991,-117.41717868875875,-118.01164270171864,-117.13901672072832,-116.86247563989313,-117.58955490596601,-117.21811486680242,-118.26348272292391,-118.69040150775118,-116.70105150848063,-117.08657729018887,-118.50020210995238,-116.54709883035977,-118.14903341422534,-116.9600787716136,-116.94711558339853,-116.40742196619316,-116.37967169622394,-117.79678582957368,-116.68158771558693,-116.82561351041734,-117.52579574072024,point1,-117.3304124892527,-117.21811486680242,-118.69040150775118,0.4726279438994797,-0.25773325527194973,-1.1181017895226737
HDOK,PLOK,17472,45,45,-129,-13,11,2,33,-118.00281787297361,-117.44801506995053,-116.8619348252284,-116.51597231914911,-116.88767197879169,-116.7073675181072,-116.49693406439349,-117.25730625542968,-117.59561328985355,-115.93172462323004,-116.29048870738046,-116.85438176672972,-116.37474901987727,-118.12976956025999,-116.75181253150959,-116.08292854459826,-118.28673726146904,-116.47118176567697,-116.62775662578179,-116.38603668908188,-114.38912770056432,-118.19752887094951,-114.1865824148969,-118.13862563033268,-116.7576594421856,-117.81994808365857,-117.52943472499243,-118.0162267416384,-119.48411181255523,-118.44724709863264,-118.68908936391831,-117.45990395439671,-116.30151541614012,point1,-117.07206671346466,-116.8619348252284,-119.48411181255523,1.2142893984001368,0.45793691781009543,0.9763041861154211
HDOK,PLOK,17472,45,45,-129,-13,11,2,33,-117.8173482871443,-117.34788706104861,-117.58808053016888,-116.09762607914017,-115.27441411031671,-116.46418696424774,-117.73881655303632,-116.33877554208004,-117.69808742452693,-117.78768072427133,-117.27640142764855,-116.38069847202536,-117.78775413813202,-116.40457442057281,-117.63129283651799,-117.34217183137257,-119.35129492755605,-116.38965012045591,-115.87327429368574,-116.87562914087727,-117.14950519754244,-117.30377027040718,-116.55623502941816,-116.76911092379774,-119.21473531144804,-118.16780361423702,-115.61421877724887,-116.53816227197393,-117.56839851287936,-118.71546341511882,-117.22581124117613,-115.68031748915863,-117.42615090627596,point1,-117.13319175289415,-117.27640142764855,-119.35129492755605,0.9049544977339834,-0.2966773637708124,0.0958388022760972
HDOK,PLOK,17472,45,45,-129,-13,11,2,33,-116.414469473292,-116.45824035714111,-116.75993509547592,-116.36363497348056,-117.9584470385998,-116.64229983116229,-117.1223410231074,-116.51542968962939,-117.27661829596136,-117.31739903343221,-116.93630117028741,-117.79579444012253,-116.58574091220927,-116.87153777297593,-115.78553465900673,-116.60857070546984,-115.58422196571726,-115.16239600424949,-116.98051183666009,-117.79910587535804,-117.20718670224467,-117.72825805246183,-118.72823694979513,-117.98449746047439,-116.95680241376256,-117.18153941101195,-114.37886562318472,-119.61465256633272,-117.85226911836841,-115.46189146055168,-116.96426944643694,-118.67215842054233,-117.54465869028749,point1,-117.00647928693314,-116.96426944643694,-119.61465256633272,1.0758186110425079,0.06541215200333539,0.9214717208259207
HDOK,PLOK,17472,45,45,-129,-13,11,2,33,-118.60143689855772,-115.57865486387055,-118.87406032545273,-117.96648604695496,-116.5578554689732,-116.98037230338845,-117.93899679718857,-116.65776200835413,-116.60044530130791,-119.19985987684935,-118.08694041300409,-118.56254119081947,-116.58086963957737,-116.63042480293883,-116.17545393399433,-117.42299167577617,-117.28495710072075,-115.04482451896864,-117.89328318935917,-117.91276303675352,-117.90540020996436,-116.50559457510957,-117.53959499266182,-116.78159505796869,-116.11697425822285,-118.43272117975863,-117.93344040794743,-117.40957834521649,-117.12366316260152,-117.99133494773442,-117.55344073051758,-118.84994588682096,-117.70954320094009,point1,-117.4061759499477,-117.53959499266182,-119.19985987684935,0.9277005694078607,0.32929507309156536,-0.20179004724018768
HDOK,PLOK,17472,45,45,-129,-13,11,2,33,-116.62360442702374,-117.06366842016911,-117.53246109937768,-118.85027351736291,-115.34062778443662,-115.0255442398534,-115.83106144833673,-116.8032686707963,-116.74344808327362,-117.65815811734807,-116.09045248440383,-117.16754593655027,-117.94589440620382,-117.36893605990413,-116.66885719751437,-117.27758977490059,-117.98387598392634,-117.5106818279967,-117.68296104362769,-117.73840411521945,-116.23278944715071,-118.64507363141468,-117.83776120773808,-118.45821883457143,-117.4695844729349,-116.75899766829434,-117.68884442131781,-116.31609168567287,-116.74494283324431,-116.43498061771591,-117.52077697021477,-116.86338966909597,-116.52423688045846,point1,-117.10312130236512,-117.16754593655027,-118.85027351736291,0.7459329249466811,0.25944797026234134,0.11892313866594062
HDOK,PLOK,17472,45,45,-129,-13,11,2,33,-119.06295724468625,-116.70743903660966,-116.83806922461088,-115.99600206644566,-118.12018633412508,-117.08613620675152,-118.2878912116572,-117.71282074149774,-116.10731809874159,-117.56943467802404,-116.55375229561841,-117.50403038256424,-117.76735636645486,-117.46452509033136,-117.8960190261402,-118.66928971382669,-116.74393498958256,-118.9552424071146,-117.32249967641725,-117.25600523281344,-115.78524603734311,-116.20882807999345,-115.83622189711099,-116.85058045870548,-115.91225731962224,-116.16550285362281,-115.70920165202567,-115.39999468405277,-116.97397428383994,-116.1434171362963,-116.0364498302524,-116.65696082539442,-118.04276046998778,point1,-117.01037289552305,-116.85058045870548,-119.06295724468625,0.9478601472829564,-0.38557982182007045,-0.7095349824903541
HDOK,PLOK,17472,45,45,-129,-13,11,2,33,-117.50070175596905,-117.63240577954538,-117.55315913428912,-117.62518514595823,-116.82594739801276,-115.05553136364922,-117.85885415970017,-119.34919393339659,-117.55703532162437,-118.3972560260881,-117.91044835882664,-115.87418560159603,-116.63214233979014,-117.43217725652406,-113.25962429699925,-117.10943518076854,-117.50575610384487,-116.74642711978044,-114.93653109200893,-117.75137814076263,-116.0483933984483,-117.40287110138078,-117.36200301543484,-117.26450806767147,-115.86818542882602,-116.76430220108449,-116.39031379226735,-116.11249344862941,-117.29658471395962,-114.84068172480045,-118.0057528124732,-117.53219883736183,-114.91338883013827,point1,-116.85803190550332,-117.29658471395962,-119.34919393339659,1.4769741386970168,0.9115578298857837,1.185226175289754
HDOK,PLOK,17472,45,45,-129,-13,11,2,33,-116.9989036645364,-115.66854796977266,-118.39054484557242,-116.89002964148116,-115.70796448711727,-117.7271900246734,-118.32811483695868,-118.04943472895033,-115.75174031941299,-118.27449873742701,-116.09835761909015,-117.42762153962792,-116.44594014927816,-116.96352251107938,-116.60321303036478,-119.27743647486048,-117.9063936073867,-117.00018462535722,-116.93578309230108,-117.25316091869567,-116.42936625247818,-118.34928123608346,-117.449127530584,-115.58979092778821,-117.46424026750773,-115.58041812431124,-117.41711722482823,-116.57590676946862,-116.98967804080837,-117.4248779108013,-115.34512545850816,-118.52853289365864,-116.15674673468361,point1,-117.06056946046827,-116.9989036645364,-119.27743647486048,0.9778548925194287,-0.10846605731066862,-0.6595579400758225
HDOK,PLOK,17472,45,45,-129,-13,11,2,33,-116.96931742377633,-116.59186629044653,-118.43175719971919,-118.18968370135208,-117.88064623420718,-117.21038279959859,-116.98661671268073,-116.92109611096102,-117.63669863220893,-118.72617177312846,-116.20495972045612,-116.5249956175622,-116.02244366065752,-115.88698343379521,-116.75411333458037,-116.57820158649363,-117.20103855972576,-117.71658967298013,-117.46551116218966,-117.31318665010035,-116.48733578747357,-116.13961184511538,-116.88027949860273,-116.57080375830218,-117.2142802300263,-115.92350233944502,-116.09982400549504,-117.92664650075886,-117.92862393325665,-116.02261894392682,-117.0062557715002,-117.74724611669339,-116.23535280253255,point1,-117.01195884271965,-116.96931742377633,-118.72617177312846,0.5768076733541898,-0.3821176306705331,-0.6855691099981316
HDOK,PLOK,17472,45,45,-129,-13,11,2,33,-115.7003516769303,-118.22934432745343,-118.26052398854225,-117.44425300101318,-116.21580691778478,-116.5364845759583,-118.26154629025162,-117.12184232326051,-117.20025986342971,-118.93155338634354,-117.3168607926606,-115.97234585109128,-118.26723919021201,-117.99417198007771,-117.91068990233168,-115.94019004282538,-116.87725424615124,-117.5570519244371,-117.2277481086224,-116.96960429490868,-115.92696370819318,-116.66313074667458,-117.69016741603994,-116.99700006853756,-118.25925123531023,-117.44674890765786,-116.02694247741563,-118.27514610281789,-117.64081606821125,-116.95817587292535,-117.97643716969691,-114.53233984875187,-115.86093092763633,point1,-117.15724767376224,-117.2277481086224,-118.93155338634354,0.9488273318977233,0.543355301900546,0.008050872631007344
HDOK,PLOK,17472,45,45,-129,-13,11,2,33,-117.23411244661712,-117.28888356862264,-118.33359736722979,-118.17571882896243,-117.14717877284491,-117.04685606393419,-116.27296535592552,-118.60970034924708,-117.68442206399517,-115.79812652654658,-117.52735368989717,-115.66183106785891,-115.98778944464229,-116.80686360804394,-116.84617740266607,-117.06979889273535,-118.8936593653744,-115.71176816093072,-116.02286274178972,-119.07363307059417,-116.92858892724159,-116.63700431478468,-118.40201935785679,-117.1435420708377,-117.029127189524,-116.88724677467273,-116.12272273614155,-116.87960657153977,-118.99121930393001,-115.77797081513036,-118.07365265391294,-119.19318116098063,-117.01933003192723,point1,-117.22056093021023,-117.04685606393419,-119.19318116098063,1.0530880967042864,-0.3611958878918498,-0.7598778544526188
HDOK,PLOK,17472,45,45,-129,-13,11,2,33,-116.02775791436686,-116.04804579380773,-117.36738653696324,-117.05523358811432,-116.73993712887116,-116.93450891559809,-115.73638107291177,-118.88378159142277,-119.09184276561732,-116.83345224130805,-115.76718743160113,-116.44860418810629,-117.52838384115569,-118.37126990420025,-115.53515324951958,-117.41794101834334,-117.69852575529576,-117.46718564071762,-116.34829349568655,-116.45955268481336,-116.53627221741152,-115.4789707398043,-118.53994063687975,-116.892732982163,-117.51630919288635,-116.73828525855536,-115.69852937660747,-116.66119393269025,-115.4910721462797,-116.39736987780981,-117.74906004277207,-117.285419846865,-116.93316693935122,point1,-116.89935599843932,-116.83345224130805,-119.09184276561732,0.889248005757904,-0.5030551058691556,-0.1467122546550108
HDOK,PLOK,17472,45,45,-129,-13,11,2,33,-116.36029640299067,-117.33539426635917,-117.36603154476482,-117.32467213608037,-115.94136280523001,-116.64362500568771,-118.96874014399762,-117.22473241113403,-117.96714181471877,-116.90597451084311,-117.2606614245526,-117.31795966243106,-117.69730912148025,-117.17613572478713,-115.84379901844581,-117.46870773932143,-117.61411584771734,-118.97231244082968,-116.08851236245441,-115.9906396578412,-118.74701752340948,-117.1065486847167,-116.88282608044864,-117.29959391111947,-116.91113562580884,-116.23692491677738,-116.20698650696167,-116.05529928161262,-117.15408031355341,-116.63479271006726,-116.03081131819621,-116.76706643058107,-117.84460752629197,point1,-117.07108529912763,-117.15408031355341,-118.97231244082968,0.6731745589100452,-0.6154027818400502,0.21888310102666697
HDOK,PLOK,17472,45,45,-129,-13,11,2,33,-118.8692464243759,-116.20432029441098,-117.23064397365039,-118.35529818382683,-117.1747571694883,-117.5639702698039,-118.90610177086509,-118.64793524176648,-114.86621037753326,-117.9394536295224,-116.54485926048946,-117.21146273582866,-116.81015558460004,-116.52389624082662,-116.70499357966601,-116.74116606400125,-117.27164356850983,-116.34489852577029,-115.10039566743721,-117.35452637990917,-117.4299076692996,-116.63643080650203,-116.36301040494831,-118.03246607433408,-116.39636762651271,-115.721022480886,-117.1838181906611,-116.67041529643346,-116.20018560041373,-115.96257277054399,-117.62524703778459,-118.38976803322669,-116.04516617045158,point1,-117.00067615467512,-116.81015558460004,-118.90610177086509,0.9678019731038473,-0.09380765623655166,-0.20117575458730608
HDOK,PLOK,17472,45,45,-129,-13,11,2,33,-115.41517065407115,-117.1412304890711,-116.29265482404465,-116.74559614338173,-118.03915390735456,-119.94329282795344,-117.60068510833179,-119.15823147966633,-117.91779572060051,-117.63176854204684,-116.76347080745795,-118.06556015315716,-115.84472403258829,-118.92501918023255,-117.97531193618032,-117.16087874937563,-115.26443000612797,-116.37989742278064,-119.3846304157175,-114.86968212864994,-117.96634895219765,-117.15440788885721,-115.10564339335258,-117.53390067684542,-117.46080493904961,-116.69719108798883,-118.2887888798417,-117.43760698435216,-116.60602665260687,-116.76328375768526,-116.87241660968799,-117.33096429587516,-117.88746828387123,point1,-117.26133445245459,-117.33096429587516,-119.94329282795344,1.387538877434504,-0.008523490014525285,0.07204149758146983
HDOK,PLOK,17472,45,45,-129,-13,11,2,33,-116.0364384466596,-118.10514859337046,-116.79763049338452,-117.09125992373605,-116.80897944217863,-116.99264563404729,-116.76290959438447,-117.9435184101944,-117.7708090383133,-117.47860266576096,-116.84100006257019,-116.59394620920604,-117.139353053898,-118.07338311184655,-116.18205970915784,-115.85411008668973,-117.35339513680181,-115.94985470672292,-116.41971698812914,-117.31585920943938,-116.85255481563298,-117.73951673495333,-117.38937163893796,-117.83207059314296,-118.05924538043482,-116.8271728249881,-117.69840866547668,-118.12392100754022,-117.2790229111634,-116.78370003334574,-118.90617737224915,-115.97137898701209,-116.41677956018796,point1,-117.13302851641077,-117.09125992373605,-118.90617737224915,0.5424568596087539,-0.16560697286230314,-0.4404505999723196
HDOK,PLOK,17472,45,45,-129,-13,11,2,33,-117.17565839973257,-118.42354815132704,-116.44951713096502,-115.02551511053713,-116.76558451317214,-117.82148163923488,-117.93453580540567,-115.96387801727018,-117.5356642000638,-117.6966302659506,-116.65724504883785,-118.08494091390939,-119.05075994119626,-117.01803158935085,-116.3034438608845,-115.89141024451939,-119.4288522022968,-115.33842520443272,-116.46463181867037,-117.15780894662262,-117.8253543213381,-116.29533533498497,-117.53493241058051,-116.82129900943124,-118.70840919316285,-118.35489638479937,-117.01256615986428,-117.97539440317198,-115.74050939460719,-117.46911342066724,-117.62718749458507,-117.62617203246872,-117.30145852049233,point1,-117.22667245710709,-117.30145852049233,-119.4288522022968,1.0328246601600692,0.08049153335872238,-0.18872183256924524
HDOK,PLOK,17472,45,45,-129,-13,11,2,33,-117.94529990560204,-115.6440887314952,-118.63076085529346,-117.34193589350782,-117.53598587325568,-115.4982522246597,-117.28444279422138,-118.10986433781505,-118.20347437160419,-117.63313931439663,-117.33672091794051,-119.00195651246743,-119.39447838305651,-116.20657887270556,-118.59365218720384,-115.27439134243117,-115.2707705589639,-117.14060078369903,-117.37853877052058,-118.34054519715069,-117.37029977154201,-117.76710881996408,-115.89733810779795,-117.92443586157341,-115.65160577138975,-117.87374227676769,-116.31955795591833,-115.98416137248664,-117.68374159667934,-117.5663740927267,-116.14613256946406,-115.61591548522951,-116.22000648655005,point1,-117.1450272120024,-117.37029977154201,-119.39447838305651,1.2843882543431018,0.1005371377663542,-1.0034958363965067
HDOK,PLOK,17472,45,45,-129,-13,11,2,33,-116.10510860437796,-117.56239910119947,-118.1551658882978,-117.7212425376292,-117.39938725441536,-116.83088334954816,-116.22319972368545,-117.14275575437522,-116.85839220218922,-117.72266345899268,-117.20384198902903,-115.43543410634587,-118.15242450106525,-116.52714640188532,-116.13649810373747,-119.34252873762637,-118.7819987272562,-116.83524781762193,-117.17774474662397,-117.67818643229087,-116.93256297158104,-117.13599452360312,-117.94744915133069,-116.84048973057622,-118.4607703140078,-115.62414866255943,-116.93287368127093,-117.1464591102237,-117.02442479451722,-116.58842337054382,-116.86314179698475,-117.38911820870248,-114.7935834214815,point1,-117.11126330835073,-117.13599452360312,-119.34252873762637,0.8513057468450032,0.06802168931155225,0.7853708104935095
HDOK,PLOK,17472,45,45,-129,-13,11,2,33,-115.16659057363007,-116.58730795571817,-117.0110774320387,-117.9075096221464,-116.06515585973145,-118.44295698326735,-116.77332472363753,-117.27786786512308,-117.80433427564081,-117.98881371149314,-117.06550248955472,-116.86366128880641,-118.1060674293223,-118.06578947762951,-115.18943516886516,-116.75750808796157,-117.19887768565819,-117.0102672381015,-117.75216829608381,-118.20061063306441,-117.7678010678881,-116.65749476746575,-117.45455722666888,-116.81397296308549,-116.55690182863468,-116.66663099063695,-116.74093701401763,-116.74082220104992,-117.89160026397087,-116.85153947276582,-116.55720146798593,-116.8583329670708,-117.89506172757557,point1,-117.1117479017058,-117.0102672381015,-118.44295698326735,0.5952347960649673,0.552150243951595,0.528450017123633
HDOK,PLOK,17472,45,45,-129,-13,11,2,33,-116.97506782264361,-117.3967058006825,-117.03699329261327,-116.5367913706937,-116.29546189907173,-116.50303200567639,-116.06509301832023,-117.99365696199295,-116.59867998557715,-117.65736402010407,-116.7627465151984,-115.80263680265776,-117.38189439046033,-118.27832933779962,-115.3229683082334,-117.09657928180359,-116.25424930799502,-117.324538355066,-115.44246352606235,-117.74591322788032,-117.0513781500761,-117.06602392076076,-116.56067981818468,-117.78159474390581,-118.11674773417322,-116.52704563468122,-116.74508265493364,-118.51174496794322,-115.87744549443615,-114.60667438124,-117.8550770291579,-116.6704155058004,-115.39928002655542,point1,-116.82546531189037,-116.7627465151984,-118.51174496794322,0.8280111781163898,0.3037939225231107,-0.19027593601404513
HDOK,PLOK,17472,45,45,-129,-13,11,2,33,-116.80852586417602,-118.34901183231953,-117.16657202426683,-118.21343361915581,-116.17860898801074,-117.60511267518196,-118.32889637188896,-118.89717606215876,-117.12514093084329,-116.82314429291844,-118.7602408128355,-115.3720212073269,-116.46206380798857,-114.71685350709753,-117.76700771999148,-116.86137479080082,-115.30461479343418,-118.80606358024761,-115.34996735418495,-116.6590859002574,-118.20317683930597,-116.81577689854218,-118.71052460049488,-117.70317654089315,-116.11151837970407,-114.7270694504906,-117.55207407009587,-118.83634417189481,-117.1010615245266,-118.36960068587595,-116.55829853725284,-116.5069389057925,-116.22214117219822,point1,-117.12038236097433,-117.1010615245266,-118.89717606215876,1.4432930759861464,0.2796551378889175,-0.7578476250923956
HDOK,PLOK,17472,45,45,-129,-13,11,2,33,-117.79417663179038,-118.15267663707307,-116.58702216042843,-116.17802921158014,-116.90566039969713,-116.57636825350792,-114.89601003942737,-116.84536176022516,-116.70215822208208,-117.70561294416876,-117.82595267138974,-118.16015150672679,-117.94334255147488,-116.04620658060891,-115.5291183296786,-115.98588992129308,-116.55604543871732,-116.52724167095101,-118.36032995323993,-119.19828461366045,-117.00787731632239,-117.48933981968332,-117.45510178153624,-118.29907269082383,-118.11328902860024,-116.78555467284599,-118.10704332922664,-116.3979892060035,-117.349174658849,-118.25452287264349,-117.05020537773463,-117.67348784719478,-116.13467019955858,point1,-117.1694838878407,-117.05020537773463,-119.19828461366045,0.8822655411255204,0.20014185901176143,-0.2560040185841097
HDOK,PLOK,17472,45,45,-129,-13,11,2,33,-117.34624799456567,-117.42926417951735,-115.71180538607912,-118.0793661988995,-116.00555009131892,-117.19636364143365,-115.90225822864348,-117.3069133057018,-116.06218567519112,-116.57381973477544,-118.36885558220865,-117.03147991549133,-119.67237135943108,-116.0086022152964,-117.39057403210296,-115.8946266111036,-116.26014763873036,-115.79147680221166,-119.169990884939,-117.00313589542314,-116.26331092104718,-117.77560775182833,-117.2415470485908,-117.13096787628945,-117.28078569317933,-116.64190049767194,-115.65689571086222,-116.7046780244469,-117.38744411537346,-118.53156752650725,-117.22561423217597,-117.29358290958842,-117.1465378591493,point1,-117.04501441029622,-117.1465378591493,-119.67237135943108,0.9246169393968857,-0.7388233546521527,0.6110233104670764
HDOK,PLOK,17472,45,45,-129,-13,11,2,33,-117.01506425482648,-117.86801886935353,-116.298231208659,-120.40288112249631,-118.99601142640425,-116.26993153513315,-118.09439453921381,-116.55531819525659,-116.8614676103955,-117.85953416547052,-116.63498165806037,-117.23461653851692,-117.41104312589815,-117.28969637237856,-116.38583189128259,-117.3966232985129,-116.78306320410087,-118.68149073417342,-116.0168039313606,-113.88904540932207,-117.1772385187258,-118.81348814197055,-117.08703669727373,-117.38882519609196,-119.2712526173469,-116.5818230393972,-115.64603249550171,-117.43292947769145,-117.3116587199485,-116.82670675122354,-117.06551933191963,-116.47151523637632,-116.19731648744308,point1,-117.1883452061129,-117.08703669727373,-120.40288112249631,1.3548048414918625,-0.23879998130993213,2.081301738186133
HDOK,PLOK,17472,45,45,-129,-13,11,2,33,-116.77111799674923,-117.851236131018,-118.58199570879657,-117.09223555769816,-116.69097315604292,-117.11159649588069,-115.87486050388198,-115.93490328635579,-117.13836071821244,-116.06126186425874,-117.66327837467534,-117.39396508393035,-118.49035841713999,-116.57661419473226,-118.18522638250042,-115.76869797361061,-118.44680778765533,-117.11776170246401,-118.12735743570678,-116.6929673799595,-117.99472417270236,-117.06387841921324,-116.92452192121686,-118.12078943346437,-116.23520293137761,-116.63390446891064,-118.94543243443681,-117.9968810549219,-116.69226254073317,-115.98928656856981,-117.01404500800477,-115.83165466798924,-117.11506073527941,point1,-117.15543092448756,-117.09223555769816,-118.94543243443681,0.7738174804876357,-0.2082308232845261,-0.900809043341857
HDOK,PLOK,17472,45,45,-129,-13,11,2,33,-116.97198664570428,-117.88769034582727,-119.39405579763616,-119.24805847365387,-116.39851218822939,-116.70082430112888,-116.40122521185653,-117.18093147584541,-115.20712089114083,-116.5349005148207,-116.31515598765732,-116.84908792267044,-118.05103004313021,-115.41366420232717,-116.92645792325341,-116.93425064437058,-116.1923190116883,-117.82967574160642,-116.13429255603121,-119.12223994262271,-115.61989073069984,-116.0100681150187,-115.41007138516181,-116.78006820270988,-115.2636097343359,-117.15870110125098,-115.78269942057622,-118.0685369634133,-116.38242164579407,-116.44441056011607,-116.97547724252617,-116.44392209686461,-117.18071584701845,point1,-116.82466887474811,-116.70082430112888,-119.39405579763616,1.142633288296141,-0.8129263866395986,0.4445268219080183
HDOK,PLOK,17472,45,45,-129,-13,11,2,33,-118.52229899790248,-115.92334790530694,-117.51248247693661,-117.41356690628278,-116.01317647152206,-116.6989611728065,-116.23426872781044,-118.555840284645,-115.56925763826443,-117.01794936852686,-118.10799377356413,-117.70250708098804,-116.77497199388363,-117.05482676101519,-116.98380044297265,-118.16275708312477,-118.7035695154438,-116.88263383392618,-117.68529302890727,-117.045024954541,-116.04136640349608,-118.78906176456563,-116.87183726887051,-117.10918090720939,-115.42498961379088,-117.73692582627154,-117.35894206829461,-116.86437960212997,-116.46721076424797,-118.57332872541897,-116.12485282435418,-116.67894382818906,-115.34596323431667,point1,-117.08943973483412,-117.01794936852686,-118.78906176456563,0.9079617283690344,-0.08262169145507994,-0.7236291994409134
HDOK,PLOK,17472,45,45,-129,-13,11,2,33,-117.38018512889079,-118.11120400214095,-115.97774222861209,-118.6746782292084,-116.40459835407114,-115.85203820503465,-115.41661025648654,-117.9277030798201,-116.2851732011202,-117.26987689701585,-117.32588425423597,-117.76415631069119,-115.26094058424886,-116.78112172929043,-118.46782014153081,-115.7744899433876,-119.64362588302183,-116.85720699300478,-115.9280981714398,-117.4730892378345,-117.491951060104,-118.98661961375345,-118.48124446495741,-114.25523509237661,-117.58773310844045,-119.27407093569245,-115.6025588371418,-117.83807994416459,-116.16158237211422,-114.81986330702689,-118.97356237936502,-117.4069720131985,-115.38049617879071,point1,-117.05564279206702,-117.32588425423597,-119.64362588302183,1.8417912966545904,0.04508782420886137,-0.8005837496549253
HDOK,PLOK,17472,45,45,-129,-13,11,2,33,-118.2957336369227,-117.63324811956616,-116.42320081090298,-118.81129046631604,-116.4012980073298,-116.15742732500111,-116.56329203114522,-117.14479565107455,-115.9321403800275,-117.00022809669005,-117.36897198488481,-115.90881766583766,-116.5499238051693,-115.71280903282704,-115.97903059204191,-116.01850813650371,-118.50230308690071,-117.7292675422273,-115.7117315948805,-117.47460043222398,-117.51179884856887,-116.08363991043836,-117.70399450621926,-115.40303198312729,-116.16385928917636,-118.40047372342174,-118.46664935570014,-114.97596832176309,-119.49780701359963,-118.64529077789354,-116.9372437555823,-116.98094974179821,-117.18849083994557,point1,-117.008418680779,-116.98094974179821,-119.49780701359963,1.2126866731083392,-0.333801993057163,-0.6689560177209475
HDOK,PLOK,17472,45,45,-129,-13,11,2,33,-117.64974697259468,-115.80383022355488,-118.04944717308078,-117.92258196362161,-116.10416998860347,-116.02693801339137,-118.5968297028631,-115.66216211906921,-116.89239831685643,-118.40324366066662,-115.80487953769766,-118.16785352682619,-116.19588424891013,-117.47388054776914,-116.45883395021559,-118.07508054834535,-117.6095608193068,-117.81167652202409,-116.4425474000351,-115.33835429339086,-118.09919042720625,-117.21393045683568,-115.2173478080369,-117.68626456080625,-116.64583637186699,-117.9482599233637,-117.01123219235681,-119.05580514543378,-116.06921607834235,-118.75680148931012,-117.78148756985665,-117.08539915259298,-118.2178512683128,point1,-117.19025824161041,-117.47388054776914,-119.05580514543378,1.0940196834284928,0.2382325476023767,-1.0718790074145992
HDOK,PLOK,17472,45,45,-129,-13,11,2,33,-117.35114916412891,-116.43062414597682,-117.30630795916338,-115.1680114121511,-116.32558910520187,-115.89057287366025,-115.01704079552496,-116.44061579152383,-117.01620185924332,-118.94061027805115,-116.46614880867023,-117.64085253097947,-117.85519988198038,-117.08125914053224,-115.73943701260676,-117.13687726926291,-116.85266429614705,-117.99327209809547,-117.76704227832744,-117.55857921509079,-116.80955500511341,-116.13648969140989,-115.66153045071611,-116.93268602938758,-116.90689258490113,-118.63889517947533,-118.02105607400958,-116.63024912915928,-116.90449766698484,-117.12631223146136,-118.08375486631817,-117.03810695032324,-118.53722477781905,point1,-117.01228201676962,-117.01620185924332,-118.94061027805115,0.8653183932943064,0.08041632517555776,-0.1448175867926813
HDOK,PLOK,17472,45,45,-129,-13,11,2,33,-115.4698441931807,-118.01443485089177,-118.33271924347585,-117.26043750408833,-117.42126333516609,-117.73745193880713,-116.1428077505689,-117.69927009108751,-117.47717306423766,-117.7330446378422,-117.37195803133568,-115.17961942837584,-116.14751457776875,-117.62735670795563,-116.48281769777236,-114.8797668636379,-117.23223202339514,-118.23454661050238,-117.24257925086475,-116.6547286897473,-117.92944857095127,-118.75422384174603,-117.55486418963743,-116.54731984860513,-117.38925984589241,-117.64056028300438,-118.80143580274496,-117.79648345556362,-117.89514476687921,-115.91309363099876,-118.37869240199939,-116.13229260503553,-119.3924328702394,point1,-117.2868732910303,-117.47717306423766,-119.3924328702394,1.0774429210536576,0.4814846915688801,-0.017846361976740166
HDOK,PLOK,17472,45,45,-129,-13,11,2,33,-116.86648004756061,-118.03154892123338,-117.77553795940932,-115.84210452818422,-116.80736111867,-115.98904542691169,-117.70398589624736,-117.2734314093128,-115.72004784191274,-116.9115117879352,-116.28121579364,-116.84550796844658,-117.36749304365054,-117.344212722103,-115.64191157354064,-117.61635157741819,-117.08577703919468,-116.96508514576558,-117.43434162556332,-117.58316270369626,-116.84200834568892,-114.44898532727096,-117.9358229039416,-116.92118566206672,-116.05926106436884,-115.79097795827381,-116.80395303782555,-117.86313872418725,-116.29252466699538,-118.0751733173858,-117.52462789302704,-118.75632068655415,-116.68041866519916,point1,-116.94183370858127,-116.92118566206672,-118.75632068655415,0.7699103569287783,0.5607770816561559,0.6297629870961017
HDOK,PLOK,17472,45,45,-129,-13,11,2,33,-117.17219312859136,-116.25499732642234,-117.45689632257289,-118.01483427543403,-116.32823949981285,-116.91506947194429,-117.11296305153436,-116.47587763503064,-115.539236033097,-116.5159693057731,-117.60417746753599,-115.49927742681403,-116.63634343462174,-117.39714328024466,-115.11498692991854,-117.29125163784622,-117.4077313873895,-118.5556246670616,-117.4735959558387,-116.44493163885998,-117.66666699796194,-115.19315180459104,-117.85333467559876,-114.9319953787032,-117.74053206008234,-115.17572576684799,-116.52652569326398,-116.53535296808666,-117.36652674080891,-118.05051041744265,-118.00443368234117,-116.91831100505463,-116.23419771287816,point1,-116.83056378121226,-116.91831100505463,-118.5556246670616,0.8946729041941435,0.4411212411953616,-0.6068796158409517
HDOK,PLOK,17472,45,45,-129,-13,11,2,33,-117.54167155734093,-116.64559023240881,-118.15977640902837,-116.81481877539103,-116.84170489110618,-117.44112596214899,-115.99433835419457,-115.56127406067831,-115.27115820068553,-116.90870306697083,-117.64771478297025,-116.9861874564461,-117.60682395396867,-116.4850438040643,-116.42789759372947,-117.16846034930958,-117.90491539141387,-115.93382742225472,-115.82750243364872,-118.17293343764882,-116.45627356789923,-115.79580939987021,-116.29382519418016,-116.21719888904593,-116.4293460883826,-117.4614214922114,-116.93496580335614,-116.41391517988554,-116.39424594261074,-118.1576808654112,-115.87275190030073,-116.37779584363187,-116.68965141467908,point1,-116.75261665808705,-116.64559023240881,-118.17293343764882,0.5877788640059307,-0.266935371749108,-0.6643552095945946
HDOK,PLOK,17472,45,45,-129,-13,11,2,33,-117.0230748134046,-117.32230133982942,-115.76683490356783,-118.4605415169198,-117.14512216973975,-116.77461454728868,-117.45315946733527,-116.33314170151452,-115.77815496334293,-118.81799070912176,-117.08391690207236,-116.8791972893169,-117.2263642683456,-117.3521617582582,-114.37885148512377,-117.42823644253258,-115.8037128674595,-117.60533180807144,-117.71848066623504,-117.1343627298681,-118.9257222427311,-117.11760234919626,-117.23811188146928,-116.09501620507663,-117.92094046452651,-117.84137807168682,-115.43215250960426,-115.38783053278408,-116.65771832033558,-116.27058140587943,-117.53237957711131,-115.00297648175379,-118.68566993667001,point1,-116.95738279782341,-117.1343627298681,-118.9257222427311,1.1446725595843552,0.3272873006282313,-0.05075717315000139
HDOK,PLOK,17472,45,45,-129,-13,11,2,33,-118.96179138027841,-116.23320302042039,-117.08900616149856,-118.08211288478215,-116.49170523340022,-117.32635969524937,-118.07863452847737,-116.57533434880034,-117.19082038302355,-117.15238566995832,-118.50709248974371,-117.92088885375505,-117.84352832701649,-116.46010190227095,-117.79069298736779,-117.07347012333,-116.80364679356833,-117.47247599617383,-117.17474554846234,-116.18032298154907,-117.21698624098863,-116.93166964145648,-118.13364866037169,-117.56460326587279,-117.22200585071083,-115.16508198814826,-117.82096116036733,-116.33132635256645,-116.95783942321995,-118.13681459533122,-116.48677825319054,-118.90119391046198,-117.90483286575686,point1,-117.30854731871423,-117.21698624098863,-118.96179138027841,0.6710033875986059,0.15209027058758562,0.23071312287080303
HDOK,PLOK,17472,45,45,-129,-13,11,2,33,-118.39427862110212,-117.2494691485705,-117.75217491870988,-117.77407662162742,-116.66583884046076,-116.63814316500141,-116.78489819342282,-116.32320383394934,-117.54327087149018,-116.49209684940357,-119.125743980312,-118.64858663145657,-116.46197846036814,-115.80871597346105,-118.7215885870856,-115.53247978840616,-118.2614227041768,-117.43728702053204,-117.9772327913865,-118.21364547628119,-116.34219069795051,-116.75687524400293,-117.88958177375211,-117.38283986580197,-116.5276228488605,-116.22612005192586,-116.9550566252186,-117.23689491823585,-117.16562579495614,-114.56305896664253,-118.10139993796503,-115.52875439383328,-118.09134391654732,point1,-117.1688938640272,-117.23689491823585,-119.125743980312,1.04992966314599,0.3127322909784377,-0.11534775388905283
HDOK,PLOK,17472,45,45,-129,-13,11,2,33,-115.99589140608497,-117.79007369256351,-118.06816901823244,-118.03007268593787,-116.32485932824308,-116.27364740744498,-117.29890915820421,-118.82574087952206,-118.3260728821445,-117.55546444249977,-116.66337767907368,-115.72068306311179,-116.16142698582529,-117.06186433093303,-117.41811533195805,-116.51452315425024,-116.24087033726244,-116.89590682569326,-115.94948070908715,-117.65230100823162,-117.07418530334326,-117.06252253000582,-116.85427000929063,-117.01017240071636,-115.88364566933438,-118.11922372822173,-115.8663105600724,-116.8561653370613,-118.09087429440801,-117.86143534889729,-117.7001133265955,-117.16284799179094,-117.98085564660545,point1,-117.09969916583779,-117.06252253000582,-118.82574087952206,0.6730212150888929,-0.04231164993778932,-0.961733074242372
HDOK,PLOK,17472,45,45,-129,-13,11,2,33,-116.20820982321493,-117.70097261454885,-118.83794128343828,-116.35675597444835,-116.17413640517904,-117.99508086808,-116.87312208278149,-118.30243513889177,-116.80478515771298,-117.42175093263698,-117.51096945127973,-115.47372784340824,-116.46754993369947,-116.83048145263734,-114.74669655530514,-116.73611239174018,-116.93388059266042,-115.66729642089824,-116.5664632905359,-117.03298050231926,-116.88355432432671,-117.66039646012727,-117.90623857805359,-115.26509023708647,-115.65312246322128,-116.50430972522923,-118.20011957978795,-115.06881961192305,-117.31584650648611,-116.31556052331788,-115.70849594996596,-119.14106178319855,-117.16944459017364,point1,-116.83131542570648,-116.83048145263734,-119.14106178319855,1.0894107753621827,-0.12569233772477598,-0.2778715986701896
HDOK,PLOK,17472,45,45,-129,-13,11,2,33,-119.59070988098888,-118.04057361191963,-116.8571375919237,-116.29515386761027,-116.96998466908873,-116.23918219691748,-115.45202363820343,-116.43303913996124,-117.71019288615467,-119.03712078722616,-119.05902106872905,-117.83799548424972,-117.7028952958006,-116.59324721417659,-116.4009642550215,-116.1595564094448,-115.27721142581639,-116.6538101345773,-118.75089305761314,-117.36128773008745,-115.89794473767036,-117.09986092792396,-115.9853952540324,-116.79527552193596,-118.21573671783813,-116.63915061151171,-115.5359162934645,-117.2998873350859,-116.26593610858082,-116.2542738658229,-117.52348582977056,-116.37573709350382,-114.77542173143765,point1,-116.94200067800271,-116.6538101345773,-119.59070988098888,1.2711491717994783,-0.51700181544113,-0.07911432072454794
HDOK,PLOK,17472,45,45,-129,-13,11,2,33,-117.12420793468858,-119.82908912415851,-118.20064880201885,-116.66137055401464,-118.02725437983811,-117.97631578399952,-116.14590045246752,-119.00591062825306,-115.44720906612255,-118.51366370440802,-116.23338711050371,-116.1906053793457,-118.62522777426189,-116.81451075100311,-114.666854592128,-116.64041465785881,-116.0439389604621,-117.20021656127776,-117.4853885345284,-115.45587084643859,-115.62766609559377,-116.97822201424157,-116.40525857780618,-116.11796231211278,-115.20382572248367,-117.13351394072647,-117.08220777156934,-118.35096829048621,-116.19453141540725,-116.31119040723934,-117.55809541324298,-117.80498963238364,-117.57432147644292,point1,-116.98881026265194,-116.97822201424157,-119.82908912415851,1.351658531335839,-0.29057401444130176,-0.20169794475796365
HDOK,PLOK,17472,45,45,-129,-13,11,2,33,-116.94129075241027,-116.74823300031593,-117.19633436821259,-116.08825843551341,-118.08419325559403,-116.98840590942868,-116.46347636375567,-117.63111457753956,-116.99976633151647,-117.10140898479277,-117.18112536232566,-116.57010075576542,-117.1515568214979,-117.14777581067453,-115.56561245394731,-118.25330107166921,-117.47937141784067,-117.7703441617305,-117.12534133888127,-116.6353213015277,-116.70898190467251,-118.05708032623818,-116.97364045201444,-118.79930345152471,-116.82668517506734,-118.04536607269107,-117.96353970553152,-115.939440583201,-117.69061739308837,-115.92219103010567,-117.726826295128,-115.76270368426582,-116.92998773518907,point1,-117.10511200859568,-117.10140898479277,-118.79930345152471,0.5644157767440995,0.03348625576705895,-0.22201518070117077
HDOK,PLOK,17472,45,45,-129,-13,11,2,33,-116.57857197582153,-116.40653650079204,-116.65882600021573,-116.54547579697507,-117.94792451749831,-116.9275363370617,-115.99428929884712,-118.36867607506295,-118.25938209989617,-117.53169548058473,-117.4743540126663,-117.95826495774674,-117.11724292066512,-115.63643663385378,-115.5337932120168,-119.54336304635052,-116.42077966191627,-114.95693057235628,-115.89216343014283,-116.34253350376298,-117.38033023484881,-115.98027142420823,-118.51507671809445,-117.805222368492,-116.89779196459865,-115.83018659532127,-116.82219068807404,-116.4223180666487,-116.63682359245242,-116.97818349805303,-116.20757482551613,-116.68116435037395,-114.46932657142219,point1,-116.80973445249504,-116.65882600021573,-119.54336304635052,1.0987358854830254,-0.2991994877474695,0.4774687106034765
HDOK,PLOK,17472,45,45,-129,-13,11,2,33,-116.4778019453705,-116.09118135487986,-115.84275001744261,-116.04673854438362,-115.61365980644389,-116.13357080238642,-117.83460870963995,-118.27217989155055,-116.99619357165884,-117.90073793120455,-117.9529138962432,-116.0140404448596,-117.08108652451722,-117.76649181578705,-116.10996844982736,-117.54868592771619,-117.77309420687934,-118.91870678379466,-117.1019183852408,-116.4029887624914,-116.89026130766118,-116.2591808460242,-115.97427680706997,-116.0876576942532,-116.97499982092536,-118.14893471584233,-117.95562444499672,-118.59364652621905,-117.1506898311717,-117.07754556333371,-116.9081426565203,-117.51498559309174,-116.88923958501846,point1,-117.0395303989226,-116.99619357165884,-118.91870678379466,0.7527562224321994,-0.2558111177095454,-0.9007427794843799
HDOK,PLOK,17472,45,45,-129,-13,11,2,33,-117.97725743817105,-115.15931523365583,-116.91032835759688,-116.96365836172939,-118.51622381341289,-115.52587030652222,-117.45261577073346,-117.05512724217152,-117.29684291057596,-116.98194207826785,-116.63826921561358,-116.91069777239657,-116.55870378039397,-114.83361455728313,-115.70196190711064,-115.42668081365642,-118.14701291456217,-117.4432275710335,-115.75594869603992,-118.08436567477331,-116.36690012638005,-117.91668374892065,-117.15127122524754,-116.91985789818598,-119.81741653279676,-116.60532795115628,-117.26394013426913,-119.02245923708826,-117.36190825391091,-116.71956849696068,-117.01637409528745,-117.48390401662954,-119.308837063635,point1,-117.0998216120051,-117.01637409528745,-119.81741653279676,1.257984027360264,-0.24214017982831987,0.3123105539621265
HDOK,PLOK,17472,45,45,-129,-13,11,2,33,-117.1721788269105,-116.0887323810376,-118.42508292481547,-117.98031867102725,-116.76134522324678,-114.83553410218873,-116.7353626556721,-118.93036876172756,-116.94485447696196,-117.7618008773522,-116.73687261556925,-117.19951075320569,-116.79732923756339,-116.69980151685307,-116.4250120809912,-116.01905673171393,-117.14827008954032,-115.77716349261657,-116.59402470245375,-116.63866047171747,-116.79793543742547,-119.22523147646932,-116.28986586337116,-117.02471874364295,-117.88955088897461,-118.35094108798612,-116.91638262080728,-116.4873527783425,-117.66193665120537,-116.9263163239749,-116.43862068888416,-117.97924762440668,-118.32536667623414,point1,-117.0904468925724,-116.91638262080728,-119.22523147646932,0.8456716502825463,-0.28174651345926904,0.3887943872025499
HDOK,PLOK,17472,45,45,-129,-13,11,2,33,-116.8465155040159,-117.07245189672335,-116.69546011060116,-116.92467800179948,-117.29301175719945,-117.04581541988493,-116.36721515443425,-116.2423078810614,-117.59008010318287,-116.8745296735797,-117.0015263403432,-117.10440508773357,-117.24626149403274,-117.12119233450532,-116.50507687963616,-117.1693856414765,-117.50265140067386,-117.60520124204248,-116.0138546585817,-116.97878284359345,-116.5150692517755,-117.66337850504944,-115.2991886952367,-115.25472259876832,-115.89432486106661,-117.62544242189396,-117.1318291498035,-115.84220449010006,-116.47819515341375,-115.26011323621903,-116.50299258969073,-116.86833788237017,-116.63293331678588,point1,-116.73239804779622,-116.8745296735797,-117.66337850504944,0.4371615580691877,0.8006213593870044,0.09670601192943673
HDOK,PLOK,17472,45,45,-129,-13,11,2,33,-116.43310386837405,-118.91417465037256,-117.59278832671706,-115.47875077112062,-117.33463959344957,-116.32000680358051,-117.41333075935063,-118.18538772273826,-117.6983918159562,-117.33041262233382,-115.96131237804539,-117.35595090393176,-117.52527029400231,-117.50430894754516,-117.17015778443616,-116.26713751461624,-116.31142150205855,-115.89015334636218,-118.19769502804934,-116.99891378348576,-118.27060443265367,-115.46121461925506,-116.62077199851385,-115.59533334893469,-116.97047832689566,-116.16204226854813,-117.14502185514685,-116.18240663148529,-117.64221969558002,-117.65548351200135,-115.44100604451965,-117.9332840262911,-117.01488843097184,point1,-116.96903223052493,-117.14502185514685,-118.91417465037256,0.8013465551237098,0.05904307152056356,-0.7268565518273995
HDOK,PLOK,17472,45,45,-129,-13,11,2,33,-116.27769478932706,-115.79748732324842,-117.34004352317324,-117.61448073459825,-117.82482111607682,-118.21083465666885,-117.3272211027534,-117.34204297868811,-115.87987694265313,-114.84011134144085,-116.65098646121801,-118.55000309669437,-118.57123006292326,-115.90978391488812,-115.46819846158341,-118.45073812485268,-117.43095828589844,-116.67554488161764,-118.17011355628252,-116.5596311320357,-115.68001397109146,-118.44134322715632,-115.9953486237226,-116.09169301607403,-116.64238682617233,-116.95326641148404,-117.24717057262308,-117.58118185459848,-116.65430128377514,-118.44382545445548,-117.12125144790511,-117.50887088519086,-117.70812444811531,point1,-117.05941153057533,-117.24717057262308,-118.57123006292326,0.9783016691896446,0.2243982279782531,-0.766419178752693
HDOK,PLOK,17472,45,45,-129,-13,11,2,33,-115.61824449186031,-118.00295346803617,-117.20688119317303,-116.35880107574341,-116.70161740780834,-118.56596733799101,-117.2372101089025,-115.78995010800787,-117.0121685426617,-118.4080937215605,-115.33266786904856,-117.9365345584703,-114.93508762262374,-117.08669419081794,-116.11241792492253,-117.41426772900962,-117.07693617115463,-117.6627307603127,-114.59347802313154,-116.20257625232094,-117.41548193472649,-116.0772119955419,-117.85079313577566,-116.56078300716001,-116.13533062212234,-117.25428548759754,-117.29454991883378,-117.60928378864449,-117.24324405368435,-116.88323099019131,-118.53041572313592,-116.7823967084071,-115.90931248591956,point1,-116.87277570937265,-117.07693617115463,-118.56596733799101,0.9546369069841013,0.3615151677589583,-0.235747137187317
HDOK,PLOK,17472,45,45,-129,-13,11,2,33,-116.73354296637277,-117.04420232321795,-117.36624076720301,-117.93558370278738,-116.32186787953042,-115.97244637379639,-117.49451745209359,-116.89160797913327,-116.39384188673758,-118.10936975925337,-119.59887599456533,-118.139928344951,-116.72324098872924,-117.49865655222999,-115.88353719024157,-115.4654905295671,-116.9335554411042,-117.35834330669178,-116.95471427640783,-117.59158877213926,-119.03485110063698,-117.21630136139515,-116.02828624832624,-116.98433846339456,-116.72217992807538,-117.2013336139745,-116.56950414779195,-117.20217080382147,-117.34363896984861,-118.19459281638794,-116.06549263094986,-116.19540945282708,-116.18637027524069,point1,-117.07138249392192,-116.98433846339456,-119.59887599456533,0.7864519871096941,-0.7666686534980165,0.9720494118608545
HDOK,PLOK,17472,45,45,-129,-13,11,2,33,-118.26724778617681,-115.8229130201926,-118.66012749536526,-117.36842354908758,-116.99263609147387,-116.02277149656128,-117.44868895259567,-116.55172853517868,-117.61650132857054,-116.7050968657479,-117.1220906350931,-117.95844868419252,-116.64659694170082,-116.07162538963078,-117.7205096330418,-118.22361986934516,-116.02642165124601,-115.55336787710274,-117.98891026716935,-115.56724987416,-117.65176392899438,-116.31499532140879,-115.5350177926807,-116.0391092648439,-115.26146566447069,-117.13149436207877,-116.66358581841058,-116.83744118731722,-118.3780482024779,-117.1468743650143,-117.49943564307081,-117.76462820455582,-116.6864901179494,point1,-116.94682805505775,-116.99263609147387,-118.66012749536526,0.836912820761253,0.048716574365844166,-0.9683898981692551
HDOK,PLOK,17472,45,45,-129,-13,11,2,33,-115.41085108065955,-118.03110586529368,-116.93789951224232,-116.62226206240742,-116.75367274937182,-116.13039684493725,-117.65033458564139,-116.51389785763966,-116.33397352229939,-117.00364303054451,-116.91711505630201,-116.45361278338224,-116.80789272108856,-118.19490188382507,-117.0651164256267,-118.68053466209399,-116.98952580508316,-119.26336090323932,-115.9398016330002,-118.1232942249339,-117.40970739849637,-118.04404522437217,-116.47172029419252,-118.51321248489684,-115.26873314908045,-116.80677227051316,-117.41713906332079,-116.15726165900898,-116.1855156088263,-118.36561076971503,-118.06973844903483,-116.2043735473916,-116.2499918723569,point1,-117.06021257578237,-116.91711505630201,-119.26336090323932,0.9168553670561691,-0.36030089292907036,-0.49098396519999854
HDOK,PLOK,17472,45,45,-129,-13,11,2,33,-117.01752953677858,-115.99656039338771,-119.22860441142244,-117.61316684866888,-118.45236149300254,-116.40182420248497,-116.91349964553312,-118.389779603078,-115.72720106422781,-116.98757305587813,-116.28291545006628,-118.43504644379394,-117.29047458182342,-117.66466889323557,-116.95057894327776,-116.37593058474557,-116.47983424163846,-116.08749097875777,-115.07702493728722,-118.4527886397591,-117.66792342061456,-117.67338864094582,-117.8834807626069,-116.73696026639,-117.20087214236,-117.04630615687262,-118.97817809634836,-117.47300586159595,-114.15390723336786,-116.1237383996274,-117.8564544142348,-117.08950184332147,-116.25304446849897,point1,-117.08974592895854,-117.04630615687262,-119.22860441142244,1.1699981136720294,0.3345243101679673,0.5001873561834542
HDOK,PLOK,17472,45,45,-129,-13,11,2,33,-116.84202421606457,-118.07577894893154,-117.27076880222673,-116.80245502987668,-117.24761109397828,-116.83405172439728,-117.44885246911949,-116.25404828489714,-117.1806291620004,-115.71531299895011,-117.5053988806856,-116.15711701977031,-118.78359673057693,-117.76394421708358,-116.25342493610056,-114.38825574804912,-117.97473197533515,-114.94713463041204,-116.55194263340101,-117.39326083600541,-117.20072345715955,-114.45761770734183,-118.46249612194657,-117.12474483597266,-116.34664969787184,-117.1352341505793,-117.80777829863338,-117.18799723544774,-115.42787849422925,-117.41481465512739,-115.93062255991543,-113.8408332964914,-116.35242746292528,point1,-116.72970176701527,-117.12474483597266,-118.78359673057693,1.303660446057372,0.7650607980821806,0.39771944750641897
HDOK,PLOK,17472,45,45,-129,-13,11,2,33,-117.15114127866967,-118.05497530758839,-120.04651585344071,-117.40405726484249,-116.15896094915317,-117.80588580180961,-117.16112750523546,-117.454888276291,-115.57780030620597,-118.57304618472224,-115.82791281628096,-117.71098045764323,-117.03584251921785,-116.6098455260088,-117.4636070783154,-116.1807636862537,-116.47569846682512,-118.13057424219107,-117.68031090424965,-117.47721775561331,-116.83961734794998,-117.76528968577558,-118.4025155003174,-115.57495574401047,-117.27031710409035,-116.65651097494653,-116.8808847042909,-117.82919782905869,-116.59789646225843,-117.72874878218178,-119.16106391311084,-116.0938999664515,-116.62599893471275,point1,-117.25478936756707,-117.27031710409035,-120.04651585344071,0.9549467118465337,-0.5571427418697907,0.8087137988610995
HDOK,PLOK,17472,45,45,-129,-13,11,2,33,-116.14113205989699,-118.02097431629974,-118.47759641804075,-117.7466470858031,-118.81701910803483,-116.79336690369838,-116.96743479147747,-116.9859074637636,-117.20039782306858,-116.54168325995644,-116.60925781347909,-118.02220686170342,-116.62620740613323,-116.35350313431795,-116.46314739156023,-117.20707600466125,-117.0212558265237,-118.1427316021776,-117.05892027993295,-117.07725984286886,-117.5200729258501,-115.94393652961988,-115.6120391355642,-118.02247580542398,-116.04450960588781,-117.17105854622709,-116.39641336955015,-114.8356953366851,-117.25807789571437,-116.76275443518352,-119.34919526964691,-117.74967285067794,-116.6784181045424,point1,-117.07933470315065,-117.0212558265237,-119.34919526964691,0.8474652011857712,-0.19643954368593647,0.5463605939877794
HDOK,PLOK,17472,45,45,-129,-13,11,2,33,-117.9233199828898,-116.39583216119925,-116.83354575800249,-117.90756545977204,-116.92586611574207,-118.58861084258501,-116.2725164176859,-117.1466093848508,-117.65184202422958,-118.44140288625248,-116.4372616789537,-117.2060958385243,-117.51477520311342,-116.8765600841495,-117.5602712496695,-116.3584026474386,-117.30703379208859,-116.82469023054469,-115.55643893739197,-114.05289832870412,-115.58337900919881,-118.33540334169552,-115.6346028358203,-117.53990815246695,-117.52666926904804,-116.01032731120257,-116.7833286267088,-115.8219906546723,-117.29441083458339,-118.29756241333077,-116.63841730007309,-116.28827525855657,-116.01262420662871,point1,-116.89540721932646,-116.8765600841495,-118.58861084258501,0.9566525706379253,0.510279722655793,0.6614537415359503
HDOK,PLOK,17472,45,45,-129,-13,11,2,33,-117.24175277001358,-115.12691461859441,-117.78285379781715,-115.22302807928233,-115.7742319886966,-115.85203914974046,-118.6265079386676,-119.80479669493486,-116.69333176896416,-116.32783312300869,-117.35236430538455,-117.28052288217191,-117.35474724413909,-116.03389411289201,-117.12853280946182,-117.85105357160792,-116.99133291789612,-117.8294543215229,-116.44155157086864,-116.69880644218603,-117.18202112727239,-118.65811357326052,-117.63074945087854,-114.43808273472425,-115.02106094709268,-117.9911580909807,-116.18874784272113,-116.80786556839925,-117.14710365989731,-116.21819810500637,-116.92615921372594,-116.95164603546445,-118.32761285525498,point1,-116.93648694886454,-116.99133291789612,-119.80479669493486,1.270210696439769,-0.03843779791982223,0.39263719172683453
HDOK,PLOK,17472,45,45,-129,-13,11,2,33,-117.62191674679559,-114.72866651887855,-119.9835605211098,-116.88315108846396,-116.76029791182144,-118.31137258554554,-117.45754615254144,-115.79983629970287,-117.55377649528091,-115.50006009431371,-117.52345985836678,-116.4471425005694,-116.90788135498698,-116.94731163633641,-117.31279866967711,-116.28934417772741,-115.47950797131813,-116.24886737853069,-116.80300938553448,-116.81080227703264,-118.14481085269361,-116.80359907144755,-119.59474253434358,-118.79983859713883,-117.95968376931405,-116.71209629344325,-116.0550402195931,-117.48729707933194,-117.08069226819602,-117.46945862287659,-117.9487860316628,-116.34769898744324,-118.70298681896588,point1,-117.16597093245406,-116.94731163633641,-119.9835605211098,1.2602483073785204,-0.401038828647489,0.5423614630145943
HDOK,PLOK,17472,45,45,-129,-13,11,2,33,-116.81289025543008,-117.11136881402604,-117.12123817864885,-117.07763224712158,-118.5146158826556,-116.67094427873376,-117.81548906789384,-117.2074661525494,-113.78595995584303,-117.00006613142546,-117.64218102088364,-117.04861204028431,-116.47640454093015,-114.24111647595645,-117.15379911753503,-118.94953605832816,-116.50908582937443,-118.35881595505465,-117.22961088128108,-118.2584902438519,-116.04559642025012,-117.43444145586683,-116.10830268714017,-115.74327002105805,-116.10591104264007,-118.77879889918493,-116.52092866461417,-116.42691363906756,-115.57720805214029,-116.7708324691693,-117.14805930857035,-116.14666919016827,-116.6278248643011,point1,-116.86121454066603,-117.00006613142546,-118.94953605832816,1.2025031069216716,0.580551527706673,1.4164660475002315
HDOK,PLOK,17472,45,45,-129,-13,11,2,33,-115.89327816024142,-117.59803585652783,-118.20116678993315,-119.06412844499816,-120.22912056320004,-118.03955339954034,-118.96987923474235,-116.81646332303976,-115.00817662993506,-116.19070204762876,-117.28488176177191,-116.96014322537775,-116.9862156356005,-117.34698519383642,-116.82481381050567,-114.66251988666723,-117.10927843556307,-116.20517192727826,-115.7801267121355,-117.72409675688291,-116.51993224659168,-116.40544888958802,-116.65172869972939,-116.090557741587,-117.64773508923268,-117.21843058029782,-117.5750828687157,-117.32487224401147,-117.23658944803854,-117.51504007632192,-117.90360121755826,-115.48301296500824,-117.75512073112712,point1,-117.09763304827923,-117.21843058029782,-120.22912056320004,1.2671112191760858,-0.30460574590820305,1.0145492771573479
HDOK,PLOK,17472,45,45,-129,-13,11,2,33,-118.26968237378227,-116.63906257590787,-117.53762998290956,-118.86993263568982,-117.968216276104,-115.9568051170525,-117.82811567457692,-116.44041870687373,-117.72881866625134,-117.37833968506928,-118.36038806400582,-116.82513318813686,-116.61236512185604,-117.45176098008804,-117.93447820627914,-115.72161818889381,-117.01698034785827,-116.49445462551374,-118.00991173459693,-117.53062349311195,-116.01461324232152,-116.84807506266013,-116.39331329492661,-116.57954368713946,-118.47590639629163,-117.43723161078331,-115.7335572722657,-117.23390059996434,-116.62506067927004,-116.32730441343129,-115.98810299862635,-115.8244250478029,-118.10678861564261,point1,-117.095835108051,-117.01698034785827,-118.86993263568982,0.7580397550115509,-0.13295519518938517,-1.0403552643025074
HDOK,PLOK,17472,45,45,-129,-13,11,2,33,-118.48167095437893,-115.8616753792999,-116.86160707891833,-116.15561572000794,-118.39832469464902,-118.04340120239756,-118.29426746979468,-117.04824909515209,-117.98701974456546,-117.50128777884422,-118.23443628580125,-115.62569973561052,-117.06464625654483,-117.95040622877049,-117.06682552537308,-114.48267978561351,-116.48735229004403,-116.51582467333876,-116.58442195323707,-117.67615878498546,-116.94834092437293,-117.07745410255411,-115.81803124230703,-117.44328713316087,-117.04805141900025,-117.97637564722952,-117.31936473582273,-115.31574308671358,-117.5175283327239,-118.7044345431168,-117.19042780305428,-117.5691836084158,-118.1098842838865,point1,-117.16241446968742,-117.19042780305428,-118.7044345431168,0.9499932250130978,0.7432603379159886,0.35942379516003475
HDOK,PLOK,17472,45,45,-129,-13,11,2,33,-115.26873795893907,-117.45690037517521,-117.35170844878638,-117.68854690069782,-115.71606834640745,-115.48500912209485,-119.03817170311957,-117.07613577639484,-117.53768707848609,-116.69363601834404,-116.38758423792814,-117.41801939791738,-117.87160442537191,-118.41684977082264,-117.87244442844738,-116.65191488406674,-118.4382257904321,-116.6067329993744,-118.29996555666068,-117.13262180881203,-116.67205413573488,-117.41256020991312,-117.07336317286821,-116.75001477271618,-116.79224799281178,-117.69731697906785,-115.72439646932088,-116.90661253189867,-118.2793758071805,-118.92791699013708,-116.38459046802949,-117.87221650812201,-118.45237448705913,point1,-117.25313956221628,-117.35170844878638,-119.03817170311957,0.8914902548281896,0.16936476506867182,-0.41150875233556095
HDOK,PLOK,17472,45,45,-129,-13,11,2,33,-116.05297760037384,-117.56874782590913,-120.2495618685794,-118.11568894435298,-117.8530116818445,-116.52543346698235,-115.75625119982023,-118.8750121113484,-117.57123250456408,-116.84157364997287,-117.16239711837675,-117.81166622881771,-115.32942576040426,-117.08771714053375,-119.34262479178194,-116.98461734947422,-115.35654217422376,-114.58321648599876,-116.047912107622,-117.37620541481384,-119.02361126919837,-117.60530135139199,-117.2946714250008,-117.45250749943551,-116.90306362884458,-117.5764386227169,-115.13611026320633,-117.02989488685569,-116.9500214014538,-116.35944695919834,-117.10349915935717,-116.53636465190813,-116.3381779205371,point1,-117.08487649893632,-117.08771714053375,-120.2495618685794,1.4351993059378223,-0.3580741211911613,0.6709382279880813
HDOK,PLOK,17472,45,45,-129,-13,11,2,33,-116.76302316058123,-116.80158981320473,-116.10236987919,-117.90449304267185,-117.47676797662736,-117.99270293464627,-115.5622836766686,-116.41381855698809,-117.11728603422729,-116.95273734841946,-117.60066895894435,-118.72968899881403,-117.54667739071061,-117.47974081895728,-117.28301988483081,-117.13835101992368,-117.72691329496422,-116.55947001523057,-117.58537393785763,-116.8271176367801,-117.1095072985673,-116.35651003858659,-117.7505549988026,-117.07969195167023,-115.59850529822641,-118.89761335163622,-116.46826329117184,-118.00663089072121,-116.62611877430626,-118.44708066854656,-116.38507104721337,-116.16093520401965,-116.89680483239165,point1,-117.1317388492757,-117.1095072985673,-118.89761335163622,0.6377429552402817,-0.1848825033250821,-0.1563438592764732
HDOK,PLOK,17472,45,45,-129,-13,11,2,33,-118.40184659356595,-117.74260171753751,-116.90855149935328,-117.6294702499418,-116.58384995142983,-116.99611206445931,-115.15213676334763,-117.47475620285275,-117.47425344538323,-119.02775610893559,-116.20847287658724,-115.99121129535646,-116.29443073103612,-115.880346564689,-115.32377259787066,-118.15928516617092,-117.76650632846051,-115.55897646634766,-118.8502804784283,-117.78451481167723,-115.41196017165048,-116.07999977773785,-116.72814399619851,-116.81778639016875,-118.97161490250384,-119.52343747208633,-117.59144992305436,-118.79855984556029,-118.06312204761456,-118.61607630473112,-116.86405676072118,-116.49170582215675,-116.33889887871374,point1,-117.1971498244342,-116.99611206445931,-119.52343747208633,1.388233473014926,-0.11707139957807274,-0.9316465979780917
HDOK,PLOK,17472,45,45,-129,-13,11,2,33,-117.63888757948114,-118.4635100224289,-117.43709419176838,-117.96944725884555,-117.51259701459094,-118.77045296272136,-117.16030993767036,-116.06985518026413,-116.55011044622248,-117.11866009431004,-116.45787869589184,-117.20887957603573,-117.22955884436317,-115.97157046178408,-114.99471782462477,-117.81927589195966,-116.7309219020462,-116.60878025664815,-116.74664593156923,-116.35586339022319,-116.3659564261548,-118.94243438075385,-117.4180041894579,-114.67385879178775,-117.47200342745678,-117.50132100269425,-117.33063095080605,-115.79955022909456,-115.78501018426013,-117.875902122588,-115.16759208978847,-116.27391392594163,-116.32127618173821,point1,-116.90128701109002,-117.11866009431004,-118.94243438075385,1.002515250311526,0.15700225226076372,-0.09554995777276032
HDOK,PLOK,17472,45,45,-129,-13,11,2,33,-116.82701027115391,-117.00364569725384,-119.08077804158951,-117.13929450241636,-119.03203079953695,-117.10589920573877,-118.8162674278982,-116.3776688028854,-113.9705659010821,-116.88884782225615,-116.36899729241688,-117.22395042085341,-115.04715572305759,-117.74187256012486,-115.48387805552774,-119.4910065995216,-115.48134425484315,-118.52356535752726,-118.2731379603067,-117.2629221527503,-115.88648370855199,-115.2149061832541,-116.92809762573536,-116.80873436530158,-117.50414624171235,-116.4337905349718,-115.97652480687843,-116.37654754238756,-117.18349876982057,-117.7170592782583,-115.62438590291909,-115.04999170065298,-116.15306635797978,point1,-116.84839611718681,-116.88884782225615,-119.4910065995216,1.627563881544778,-0.1224119112914253,-0.19104112534540807
HDOK,PLOK,17472,45,45,-129,-13,11,2,33,-118.16435268533493,-116.26453321335829,-118.89830761426192,-116.771668402747,-116.50417347927004,-117.10238734606995,-116.13186609545613,-116.06953856375131,-115.83321261589005,-116.07145408530232,-119.5352549865219,-117.56622756708134,-117.32894294192592,-116.95235589481845,-117.7389800618672,-116.05357509216098,-118.68087948037953,-118.72590138721212,-115.68621932702779,-116.9449683682229,-118.33445254485508,-115.05915004186774,-117.91031658976257,-116.48102852684053,-116.49733194318274,-116.89191633353069,-114.83449705862526,-116.89800382541138,-116.4661547060519,-115.95766752017947,-116.99674393842798,-116.21871243709353,-115.69923268833415,point1,-116.88696992008556,-116.771668402747,-119.5352549865219,1.2226460722396588,-0.5379004221534457,-0.14006263346361436
HDOK,PLOK,17472,45,45,-129,-13,11,2,33,-115.89282146416535,-116.6759198309178,-118.54558804509566,-118.66172748006078,-115.41329760511188,-116.18667052419687,-117.16725373811836,-116.97683426291592,-117.97744412951518,-117.83723412951406,-117.47381887116029,-117.38617368607224,-117.3740597508563,-117.0587332439368,-117.81005144569767,-117.10912841964351,-117.87560678593763,-115.57605246294057,-119.18701418711137,-116.14930354569158,-115.95433552996435,-116.86344610555459,-117.30805352587518,-118.40892262799295,-118.66518210860875,-118.58860511367357,-116.0732506658982,-116.15785471767876,-116.88684931038722,-116.47542458368781,-117.14480484148841,-116.44987624731411,-117.25160786343588,point1,-117.16857414697634,-117.14480484148841,-119.18701418711137,0.9280270731970377,-0.18599725110677529,-0.689899181779674
HDOK,PLOK,17472,45,45,-129,-13,11,2,33,-117.00865064098952,-115.32398169106393,-117.8924783970845,-117.22190407329315,-114.84378918664879,-115.937604877114,-117.47912897985812,-117.81119880163212,-116.25005869756967,-115.8313761056796,-116.82555293677413,-117.55801603691398,-116.3229206912486,-115.99157055980318,-116.94471765638565,-117.08351514791259,-119.64936871148221,-117.19625349298856,-116.35173208532828,-117.19199814893364,-116.20541530527495,-116.16478970081093,-118.63415199081963,-117.48304309272724,-116.0763424769856,-118.08933650088913,-116.42124406363145,-116.7089079993212,-116.38165025475124,-117.04536693121352,-116.39296071904822,-119.00633902844109,-116.30935861568662,point1,-116.89802192722138,-116.82555293677413,-119.64936871148221,1.0059036499923597,-0.6846142618294397,0.8558907965243407
HDOK,PLOK,17472,45,45,-129,-13,11,2,33,-115.02194591359323,-117.09629104277273,-116.70156973124625,-118.82964907882007,-116.75094165940831,-117.25260232996402,-115.75188139007004,-118.8235431368041,-118.15605836537183,-117.13369056293486,-118.56731669820938,-117.6710518211677,-116.25682307246414,-116.12354593459041,-117.22071075926037,-119.03494650538521,-115.65619231906034,-118.88348447840809,-117.47889320462622,-116.97473310812943,-117.36627115072645,-115.90472207857847,-119.17377132195463,-118.8591283691531,-118.71566771195899,-117.43675132249423,-117.98868856678462,-117.6445202409717,-118.73119007271914,-116.18642130264497,-116.29896881946243,-116.45133550942792,-115.26003838604085,point1,-117.31525290803648,-117.25260232996402,-119.17377132195463,1.3928496888290336,0.07601696317528331,-1.0430040412714052
HDOK,PLOK,17472,45,45,-129,-13,11,2,33,-119.21393108880716,-117.05463750985408,-118.09125145782527,-117.64377520644122,-115.87967223341235,-115.34650033710972,-117.86658220569805,-117.2719612489175,-117.8379672920262,-117.37487235524675,-115.50356194535927,-115.80078672549134,-116.59030107645738,-116.69744456447556,-115.86158616612248,-116.24669184013794,-116.03785595376709,-115.80492094828877,-116.05390297119969,-117.64131106071343,-116.44810985756621,-115.88887585980922,-115.05364883930795,-116.0065065647682,-117.14149173240982,-117.18089072851274,-117.36261546668146,-116.01290381887162,-116.61172407461692,-117.12785615967678,-116.42653621098592,-118.26992495350305,-117.92322729494947,point1,-116.76587350754578,-116.61172407461692,-119.21393108880716,0.9167395142547371,-0.398467016151538,-0.33493598398871827
HDOK,PLOK,17472,45,45,-129,-13,11,2,33,-118.01619833480672,-117.4909420028652,-117.75907662998101,-117.22970523721185,-117.59421778856733,-117.95781053646725,-115.88090899761559,-116.25028305679737,-117.17363856006457,-114.78517778613742,-118.05045520256385,-116.14357140997598,-119.16354561013941,-117.09963540072157,-116.80851770197697,-117.14089690018179,-115.76872661994868,-117.67121138425183,-117.45869056268735,-117.7620192447814,-117.34737607148317,-117.30263363917697,-115.63946645949409,-115.59537612227821,-116.02528203814578,-116.80090833833972,-116.45775837272889,-116.99562714286027,-116.12039700308938,-116.68780782190045,-117.61845845175141,-116.78797148925848,-116.82371347451362,point1,-116.95175773917464,-117.09963540072157,-119.16354561013941,0.7829703261148068,0.15618590845931069,0.3397998561737836
HDOK,PLOK,17472,45,45,-129,-13,11,2,33,-116.64098928893726,-118.35037462287384,-116.92304811861845,-117.82543434347649,-118.30469950029703,-116.36423755548176,-117.2102282704847,-115.74087850730174,-116.3450354493345,-117.1596052934992,-113.98823580492117,-118.7142889915332,-117.53159075385717,-116.60986206362773,-117.22186301124756,-115.28718969062938,-119.0378858178602,-116.79873745045651,-117.92071678243582,-118.46931638524278,-116.58992384199428,-118.28796865478476,-118.12331000075297,-116.73005191955554,-118.41084521815243,-117.26075781992355,-116.05975970100407,-115.53581006870546,-115.53726471033885,-117.48256240951088,-116.89586292195386,-116.6345405495699,-117.53712827253293,point1,-117.07666678154231,-117.1596052934992,-119.0378858178602,1.2217269552170917,0.5174393418685566,0.39244704365541283
HDOK,PLOK,17472,45,45,-129,-13,11,2,33,-118.44891414870928,-118.66709570174592,-118.63493892719237,-117.98924137246426,-118.72804236566036,-116.5814812405183,-116.08224599389646,-118.29327819731861,-116.18308204160743,-116.89544677374273,-115.98253948583897,-117.20175684288934,-115.14758642274214,-116.92626268306724,-118.25794544827133,-116.72045221243026,-117.15283604384618,-117.3018034320634,-116.9845435427593,-118.88655512947788,-115.52254655240583,-117.4280380216978,-115.13181882248544,-117.23857768478109,-115.62301885654887,-117.19584612574282,-115.57988896772922,-116.77266137373412,-116.25689137693132,-116.6245945422989,-116.72715820689055,-116.00987207504672,-116.30544898354285,point1,-116.95401241200234,-116.89544677374273,-118.88655512947788,1.1154010473449187,-0.2269430350812008,-0.7836250597251619
HDOK,PLOK,17472,45,45,-129,-13,11,2,33,-118.15955682545945,-117.42687684990199,-116.37305912599881,-117.29018041157946,-117.26420295500161,-116.63598194382838,-116.46873104221073,-116.84164335879477,-116.10745856819187,-116.15734997269895,-117.46094904004791,-117.2049915355131,-118.53477890913807,-117.9194166318296,-117.16945646756996,-117.44987391049598,-117.54395337918007,-117.22289535164782,-117.43026036968011,-116.46060020960657,-114.95317362757261,-115.94116950356153,-116.92670049126917,-116.44764293464559,-116.36385905969941,-118.96324979661863,-115.2059214192591,-118.24463306198143,-114.51060529947445,-117.75265394889122,-116.74341805752131,-115.83217529952701,-114.99391578694781,point1,-116.84852530743468,-116.92670049126917,-118.96324979661863,1.049602011156903,0.3156574148893292,-0.020531249059686285
HDOK,PLOK,17472,45,45,-129,-13,11,2,33,-116.69479483024446,-117.0477067434163,-115.87870841260015,-117.28293797374977,-117.48126092300667,-117.62657880044894,-116.96231966763663,-115.5059859354074,-115.57040907026325,-117.50028352255647,-117.60042511372644,-117.38584517837798,-118.04385668551774,-116.80942617811353,-116.90887627909831,-116.67873810160869,-117.65562398388504,-117.05763345189618,-116.82793455017463,-117.35814388922708,-117.35658143988657,-116.65564606895015,-117.22917357241872,-114.4867250133774,-114.75416494768955,-117.86924609770882,-116.63623157707865,-116.69252687652256,-115.66788148151949,-116.99966066002554,-118.7899974249121,-116.34771133015823,-117.07998462622756,point1,-116.86190970931611,-116.99966066002554,-118.7899974249121,0.7983230009274273,0.8019366613214204,1.100720044524047
HDOK,PLOK,17472,45,45,-129,-13,11,2,33,-117.16819570658737,-117.56075702380588,-117.73115641732828,-118.70475431288841,-116.40269932543441,-115.67780631205406,-118.44241744518071,-118.36562759429746,-116.13038383577832,-117.39086020204272,-117.14561162429996,-117.1115428853681,-117.61490519632419,-118.65363912920978,-118.37393912468985,-117.71432369820909,-117.16995941920753,-117.43679219422626,-117.48940946897758,-117.28819493925346,-116.44918632059294,-117.42429400244977,-117.08788693228985,-116.07224884027781,-116.35867402314639,-117.29820564421843,-118.28821468490162,-117.40744176849839,-117.36942703544536,-117.57169560365924,-116.29480704543003,-116.82696995183092,-116.5681135344983,point1,-117.29061034067884,-117.36942703544536,-118.70475431288841,0.5726413191813593,0.03713487926699115,-0.3871136710981564
HDOK,PLOK,17472,45,45,-129,-13,11,2,33,-117.76798737362215,-115.49247030820777,-116.54676139845684,-116.52681887368861,-116.36411677676408,-118.14545684474932,-116.08215513067925,-118.724365008563,-118.03810696185369,-119.16711612890151,-118.18590627124229,-117.45562348428409,-116.94535827160695,-116.37056224205062,-117.8712290214548,-117.13464903288246,-116.17871249721115,-119.24972382076689,-118.20468607548007,-117.79826563106737,-116.66900527832232,-115.0661718906667,-115.57988240483029,-116.97556378744169,-119.60252721375576,-116.73824967978142,-117.10472561058562,-117.2056139999073,-118.04332502843711,-115.30048703022824,-115.08828584780517,-115.8742968354631,-116.92384454656671,point1,-117.10369849416135,-116.97556378744169,-119.60252721375576,1.4098140075759036,-0.18559465029974367,-0.5747732063116104
HDOK,PLOK,17472,46,46,-129,-13,11,2,33,-117.81927329231993,-117.76684685763195,-118.54944966851866,-115.29983195146791,-116.36563667345217,-116.8824035794665,-118.70410169772288,-117.85874866684443,-115.48841180917522,-116.9670965826433,-118.67190205727417,-116.13312572397712,-115.54167615027488,-117.29654800240061,-116.89657381189835,-115.23556983042981,-117.99439970148897,-118.25897452679308,-117.14949526128544,-116.56995184851955,-119.10717786230751,-115.94294256281304,-116.2518335692397,-116.68861580681236,-116.3926886842168,-118.35900767765892,-114.23146646384119,-115.94653773618056,-117.08865828801785,-114.71421669721028,-116.90824971301937,-116.74793032566217,-116.6334118283954,point1,-116.86250772451397,-116.8824035794665,-119.10717786230751,1.4115284301971882,0.09572531358044206,-0.46590460546825474
HDOK,PLOK,17472,46,46,-129,-13,11,2,33,-117.28759613777899,-116.76090248942765,-117.65488881351851,-116.64995603173473,-116.34354934482549,-115.6740306509967,-115.23097317154989,-117.76054349415222,-117.76894840976932,-117.30155913692442,-117.31068972284534,-117.22784519694025,-116.86290567382588,-117.43641622077182,-118.825314160313,-116.02823549617541,-117.67191954588094,-115.62018073336921,-118.32178526180661,-118.39779242231918,-116.53538996239062,-117.12332986942405,-115.90259929847198,-117.35329334545075,-117.38392214939024,-116.53092251780646,-116.26547449513048,-116.6942213373769,-118.40182669732471,-115.98746156460182,-115.93540663358101,-115.17596641330361,-115.7661992975539,point1,-116.88460744535556,-116.86290567382588,-118.825314160313,0.8804522334816819,-0.07103102984346103,-0.7100376786130402
HDOK,PLOK,17472,46,46,-129,-13,11,2,33,-117.65505798582247,-117.28686059749353,-118.94238178824564,-116.78115011707878,-119.39471942511742,-116.7280854070759,-115.11553362652937,-119.47852122399875,-117.5048579785317,-118.67422517627875,-117.95359850497934,-119.11657372881484,-117.13516971632156,-115.2443218595038,-118.21607816538398,-116.13011773541278,-117.1383281375063,-118.12412622444998,-116.92739805244592,-118.1202744426753,-117.90401345708017,-116.59715383008214,-115.39748529700307,-117.54917024349474,-117.33015717544072,-118.87229178630197,-118.0479398986222,-117.2699702017557,-118.42598172714224,-115.08771037897212,-115.27247411709494,-117.2574423437529,-117.40061524640002,point1,-117.39635713929725,-117.40061524640002,-119.47852122399875,1.4701002680885291,0.37095296363723146,-0.4208987013803336
HDOK,PLOK,17472,46,46,-129,-13,11,2,33,-118.03364773141163,-117.62253666172899,-117.83544672112349,-115.42281904737301,-118.04562133911529,-116.5957770917118,-116.93793392180639,-118.74895230237904,-118.28504158062749,-116.94508166810604,-116.91998394108076,-117.51457574111876,-115.14417725094972,-116.91911456489406,-116.36544339184347,-116.13404864540712,-117.23830177344568,-116.61783538247029,-116.6645812432091,-116.75337088881331,-116.1835659453633,-118.18171658063184,-116.43258005396672,-118.23705503764077,-116.68189904220115,-116.29691886206457,-116.66378688731662,-116.63572185781842,-120.05801084573164,-118.31476915075604,-117.78679543192024,-115.78952037117396,-115.69934784378353,point1,-117.08199935754497,-116.91911456489406,-120.05801084573164,1.0683764027766576,-0.5850726848310241,0.6358993923400682
HDOK,PLOK,17472,46,46,-129,-13,11,2,33,-117.01999507957112,-117.7326302219009,-118.25697490945618,-117.04047421056985,-117.37234835971542,-116.27840846576781,-117.9143245307554,-117.45006145625781,-117.30951449608472,-114.74999521666882,-117.41870123750418,-115.96927703024775,-116.28960239259006,-118.00036583019228,-116.07944763874185,-117.0673211482875,-118.10851421485889,-116.48607101522099,-116.58799579366838,-119.21813543116367,-116.18736557790085,-117.80613547840125,-116.3166142013452,-117.26944573655027,-117.63739367306665,-116.33744712025758,-119.2887374741073,-117.13955217965332,-116.7956268985885,-115.36920811609784,-117.33151543419794,-118.36506838366341,-118.05414875317128,point1,-117.15904296079471,-117.26944573655027,-119.2887374741073,0.9714174740263737,0.06348942183144407,0.2810661844197049
HDOK,PLOK,17472,46,46,-129,-13,11,2,33,-118.8506503813621,-118.08350751866641,-116.7496154802168,-115.97923115372552,-116.57663797785638,-115.61781896535481,-118.41775612322542,-118.35905610383807,-116.7291145374992,-116.96062786693562,-117.92772615404678,-115.99894103164425,-116.22920775259608,-117.1020814269759,-117.03060648066945,-119.58164682902077,-116.54987338506646,-117.37691002666972,-117.11621066659251,-117.21154712694866,-116.76872719101533,-117.88728884660206,-115.91743599954559,-115.55331526399986,-118.78797248737297,-116.83867389782637,-117.57087128749501,-117.60217701423565,-115.76741426483805,-118.91109591160601,-116.93886762093477,-116.08595352568314,-116.71935757125974,point1,-117.14539145064622,-116.96062786693562,-119.58164682902077,1.0506141661071589,-0.5096112552578485,-0.39187250337477764
HDOK,PLOK,17472,46,46,-129,-13,11,2,33,-117.41772007852626,-118.28851272526076,-118.66482123100145,-117.37369472713578,-117.9664474797867,-118.1368537479427,-117.51072670566401,-116.23046291988697,-116.32608788090901,-116.55837633146994,-116.80640477564299,-117.65654236004386,-116.66693697451097,-115.70987308283695,-118.12830493331982,-118.02894621948363,-114.61280301003575,-117.76294160017711,-118.16084366305759,-116.3306394899293,-117.6114831840261,-117.44555170892998,-116.0305720162567,-116.28648649415535,-117.46284583224863,-117.46666321496062,-116.72467264332042,-116.73012183282643,-117.53971586192509,-116.10136671574699,-116.9882641431648,-117.67008051461634,-116.41283718580821,point1,-117.11541216013964,-117.41772007852626,-118.66482123100145,0.7630887489657631,0.6089571998433514,0.38621084764178404
HDOK,PLOK,17472,46,46,-129,-13,11,2,33,-117.31525382544667,-118.25304832378725,-117.83312819050813,-116.09350500048576,-117.1008482972994,-117.40982649548567,-116.93746089010021,-119.04916582591561,-116.64177782414883,-117.70146699957986,-118.98424381010597,-117.79022841045321,-115.48015424018521,-116.69809931530853,-118.80780132410966,-115.0162830217137,-116.94881313718986,-117.95742391928157,-115.93327269401723,-116.7128118918169,-116.2631200180535,-117.53344328282932,-116.18267315686215,-116.95071753994915,-115.64967408990279,-117.46476603102866,-115.7001518041885,-117.01868183629836,-116.02796618477609,-116.66791680055351,-115.22721989455805,-117.5852679230659,-116.92641893239532,point1,-116.96553427064852,-116.94881313718986,-119.04916582591561,1.0371676138951134,-0.15567891581621904,-0.35326573560524643
HDOK,PLOK,17472,46,46,-129,-13,11,2,33,-117.48144664530196,-118.64402837230487,-116.50958648416973,-115.23796182709995,-116.04670958946346,-117.33822877713543,-115.99562480953735,-116.02267399704068,-115.54892061774243,-117.44918729179012,-116.3735453538442,-116.62907591625978,-116.35559130233484,-117.76909409348387,-117.94675617170128,-115.9449432214453,-117.48075881029517,-116.16826020356638,-117.75377328375772,-116.38715620440149,-117.55939097254387,-116.80488747082993,-115.55045986240364,-118.26208925682147,-117.7719473036057,-115.99921960829992,-117.10710316427955,-117.42336454287037,-118.5938579480126,-117.92287565471666,-115.94799468480367,-118.17892519484802,-116.96254451855015,point1,-116.94448433803825,-116.96254451855015,-118.64402837230487,0.866936949545742,-0.05007290821977052,-1.1068403466209995
HDOK,PLOK,17472,46,46,-129,-13,11,2,33,-118.05880253101478,-118.43414458451068,-118.45551311604103,-118.3742919928234,-116.78388893700851,-115.95898990498144,-116.04706910813512,-116.81022611454856,-116.05243034092275,-117.5282335840093,-117.1620744876347,-117.13011194366727,-117.26943463707774,-118.39134519431742,-117.58840694112403,-116.53221638109369,-118.49840976063732,-116.7101952325289,-117.77782756168398,-116.53755638611028,-116.01720843957224,-116.66878959476912,-116.59107239864886,-115.92971142560476,-117.94001782598414,-117.55957599622279,-114.18073776964812,-116.52290945784156,-118.50714848209702,-117.53752041765277,-115.05544563895704,-116.66703935519702,-117.60693170199161,point1,-117.0571296134563,-117.13011194366727,-118.50714848209702,1.0507692741999701,0.5807768469948272,0.41204858838424707
HDOK,PLOK,17472,46,46,-129,-13,11,2,33,-118.56997918830606,-117.22076629926694,-120.62395291352246,-115.7494550880439,-117.31812013751775,-117.7105230966151,-116.38323111167456,-117.1484893167042,-116.2570130948739,-117.93379976853767,-117.97771021432851,-116.68900913801234,-117.19405032942403,-118.42233461659835,-117.23531310937715,-117.15296715094303,-118.68221811466138,-116.44434838368348,-116.3616328431226,-115.08323109888192,-117.9961841826983,-116.69529315528567,-117.07442659769598,-115.80247365367367,-116.03609504566936,-117.5200723354144,-116.82615229873662,-117.35654960548338,-114.05603379085984,-115.80959093516789,-115.93146485975471,-118.55336698422163,-116.01901248628279,point1,-117.02529881651638,-117.1484893167042,-120.62395291352246,1.470209516295326,-0.3635502443829677,1.554664824369993
HDOK,PLOK,17472,46,46,-129,-13,11,2,33,-116.39021507501934,-118.52107530342126,-116.4994102923359,-118.10344626768784,-117.51801674154218,-117.34271245212722,-119.02721550136239,-118.35013199203469,-118.88947150870477,-118.27662991368294,-116.94900380874043,-117.48573962377047,-117.27414022036939,-118.38041441363573,-117.4646553967029,-116.69547017506177,-115.18212938519476,-114.32265738174415,-115.44778305581181,-117.29249911025482,-118.07255247563435,-117.02836158801396,-116.05737184929299,-116.66107213533438,-117.32894832561972,-115.44209297399652,-116.91303781244584,-116.18846748853261,-118.50387442648685,-118.54014125949303,-117.72799373187173,-117.76731058486942,-117.1439968161175,point1,-117.23600118445192,-117.32894832561972,-119.02721550136239,1.2260196430131476,0.628865597544995,0.14439982139699126
HDOK,PLOK,17472,46,46,-129,-13,11,2,33,-117.19868753125508,-118.24989134972537,-118.92352281213502,-116.41450741665871,-115.99588791709284,-116.43376575639951,-117.37201476978177,-118.04891986462732,-116.83026446776026,-116.38670319234521,-116.66239083838144,-119.50974760351417,-117.33728579802802,-117.69614080898128,-115.62557703273231,-116.81107518807357,-116.45808936620143,-114.42358501099031,-117.61922352381153,-118.67032782810736,-115.81489274043861,-116.3918561499687,-115.71808260284547,-117.6251710980189,-117.4559787457825,-117.02206806475272,-115.71728731733181,-115.66815879655567,-116.55684291450395,-116.32468974307453,-117.7014153588466,-116.97003802484124,-116.60124386099751,point1,-116.9162222271079,-116.81107518807357,-119.50974760351417,1.0959557535900333,-0.2961893631881739,0.46761265646901595
HDOK,PLOK,17472,46,46,-129,-13,11,2,33,-115.7604558436214,-117.66201440044317,-120.07213524030837,-116.59551973886059,-116.43406003975572,-115.76580927380405,-117.95246307628871,-118.83121793589041,-116.72318165278257,-118.9625211701599,-116.95694187971957,-119.58032270453609,-115.89837492237346,-117.63746487172904,-115.29839629356513,-117.30469946128102,-117.7646721335249,-117.82983366883659,-116.2413809061232,-117.58520346332598,-116.65356146434756,-116.79308296454978,-118.70645890538543,-117.31725304166088,-116.65650024980918,-117.65903312532421,-114.31197306784486,-116.65810776611686,-116.26423614695958,-114.59860382300006,-116.74773750694747,-116.96072092716288,-117.78859161733828,point1,-117.0900766449508,-116.95694187971957,-120.07213524030837,1.601985836817874,-0.14778207978970595,0.3644211087167415
HDOK,PLOK,17472,46,46,-129,-13,11,2,33,-114.35880209473274,-119.4016262457641,-118.04786528250024,-118.02056256866477,-118.21053173615236,-117.28901522633848,-116.92661916746623,-116.61379250712395,-117.37898324159221,-116.48872786083342,-117.41663231713444,-117.33933708050957,-118.08620039844675,-116.23044320032025,-115.45631879832662,-116.93944969019212,-116.80961068010721,-116.10424650365827,-116.98576869211063,-118.66780519545185,-115.45655121751355,-117.51972179866877,-117.34086581572346,-116.56124978769752,-117.49630149173507,-117.25829079763889,-115.6110181430371,-119.74983039647839,-117.63877966491486,-117.48185266743809,-116.75242941600385,-118.54974054162254,-117.33612591025405,point1,-117.19773018594401,-117.33612591025405,-119.74983039647839,1.2045597575735238,0.10986251894596546,0.8343246935639281
HDOK,PLOK,17472,46,46,-129,-13,11,2,33,-118.48492015094502,-118.02367745049342,-117.86737717036507,-118.1602422597399,-116.12155448629825,-116.69411263845595,-116.87150792488073,-118.63136527339132,-118.6775521669258,-116.9668792660452,-116.81677334889878,-118.70552950333452,-118.562849459934,-115.47070609691812,-116.8425891153039,-117.07674253452956,-115.86073060439915,-116.63518529966007,-118.00973029359365,-118.08828721254457,-115.80662987458827,-116.6424632999496,-116.66519237830842,-118.30505284036371,-117.6603620154254,-116.83811744412816,-116.46760472367735,-115.68018882282996,-117.18895482334636,-118.39941936205436,-116.16191863786052,-116.01812956391439,-118.85025512060567,point1,-117.2500788231427,-116.9668792660452,-118.85025512060567,1.029517170651709,-0.021714175962399777,-1.308440387450843
HDOK,PLOK,17472,46,46,-129,-13,11,2,33,-117.77458958499203,-116.77322293487674,-119.30607952953295,-118.14417797751804,-116.68149687121331,-116.54991689883302,-117.2024490228319,-117.86939543119142,-118.58172129334557,-118.33925245102871,-118.03247128736172,-119.54325055119297,-118.2984222609887,-115.73871328579766,-117.71128809567658,-116.80464258296189,-115.57198700033221,-115.28630267831443,-117.18130144925266,-116.17207292882256,-116.79561197559406,-117.39769899070448,-116.71485524936668,-116.94097386374672,-117.57071498823365,-116.91510697816264,-118.07375719258683,-116.64066676975722,-115.44794789043328,-117.86028554980973,-117.14537561352927,-117.26523634985364,-116.48543920868651,point1,-117.23686135565244,-117.18130144925266,-119.54325055119297,1.0084139897163769,-0.15061623220909146,-0.01321522305482059
HDOK,PLOK,17472,46,46,-129,-13,11,2,33,-116.72246101474207,-118.4727797104207,-118.8064787463275,-118.24882527121318,-117.73872996087317,-118.46760222567829,-116.52377090623766,-117.52342343675303,-117.22374720503261,-117.58204048270956,-118.19004025843552,-117.52667648565438,-117.06063978903379,-117.01325120168131,-117.8836328962898,-117.54183531958715,-116.61240055172435,-116.11143537550237,-116.24083188236642,-117.76560978691842,-117.89793798102566,-117.05938834896735,-116.8949183257603,-117.81707419807955,-117.45508754647642,-116.89176630359559,-114.9681582607165,-115.50502178235014,-117.69797938400922,-116.0118649501454,-116.3130295274836,-116.492793920248,-117.12494248383233,point1,-117.19352047029913,-117.22374720503261,-118.8064787463275,0.7447115192147516,0.4545469298411661,0.10264378697274656
HDOK,PLOK,17472,46,46,-129,-13,11,2,33,-117.25767788899896,-117.19479084567804,-114.65884300687777,-116.42072274203115,-119.05609349127703,-119.86472776211998,-118.66365407901354,-118.75047760106874,-116.1245614028913,-116.06567191645287,-117.96550298226111,-116.56363731554153,-119.63219068039692,-118.96883427995516,-117.38489265767528,-115.46311081267503,-117.69730972876177,-116.43325531413724,-116.6540928122414,-117.57524055471593,-115.83252592702954,-117.86199924146553,-117.74403644524556,-117.3473394374228,-118.18261459630314,-116.34270241537956,-118.29828219466452,-115.41992423834924,-116.49627131270096,-117.81850653669053,-116.23342321584299,-117.26252859588391,-116.06815678786076,point1,-117.25162420665482,-117.26252859588391,-119.86472776211998,1.5355806568690442,-0.17724698376496117,-0.45759308316078906
HDOK,PLOK,17472,46,46,-129,-13,11,2,33,-117.74719211152613,-116.7998901369312,-115.90141040033235,-116.81692952038183,-118.61682291572393,-116.31297918175103,-117.53550528490268,-117.3747865271628,-117.2607830759182,-118.79773095363562,-115.28752448232939,-117.72988813782457,-117.60301509942332,-117.76574549530612,-117.54136045859575,-115.98483361128062,-117.28619514808871,-115.38673100170725,-117.32980422088171,-116.99599907076694,-116.77622232103876,-117.12383774013729,-118.90061686742916,-117.39514670237118,-115.78067437907191,-117.84978502527889,-119.5932598898112,-116.89628523601304,-117.87802602791984,-116.04482971265874,-117.29611469787174,-117.96310497759173,-117.5867082145697,point1,-117.24726480685558,-117.32980422088171,-119.5932598898112,0.9390271847980594,-0.021648611234386342,0.23564617383541853
HDOK,PLOK,17472,46,46,-129,-13,11,2,33,-116.63732820608824,-118.78777694726125,-118.5774238801812,-116.52633287462717,-116.25279288147283,-117.36840643307667,-116.74904763582893,-118.2250422837518,-115.47665869104378,-117.61270138938794,-118.5883932667712,-117.41783070510847,-116.70120787244275,-117.19295865966168,-116.54978662297701,-117.14363675643462,-114.54088000484879,-117.10252460955682,-118.6687882710966,-116.76823690798035,-117.62423090398657,-117.16738461555107,-117.13138405765044,-117.87067240937739,-117.06604622559516,-116.80374486462969,-116.09641781329533,-118.2631569702734,-117.73394591193792,-116.04890862438212,-116.78741858409586,-117.07360588277612,-117.44925820613517,point1,-117.15163424149345,-117.13138405765044,-118.78777694726125,0.8340190132432658,0.3947337367462046,0.8953783253509138
HDOK,PLOK,17472,46,46,-129,-13,11,2,33,-114.621586598218,-118.35118193476451,-119.49503071017172,-114.9586065236486,-118.22100699808077,-118.21577721855103,-117.30948346409336,-118.29675509325207,-116.90135815963207,-118.10788430211531,-115.8856873517976,-116.8381206099492,-115.8200017447801,-115.98907292332979,-118.5654301258447,-116.33646445827074,-116.574860463067,-117.3430305529544,-116.50908923165808,-116.2203906517791,-117.21028046467296,-116.49099639648858,-116.72002651583077,-117.07038944112975,-117.20609535951279,-117.57262376198156,-116.90823622413951,-117.77984896939299,-117.13793353078417,-117.71323823002395,-117.65631410897065,-116.85893535117833,-116.22196520591923,point1,-117.06386977806008,-117.07038944112975,-119.49503071017172,1.042469402100237,0.1141445898607501,0.3798393685957273
HDOK,PLOK,17472,46,46,-129,-13,11,2,33,-117.03219679051867,-116.15505979094287,-118.26071383223331,-117.67607980383495,-115.48134678591028,-118.39505632819385,-117.3390847495576,-117.64208781388544,-115.66785634094403,-117.85473778843524,-117.64957740457083,-118.6578498951435,-115.70449309438729,-116.29739853832335,-116.5517768511716,-116.33061390150836,-117.29967637900752,-118.16532113115426,-117.0988833806365,-117.5129934497297,-118.05075903860597,-116.55262736202275,-118.23532830622666,-116.0479212801071,-118.1868285075321,-117.50919313983863,-118.64020953099329,-116.53095523501557,-116.2661265897357,-117.13033691395212,-118.24230468478322,-117.93774363400506,-116.74548543696491,point1,-117.23783708211731,-117.3390847495576,-118.6578498951435,0.8257472710938759,0.262360503572022,-1.0721780047346035
HDOK,PLOK,17472,46,46,-129,-13,11,2,33,-117.97419002147765,-117.67059594946419,-117.92584801699743,-115.81758778427357,-117.18512871363691,-119.03610782931919,-117.66119754256736,-119.09853154004921,-115.62142683244309,-117.0189132760144,-117.56651589483124,-120.1306811740426,-116.65857740933407,-115.96414107754316,-117.03485213007623,-116.18057956857811,-117.34945081855756,-115.95301405102101,-117.934322687274,-118.69908703866582,-116.7263397121366,-116.33831769154988,-116.6214902271397,-116.00012890715486,-116.87293670532303,-119.26871155475582,-117.56547208732215,-116.02007792218694,-116.10827248207731,-118.05978119900256,-117.89403728055213,-117.60077889788937,-117.09434284628519,point1,-117.29246778392553,-117.18512871363691,-120.1306811740426,1.2091522697653259,-0.58853045713274,-0.05088575821692176
HDOK,PLOK,17472,46,46,-129,-13,11,2,33,-117.14243771932122,-118.32531067574372,-119.28982108455632,-115.92628929702389,-116.40679282094946,-118.01495178018051,-116.03396718455124,-117.23861287613602,-119.17946081718154,-116.92311111996341,-117.30914522684157,-115.81679221540801,-114.95720055368099,-117.43941523269142,-115.60923117303626,-115.54797931692713,-116.03507000185901,-116.84465483832108,-116.25781227300081,-116.82340488660112,-117.84892451106532,-118.2003959143762,-117.34635214277783,-115.20074161091317,-118.3519866601694,-115.16021419503309,-115.62272737717446,-116.94555112325016,-118.39438448472909,-117.3133198232329,-116.88929647922515,-117.94335641407896,-117.92881888836231,point1,-116.97780396116254,-116.94555112325016,-119.28982108455632,1.3080323866970183,-0.07879354733154996,-0.7686736479699361
HDOK,PLOK,17472,46,46,-129,-13,11,2,33,-116.50535976746286,-119.35497102242397,-118.58640644610891,-116.68748407171319,-115.8681707070182,-116.80038192437429,-116.7425322008532,-116.25960570706475,-116.94814635144775,-118.29533425207154,-116.56769721865516,-117.59756411395415,-117.54576927656927,-116.46019137923393,-116.31993102398317,-116.44731863035726,-116.23245149969034,-116.11669672270307,-118.5551045704572,-116.47638417954799,-117.85250295880606,-116.56718622164345,-118.65808690372667,-117.83829470124441,-115.54846068480569,-116.97865714902956,-117.5096400918814,-115.42798231280106,-116.83786977415009,-117.88727018467384,-116.31298779514326,-117.29817559417513,-117.16711431653535,point1,-117.03793120467594,-116.80038192437429,-119.35497102242397,0.8649470630387981,-0.6061816463180596,-0.1306561875139849
HDOK,PLOK,17472,46,46,-129,-13,11,2,33,-117.19722873651695,-118.49388376282015,-120.28362623910256,-117.15307251782008,-117.93315083158348,-116.97360785620215,-117.31209810297271,-115.06118071554238,-116.72045345863671,-116.4678497359102,-116.17769026277628,-117.13123808627768,-117.34679947862402,-116.87666037550596,-115.48528420001233,-114.4868283459224,-115.81009693735207,-117.74373095681455,-115.19161943909293,-116.6237101091919,-118.25260025775738,-118.93799491563593,-116.02108497783628,-116.78137824596776,-116.53416994521362,-117.10200671908822,-117.06633339146998,-116.93800449822304,-116.09903895771181,-117.72803760137161,-117.51392171064636,-114.55942222770118,-116.37835816425573,point1,-116.86006550792597,-116.93800449822304,-120.28362623910256,1.4198386172962087,-0.3379253016021106,1.156565853531561
HDOK,PLOK,17472,46,46,-129,-13,11,2,33,-116.3579917321382,-119.4028610203306,-117.897720732084,-116.9471698941785,-117.55540832502007,-115.53909956424155,-116.77071413299593,-116.46228136164761,-115.6674989426869,-117.9457761450539,-116.83764671601023,-115.6540144204476,-116.76453816127234,-115.68160605337054,-117.85376730125304,-117.5386953943687,-116.98890250829679,-116.59629310977817,-118.13490531220599,-116.58545119855091,-116.10220312624965,-115.31669637885018,-116.06989182953511,-119.08787231538963,-116.88198359966033,-115.84462552529212,-118.181057494187,-116.71200869521287,-118.6242434266654,-117.31221144555145,-118.42984231153865,-118.19783123364239,-118.97135972596584,point1,-117.11861118586887,-116.88198359966033,-119.4028610203306,1.2136424333154905,-0.2910322714035161,-0.8299714865245318
HDOK,PLOK,17472,46,46,-129,-13,11,2,33,-115.31569831816637,-119.48969901482302,-118.39695540265303,-117.38570758948227,-119.3656736093024,-117.01150302387852,-116.3067508801599,-117.67620215977821,-117.37741899106018,-117.36566528210032,-116.3821383935259,-117.71310831139455,-117.30016340989415,-117.47899868311369,-117.44814481929085,-117.62525593965606,-116.64974198339611,-114.88610739648973,-117.87772026893553,-118.54434730785843,-116.30614623234047,-116.03239112818794,-117.10344967336582,-117.80490565302232,-114.51493212590964,-117.87518740395141,-117.10020399241553,-117.42827402499778,-116.43629193248879,-117.36100121422542,-117.99148898856215,-116.65708928052948,-116.89891680951042,point1,-117.18506906801413,-117.36566528210032,-119.48969901482302,1.1252853010577553,0.3489985755139496,0.964730665395527
HDOK,PLOK,17472,46,46,-129,-13,11,2,33,-118.0009903947194,-118.09648229823664,-118.05856589777746,-116.8436301239942,-118.05101894795075,-116.91646723474452,-119.12912048315448,-117.64410300451327,-116.59807207484194,-119.24042356965302,-116.62941692804449,-119.26807588335902,-118.24942276849411,-117.77474037529748,-117.28203478891211,-116.80707120947096,-117.02670065234435,-114.84465517409537,-116.01786557822015,-116.52497932021052,-117.27119055973712,-117.12090886084488,-117.19198517491378,-117.95267812703042,-116.90479578617568,-117.06028967200436,-116.53165356788385,-117.21456583129384,-116.97931569861473,-114.48619183044097,-118.26803427357001,-118.00904549474954,-116.86696349626916,point1,-117.29883197216857,-117.19198517491378,-119.26807588335902,1.070096425872662,0.4538720999131662,1.243879306712127
HDOK,PLOK,17472,46,46,-129,-13,11,2,33,-116.73796070475089,-117.21803916834735,-116.89288071362003,-116.19995876205937,-117.6334628993596,-116.87951877265759,-117.541121013245,-114.69804618470455,-116.51514226697208,-116.77391511847559,-116.69161316390496,-117.09088430255548,-117.4461510025654,-117.69014446525786,-118.55282056617413,-113.5956576800657,-116.24669436970426,-115.92510485807526,-116.8730474717136,-115.77510345157333,-117.55488260589124,-117.2249644029327,-118.1743738873534,-117.76670216329396,-116.22559756190726,-118.06515293549525,-117.54927414458396,-118.34335920674405,-115.79809377677455,-117.94386354910634,-117.60850373489447,-117.80206414486803,-116.65528359326619,point1,-116.96028432251191,-117.09088430255548,-118.55282056617413,1.0503722435668779,1.2316971637003187,2.3823898376280304
HDOK,PLOK,17472,46,46,-129,-13,11,2,33,-113.98466160511812,-118.97603421167423,-118.46659780678587,-117.71221085426367,-117.74728269803704,-116.76073954714789,-116.51589627278324,-117.99528981578533,-117.77657405555475,-117.84372923641143,-117.23176231308734,-117.58901520917544,-118.05960684782333,-116.2544794191426,-117.692916847967,-116.48950365547769,-115.83728563553001,-116.32335105212083,-117.18788822030702,-116.63563249030518,-116.75253516714206,-116.2650929886758,-117.72572012824905,-118.73970835947085,-117.15437203539862,-117.00003385658503,-118.16114751016374,-117.64113755878579,-117.86663692389982,-118.09482996146565,-117.21465297170276,-116.19821233758987,-117.79861824920827,point1,-117.26342896493439,-117.58901520917544,-118.97603421167423,0.9252316306284587,1.0803758407596853,2.603651109070906
HDOK,PLOK,17472,46,46,-129,-13,11,2,33,-116.99596027568745,-117.54664237443916,-118.91189298098308,-117.32748752453209,-116.59033038660057,-118.08720914788519,-115.55700619467815,-117.23575690512297,-116.67690603711307,-117.88878963500532,-116.59478881662442,-117.35231958050575,-117.5854808277317,-116.85114306443259,-116.54727703512519,-118.1954222703585,-116.54770803674364,-117.70805410441056,-114.64879767099302,-116.50709610280961,-118.08229007680143,-115.2132552479729,-115.96783822453332,-117.32698787301184,-117.46397821571124,-117.10590313910858,-120.00671716839648,-116.11076173733738,-116.94753813381472,-115.39931237220023,-116.08145228211345,-118.45502063201815,-117.27898659805615,point1,-117.05442759614724,-117.10590313910858,-120.00671716839648,1.160824654446608,-0.20469507376667617,0.8392702218458319
HDOK,PLOK,17472,46,46,-129,-13,11,2,33,-116.47488346966126,-118.91818843458145,-119.26154446671951,-116.80213891150254,-116.99070236445553,-117.89344855523083,-116.33846515898432,-117.2870801689549,-117.14148158320215,-116.71096082211669,-118.97054443823664,-116.93414384258818,-115.84519313296549,-117.25686654649336,-118.13474076462326,-118.68839776197439,-116.18344376678967,-115.63218233908378,-116.32906087588627,-116.07686831820831,-115.54658233684073,-116.58549215409617,-118.72880980859418,-117.6099374045081,-117.39853833336444,-116.81775718381621,-117.247780968525,-116.58985794137122,-117.25189491251238,-116.10608635906878,-116.43781217136967,-117.3338224976452,-117.86673271144538,point1,-117.13307395470956,-116.99070236445553,-119.26154446671951,0.9490824772242912,-0.5701537185236396,-0.3551513285664205
HDOK,PLOK,17472,46,46,-129,-13,11,2,33,-116.500579575004,-115.72198849793827,-118.19612595230231,-117.16093059745796,-116.28493700678692,-117.90041859242437,-116.52134907899273,-117.28761819104928,-118.82250175854986,-118.73039267418199,-116.13424729600607,-119.10691371259084,-118.13608163861157,-118.11822232794957,-118.22725679169764,-116.11502972899541,-117.57044059926714,-116.35264882138547,-117.07971642190957,-117.2494415279609,-116.83877043853278,-116.79442712601947,-117.39139805311265,-119.00065423867963,-118.05944818260761,-116.82983903712247,-116.0296404070472,-116.1572474516049,-115.7049622152208,-116.6277596601216,-118.53773041462925,-115.74709617496153,-117.24711241947539,point1,-117.21766444273324,-117.16093059745796,-119.10691371259084,1.0120016861377863,-0.27180434714388213,-1.0582203759454587
HDOK,PLOK,17472,46,46,-129,-13,11,2,33,-117.93205155163844,-116.17346397551314,-117.32578675080752,-118.50101779459388,-117.26827450686314,-118.35474248614439,-116.95422885241616,-117.71755421564224,-117.00396038592544,-117.14681169348827,-116.61261978712146,-116.7414561338139,-117.92541318620127,-117.41268272705823,-117.4945315683221,-115.52499000741257,-116.9080313895456,-117.30455882798704,-115.66313652953662,-118.25483222369706,-116.89877702376864,-115.51848562876013,-116.80150824092188,-117.72137414648675,-116.51037430063336,-115.80254301021617,-117.59910417506293,-117.47280410252573,-117.11164989425266,-115.05365224901162,-115.1052569822824,-116.66083580194278,-116.85226529422252,point1,-116.9493568316308,-117.00396038592544,-118.50101779459388,0.7862966068773928,0.4927569436508722,-0.24939748457888644
HDOK,PLOK,17472,46,46,-129,-13,11,2,33,-117.533072919816,-119.29745374741921,-116.9089582678726,-117.77775990528974,-117.64474628282595,-115.99873905363471,-117.18919861749085,-119.31950367371759,-116.68775840940529,-116.8547211661317,-116.35026381645984,-114.97472316294713,-114.77559969998426,-117.54758967269888,-117.49150714871404,-117.1177033668593,-117.51906931309341,-115.69248675743933,-115.1481604743579,-117.08953362812731,-117.22154294200051,-115.6316995393905,-115.72860408846509,-117.33116302386382,-117.22260182990279,-116.58691681989293,-118.20578720093826,-118.14960504613155,-117.33020367294212,-115.88004234363338,-117.40643835859056,-118.66599135694103,-115.3346924999846,point1,-116.95799508505945,-117.18919861749085,-119.31950367371759,1.2798212943401959,0.013428418446883028,-0.2446973840122575
HDOK,PLOK,17472,46,46,-129,-13,11,2,33,-116.27129587143897,-118.2295486285832,-118.07690917893552,-117.22475365691395,-117.96571880726037,-118.28410407288614,-117.74009096129433,-116.92897451663093,-118.30459244307367,-116.08233473573883,-117.41783339719667,-115.50896070281618,-117.32632142391957,-118.09438772059444,-118.05994793594935,-115.6464792667746,-118.34617351095902,-117.17647157567434,-115.95307238026697,-116.67178996092508,-118.24999281117032,-116.8056687514906,-115.511599320373,-115.70114236368352,-116.36362700836757,-117.58567833743724,-116.86658852977173,-117.60673883549315,-117.71057897149744,-117.4182669896317,-116.11956658893642,-116.99647466280689,-117.45698163942112,point1,-117.14250501690645,-117.32632142391957,-118.34617351095902,0.7959472069421395,0.4105942679934722,-1.036526488252027
HDOK,PLOK,17472,46,46,-129,-13,11,2,33,-117.93731703766514,-117.84315264130738,-119.36911556693686,-115.91683780356243,-116.47918727643432,-117.95404970297146,-116.38404519204609,-114.97972371432988,-117.01995533834133,-118.7524491818209,-115.9858805776888,-115.89916990435773,-115.52864071722881,-116.90105761973281,-117.92873647419921,-117.86046073337994,-116.73035664604411,-116.28353348270817,-117.04705408521018,-117.42892792994648,-116.38406623251593,-116.24950508339238,-117.5336479039225,-117.08345707192204,-118.88874712602973,-118.7392722304519,-117.01067963671018,-117.61673636478476,-115.93185460227573,-115.92430900306297,-118.04982451371237,-116.42660929073013,-116.91396734519576,point1,-117.06007054638238,-117.01067963671018,-119.36911556693686,1.0819375761556302,-0.29463734699043603,-0.47622848620361324
HDOK,PLOK,17472,46,46,-129,-13,11,2,33,-117.39188676335785,-117.69237555671764,-119.34832199748828,-115.02312161020419,-117.68988946440552,-116.21723507701302,-116.98716129790435,-118.79833148498943,-117.41209095832016,-115.24706759177177,-117.2284189452815,-117.4133618199432,-115.2529803901984,-117.00175207532389,-116.16265395537688,-117.11773829254145,-117.32020538675754,-115.03586611621884,-117.38029433465087,-116.73431902082024,-118.18325182326187,-116.6408925605444,-116.07448971837324,-116.59122907980834,-117.27012959158945,-116.98662273602855,-116.23482650846773,-116.08532266398842,-116.0074328916531,-117.43337409016877,-117.58926499620209,-116.58058923902982,-116.81087199211247,point1,-116.87707181910646,-116.98716129790435,-119.34832199748828,0.9414532850213727,-0.10166105198635764,0.4879558444954175
HDOK,PLOK,17472,46,46,-129,-13,11,2,33,-116.55013289834518,-118.35151604153145,-117.26242347403411,-115.94922525234645,-116.3098439852518,-118.04046999419211,-116.82121068312837,-116.30444328450601,-116.21886341751994,-117.23004565341665,-119.68373701289931,-115.44484846972982,-117.82951414647627,-117.19429298798082,-115.28731962884416,-118.20225678133795,-117.32747408422864,-118.30961537389553,-118.37146274758287,-116.87231480464413,-116.09947338901772,-117.33430684506804,-115.64270682296898,-117.47865042141869,-117.21765624880504,-116.06138682696088,-115.71979580939319,-117.8592535454713,-114.29995092511592,-118.13698489361697,-116.29719742475709,-117.60649192965836,-117.44249877445318,point1,-116.99264741147263,-117.21765624880504,-119.68373701289931,1.2219151845764742,0.088910678610768,0.1451433980315251
HDOK,PLOK,17472,46,46,-129,-13,11,2,33,-115.7273159865868,-117.18943502274854,-118.46851146933605,-116.45450347988455,-116.92678357624224,-115.62951750709523,-115.91284830551935,-118.32792671470096,-116.14636357023632,-116.7863218508087,-116.5083061109719,-116.8648283375168,-116.68938000935925,-116.98449476123679,-118.44141340686892,-116.39964817008497,-116.67031996507848,-117.37206554060415,-117.77464209679808,-118.69560870632637,-118.59056340850721,-116.42993985746804,-116.55170002529702,-116.75118757652018,-115.5236608163038,-118.0026631570457,-116.83959502153515,-116.34157652509337,-119.10146938325074,-117.7271223135755,-117.64542222192054,-117.05616476313791,-118.40229819084924,point1,-117.11919993480329,-116.8648283375168,-119.10146938325074,0.9046704825486622,-0.36830392009736984,-0.7858113205139206
HDOK,PLOK,17472,46,46,-129,-13,11,2,33,-118.8085866937528,-116.94261030543132,-118.25643552463877,-116.5986072204993,-117.57250089073702,-117.70455998394776,-116.43510815997524,-116.14495080250073,-117.08704699158002,-117.21806750858664,-117.05191340773757,-116.90884070690554,-115.64773990043923,-116.87860275295382,-117.54698482715578,-116.44253835996194,-117.54987245819365,-118.02270596174681,-116.57941600845376,-118.76281764654031,-118.2807890497934,-117.11956108262109,-118.56621758078404,-115.49108792009463,-117.1194175836785,-116.79729414551014,-118.61786227675334,-117.22790189059899,-116.49139616493473,-117.72863855533214,-117.05032110358214,-116.36783943215018,-117.01500360142228,point1,-117.2131283787574,-117.08704699158002,-118.8085866937528,0.6922081992225473,-0.19632231828580476,-0.30361532921654977
HDOK,PLOK,17472,46,46,-129,-13,11,2,33,-117.25544575740412,-116.21659772060337,-115.89914711541063,-117.96544464290542,-118.51302996253314,-117.06268606653994,-117.57300446622483,-116.60368809859567,-116.72853089390462,-115.65492364880564,-116.48514349480638,-118.32801966106538,-115.7678251134919,-116.23798453957184,-117.39985186365517,-117.52827601726884,-116.84526111390865,-117.86105153132674,-114.63584117063812,-116.02006023379192,-117.02947726766627,-117.35590354850835,-117.56257833409998,-118.11877705139118,-115.84846864635968,-118.58993068433473,-115.83557258916483,-117.93941458229688,-116.46850879257408,-116.25216906643952,-117.06590780611414,-116.21656470614043,-118.1111131567813,point1,-116.93867270740374,-117.02947726766627,-118.58993068433473,0.9007337836782209,0.1491339076566486,-0.5462388689351227
HDOK,PLOK,17472,46,46,-129,-13,11,2,33,-116.18490843914124,-117.49311879568052,-119.84689176010538,-115.46894621857685,-117.78147146448846,-118.02424275473099,-118.10707704585111,-115.84727546786634,-118.0851825936365,-117.59350056088164,-117.79589488483195,-116.11184257031846,-116.976548562102,-115.4602490429124,-116.94678141865464,-118.33684729816635,-115.60237255202601,-117.56591869353355,-115.91960749817257,-116.22779620600781,-115.22018053644983,-116.78769473369006,-116.2194859577988,-118.09627922037966,-116.72839265144674,-117.38367802170107,-117.45910174360367,-116.7010146074489,-118.04660791045666,-116.54578475645677,-119.08214050109049,-115.52122777658558,-118.52340535167953,point1,-117.08155962413554,-116.976548562102,-119.84689176010538,1.2785254693171246,-0.25355514541098945,-0.4817261213580091
HDOK,PLOK,17472,46,46,-129,-13,11,2,33,-116.65673883308878,-119.49273918168872,-118.58536846297646,-116.31393339772588,-116.70243767734641,-117.38828472344684,-117.0281398889278,-118.13069582546693,-118.43298358904934,-118.29597666727219,-119.27290126426823,-116.42138099275611,-119.38649603679454,-116.07841050278667,-117.05160282195381,-117.57730550601342,-118.38835908370407,-116.45747664357089,-119.22945668999132,-116.7950110655976,-117.71317832243554,-116.5495831413427,-117.30447955733801,-117.84025948687969,-117.66590912963363,-115.46492578057503,-117.42391528796118,-117.09843328983402,-117.85380566884199,-117.90657083652658,-117.39939546660766,-117.74286664254183,-117.5438658892021,point1,-117.5512996167923,-117.5438658892021,-119.49273918168872,0.9457853844991467,-0.2192229657163977,-0.26358957140232153
HDOK,PLOK,17472,46,46,-129,-13,11,2,33,-115.66924877330423,-117.33836238068947,-118.78789326808914,-118.69938500698622,-116.63461538171939,-116.27538305488962,-116.49370808326472,-115.58278989061222,-116.76305444712455,-116.58506328257545,-117.89513147579663,-116.51505763759356,-117.4101438360691,-115.76237517394189,-119.3801926715378,-116.6168035531274,-115.56676173144398,-116.14326546473058,-119.09799435081369,-117.19173288373933,-117.47235598057466,-117.61162842229157,-116.81692201471968,-116.52700156599643,-115.27287143012616,-116.52056420890281,-115.53904369744664,-117.66967587889465,-115.89042581880894,-116.06573884501955,-118.2131582206421,-116.91873360646709,-115.98958878863641,point1,-116.87626275232047,-116.6168035531274,-119.3801926715378,1.140750493362874,-0.7153753183206043,-0.17016358622636174
HDOK,PLOK,17472,46,46,-129,-13,11,2,33,-117.33485694875392,-116.84830802450715,-118.63393817887385,-114.72925463923195,-116.84218572573077,-116.06541244852896,-117.05040329103285,-117.02729554871705,-115.955875269626,-115.85537862213012,-116.2552885631683,-117.04643801439644,-117.67285178150613,-119.4618116226756,-116.03794790340768,-115.03227889368387,-118.88069141830506,-116.66655153885237,-116.23675064906135,-117.88613695813495,-116.84719730603204,-117.98972854752063,-118.34344068003668,-118.14075351081048,-115.53798952088,-115.95676339505835,-117.17372231014741,-118.09038038443927,-116.70591167261267,-114.69854136485935,-116.72748307918144,-116.15728280814795,-119.5949590560007,point1,-116.95405483866824,-116.84719730603204,-119.5949590560007,1.5009817932211706,-0.27266191971603476,-0.26257387813397326
HDOK,PLOK,17472,46,46,-129,-13,11,2,33,-116.78201763486783,-118.28820283542676,-117.04565159520615,-115.57625404620342,-117.37854953547931,-117.57157560791033,-116.93554499483477,-117.45952149595512,-117.54417874008709,-116.52822313686235,-115.34877064095932,-117.14710296756702,-116.37638794677916,-116.63962284061509,-115.56137477309987,-116.7037889860952,-117.31761726153144,-117.3477569625747,-114.03993849816092,-116.8738801579655,-115.88317609935659,-118.12336255547882,-117.2798671083546,-116.18504833283255,-118.39312816454341,-116.85281469641362,-116.44564015756177,-118.5365570676744,-116.61104018921476,-116.33964498083544,-115.7795498848938,-117.89576365809862,-118.21985347418753,point1,-116.87913354629174,-116.8738801579655,-118.5365570676744,0.9433901487923466,0.5768961940018912,0.8157690108874012
HDOK,PLOK,17472,46,46,-129,-13,11,2,33,-116.5332138351919,-116.72179049253336,-116.5139417223981,-118.0033242640542,-114.71641800660757,-115.67726413448588,-117.72486297032225,-117.21754062358032,-116.71701425746203,-118.3157253177949,-116.47050715037916,-117.16656516827436,-118.0279650878374,-118.20134780207773,-116.6618689638664,-118.91776766774882,-116.89108541100143,-119.06375695589985,-117.56440198288931,-116.98911783178151,-117.93305021298768,-117.56907203316332,-119.53467845358641,-115.59704412053173,-116.75688267132327,-117.24333903846103,-116.84043059161188,-117.602657311011,-115.30041794728943,-115.10066571937507,-118.10304606048804,-116.37182639633143,-116.26236158556802,point1,-117.10033187236107,-116.98911783178151,-119.53467845358641,1.2269681863765047,0.016361936563133898,-0.07723497353236342
HDOK,PLOK,17472,46,46,-129,-13,11,2,33,-118.18197350867734,-118.88761135221331,-116.38384431728483,-115.83766793011586,-116.83695486589127,-118.35595002623677,-115.75320447697689,-117.2803911325994,-116.9535229361151,-117.60876205559272,-117.68734492676766,-115.99400066488931,-116.55397912129231,-116.6757886658715,-116.6818204806791,-116.27871033188255,-115.21284806922439,-117.97583599823368,-119.42398189686774,-117.11050168358847,-116.91906721689519,-115.05664166880874,-120.4739967423245,-116.57375064218346,-117.61007664759892,-116.19632897258,-117.14977127117196,-116.68169189169325,-115.81871346728342,-116.35360916114134,-118.0158102245071,-119.64409634104479,-117.60267623211604,point1,-117.14457348243484,-116.91906721689519,-120.4739967423245,1.5057925623044026,-0.7905058215598103,0.5999564122966108
HDOK,PLOK,17472,46,46,-129,-13,11,2,33,-116.48153782509192,-117.42573610173461,-119.55757662848664,-115.44387160818302,-115.66680160332193,-118.05429307197575,-114.99536045559492,-115.3471482435275,-118.29521713083048,-116.20962127014992,-116.37024198313031,-117.7573258359175,-117.38250637309308,-117.92669813163462,-116.67632111128754,-118.51531191608547,-117.57431462941625,-118.86835449242133,-116.10978267275563,-117.66960369739671,-115.69366417189198,-117.35673599490801,-115.7331516839127,-118.31244680578158,-116.12809266909613,-117.36927022363267,-115.00267764502577,-115.67242151924256,-117.62491500858147,-116.52019073761373,-118.16286289103796,-115.63523473474721,-116.04900379909004,point1,-116.8966149292908,-116.67632111128754,-119.55757662848664,1.4239062447222983,-0.2175214995990851,-0.9283307127027571
HDOK,PLOK,17472,46,46,-129,-13,11,2,33,-116.69474424794575,-118.43446136808633,-116.17361206636161,-116.19229482174718,-116.03392122096164,-117.3174161487481,-116.09559845458345,-115.95570855595282,-116.76195547897615,-115.22271129469615,-117.15276119649187,-118.24908887196571,-115.88105030746276,-117.21008885653279,-115.90066466798106,-117.07288707521208,-117.73825269465151,-117.89445093071078,-116.57968603625086,-116.15211298475165,-116.95322228322281,-117.5221977877444,-116.94881788115534,-115.17019572394119,-117.03464165426993,-117.488206745581,-115.46349565302053,-117.24495036201493,-117.63855573828062,-117.23103745125587,-117.16549232032567,-115.88167477677734,-117.92408689777274,point1,-116.79939522895248,-116.95322228322281,-118.43446136808633,0.7130166996767328,0.11941505920095055,-0.7484960031834129
HDOK,PLOK,17472,46,46,-129,-13,11,2,33,-118.62309815607482,-119.10753484789983,-117.87887900318093,-115.86659689020539,-117.61390446852113,-117.88967630782523,-117.19384109819495,-117.74278251714871,-119.39046064112351,-117.20268722538655,-119.14028186914362,-116.72663614554772,-116.79007348906829,-116.81077087193731,-115.96795814721537,-118.3853883144222,-118.26289913794356,-116.03537783478669,-117.97025524758514,-118.5793994470219,-116.8851343658262,-115.66010492004413,-115.53494982084926,-116.72964680533927,-115.80105642855091,-115.09512814559095,-116.84937880567435,-117.69271826663739,-116.8018195761623,-116.99943397637948,-117.45941343382279,-115.92351248733273,-117.44692567162745,point1,-117.21387043527484,-117.19384109819495,-119.39046064112351,1.212829953242097,-0.10057747445084628,-0.6754860347947806
HDOK,PLOK,17472,46,46,-129,-13,11,2,33,-118.37361957406382,-118.43693796703904,-117.65294234403054,-117.8798886635523,-117.21138999318212,-117.17219258658842,-116.3103213020778,-117.3165517714756,-117.6683860355349,-117.22985359450202,-116.02629083552283,-115.64793208889621,-116.49253952394673,-117.54627042770204,-118.67558756824312,-117.55854381067225,-115.79698819151426,-117.13409145205353,-117.20416185293965,-117.73520690126264,-117.46354286894042,-116.75422647815293,-116.09256502293665,-116.3024898278644,-117.26462586509564,-115.45982405938894,-116.2354704477447,-117.49321402076667,-116.31972524844424,-116.3890414071897,-116.58013888139585,-116.46172651837604,-116.77460372933606,point1,-116.98972396546762,-117.17219258658842,-118.67558756824312,0.6365334086627411,-0.10197309917062733,-0.5616919778960683
HDOK,PLOK,17472,46,46,-129,-13,11,2,33,-118.42648546973682,-115.49611287617189,-117.17781688770992,-114.97784181769865,-117.83631106564019,-116.8626298968965,-117.4612616830078,-115.8756000576821,-118.66534413047762,-116.96552421115064,-116.7809975588203,-117.80390752445643,-115.34886584391184,-118.34929655885259,-118.03992249279646,-119.01013825459552,-117.50911239938563,-116.23274205136129,-116.54740048907556,-116.58939148083924,-115.60462419768174,-116.6273089139667,-116.55467023903103,-117.51099050464144,-118.23223127067267,-115.90857455680754,-116.10453980057284,-116.2562541590772,-115.53452471186655,-117.21201673231154,-117.51694716673079,-117.62694911614028,-118.99660894332982,point1,-117.01948312312417,-116.96552421115064,-119.01013825459552,1.1638927417573441,-0.0512028148977395,-0.8424962161209026
HDOK,PLOK,17472,46,46,-129,-13,11,2,33,-118.96308886896917,-118.2047195373471,-118.0030638329619,-117.20288031432001,-118.02972985733625,-116.20045834772829,-115.61004797736207,-117.84614420690092,-115.93078448488339,-115.71246000031095,-118.15667617959163,-117.36172633332201,-116.36921899788815,-117.5457805595854,-118.74674039438523,-115.75698914230296,-116.74296643883912,-117.56815508333618,-116.25969842325496,-115.39750547058435,-118.25356933003485,-119.28051080376954,-116.55245042299136,-115.84384287648457,-116.92877354852294,-117.41238415317913,-117.17535671499748,-116.77653160668078,-116.88342941666335,-118.54151315099145,-114.84186810400729,-117.16091483515248,-115.50634069707264,point1,-117.05352485187143,-117.16091483515248,-119.28051080376954,1.258824577438708,-0.042774439384105356,-0.8170180336972801
HDOK,PLOK,17472,46,46,-129,-13,11,2,33,-116.63825461550687,-117.97860423389052,-118.23459788212426,-114.84575506074071,-116.9713219216032,-117.13333009784394,-118.11805108180874,-117.49399715133649,-117.22969442091419,-117.06876945919846,-116.62842593441165,-117.32644990667376,-117.09839336460455,-116.11336781441327,-116.53451158344731,-117.22582786195329,-118.77292468463956,-115.77609615354966,-117.500282432863,-117.40306622045772,-118.0843675256414,-117.1240289683373,-115.4748701717662,-118.3475719260592,-116.85667900087871,-118.92513140137144,-117.1701738283126,-116.41265713062224,-116.03285373748183,-117.16645334299214,-115.85196415839,-117.38608386248802,-117.47396336083439,point1,-117.10298546355018,-117.16645334299214,-118.92513140137144,0.8158886990813974,0.261091980832646,0.25113656770484916
HDOK,PLOK,17472,46,46,-129,-13,11,2,33,-115.84112623165315,-119.51465011396967,-118.09807364670885,-116.15390844416494,-116.78445947083843,-118.35233021837013,-118.30848388036165,-115.57873556327453,-116.56641559295963,-116.79329015679392,-116.67318093317516,-118.45889665241205,-117.09872907413036,-116.20659307854305,-116.99405049640153,-116.91169026828453,-116.45494382790447,-116.15393343739841,-117.19703596320448,-117.03425899950652,-117.4279240806559,-116.34428426091596,-116.09544235899139,-117.53204901632489,-116.48986354180221,-117.69453799734546,-118.02988910392682,-116.27626380834681,-116.40825647250408,-114.97403040282127,-117.87018306235075,-117.72677412278753,-116.61370699225948,point1,-116.9896360991239,-116.79329015679392,-119.51465011396967,0.8875348710348218,-0.4601415133214981,0.32811524088395805
HDOK,PLOK,17472,46,46,-129,-13,11,2,33,-114.2457178484009,-117.75463062436417,-117.36325487454266,-117.0847869384759,-115.06855039531811,-116.45601163807314,-117.77698923678165,-118.25992526807237,-117.9152267350453,-117.71311051591535,-119.20906343498386,-116.99763254058847,-115.90951932947723,-118.2481754965264,-116.28554554219137,-116.18102254508769,-116.4503620081248,-116.55742520929645,-117.10970142140656,-117.37556525667775,-116.46515402790692,-114.96808323592398,-116.68623526667447,-117.713579332657,-117.37454931592157,-116.72633776542428,-116.0674669526651,-117.48040408497087,-116.34867265160227,-118.5879441866839,-118.3127963153911,-116.44324924787985,-118.37756130971965,point1,-117.01558335008397,-117.0847869384759,-119.20906343498386,1.1674094294068271,0.40584192654126294,0.25115418210211216
HDOK,PLOK,17472,46,46,-129,-13,11,2,33,-115.69688496920782,-118.27403076543257,-118.01115534691857,-116.46435858813014,-117.51896172768201,-117.3586356533499,-118.33404385500813,-118.26328311462746,-117.69950106662728,-116.02955510891115,-116.86674968981379,-117.01775388687373,-116.76581857028872,-115.27398301709498,-116.20266852337123,-117.26213053236977,-117.41444004036471,-117.88402281771097,-117.17056642572831,-117.38993299888651,-119.28092252826796,-117.3284105487945,-115.21513208840341,-115.81538767497536,-115.39826180746667,-118.37043629395167,-116.69131730799342,-117.35726678851948,-115.29578632971625,-115.60254913940184,-118.39985961357655,-117.61083757962224,-116.76713135624728,point1,-117.03126593197985,-117.26213053236977,-119.28092252826796,1.10618437222281,0.1417323085679507,-0.7095154883203159
HDOK,PLOK,17472,46,46,-129,-13,11,2,33,-116.7739546101854,-117.04860180584033,-118.02949886974213,-118.14654791583959,-117.56301710639202,-117.96165912193743,-117.45852995163035,-117.8977592157836,-116.92018394687874,-117.32745407050862,-119.12325303795171,-116.81494524954343,-116.83499009561832,-116.97083455264351,-116.5344065292937,-118.79074626432943,-117.30580877281605,-116.14697855360838,-117.53062033383911,-116.00438611536032,-115.75834601245842,-117.2247251961394,-118.5630432874048,-116.17127304897419,-115.717223686475,-115.17579009321742,-116.60056525111366,-116.8563808173241,-117.88580885118542,-117.6906005720854,-117.64451313401653,-116.57791402784164,-118.41008643650642,point1,-117.1957711071056,-117.2247251961394,-119.12325303795171,0.8285389487778485,0.03807796237466932,-0.26812113787825176
HDOK,PLOK,17472,46,46,-129,-13,11,2,33,-118.46918571489171,-118.80250464287197,-118.57012611221681,-117.02790653448383,-117.16882334623861,-116.99256995049727,-117.31930333639457,-116.8803371464165,-117.02935016626842,-117.40848461381745,-117.05352684508509,-115.57047279298212,-115.75636166808086,-116.74094654621064,-117.10171840098471,-118.71328905810256,-118.05692788738139,-118.29624760739316,-116.71074426128804,-117.21141126139365,-117.49795327452875,-116.84220718370739,-116.46978499608444,-116.69894839253051,-116.59051010608648,-118.47032633220421,-117.77521457425,-118.27445740016651,-115.61714404280504,-116.36304737292207,-118.10103225019277,-113.8913712950888,-116.35302264709034,point1,-117.14621993214112,-117.05352684508509,-118.80250464287197,1.0855748325416354,0.7187815289663675,1.4396058435876706
HDOK,PLOK,17472,46,46,-129,-13,11,2,33,-114.78424621230886,-117.78295653250545,-119.1767735115057,-115.31063495646283,-116.76033698404869,-115.84516226569035,-117.17113528847734,-117.98868625358418,-118.62509318332145,-116.65595251941174,-117.97671572357169,-116.44804188938289,-117.43828569707931,-114.8323531293546,-117.81155382528243,-118.42334905808057,-116.57598190292266,-114.6403052959877,-117.70508198596897,-117.76951187705214,-116.66178997784993,-118.40904723086902,-119.22736572324978,-117.27343383914123,-118.49436286068521,-116.95390645109016,-117.05184790545773,-116.74997775984093,-116.71601607581523,-115.68598253669845,-117.22702658415942,-116.07147428866264,-116.24020644301852,point1,-117.04498775056173,-117.05184790545773,-119.22736572324978,1.41245188559746,0.2313779781005625,-0.40035347442481894
HDOK,PLOK,17472,46,46,-129,-13,11,2,33,-116.25566042527845,-116.26965803535053,-119.28316671982782,-117.8883447807895,-116.73315008109698,-115.70769370397635,-116.71125483135924,-116.86314935089369,-116.28191529978129,-117.35946130924005,-117.94792791666062,-118.30093742588747,-116.12529891675737,-118.16175797870812,-116.00761124305711,-118.80305953907744,-116.32883231427124,-116.66038699551467,-118.4006563753999,-115.6179143823381,-117.98418299373627,-119.60738213979197,-117.42874906678279,-115.0775977719417,-116.6765133619132,-116.83794780996935,-116.95398311596726,-118.04044915130208,-118.42133142894716,-115.53318833192891,-117.9027454765595,-118.51309256255564,-115.9502016466144,point1,-117.17076371161444,-116.86314935089369,-119.60738213979197,1.3101545154965617,-0.23434421104361627,-0.8348208560110288
HDOK,PLOK,17472,46,46,-129,-13,11,2,33,-116.77202408145807,-118.91487402867195,-117.18341346237023,-116.44509890753277,-116.89485172018954,-117.86007657887092,-115.01094977396303,-116.81867511700511,-117.92123759734815,-117.70685364508256,-117.04646551563181,-116.31694429898467,-115.4766152564758,-117.22815446344099,-115.66671152238479,-118.96826120012126,-117.1025012068325,-116.18908369180103,-116.0805304276072,-117.08922012814732,-117.78636365292888,-116.59555613486545,-118.87065812486306,-116.14923189360323,-116.47272880367517,-115.59441558993423,-118.80624926454344,-115.50232418117909,-116.14082712005049,-116.90447713607911,-115.99337288153964,-117.52617995220021,-117.81284063623633,point1,-116.93478084835203,-116.89485172018954,-118.96826120012126,1.0753156843590117,-0.3641833820670772,-0.45240363070610945
HDOK,PLOK,17472,46,46,-129,-13,11,2,33,-118.04592033393315,-118.41482220013053,-116.3659230331054,-117.2300098325287,-116.89712043216258,-119.09315878444157,-116.7994278074085,-117.1363490592176,-116.83115289935505,-118.28779374205754,-117.23501520132997,-115.43155492607076,-117.28076770149607,-117.42321273924532,-116.68420609000503,-118.67618748920664,-115.77324423252097,-117.08822010152149,-117.55126757497757,-117.60334054218146,-116.52760869441137,-117.33469322458292,-117.35842550300455,-116.94603752503104,-116.0480536674986,-116.69489089422225,-117.07854928975026,-116.67107647902795,-116.9017449042023,-116.68831952584438,-117.02216445178459,-118.00997476159829,-115.16235190463922,point1,-117.0997753196513,-117.07854928975026,-119.09315878444157,0.7062848025892542,-0.07152580159730589,0.6232112241443892
HDOK,PLOK,17472,46,46,-129,-13,11,2,33,-117.22007913368166,-118.32914000461872,-117.95320001778481,-116.79665176971994,-118.96295461700272,-117.73324161633573,-117.54618454971964,-117.62250318669514,-117.51424318076096,-117.40399338635586,-115.72959236263644,-116.64342964661368,-116.12983150494483,-117.46827742135154,-116.68230296455322,-116.04662147188532,-117.54748658240594,-118.1247025922127,-116.49514217331004,-115.87558315950784,-117.24949950059805,-117.04226339273268,-119.40180809567747,-116.96093219892673,-116.56455936239311,-115.70766226253838,-116.58393713514428,-117.6071082271505,-117.69911827569172,-115.89074367340059,-116.68640113126408,-117.34351926418157,-116.75326001682035,point1,-117.13078708723081,-117.22007913368166,-119.40180809567747,0.749947508899714,-0.45171463144368446,0.3228512008976141
HDOK,PLOK,17472,46,46,-129,-13,11,2,33,-117.07503778009915,-117.08321597885666,-117.19713973344032,-116.62603147987326,-117.36292963024732,-117.19467893425887,-117.23905965391916,-117.70147586250735,-117.29773147099603,-116.09964690104495,-117.74131015361849,-116.65308905215164,-116.88092323380076,-116.24994098433035,-116.75302097340612,-115.98028545622844,-119.57126935009691,-115.91746975699137,-117.59341343179567,-116.19904678854432,-116.62534914613224,-117.70368592919993,-115.8960473216197,-116.27135778726844,-115.77606603967344,-118.17393810074083,-115.35429297945223,-116.13838707286396,-117.74647814686601,-116.63121253901986,-118.07833583930795,-115.23098250911903,-116.64453917121917,point1,-116.8693148238997,-116.75302097340612,-119.57126935009691,0.7937602296745851,-0.6105711806462375,1.0997780116274227
HDOK,PLOK,17472,46,46,-129,-13,11,2,33,-117.30615858976873,-117.58677184596249,-119.02642079683011,-115.70606404168197,-115.11938396641317,-116.8363929105899,-115.52926226285265,-118.41711600273348,-117.40927640480975,-115.82540441049527,-117.34855257482523,-117.32131209028574,-117.08241373772256,-115.90345956693866,-118.44586995926566,-118.57359756643692,-117.66715939341884,-115.85107612428828,-118.03180923570942,-116.83481732200106,-115.77230104172352,-118.01749366893279,-116.99105294284219,-115.16391611080486,-118.56910967463361,-116.99126621638261,-117.40881370843202,-117.62228448010784,-116.48254963932803,-118.80080049863747,-117.51809581654835,-116.05142571562534,-116.39254531064032,point1,-117.07890829174752,-117.30615858976873,-119.02642079683011,1.1554880294654006,0.09464401765491172,-0.9058285712319307
HDOK,PLOK,17472,46,46,-129,-13,11,2,33,-116.30931415633552,-118.31323921435359,-118.45025852448332,-115.92203531743391,-117.17257410410704,-116.5485728787635,-116.6002638749466,-117.59410199448484,-116.56723892040434,-116.71948071014776,-117.33647571904828,-116.3924571670348,-117.02136249532818,-116.56789681664483,-115.72299511701485,-117.00000996248096,-118.80941425546717,-117.72955531447175,-117.25591923602778,-115.65263681250786,-116.73293052873677,-114.93919625659579,-116.00112560960717,-116.8647222271622,-116.89803602932295,-116.09687512036534,-116.92738260371074,-116.17791817537602,-117.06381562065613,-117.09606243660384,-115.83131407852075,-115.91837886114917,-116.71594804831904,point1,-116.75604570265493,-116.71948071014776,-118.80941425546717,0.6658701214068586,-0.45811928090429416,0.6496897595473055
HDOK,PLOK,17472,46,46,-129,-13,11,2,33,-117.78932984515303,-118.05520858944736,-117.71820982460989,-116.39611541037014,-117.17835713645859,-116.75037369636753,-118.06768911942413,-117.94239428551555,-119.00678257795198,-115.10293225530074,-117.15298690063426,-117.45873527583456,-119.77838567949028,-118.86170772007186,-118.9340050928475,-118.32320118002376,-115.1244937392833,-116.2350260129106,-117.57463191545004,-118.74507840077898,-114.78200382228013,-114.90902807458687,-117.7073733364516,-118.91596427107571,-116.76935858203454,-116.77545611017395,-117.04015511539357,-117.82293323522774,-118.24736861575454,-115.819150809878,-118.12910210556896,-119.61122762472795,-117.46055581807238,point1,-117.46016127815604,-117.7073733364516,-119.77838567949028,1.6747714383495844,0.45261431264586144,-0.27899686338501706
HDOK,PLOK,17472,46,46,-129,-13,11,2,33,-117.1922952866976,-117.09216838611519,-116.19439733577249,-115.21288228226396,-118.91356294142977,-117.69717802795614,-116.58345473760053,-117.35319160614903,-116.62982962637196,-117.77031958536718,-117.30243518323206,-118.24617753037599,-118.43366840487458,-119.14962746658708,-116.74864546086224,-116.2622337194554,-116.64317293623048,-116.50159428860647,-117.86792895289958,-117.77768109529538,-116.58567729159238,-118.48822147752118,-116.38331365277722,-116.60368785642436,-116.93479600493795,-117.41290244381766,-115.73925844526767,-115.30784875510128,-116.20602355237789,-117.1961918692532,-117.47185801288352,-115.79009207748447,-116.58681483957207,point1,-117.0387615494895,-116.93479600493795,-119.14962746658708,0.901658031251843,-0.2723014321214449,-0.20432342534692305
HDOK,PLOK,17472,46,46,-129,-13,11,2,33,-116.89639455479661,-118.25250312134958,-118.52658821771408,-116.10543582609195,-116.79257129011987,-118.75232283937807,-116.41967230795362,-117.70126318376975,-117.28219890489999,-115.7295837926788,-116.96952932512511,-116.67368203312367,-116.9293613365481,-118.96756967445718,-116.85401242292073,-118.04081582135133,-116.75616635378647,-117.1482984360665,-116.42578569429016,-116.79142259318431,-116.8296208208218,-118.31278495053593,-117.32119022479066,-117.09226314883198,-115.07033817019324,-116.2977599541168,-115.76190928498848,-115.75622173892599,-115.80999553929507,-115.33096448026522,-118.31619187059646,-117.02590263308839,-117.43528127999804,point1,-116.98107884321374,-116.89639455479661,-118.96756967445718,0.9443094577434165,-0.19145335472090694,-0.4326877137781673
HDOK,PLOK,17472,46,46,-129,-13,11,2,33,-117.80039407381186,-118.61723876320904,-119.92589410665273,-116.99623485898314,-117.30967962411904,-118.06471900496834,-118.2475927771054,-117.76714461275647,-115.88967127916348,-118.08245730474418,-116.81841635693263,-117.40487833809685,-117.0834029083699,-117.05773423530844,-115.10195203269154,-116.79669813283661,-116.65052762353037,-116.02139071779713,-117.3117565934392,-117.12557812787327,-115.8960236738666,-117.31711163784462,-118.53600688967542,-117.18731386982739,-116.10839446493205,-116.66738838058951,-117.8126315423319,-117.39809679316748,-117.72572919254685,-116.20318162590682,-116.00475792292168,-117.64787758606386,-117.84288160469545,point1,-117.22487141384119,-117.30967962411904,-119.92589410665273,0.8997474238633044,-0.2647898223669806,0.9211096534137746
HDOK,PLOK,17472,46,46,-129,-13,11,2,33,-117.43823584530294,-118.23896750987514,-117.08034836595799,-116.41616164689545,-117.07730536300038,-115.61923943754809,-118.54514407687527,-118.76617531460974,-117.34439250929742,-116.84591014769124,-116.99753390083036,-116.30747263450512,-115.61078163715027,-118.34367477967807,-116.73456891192535,-117.02595352502831,-116.6091821012947,-115.98370085801542,-116.73235543036833,-116.57780561255689,-117.52273129231467,-117.09586328628164,-117.02102507609844,-115.16554626229257,-115.73929769757936,-116.93787342922957,-117.02091559923008,-115.45323060565188,-116.65182464696149,-118.62258095911868,-118.41550775959824,-116.75675852223696,-119.11781737334017,point1,-117.02472370055577,-116.99753390083036,-119.11781737334017,0.9779925036811458,-0.2956946978345716,-0.35074149798643983
HDOK,PLOK,17472,46,46,-129,-13,11,2,33,-116.00586212871578,-118.73536948375408,-118.14055803070188,-115.60820666156219,-115.94116040259392,-116.4620713746963,-116.68607272968868,-115.59446893139258,-118.61949403453652,-119.61872967052736,-118.06841999815578,-116.51501972642217,-116.577361624444,-117.58676670916621,-115.6109783959065,-117.38497925038125,-117.02308631910681,-116.72106486442485,-115.80111044897951,-116.9478878066798,-116.15348968040148,-116.28528136812223,-117.23195820894422,-117.98077261611078,-117.27155063327795,-115.48240864903191,-116.68044298509734,-117.06891810421769,-117.62467979772724,-117.27624962857453,-117.02939978287158,-116.20604063627572,-117.98486443113242,point1,-116.96741591253398,-116.9478878066798,-119.61872967052736,0.9835755617451059,-0.5966345168549833,0.0929216484389257
HDOK,PLOK,17472,46,46,-129,-13,11,2,33,-116.85344057129416,-116.94337060513125,-119.44987720628438,-116.98131165376076,-116.03223503176926,-115.98430975733793,-115.69745241308672,-116.81050908486634,-117.04766954439532,-116.03231536815981,-117.80367930975787,-118.23630796934886,-117.31684295028106,-115.89772959702258,-117.29204577270862,-116.3572340806014,-115.15169070174196,-116.33763021526558,-117.45286974099722,-118.3210296256406,-116.83868642473999,-118.49314920652836,-116.11020153476912,-117.52405485525681,-115.89726111506333,-116.77512578054163,-117.7512793721161,-117.66108888323438,-116.20452788541064,-117.70206902764694,-117.60568106496957,-116.84269920038848,-116.34126081437512,point1,-116.9620192837725,-116.85344057129416,-119.44987720628438,0.8470692667364271,-0.4630471160072116,0.2148745213215526
HDOK,PLOK,17472,46,46,-129,-13,11,2,33,-116.33868823980606,-118.35393451892286,-118.55365949180565,-116.37201480468921,-117.81335728235646,-116.37214764590026,-118.09422553843265,-116.17354972862518,-117.08655155859441,-117.6795233702659,-119.01484873003628,-116.20963239982281,-116.86569015290034,-116.57355365675176,-115.1960627261172,-117.9184956433069,-116.93816711252157,-116.79229964040104,-117.85443360904758,-115.65358102589376,-115.86142790518474,-115.17227249810372,-116.1823148093425,-116.42921035783665,-115.58845941670452,-117.5557672892475,-116.92943255411683,-114.91345859242097,-115.4595510368334,-117.36869662350765,-116.44731259142756,-116.82302935202972,-117.99827891665454,point1,-116.8055645096851,-116.79229964040104,-119.01484873003628,1.0588458118625477,-0.16122931912715516,-0.655184464594448
HDOK,PLOK,17472,46,46,-129,-13,11,2,33,-115.33046898558581,-116.90506635596537,-117.68038046327852,-117.65334642841664,-117.10080328349108,-117.04453010722347,-116.19282030821003,-117.58646319076189,-115.8151918504938,-117.46641980800365,-117.02867165723993,-116.64323144329023,-118.30445398044525,-117.14027496713733,-118.28922865272993,-116.9749649630288,-117.07085293705336,-117.35368836403829,-116.60235046262639,-118.9730414656786,-117.57348016797671,-117.80170023935128,-117.6282366100998,-118.1179333769259,-117.59387663766945,-117.43390953498054,-115.21324118654387,-116.29683206170826,-115.61635625149137,-117.73536492125251,-118.05018603345334,-117.33569405469026,-118.19153546095065,point1,-117.20438170338763,-117.35368836403829,-118.9730414656786,0.7443756043409604,0.597571351333929,0.2347117829677492
HDOK,PLOK,17472,46,46,-129,-13,11,2,33,-116.22144052153054,-117.7985289135906,-117.87624548977311,-115.55192076202178,-116.80112276997825,-117.23494102300644,-119.57324440376553,-116.88255853761872,-118.4803478779906,-117.48882567867831,-117.81601924836673,-116.68390257004795,-118.25523431878355,-117.84918922225876,-117.34126366249536,-115.40786848409105,-118.53919764839377,-117.91892642771141,-116.28912215274573,-116.78567438788913,-116.23110255102267,-118.45223177805373,-117.3397315865097,-115.94343522566605,-116.98672676957095,-118.30090872000696,-115.09275654988362,-118.81721019126047,-118.17785515337937,-116.47481019513384,-115.9821134958873,-118.11501391330906,-118.00636942350833,point1,-117.29441938345242,-117.34126366249536,-119.57324440376553,1.1335404645432103,0.1861753332455308,-0.5916636684089638
HDOK,PLOK,17472,46,46,-129,-13,11,2,33,-117.60220194042897,-117.67103816243605,-118.52492938410384,-116.74744594993805,-116.86134370648254,-115.82720299911463,-117.16315918089057,-117.59655938107282,-115.10079453877833,-118.45262357253434,-117.88956688839231,-116.78313401195808,-115.74442184605797,-116.96667802356319,-117.94472864551757,-116.15295998746682,-116.0269138016059,-118.03365303509787,-116.31897208611068,-116.84823396019492,-117.58581453233427,-117.5575243601488,-118.04788564913719,-116.5023418025674,-117.1909830921778,-115.02514070879461,-116.17822147236097,-117.68335457648939,-117.7534182633985,-117.34418162832925,-116.16495394560773,-116.23513289349276,-115.76697883140449,point1,-116.94825735933298,-116.96667802356319,-118.52492938410384,0.8395001838152537,0.2882844100591774,-0.7447947362844638
HDOK,PLOK,17472,46,46,-129,-13,11,2,33,-116.74197485933901,-117.3587235624341,-118.22023413297869,-117.18721006905682,-117.70391352020329,-117.00715946400192,-115.59718310774736,-116.84049558473139,-118.52769548120534,-119.19645368322314,-116.51711801013116,-116.28769591767615,-118.58029877493301,-118.19923813011648,-118.5017161386707,-116.13925147492172,-116.54536273144147,-117.15931064345943,-116.64909052462706,-116.86908207222936,-117.6858880773579,-116.59742906649518,-119.48623363819642,-115.73609258726749,-116.77343713070026,-117.3862763023339,-118.59842429919028,-119.15320888140623,-116.84009723606344,-117.28435250429928,-116.71809151894635,-116.96213726409027,-117.1409619172153,point1,-117.33914661535425,-117.1409619172153,-119.48623363819642,0.9583498360440057,-0.5303537955696177,-0.41019933624155636
HDOK,PLOK,17472,46,46,-129,-13,11,2,33,-117.78870297685616,-117.0873436339107,-118.573207209621,-117.0584134939506,-117.56358180152705,-118.74417294130615,-117.7850466209333,-118.63678426630497,-117.36556607468009,-118.30118202557544,-115.85582690618833,-116.8436613711859,-117.14393726743965,-117.12688044374539,-116.75933570236091,-115.98070127859734,-118.41963353546525,-117.26901453034989,-117.34850582472487,-115.93082414818272,-119.14039364060945,-116.54794178047106,-116.56544256730542,-117.49259639978766,-116.20020333830652,-115.36119475431045,-116.97903117925334,-115.36008148858437,-117.27373894263536,-117.12820807836286,-116.29826614019973,-115.81350661397418,-116.68026901417022,point1,-117.10373321184474,-117.12688044374539,-119.14039364060945,0.9206203661530782,-0.18097087369130682,-0.4311960555819594
HDOK,PLOK,17472,46,46,-129,-13,11,2,33,-117.30009398346287,-118.6111825019397,-118.29364353841835,-117.82686540863828,-118.88249995392297,-118.62134082323112,-117.9471836482515,-118.19677645969696,-117.33882526596054,-117.3735435247563,-116.20410330615866,-116.40579658771897,-116.62362730019312,-114.57214082302353,-117.08804523187975,-117.03648754592804,-116.16382346577981,-117.46028594056338,-114.00668324733633,-116.59045592946963,-117.61789801088092,-116.92202644289459,-117.00749077026106,-117.22605123063505,-116.17758688992575,-116.79094263195269,-116.79807399675029,-116.96009110703984,-119.27948862699671,-117.17333496560722,-117.68355088955533,-115.15249602500847,-117.3836326032564,point1,-117.11260814173012,-117.17333496560722,-119.27948862699671,1.2396002874340564,0.6950686118926274,1.2761920207535895
HDOK,PLOK,17472,46,46,-129,-13,11,2,33,-117.33693878195004,-118.00747866383401,-118.02659627954297,-117.88998948309454,-116.68861064817668,-118.42166727370294,-117.37823453276178,-117.13493954141069,-116.93038098597523,-116.89718558168444,-117.31484569528529,-117.15736305791216,-117.9360465865153,-117.10395370977284,-117.51211308960879,-116.97249632176622,-117.39081258408419,-117.62807686284008,-117.86536753760429,-115.82327101357784,-117.75462060616631,-117.17169448364818,-116.43073078882462,-116.94182937062949,-118.08221879280052,-116.66097212284065,-116.8415147172758,-118.05683278408203,-118.10340131843508,-114.03496815030516,-115.922751830946,-116.16873206932796,-118.66503165655523,point1,-117.21974748251324,-117.31484569528529,-118.66503165655523,0.7762933687092374,1.4142983145399222,3.8156841287491683
HDOK,PLOK,17472,46,46,-129,-13,11,2,33,-117.53256409265266,-118.36496002817252,-118.6037832536444,-117.04520132314657,-116.94195433107109,-116.73124406016466,-117.73308303325483,-117.56114583298069,-117.67834281141391,-118.71962575727751,-117.07860814421825,-116.05415525185143,-116.0068578911389,-116.15162284285168,-117.6999102232656,-117.07402232047535,-118.89345500898325,-117.04932747064622,-116.47983384833425,-115.74671449753701,-117.36966858304673,-118.69617573300143,-116.46231548964563,-116.83365855570436,-118.69864330217355,-118.20237654294185,-117.72485994255466,-116.06678613354238,-115.19376719983757,-116.2082329936119,-118.8154373138312,-116.77887279267973,-116.48540060505857,point1,-117.23280627911244,-117.07402232047535,-118.89345500898325,0.9807690235714115,-0.09021262616912173,-0.8688189387037815
HDOK,PLOK,17472,46,46,-129,-13,11,2,33,-117.7775760511506,-117.68678166090804,-117.88276844090713,-116.83194313510603,-117.87382303395428,-116.73589157388317,-115.80770777901118,-116.60436494809817,-116.54409129675734,-117.50452496267005,-116.5160433298998,-117.41178337283272,-116.40573726552176,-117.63083654950731,-117.74419329095706,-116.6827022496997,-115.79294214484972,-116.69639341077782,-116.0236875829989,-119.08550636079924,-118.3622533079372,-116.35686342949,-116.59853746485031,-117.26885733350689,-117.92815450616965,-116.48637475962664,-116.81548219859437,-117.15894057669081,-116.6420984004482,-114.58413779157982,-117.31343945437219,-117.52366119914355,-115.49594181741368,point1,-116.9628497175792,-116.81548219859437,-119.08550636079924,0.7775665554505599,0.20846988072659625,0.7682740282851577
HDOK,PLOK,17472,46,46,-129,-13,11,2,33,-117.96814549049401,-116.74504792152318,-117.73218066836078,-118.77137342703209,-116.2779245269745,-117.15471462772568,-116.45094213672925,-116.82669687011177,-118.17353373597324,-117.82379397463501,-117.35697193081461,-116.85612558611962,-118.73579703320898,-116.58193996508942,-117.18058037997085,-115.49133571913877,-116.8598770833868,-116.2630292382352,-117.84222642021524,-118.02010004224712,-116.64286666824881,-117.89977611164512,-117.32959123894803,-118.262419402801,-117.36671053422111,-119.02319334053855,-116.77201933377087,-116.52583246169822,-117.62710605705708,-116.47674961857876,-117.38968659245617,-118.1064420332013,-116.56705513776345,point1,-117.30611470633073,-117.32959123894803,-119.02319334053855,0.6620732455208126,-0.16914955718642657,-0.4179280189318426
HDOK,PLOK,17472,46,46,-129,-13,11,2,33,-116.82855573851066,-115.9870055280828,-118.94954992584645,-116.94006728524766,-116.4651567263758,-116.3233237950777,-116.49554070625874,-117.81866610809443,-117.89467182777658,-117.25347467445731,-117.39475183448636,-117.4016929650416,-116.88126221643934,-117.28615839178816,-118.94108427841395,-117.97722243581718,-118.33152787891055,-116.77187648838677,-117.04065001154895,-115.76142900585388,-118.03250575764923,-116.4006736167379,-117.93382754547858,-117.42107919333968,-117.44270459031814,-116.81520002223415,-115.28339583834219,-116.43025641070062,-117.61604543682454,-114.34591759241594,-117.95364086889269,-117.37420433742217,-117.34447704250564,point1,-117.12538169925081,-117.28615839178816,-118.94954992584645,0.9072413830322968,0.5998287318119947,1.196710900436576
HDOK,PLOK,17472,46,46,-129,-13,11,2,33,-116.53223191185972,-117.165678637386,-117.19515708184618,-115.32141356760123,-115.6331455064661,-118.6760139826578,-117.20951880624926,-117.92143533572546,-116.20128462352322,-117.16836231860103,-118.25692610979958,-116.56724334105148,-116.70254626946073,-117.39006696823644,-115.34595373663096,-116.43768724758775,-117.42094073040701,-117.06411002522098,-116.33579534249553,-118.53747211305338,-118.25260490478288,-115.89398198219781,-116.52203608891251,-117.12721505850595,-117.21090953872748,-117.13233444997202,-115.18265771609987,-115.94114213131301,-116.36644130516132,-115.94171768676206,-117.96109873791808,-116.5121345021383,-117.40773666917708,point1,-116.8646968008342,-117.06411002522098,-118.6760139826578,0.8228092957177521,-0.0894889089207041,-0.5207527724360652
HDOK,PLOK,17472,46,46,-129,-13,11,2,33,-115.61366312887094,-117.27842867181175,-116.78498437228298,-115.89226197056679,-116.48066300682768,-116.52804754925724,-116.43158268190139,-118.3338302316773,-116.7487725758382,-116.97021170002795,-117.97830373401956,-117.63964090620262,-115.20557944215082,-115.61548501338186,-115.77338518767691,-116.50627587729417,-116.16940202005621,-115.81810639006252,-116.39821677445289,-116.88713041515538,-116.06676610295987,-117.2052135575252,-118.1832059825492,-116.8465679091394,-116.89787603217677,-116.10734102007203,-117.45507285332512,-117.51037027163322,-116.41059687858808,-116.80242757871511,-117.3555552930698,-115.56445238835046,-116.73770698822334,point1,-116.67264013654068,-116.73770698822334,-118.3338302316773,0.5867234634384628,-0.2590664956774024,-0.3745334420467499
HDOK,PLOK,17472,46,46,-129,-13,11,2,33,-116.52393552730787,-118.09343745766644,-118.62087567257147,-117.72437655654511,-117.58880437807183,-117.21284855223057,-117.19857759373232,-117.50599351302577,-116.59541346863293,-115.64107581247356,-116.0063131878161,-118.46840091712701,-116.39640516249149,-117.07796019145417,-118.05728411841162,-117.0914798908065,-118.29589691033122,-115.70434110242766,-118.24699447768094,-118.72349834261381,-119.11484162119844,-117.53081311615617,-117.70124268089312,-119.16360181043729,-116.92420973444783,-118.47988318037281,-116.52585035281612,-116.8175582698674,-117.39540555731494,-117.44670394162425,-118.09276865674956,-118.47280925150787,-116.28495517714222,point1,-117.47650170254383,-117.50599351302577,-119.16360181043729,0.8762009025433093,0.13897223502549877,-0.7421848757312888
HDOK,PLOK,17472,46,46,-129,-13,11,2,33,-117.14473428619164,-118.67527281620806,-117.87784157406921,-115.82701959726319,-116.66627023359298,-116.4983001219519,-114.95929298692548,-117.93098273566314,-116.92180999943109,-115.79174988110796,-117.33361822181566,-115.86029378491003,-117.80649072816517,-118.67278070638835,-115.29020021722812,-115.86482954688695,-115.81347315900867,-117.42436246392374,-117.50430439414215,-117.1302929048571,-116.31676851489523,-115.69265897360675,-116.12861809152307,-116.77886287121335,-117.43770312307386,-116.13345540466248,-118.48004625726361,-115.73079291954011,-115.47135106303993,-116.68459978622336,-117.54775871266428,-116.30469640485295,-118.10962929362094,point1,-116.78214732654274,-116.68459978622336,-118.67527281620806,1.0114320226641533,-0.2228544943036701,-0.9271121513528455
HDOK,PLOK,17472,46,46,-129,-13,11,2,33,-117.00916028653504,-118.4933081852195,-116.70540221738398,-116.39497448462157,-117.28333516898677,-117.65643078651426,-116.77007443178074,-118.18498495835394,-119.1169378518364,-116.10241967568702,-116.91917072970114,-116.18748098158561,-117.33961093634764,-115.91370804181932,-116.85513705223963,-117.37482542178212,-116.57088117105104,-117.35201555247268,-116.52507732821762,-116.35843871050673,-115.57711306885807,-116.56311209495365,-116.088876175947,-116.84551961789013,-116.47980181238638,-115.42203171379415,-116.56957962924673,-116.99610311720693,-114.84573127116924,-116.4852131771882,-117.83660171893911,-117.27959619452783,-118.24656465216057,point1,-116.85906721869429,-116.77007443178074,-119.1169378518364,0.7759021874686945,-0.33101873262050185,0.6272615884942816
HDOK,PLOK,17472,46,46,-129,-13,11,2,33,-116.01487199524819,-118.78598838468747,-119.16052577139055,-116.58042789026386,-117.53452367848043,-115.2807356439695,-118.3711727795666,-118.21019866078255,-116.68979387856669,-119.18643419626137,-115.6695956723745,-117.68799916261705,-117.11037467402242,-116.48756713313361,-115.27314160353271,-117.31025781447016,-116.80147099121595,-118.5192347426575,-117.40717799396042,-118.2055904143392,-115.89536662982833,-118.41716681852235,-117.27872611501607,-116.47516004382719,-115.2290124234029,-117.23706332577514,-116.2830958832844,-116.37578327926927,-117.71686062065503,-114.74884405459001,-115.88784036105406,-117.41798928640497,-118.43736080964946,point1,-117.08143493129755,-117.23706332577514,-119.18643419626137,1.4105621205384418,0.055142177735129985,-0.8653841938631084
HDOK,PLOK,17472,46,46,-129,-13,11,2,33,-115.4069956541498,-117.87750175914661,-119.09208816415986,-117.02236064750228,-117.47224756942543,-117.84458843743329,-117.477286171397,-117.56336570439503,-116.79795095216768,-118.75714451405027,-116.78393493922634,-118.68655245207762,-118.01742093761275,-116.98741579632237,-115.44003745063017,-115.81727131775024,-116.942126360545,-117.53552170424771,-116.51105551142565,-116.81417212190131,-116.6742483331785,-117.09820545291718,-115.46595267613712,-115.93550062061009,-116.61909407084012,-118.18235842286569,-116.82624832117024,-117.57474714974607,-117.74683848766688,-117.89339185306949,-118.90982515002803,-118.2808650455896,-116.46755897668896,point1,-117.22793553715377,-117.09820545291718,-119.09208816415986,0.949581324866564,0.07614718184333755,-0.4832272638671107
HDOK,PLOK,17472,46,46,-129,-13,11,2,33,-118.61998253367315,-118.57292336550773,-117.77853786620736,-118.03986840039389,-116.69466170670088,-115.57685195100831,-115.76224967435608,-117.15651497037913,-117.56030157580105,-116.80852820856838,-116.86620077519238,-117.62444776584522,-117.14923895044313,-115.63080078249094,-116.91056414431752,-116.40136998386049,-116.76294777779229,-118.42195337222874,-117.72107114572827,-116.70564301221823,-116.21711971462925,-116.87449148068417,-117.4137884517762,-118.66949713907005,-118.07862769032403,-115.71482778132459,-116.32924990089695,-117.02940674892679,-116.85254396984593,-114.69817001800287,-115.21047272928308,-116.65975189213546,-117.52143936326964,point1,-116.9707286316025,-116.87449148068417,-118.66949713907005,0.9667402082579892,0.20633321529847423,-0.2968475326143172
HDOK,PLOK,17472,46,46,-129,-13,11,2,33,-117.23613866640231,-118.14148329563224,-118.61318841262825,-116.4780198512186,-114.62809252512346,-118.82083303431658,-117.51215399557384,-116.83791692984595,-119.16597242541289,-116.05944215812984,-117.904100974013,-115.38143362397899,-117.96045471812674,-116.7029358582788,-119.28919088955134,-118.30212978108607,-117.97378876867978,-118.18855246149175,-117.07796434439554,-117.7243210239747,-116.20073675840523,-117.0244911114441,-117.3428166358775,-116.09228808630095,-117.93436768111312,-116.78691226261232,-117.43653476277461,-115.7348787926017,-117.66684605337426,-116.46880298062082,-117.35440864369849,-116.91133383086222,-116.36241228760872,point1,-117.25196798864106,-117.3428166358775,-119.28919088955134,1.1144619611584672,0.22939952113123122,-0.012445255012013767
HDOK,PLOK,17472,46,46,-129,-13,11,2,33,-116.56150208428053,-117.94424962564773,-118.23009245142812,-116.53839436020847,-118.66189259177071,-114.29705222787427,-115.35854739025154,-118.64144004453966,-116.33694346207687,-118.14472106333044,-117.98836608660247,-118.23482513775217,-116.57213950226719,-117.96363840503393,-117.98651968454159,-118.16512340892956,-115.13852069252991,-118.38225919647311,-116.57499228285454,-117.3937213657122,-116.90842282625638,-114.65431308452838,-116.19477626104194,-116.90608157440315,-117.92129278159356,-116.8779721216212,-116.8271743250698,-116.32763391000832,-116.91682282502923,-118.58407323628136,-118.21143336556027,-118.43230463370175,-118.13229080267502,point1,-117.21241008520835,-117.3937213657122,-118.66189259177071,1.364060574491796,0.8148013566179221,-0.03236296260530125
HDOK,PLOK,17472,47,47,-129,-13,11,2,33,-118.88815068996757,-119.34919402658339,-120.20795935605526,-118.41447566545332,-117.72145068386932,-116.27715180961398,-116.04197447100096,-116.54375889926554,-117.4506276947678,-116.28620065042989,-118.3918804103697,-117.12490219603204,-117.35095808688583,-116.78413379349098,-117.61853959685415,-117.61669813582942,-116.52545152294942,-116.4464307948191,-116.8526937517082,-117.83188099831428,-117.39833695956418,-117.81817627845837,-116.04296791156195,-116.90290420792704,-115.92387902199113,-117.08486387506179,-115.45859319596403,-114.66763571262914,-114.9430150934728,-115.94119179803496,-117.01623369137242,-115.81545686869349,-115.62180775281936,point1,-116.98059320005484,-116.90290420792704,-120.20795935605526,1.447432002893711,-0.5205711352371469,0.49097223733463435
HDOK,PLOK,17472,47,47,-129,-13,11,2,33,-118.92152804688985,-117.14471907888306,-117.90993541632595,-117.67649298712719,-116.63989360585202,-114.03519393950988,-118.02927261079383,-116.71565272571931,-118.51068101746814,-117.48867303139983,-117.70785574672799,-118.09178033065841,-117.22413055214189,-115.72468893220285,-116.4323636583579,-118.24806867821869,-119.23928470627341,-115.71145290596803,-117.81843498601192,-115.80703849665754,-118.17531823124182,-117.16218199705406,-117.96832070600676,-116.19938522463475,-118.84147210472884,-117.92990609071325,-117.51036078476919,-116.78661932060471,-117.97832770202848,-119.01294986852099,-117.4563367055758,-116.37399385307366,-117.42883384585036,point1,-117.39094387539363,-117.51036078476919,-119.23928470627341,1.2089294673291633,0.8260644815103964,1.189338035717538
HDOK,PLOK,17472,47,47,-129,-13,11,2,33,-118.6178125793758,-117.3105745322,-117.08974988236852,-118.27465766016537,-117.4835572858448,-116.23689921691734,-115.9429183900646,-116.96264281458494,-115.81536455014852,-117.10166543256781,-117.78877715813604,-116.08791378692236,-115.78290467826513,-117.45327547870815,-115.86178373231239,-117.0761199843188,-117.72520802595604,-115.29678767425956,-117.12306396335232,-117.2740258494841,-116.51811270939612,-117.05359241266721,-117.01670053879121,-117.26987407002613,-117.43030504681418,-118.69622192942471,-117.42839665907354,-119.17631335775184,-117.62086908252803,-116.41509857323226,-117.40769989557724,-117.5449779145323,-116.43258256795805,point1,-117.10049840708258,-117.12306396335232,-119.17631335775184,0.7613450552152063,-0.1389137776550834,0.08707418746658924
HDOK,PLOK,17472,47,47,-129,-13,11,2,33,-117.20701570114068,-118.51846813104865,-118.12226838100027,-117.59832474735023,-118.07892821834322,-116.01750915760225,-117.32888924469246,-118.93674884581903,-118.02557120659627,-115.90352790416728,-116.2624906990285,-118.37712828848464,-117.19257114525415,-114.15557883401561,-117.64115415418092,-116.06434520709263,-116.65508987559413,-117.14218282867812,-115.57325740299775,-116.9385233646237,-115.61049503005518,-116.9865496245261,-118.02270669422447,-117.5503443506964,-117.28599393135795,-117.95084912429091,-119.17001039135125,-117.44377830616067,-118.94097287253864,-119.90764147615457,-118.46821853600714,-117.14167625637751,-115.56130995451825,point1,-117.32667029957481,-117.32888924469246,-119.90764147615457,1.4654316667522445,0.33133324277217024,0.2591057005980031
HDOK,PLOK,17472,47,47,-129,-13,11,2,33,-118.20463150034595,-117.01050693981942,-117.52816116039726,-117.4204637387084,-117.80339968835852,-115.95307184599572,-117.53970231254377,-117.82199778838945,-119.1751656410523,-116.06566346294917,-118.12326604139434,-115.9208751161961,-116.061094986407,-117.05442498186078,-117.59827362393511,-117.03606291426551,-116.48370004189503,-118.68671118616146,-117.74045413541751,-117.48541933246166,-117.5147117600684,-117.13614484741468,-118.18256527549718,-116.6035645767291,-117.12875953565894,-117.83458001749152,-118.32532812732386,-119.44448508088952,-118.35626070789115,-118.55193613521222,-119.44304688964553,-117.32156945827413,-119.38797299596557,point1,-117.63466581353383,-117.53970231254377,-119.44448508088952,0.9333104420672436,-0.10192423309214901,-0.3963011163818555
HDOK,PLOK,17472,47,47,-129,-13,11,2,33,-118.09229716516518,-115.49348551400811,-116.20605611836837,-114.9116767000378,-117.81213068019721,-117.28695547119649,-117.36713587312435,-117.32881459065568,-117.14009008847822,-117.44338694580989,-116.41242820718246,-115.27580944993383,-116.7331210068454,-118.29379168558023,-116.08446885263716,-118.04540201675977,-116.90899632122628,-118.77098455954471,-116.55576466106025,-118.66803828690142,-119.03524780279078,-116.18907433625235,-117.01971780129249,-116.10605828991295,-116.61777080197174,-116.02155055587382,-116.76114942666551,-116.78871105892787,-116.7448187288189,-118.97338635248555,-118.64695945269258,-116.21663531622934,-118.32666737411095,point1,-117.09935095432539,-116.90899632122628,-119.03524780279078,1.1605490859352763,-0.12756095876726575,-0.7056697087612558
HDOK,PLOK,17472,47,47,-129,-13,11,2,33,-118.9691998969054,-115.7811375665386,-116.898521363913,-115.52610946975672,-118.40824321468914,-115.96744136828764,-117.92113554255404,-116.2352824103076,-118.24383920295682,-117.95355350381166,-116.35116575012428,-116.77834863664697,-118.0014243077614,-117.72835605678966,-118.69554226852972,-116.40861516824238,-116.95477120956468,-117.40701597011612,-117.08102204260854,-115.41872307290824,-118.8657331733903,-116.96672242686931,-117.6203403573325,-117.20853174308095,-117.30354619333745,-116.69805238672231,-117.3000117540601,-116.75292627399375,-116.25307160430131,-116.73080632514626,-117.73438902055186,-118.04959939670009,-116.73808250200543,point1,-117.18034124789406,-117.08102204260854,-118.9691998969054,0.8454317868864661,-0.07737426146084793,-0.5888970946011316
HDOK,PLOK,17472,47,47,-129,-13,11,2,33,-119.37009225548628,-115.51599474188053,-117.06294737680624,-116.89065608275223,-116.49846650070599,-117.22589594294652,-116.31471640055197,-117.78703549124629,-116.14201443856216,-116.34847376957109,-117.28178867175417,-117.07956463411088,-117.38993315439514,-117.39320764025292,-117.20456019922194,-117.17847736212342,-116.48540523371027,-117.73030419057032,-116.17542025552866,-117.54908001497417,-117.27504284654286,-118.28095921717812,-116.29848006642847,-116.8996910297642,-118.37157196423135,-118.27942732322728,-117.20901715385804,-115.22415554922091,-117.12429287801471,-117.47262261338012,-117.9565742895205,-117.65492160045825,-116.77594125989634,point1,-117.13474945905674,-117.20456019922194,-119.37009225548628,0.6848897385138838,-0.11755188262640513,0.8789969508985824
HDOK,PLOK,17472,47,47,-129,-13,11,2,33,-117.62902648906564,-117.76046403098808,-118.16400092755231,-117.03040861605379,-117.37386048761279,-116.63405719626721,-118.48347234936112,-116.35906779253942,-117.32054303708651,-114.6596274993265,-116.85380727309501,-117.36723489751463,-117.52567027674081,-117.4672669598203,-118.03788660500234,-117.71178030474923,-117.03980259622487,-117.30912347855237,-116.16974808076718,-118.16924665567696,-117.13590865955186,-117.04234360213184,-116.72939885011816,-115.57340593760375,-116.91729141312088,-117.25326362607937,-117.30198233855654,-118.43434572166542,-117.23529850249672,-117.34076123838769,-117.75655393420249,-118.07010463270137,-117.62870742496519,point1,-117.25713519501754,-117.32054303708651,-118.48347234936112,0.594967588948558,1.2709171001971473,2.951803010461337
HDOK,PLOK,17472,47,47,-129,-13,11,2,33,-119.14367796246275,-116.16894318201717,-115.16908661528417,-117.96564898855372,-118.16832242521993,-115.46169861113428,-117.06296092499348,-115.6812402228218,-116.15817356977237,-116.81436053426266,-118.63995181289309,-118.19147260362453,-119.12345583095545,-118.64398757540599,-117.19406200882052,-118.37279206689523,-116.50985791215642,-115.85540610047933,-117.45932363871769,-118.20615052952873,-117.60297951756938,-118.38721676920866,-118.53375703462125,-116.8841732357708,-116.99422901490928,-117.62860006031613,-117.13804632344431,-118.62963974148849,-117.06103003552543,-117.88787433182556,-117.1712781492556,-119.02753716124722,-116.51779450829513,point1,-117.43802209089326,-117.45932363871769,-119.14367796246275,1.1758939331287415,0.291866255896841,-0.7941915280730472
HDOK,PLOK,17472,47,47,-129,-13,11,2,33,-118.4548738905959,-119.42848843078606,-116.92854826554809,-116.5388535994267,-117.19039027912537,-117.00287765583998,-116.81562405239538,-117.3460992452571,-116.53737001451174,-117.16844736092753,-119.31733333801215,-115.58153517378173,-115.0330808476283,-116.42676742663686,-116.12876916425837,-119.16027651889691,-117.41566869639438,-118.32482123960959,-117.89984185469154,-117.82269602426668,-117.07109973679958,-117.25078869135952,-117.52828178762908,-117.21906772347977,-116.62075558447945,-117.57888014231774,-116.54559108030803,-117.1752599489399,-117.08020848475596,-117.83884485788845,-117.39668342782366,-117.84595307864919,-117.55505869288392,point1,-117.30996473684559,-117.21906772347977,-119.42848843078606,0.8762401043660959,-0.22962468021192917,0.8972425252246263
HDOK,PLOK,17472,47,47,-129,-13,11,2,33,-118.20620297053227,-115.66880603302357,-119.42547624087771,-115.03058998051581,-116.00377067387491,-117.19939999585341,-116.76645902878053,-115.772502204458,-116.68102834740004,-116.34702822667066,-117.61430288664609,-116.27372614841534,-116.45199321376141,-116.39002920383328,-115.99609292658805,-116.33075544164492,-117.2075931937591,-115.9875648343174,-116.40916217300018,-118.20592427213563,-118.21121266080414,-118.8172072131272,-118.23180859997954,-116.43579819912604,-118.68911279032524,-116.78086424455,-118.16801683821564,-116.79966485747762,-118.22505143053095,-117.38376173665173,-115.18179845242342,-115.90208649646254,-117.59661342813537,point1,-116.98155772557269,-116.76645902878053,-119.42547624087771,1.1948195490086984,-0.3490977699836947,-0.7021568454879001
HDOK,PLOK,17472,47,47,-129,-13,11,2,33,-118.25878670716352,-117.76280050478063,-119.00795513217919,-117.12519394043225,-117.80514048839227,-116.35269223254924,-115.09547797226743,-116.29976885841245,-120.1046800619457,-117.24963690609862,-117.08072761489687,-117.54798215929888,-118.09482341420586,-117.59545250421237,-113.92195084801364,-114.83906341461694,-116.09828401634839,-118.0568148254876,-116.57927769774334,-115.59102579176049,-117.96445700875148,-118.47220808518573,-117.95825040136235,-116.90883512148362,-117.58136320644513,-118.4614635955701,-118.3595949807311,-117.40158766484363,-118.93579340093063,-116.7384543006087,-116.90268696758599,-117.331640401564,-115.9884626583563,point1,-117.256737360128,-117.40158766484363,-120.1046800619457,1.5905233566523855,0.4813709960076825,0.6915529840306918
HDOK,PLOK,17472,47,47,-129,-13,11,2,33,-118.36394877917455,-117.93223210576879,-115.9559178456886,-118.9328143604624,-116.93428429776962,-117.96884782301638,-117.9050074923329,-118.96959382339445,-116.39939438096098,-116.93546160909686,-116.85807581955677,-117.25659986586841,-115.84435562827855,-116.11009458475975,-115.47122795524724,-116.74087753983602,-117.4805743296419,-117.61456835532844,-117.39242986791459,-116.27254153649625,-116.56394973460638,-116.4274838787269,-117.748784363058,-116.46763700578609,-116.57598446098558,-116.96728738729436,-117.72315900908798,-116.84340996597821,-116.38616825184523,-116.39243061387522,-118.43191037022315,-117.76046263078044,-116.18785414555748,point1,-117.08531423692115,-116.93428429776962,-118.96959382339445,0.7683455212118929,-0.4183139789476633,-0.5148107542270557
HDOK,PLOK,17472,47,47,-129,-13,11,2,33,-118.19319351991058,-118.86118670540434,-117.16681760272895,-116.14050202190646,-117.20743725898592,-117.14186563057395,-115.93349031850411,-118.17220637061772,-116.76737445492807,-119.52788943101872,-116.29694059089888,-116.7791630008344,-116.9138039926866,-117.05809476148275,-116.18461700994075,-118.60215022811266,-115.81002657497696,-115.62145366601159,-118.0687658913133,-117.83863487729828,-116.31439169352588,-117.46244744277548,-118.11735315278793,-117.98166955967979,-118.24396309018148,-115.3817372796323,-118.14007267229991,-117.6934392035174,-116.54065525599232,-117.22268400597851,-117.89634772543351,-116.58513108659841,-117.91372400638384,point1,-117.26603727524005,-117.20743725898592,-119.52788943101872,0.9757344454097001,-0.046454160513125495,-0.5739322884316733
HDOK,PLOK,17472,47,47,-129,-13,11,2,33,-118.59546973082874,-116.18670795276097,-116.94697617778316,-117.15512390863876,-117.06441875422763,-117.51188514426526,-118.04913417379198,-117.21095744470796,-117.26443471142294,-117.90135016465275,-118.08451476532402,-118.21575385932665,-116.10761089681901,-116.43012743014754,-117.02214795341808,-119.30701461965216,-115.85772219297658,-116.28452577262563,-115.80400764121441,-117.90773550965254,-117.50526841008522,-117.55649965648286,-116.80518308918923,-115.60847675755603,-117.2418668314302,-118.03754953695694,-116.6639727603255,-118.38961894736534,-119.21789224044679,-116.54420671612968,-118.38357444350906,-116.3978838404628,-116.96055660821138,point1,-117.27939904976934,-117.21095744470796,-119.30701461965216,0.8861849306766256,-0.2513740151021797,-0.51503109650662
HDOK,PLOK,17472,47,47,-129,-13,11,2,33,-117.92138260179165,-117.3296430815431,-117.46307555644732,-117.72954792934082,-115.64411401341326,-115.20521650589106,-117.32201934005614,-116.5103521143992,-115.62710547554043,-117.71443911551385,-117.60877722495852,-117.90681266401079,-117.72823951869923,-117.20201209639393,-118.23956874796377,-117.31463350384837,-118.09004837272397,-116.13281334432759,-118.66767602360345,-116.04167658213404,-116.6827202015448,-116.14528827420763,-116.8780739344383,-116.11593859385351,-117.53620050703235,-118.05202320694785,-115.45847176564968,-118.97082358837139,-120.01134714679547,-117.95522520519708,-118.58336935410088,-118.2828974285673,-118.43607392111079,point1,-117.34871536183084,-117.53620050703235,-120.01134714679547,1.2123435491018566,0.0866886224930308,-0.2246786046961029
HDOK,PLOK,17472,47,47,-129,-13,11,2,33,-121.19281385034381,-118.30110949777395,-118.6428067738571,-117.73017953331258,-117.48738317524824,-115.6093588973505,-117.12632813271732,-115.53598863875266,-119.71164301797276,-116.68905307153989,-115.64028510118328,-117.59298079509571,-114.83485067578081,-117.00634288627165,-117.21685820502148,-118.48717125078659,-116.41133864420294,-116.65819505813283,-117.92925643345875,-117.573803159042,-118.02793883007952,-115.36738463575907,-116.98153805347967,-118.42062041087941,-117.95901299347692,-118.03999920814634,-117.24513869830295,-117.573089269036,-117.415235451738,-116.94610618566308,-118.49491244215899,-117.05443597436856,-118.42445321569103,point1,-117.43417006565528,-117.48738317524824,-121.19281385034381,1.55878997125435,-0.40701881867129175,1.573466537202108
HDOK,PLOK,17472,47,47,-129,-13,11,2,33,-117.79180318113421,-118.18635049761237,-117.1678741860001,-115.81574094214126,-117.09339860886038,-117.88614648986714,-116.48173745942687,-115.8138020919454,-117.4472754784307,-117.7718005974552,-117.82640981014204,-117.33563255519815,-118.08267149481023,-117.56831334781545,-117.21881411629815,-117.06857067123487,-114.38488125645188,-117.1349556639001,-119.23558652767474,-115.64903094765775,-119.27023319592601,-117.58063991032954,-118.02248219334689,-115.6625360238966,-117.81030476909827,-117.77350605010253,-115.79404062106742,-116.92731715834853,-117.41148835257034,-115.96550582960003,-116.47799545109238,-118.0699410236727,-117.26134429411988,point1,-117.18145850900689,-117.33563255519815,-119.27023319592601,1.0737012887788429,0.4788182205170735,0.5720222604270453
HDOK,PLOK,17472,47,47,-129,-13,11,2,33,-118.6317955375742,-115.44282435747736,-115.85695571932861,-117.14436951008392,-114.14190791929529,-116.84002206508636,-116.81672453646334,-119.36167517454567,-116.28682106969464,-117.85475091744306,-116.33946006402138,-116.1181323424775,-117.23796415338735,-117.17168873403445,-116.01991015951504,-116.05802113382015,-116.88263310582744,-117.66570121203183,-115.86026666193254,-117.22538564411246,-118.002066898454,-116.65086424497444,-117.02240231852227,-115.66345547627952,-117.54031662781703,-117.15015681859994,-116.49022506363474,-116.32754125498252,-118.79931191656398,-117.32224854210492,-116.77889483798502,-116.90839513510639,-117.58667954249479,point1,-116.88483541502035,-116.88263310582744,-119.36167517454567,1.0199665097359574,-0.039361455081088965,1.153780301516521
HDOK,PLOK,17472,47,47,-129,-13,11,2,33,-118.88984935780141,-115.52393829383122,-116.83961964881364,-118.57660666321867,-118.11537961566472,-116.26419402865997,-116.91794549814169,-117.54776713592967,-116.83824226608411,-116.08459213468859,-116.39562375213939,-116.80433540591105,-117.63673178745525,-117.08733905761589,-114.99147398641905,-117.6222111216467,-117.55485048232615,-117.0313595002904,-116.37302020382616,-117.66090523626403,-118.52857800466414,-116.71510877304164,-116.89809998451203,-115.74815556122424,-118.10146611201019,-118.0576877245192,-118.19925376200318,-116.89802881707942,-117.00470712909741,-115.85113273135224,-117.57289511845727,-116.47596418385271,-117.27326773979972,point1,-117.09334335813156,-117.00470712909741,-118.88984935780141,0.8206186082556162,0.12909576198643122,-0.25858786065582606
HDOK,PLOK,17472,47,47,-129,-13,11,2,33,-117.96948697797073,-118.68560353386832,-117.91022854312962,-117.14697300413899,-116.32288634447865,-118.14503020486912,-116.40550287873411,-117.0481119899754,-117.25441889446945,-116.99233649949969,-117.4081138790509,-115.71379469933206,-116.10206732317224,-116.28179361941643,-116.5966408981567,-117.45824352167016,-116.83990960231431,-118.68808662977612,-117.24534532491992,-118.26529321488343,-118.29875280236337,-117.87454082405216,-115.77850070581441,-115.91153954040804,-120.02782846545165,-117.9719632033552,-116.94795171510343,-117.17089360454582,-117.20898577597545,-118.3420977387381,-119.6928935859814,-118.67551466335375,-115.518229236826,point1,-117.39089574078166,-117.24534532491992,-120.02782846545165,1.187982772158679,-0.3696424287103332,-0.1279858377853169
HDOK,PLOK,17472,47,47,-129,-13,11,2,33,-119.48870986166445,-114.08163112225593,-118.95893769305317,-117.87837766613346,-117.14343112028284,-114.04786388606192,-115.05414135338788,-114.72664688992793,-115.37282871129408,-116.79715703074628,-119.13683219303137,-118.3631825243024,-118.11911480879994,-117.3993060760743,-117.4938587968604,-116.37154403792691,-118.3143697646262,-119.94983584997635,-117.33714191276894,-116.88925760939415,-118.59212795419704,-117.2024880803566,-115.70821528857773,-117.32644000426366,-117.62904138563162,-117.61075302398079,-117.93847274267472,-117.11240638190007,-117.3526913545266,-118.24695483848679,-119.04881731220294,-117.86790217180909,-116.81482495886641,point1,-117.31440316381946,-117.3993060760743,-119.94983584997635,2.064978504861273,0.6384723042254921,0.1906035660853993
HDOK,PLOK,17472,47,47,-129,-13,11,2,33,-117.24002526210849,-116.81798847665492,-116.41905928056562,-117.35520426697461,-117.58099687893288,-118.6322418587634,-114.68275867701509,-117.75739438954334,-116.2707397607369,-116.27943296660753,-116.8796249407838,-116.00831883592782,-115.91825865179487,-116.5680854411964,-115.61085943531178,-116.8790152879657,-117.5248294144054,-117.5212877407629,-116.89162473820737,-115.92557114370942,-114.73774336510373,-116.4388186487422,-117.64499086047213,-116.07296820698016,-117.29263561431169,-117.66934172513473,-116.69595155367179,-115.73649393838923,-117.32059511893678,-116.22335425736327,-116.0338049080561,-117.84632068133986,-117.03673125862434,point1,-116.7125171995483,-116.81798847665492,-118.6322418587634,0.7613099163073516,0.3162314591858348,0.12679285185179134
HDOK,PLOK,17472,47,47,-129,-13,11,2,33,-119.37063971950587,-116.39243714328161,-117.9911000397667,-116.63257158390805,-116.20522778136676,-117.39244842238682,-117.88985792167732,-115.73521826149256,-117.22998119169935,-117.6152759219009,-116.17190076894668,-118.51243231718507,-116.37708791739868,-119.28594634192268,-116.80112473294251,-116.15211498490822,-116.63842994686372,-116.20302331134216,-117.37008444848199,-116.97590015016654,-117.94773424721488,-116.76258022166964,-117.81968361917973,-117.19088560785592,-116.37117613007526,-116.2797655567372,-118.79410984974143,-117.07423740169156,-117.33918250941272,-117.89583129384981,-116.68557019931889,-119.8764805744513,-115.19978920612924,point1,-117.21757058559005,-117.07423740169156,-119.8764805744513,1.143462749512127,-0.6820776470333753,0.18398594998725004
HDOK,PLOK,17472,47,47,-129,-13,11,2,33,-118.06144494459639,-115.5392293921215,-117.02058455665707,-119.0487338083485,-116.92459399272296,-119.2244463524108,-118.34366276287402,-119.15037921868178,-116.58420464945753,-116.59529546774634,-116.65065931926566,-115.43611730057928,-117.10284768349504,-116.61771606851183,-116.4492511887676,-117.52521886672818,-117.2126825999962,-116.7192648266049,-117.70758302026367,-117.1174393561654,-119.6139075853757,-115.08571085923303,-116.68040997458863,-116.17851566723651,-118.89049673969578,-117.15250056307335,-116.82716929047105,-116.65633995732892,-116.12230175620012,-117.29841598993036,-117.21385051391832,-118.19953100550923,-115.66373253383638,point1,-117.17012841855733,-117.02058455665707,-119.6139075853757,1.2519450518011364,-0.4702752389666457,-0.20491478226003146
HDOK,PLOK,17472,47,47,-129,-13,11,2,33,-118.62415984871194,-118.25374661836436,-118.10817957287803,-116.97209619707232,-116.02349088338781,-116.829511590468,-116.65789766176971,-116.82339702172874,-118.13421783649764,-118.05106493776853,-116.32951195285567,-117.92823085597989,-115.6190202811171,-116.09851303128288,-116.66652106647088,-116.10643371250941,-117.64025278343973,-117.95542377470522,-117.28923736755186,-118.58081475031584,-117.38959630132847,-118.54866398631394,-119.12448662316231,-116.6982440179079,-117.15584624985793,-115.15453920617283,-116.72967009495446,-117.49850902802199,-117.16712568422045,-117.62800567149304,-117.22281239304964,-115.48918416086768,-116.1773305925175,point1,-117.17199199256801,-117.16712568422045,-119.12448662316231,0.9444866224775926,0.07229431563910815,-0.624383327256048
HDOK,PLOK,17472,47,47,-129,-13,11,2,33,-116.60790353363612,-115.9349710272111,-118.58223413245047,-116.68292507348067,-117.68327935637643,-117.48479790939537,-117.38877400775267,-117.80472428138124,-116.63016931766944,-116.49515367343423,-117.45481347257532,-117.12277664688452,-118.36769622630858,-116.61983342068673,-116.77612618698913,-116.62289209463353,-117.23985234820381,-118.27655971590141,-116.58199483384419,-115.036557931743,-117.93399811465399,-115.76066442878266,-118.71635275218543,-117.34344034728873,-116.55961402264332,-118.23738211913113,-117.04061736752851,-116.51424838116318,-116.1809627244722,-116.51730349261902,-117.37410582640335,-116.73873639481651,-119.07857515755919,point1,-117.13303140363048,-117.04061736752851,-119.07857515755919,0.7943612073523294,-0.1793247215736037,-0.04198188199636599
HDOK,PLOK,17472,47,47,-129,-13,11,2,33,-118.07664494540515,-118.07429753717274,-117.93547977990299,-118.1917053739817,-117.04034786675035,-117.66911445616651,-119.11284192598723,-117.76241288569129,-116.72181698384472,-116.10072405237639,-117.38187383015219,-118.18551298846738,-116.80438177495132,-117.55650144732056,-118.10275536493269,-116.94712134036664,-115.3720949262224,-115.84332475552155,-116.12603024201506,-115.73005886959643,-116.78678925754848,-117.43237067384044,-116.94388163591589,-117.23462625732205,-117.19789827291605,-117.80038094709111,-118.01069221283568,-117.67396376307192,-118.22586332476989,-117.08407805707981,-117.6999887358877,-117.49400276408804,-116.89679562746404,point1,-117.30958705686838,-117.43237067384044,-119.11284192598723,0.6669615905230881,0.47223761620732335,0.16207383877973625
HDOK,PLOK,17472,47,47,-129,-13,11,2,33,-118.0202967264159,-115.70053878275263,-119.76683048650055,-115.85541337917103,-117.87668716893306,-117.56693807018914,-117.64197335144343,-116.4416876778642,-116.45988537573416,-117.22305867259561,-116.68749508504436,-118.33622053473297,-117.44814179177321,-118.07814499554381,-117.00785478996508,-117.28909978976226,-117.6615103767923,-118.04686764080715,-117.98083113777302,-118.03884947865758,-114.66621075834034,-118.23670509134543,-118.1004632788731,-118.06974560307086,-116.02560177917141,-118.59251564612005,-117.35887914083682,-116.33130044151702,-118.34882908351803,-115.99641226011028,-117.51834812912661,-116.45495222311715,-116.02615361975937,point1,-117.2986194656775,-117.51834812912661,-119.76683048650055,1.0771506093599807,0.31410180923276626,0.21120761696922852
HDOK,PLOK,17472,47,47,-129,-13,11,2,33,-117.56450267686405,-117.42015632946395,-115.31534202210739,-117.24485956035262,-118.27279681289701,-117.88387411545658,-117.26810743089189,-117.9033819301333,-117.21552065323071,-116.26324240608646,-117.15900057153563,-118.34174301522629,-115.27850055121282,-116.6516824168617,-117.2348285331848,-116.2657023072574,-116.40379371397985,-117.92692182229821,-118.20117447609357,-116.58605870701689,-114.58702114813444,-119.73776056953007,-116.72060216140896,-118.92170233336441,-117.00557205047032,-117.42413088573119,-117.58402806221275,-118.09520468078635,-116.06802453906425,-118.5230960202326,-118.21918378361919,-117.32764323685413,-118.4411688268561,point1,-117.30473722273986,-117.32764323685413,-119.73776056953007,1.157853755194381,0.39314922252711604,0.4757880469337179
HDOK,PLOK,17472,47,47,-129,-13,11,2,33,-117.51178345842176,-116.3151747180075,-117.457250273277,-117.03202999050177,-116.71827004264695,-117.34814176697049,-117.61878596255619,-118.08959613114712,-117.93246562322535,-117.15679231321901,-118.657545873298,-117.07370481949475,-116.67073759643644,-116.72373798375794,-116.53017601326742,-116.29051113794745,-117.14210264363611,-116.06590101361809,-116.62966626447208,-117.65407726141254,-117.32449661016257,-115.48027107285813,-117.7221636538686,-118.27711141914163,-116.24910768076113,-116.71671711567204,-116.17240718919425,-117.78168167966227,-116.92006225018027,-118.74115440888286,-115.86574085583136,-117.95047595881822,-117.27753154086099,point1,-117.12416279767298,-117.14210264363611,-118.74115440888286,0.6069358334652353,-0.0907458679788957,-0.40851365659546124
HDOK,PLOK,17472,47,47,-129,-13,11,2,33,-117.00785748979337,-118.88729891756228,-117.00851512005032,-118.11277899579537,-115.70778107849327,-115.64679316987994,-117.1747968370962,-116.2274658051879,-118.06948631041058,-118.33610223857956,-116.70746314019208,-116.01605201798424,-117.65665257424887,-118.21990570172326,-117.08237315328614,-117.98831188551318,-116.9455744022304,-116.40585822368247,-116.6984482410188,-115.87782285329578,-117.90757538883936,-115.00237571842924,-117.44287380445796,-115.92617860750723,-114.86355709272223,-117.45327284268207,-117.73441539608822,-115.89898008782671,-118.82026679871439,-119.06267818705278,-118.27028538923973,-116.76395874328702,-116.88290616232604,point1,-117.08505037500595,-117.00851512005032,-119.06267818705278,1.1884151080233436,0.12512627987309283,-0.7037650231552566
HDOK,PLOK,17472,47,47,-129,-13,11,2,33,-117.2604346503596,-118.66202075110135,-117.91150840954555,-117.89740112446789,-117.17946500862863,-115.30904291953483,-116.90746190027957,-117.64066031947193,-116.04090033656476,-117.83039832570861,-117.78718733461004,-115.93953923605092,-116.30075854587095,-116.54533435508188,-117.70530013096555,-117.16755249840519,-117.74127207964251,-117.96976566978881,-117.99630398463752,-117.13613329029455,-119.49554418897667,-117.16579740400674,-118.39379687120356,-116.30249646809246,-117.40425672110462,-117.0428307071345,-118.375404645269,-116.0270293132122,-116.05249540898808,-118.11508045052298,-116.78107506360905,-116.6606759838687,-117.07200541952383,point1,-117.26717968231887,-117.17946500862863,-119.49554418897667,0.802866808876432,-0.045038919019057246,-0.0005669272029553696
HDOK,PLOK,17472,47,47,-129,-13,11,2,33,-117.15041921615826,-114.53660513272213,-116.91015567024235,-117.9785503561515,-116.56193385777307,-118.82912409265151,-117.63762810964461,-116.53250947943384,-116.97125629658326,-116.3069078473773,-118.4981616973919,-117.25019247677385,-116.98116143846417,-117.04766264586341,-115.28192873573734,-117.94373315567307,-118.34207618855217,-117.38632005004138,-117.90165392830805,-116.94377724101408,-116.1010853601294,-118.2088807297529,-117.18761157512091,-117.89287473905661,-117.24685159569599,-117.75280833069355,-118.2998546771487,-116.16288577448074,-117.8337714281475,-117.24159405137188,-117.30000188483292,-117.23059988671373,-117.60855994003087,point1,-117.24421629059796,-117.24685159569599,-118.82912409265151,0.7890287667702193,0.9374041833992833,1.6162463743901685
HDOK,PLOK,17472,47,47,-129,-13,11,2,33,-118.77792682831408,-118.04955642735767,-116.43625323765849,-117.7813242786488,-117.49297194425719,-114.58188626882487,-117.1108571172143,-116.45972321551459,-118.09589013103806,-116.45144421706632,-116.66121106691031,-115.98593005544308,-116.88774206913666,-117.79607231231049,-117.71160626441596,-118.01811634070708,-117.33943743345841,-117.77078769372986,-119.21371456861351,-117.37439726684377,-116.42347387420538,-116.95808365825204,-116.6960172435621,-117.84751350171612,-117.2105092326076,-116.84227060840861,-116.82366787287268,-117.66979085535363,-118.56365126387094,-119.37503270050253,-118.41050827281813,-116.96160144259846,-116.10346612711399,point1,-117.32977076943475,-117.33943743345841,-119.37503270050253,0.9440987860271245,0.19829640333096663,0.8661367384925884
HDOK,PLOK,17472,47,47,-129,-13,11,2,33,-116.63505714557267,-117.68916670418727,-117.42576826505861,-115.78537453579426,-116.42040586924384,-118.18604633358713,-115.56126047158384,-115.38348929537618,-117.58230971685234,-116.82739762657002,-116.09295342649614,-116.01548246576905,-117.32475998753426,-117.34095362464919,-115.69176479653966,-117.92099090505754,-117.29290702205863,-118.6552711418927,-116.56356634972978,-114.67025292695068,-118.62145252610878,-117.71474714153648,-115.65819083003355,-117.3436040451298,-118.60268989286135,-115.8079736528687,-117.44117202844858,-117.92819385187691,-118.38794461060063,-116.73399514053273,-114.89194280316525,-118.59475928780734,-118.03165984039485,point1,-116.99465164429905,-117.32475998753426,-118.6552711418927,1.279653193573657,0.2972331860844409,-0.9506217972434623
HDOK,PLOK,17472,47,47,-129,-13,11,2,33,-118.65974219799557,-115.96291687928742,-116.92495746648633,-118.21917738979829,-118.35848211915872,-116.49772258891346,-115.60268561780022,-118.28571068004791,-118.69318962938394,-116.29758512139259,-116.40275824383616,-118.87492305056992,-117.09809507905557,-115.90709033014988,-115.39091433475323,-116.3307357352191,-117.65990014420295,-115.56410991269694,-116.8788343126747,-116.89182209901375,-118.50020944019299,-116.92753499822196,-116.7872140949303,-116.7182275389447,-115.60649611895897,-116.73269916184134,-117.11196340845285,-118.13397307554789,-117.11330010325409,-118.74283162453564,-117.16799650791442,-116.4445446270589,-116.2692510221778,point1,-117.0532604440748,-116.89182209901375,-118.87492305056992,1.046739959854694,-0.3196834709658217,-0.9763486535961228
HDOK,PLOK,17472,47,47,-129,-13,11,2,33,-117.44140762451185,-118.29656344132414,-117.88632276325349,-116.68323519309273,-117.68581644435864,-117.09159266220956,-118.47751792912202,-117.1741426981446,-117.48085296395057,-116.87521048763834,-117.0911149666863,-117.00090209545567,-117.65096243394935,-116.22858711305616,-117.5241011226541,-115.95585584914946,-117.69672029981754,-115.68713371184495,-117.03012353400095,-117.7210034066799,-117.86917584678444,-117.39427324014439,-116.72373721753044,-118.85331137540476,-116.35898136660741,-117.67309132084776,-118.19178443548765,-117.47927385321418,-118.34590893756717,-116.57453341540523,-117.01787906455253,-118.09855169820554,-117.41416195259944,point1,-117.35375243834093,-117.44140762451185,-118.85331137540476,0.5151546285730949,0.25522535077282443,-0.04743591785577639
HDOK,PLOK,17472,47,47,-129,-13,11,2,33,-117.68705706437372,-118.36950118227064,-119.37317316343356,-117.26965138057429,-115.5977661244038,-117.28099947288786,-117.05191509118939,-117.3117902114146,-117.78183697882008,-117.33549628321582,-116.68582463726263,-116.79816490507292,-116.53736306543863,-118.32958815418381,-118.91157538816293,-115.98378841577232,-117.21084645062956,-115.97354166683282,-118.39626913770691,-117.44271989025106,-117.73834458442664,-116.87686506772665,-116.29285926636598,-116.6219030796774,-119.93335046494737,-119.8498790599055,-118.38753866658358,-117.13344325692276,-116.84470643331123,-116.30702362128655,-117.42257872778202,-114.84335955971011,-117.93611264831429,point1,-117.37929797275328,-117.28099947288786,-119.93335046494737,1.28207198000839,-0.3416284088749664,0.3274131054929579
HDOK,PLOK,17472,47,47,-129,-13,11,2,33,-117.66728828370685,-119.13124834671301,-117.51406603074635,-118.75227579290775,-117.92499172187182,-115.35068427804316,-118.11076156949058,-118.18095158331903,-117.08913471505602,-117.28809337737876,-117.28733075457717,-118.98657470326897,-117.41569789744916,-118.54642801720631,-116.92616649913602,-118.05642595594675,-115.293786852015,-119.19897369489398,-117.8071948630181,-114.43480986192873,-117.65901142301286,-116.25624553044935,-117.3557881548928,-117.34390264777356,-117.34664572390776,-118.11421470278393,-119.22257773734225,-115.0520078267166,-118.2717686711865,-116.79947896815806,-117.95431602980558,-118.0897377942524,-117.93560384855182,point1,-117.52618738962146,-117.66728828370685,-119.22257773734225,1.337379337816908,0.9757100871544997,0.8737678760763736
HDOK,PLOK,17472,47,47,-129,-13,11,2,33,-117.2583821499766,-116.53183940258023,-118.08197860320905,-117.43221352661857,-118.93341499998904,-114.41352291739254,-117.23887597664366,-117.72882867392269,-118.45662600508399,-116.62181096995133,-115.55449301310149,-117.3299779630162,-116.35847595087883,-117.70107640041793,-116.1154773894567,-117.2144083625031,-117.1780677215774,-118.73568225966586,-116.65044544798427,-116.16445208672283,-116.33758767448685,-117.06245034201703,-117.63002425924293,-116.74121510235273,-116.15100248163162,-116.61542736016305,-117.48548533944533,-116.31134116613279,-118.28669270716436,-117.98647906510114,-115.94294023341004,-116.25778405641216,-118.84852963472622,point1,-117.07142452251452,-117.1780677215774,-118.93341499998904,0.9924169440206229,0.14476258523126448,0.23696497816008577
HDOK,PLOK,17472,47,47,-129,-13,11,2,33,-119.54761505541937,-118.05879682212472,-115.81136209094292,-117.95646219439882,-115.92197370735306,-118.65539533220046,-116.8482443490313,-118.44631721775943,-116.62140470898179,-116.35307804825733,-115.81203203925975,-117.0820533438574,-118.03806892609644,-118.04408422276067,-117.63461508362542,-117.21325313486969,-116.50197812050075,-117.24794073845148,-117.22172748943197,-117.65975939169408,-117.87053870898627,-118.23988960196571,-118.62064519223065,-119.57147355822738,-116.6795780165142,-118.49381970761215,-118.92518593116257,-118.23030973063292,-117.70989721417145,-116.15950281453384,-116.50101546608099,-116.56318181864043,-118.71852871794695,point1,-117.54423419684008,-117.65975939169408,-119.57147355822738,1.0685951887589884,-0.051634143455946364,-0.8478146989855109
HDOK,PLOK,17472,47,47,-129,-13,11,2,33,-117.72497883811461,-118.44508953165115,-116.43747589600368,-118.32630634209839,-117.42516168363589,-117.53870704758772,-117.46403528441918,-116.39817808823307,-116.68855490600887,-117.65391267332268,-118.20289185689104,-116.66542212671972,-115.82512740094525,-117.71485131643183,-116.03957058221955,-115.55739890932148,-118.57864534255802,-116.91086308277865,-116.69720518003811,-118.06762083158735,-117.47285893675004,-116.53964457853188,-118.61617347412968,-117.58946437431699,-116.35567378091399,-115.98829634321888,-116.95922040013419,-117.74524967417105,-117.31672883920142,-116.069753922352,-119.64510965346705,-117.81922922710378,-117.72044908013153,point1,-117.27878330924206,-117.46403528441918,-119.64510965346705,0.8614021320839267,-0.2110937190940151,-0.20203587033535353
HDOK,PLOK,17472,47,47,-129,-13,11,2,33,-119.38355391953105,-116.66630175514346,-117.80506555452918,-116.84887127425043,-118.94054310158164,-117.95155594197514,-119.38111094629757,-119.66655944761739,-115.15151417651,-118.72412410708803,-116.47622082822903,-118.82592907184483,-117.97583598113373,-117.06433317125926,-116.5205175531992,-118.87066337541961,-117.67286774973917,-117.77282345119885,-118.84416786082438,-116.6305014584034,-115.71329553842138,-117.8395559448447,-118.36258310189947,-115.9601694877444,-117.78081867241089,-117.21239204317426,-117.40787960350553,-116.7948765513616,-118.43822098140173,-117.64586937218675,-118.26567672844526,-117.83700144463121,-117.9501693229136,point1,-117.70853240965805,-117.80506555452918,-119.66655944761739,1.1658186507534907,0.3186467997441004,-0.2868866965776218
HDOK,PLOK,17472,47,47,-129,-13,11,2,33,-116.39707249998331,-116.67946199917384,-118.03448499715445,-118.23732581748386,-115.90983152717229,-116.33809513095412,-118.09611554622572,-115.67034422965553,-116.84474663467059,-116.57232246427647,-115.91732515652585,-118.8119736753384,-118.01207640342669,-117.37627976513625,-116.79359885391673,-118.38641953245599,-116.42207617038476,-117.2085582642227,-117.48577313384588,-116.25206319043573,-120.05722050623676,-117.92345709518601,-118.13072024548352,-117.7248246041266,-119.4447904372291,-115.37795832047499,-117.8886922344863,-117.64019255779357,-118.27214140117337,-117.81506061305512,-117.86256256794083,-117.73400918501667,-119.05662905251604,point1,-117.46588496403513,-117.7248246041266,-120.05722050623676,1.1840266950819331,-0.1201461761090683,-0.24465176831348368
HDOK,PLOK,17472,47,47,-129,-13,11,2,33,-117.02286796246536,-116.58977313152913,-117.87015968439539,-117.17065364123098,-117.84488079954072,-116.91811416178253,-115.85383570317026,-118.09291206750015,-116.81455101560586,-117.99511554318198,-116.31782769353254,-117.51357880643583,-115.992434859642,-116.8377828037197,-118.73467665871001,-116.97813734677497,-117.21017236067951,-116.59021861295922,-115.66731161940153,-117.3044879172168,-115.78688868637211,-115.75977727329045,-114.87189469969839,-116.0770202625119,-118.49499643339436,-117.03722129947418,-118.52812886153794,-117.19140300024287,-116.07491893915221,-115.96962426494194,-116.97648759270001,-118.36908566285014,-116.8737941817989,point1,-116.94941616810424,-116.97648759270001,-118.73467665871001,0.8724884607975463,-0.05614863117756659,-0.4972795375916612
HDOK,PLOK,17472,47,47,-129,-13,11,2,33,-118.39164225795864,-117.54775016391787,-116.97875669011681,-118.1128941479047,-115.94802658865439,-117.84813086480018,-117.52408798362498,-117.23844168873919,-117.1967183615245,-116.36270259884968,-117.4414171842575,-116.62130190812476,-117.13883169339536,-116.1901519831934,-119.45379266267156,-117.35367379308674,-116.92017396441992,-115.91034240968838,-118.54541032219448,-115.75848040378624,-118.71195418703115,-116.63139144810343,-115.40528857448776,-116.64453652769812,-117.23176178627571,-117.15656654942778,-117.95973477065859,-118.2219307539532,-116.29742327721145,-117.89722685398539,-115.29020836283875,-117.60375019321248,-116.76978293620799,point1,-117.16073587551516,-117.1967183615245,-119.45379266267156,0.9204994577308361,-0.10023525960549626,-0.17224415400455761
HDOK,PLOK,17472,47,47,-129,-13,11,2,33,-118.22591653380587,-117.57430024734307,-117.55830224234022,-118.33348436566004,-115.46676473748705,-116.20385873626344,-118.31426139691132,-118.20651493987971,-117.29747501508858,-116.59418687143467,-116.47397763559304,-117.6946578079377,-116.24827505388429,-116.17487531310977,-116.28948638692125,-116.83230037230175,-117.48662796237089,-117.6072953499739,-117.66418984686378,-117.47525546791493,-117.57180418674052,-117.39056559003633,-117.58514218229438,-114.90395600813274,-116.64741026416496,-119.53882322679738,-118.38038154307104,-118.24088889203418,-118.13112160402913,-118.85610113206135,-117.69747813191769,-115.9326125070952,-119.358719050257,point1,-117.39263668490051,-117.57180418674052,-119.53882322679738,1.0973062846150803,0.23297753997570572,-0.04848164293311141
HDOK,PLOK,17472,47,47,-129,-13,11,2,33,-117.37989974946134,-116.56012422510376,-117.55302271274265,-117.91938894283128,-118.21910400906575,-118.37420434740675,-117.17789127898621,-115.4858956681785,-117.03029321989946,-117.37909263520196,-117.09575148175871,-115.21747429822145,-117.23221097416845,-117.87904613578704,-117.26885162431111,-116.47158901207183,-116.96588634076278,-116.50288451344909,-118.69808192525231,-116.20113238268337,-116.73629922162598,-117.24974766524508,-116.03195160331643,-118.50663708621174,-116.33220383380251,-119.1617479832997,-117.62423390855504,-118.5581877663178,-115.5732283225985,-114.59208608864884,-116.60479099365129,-116.64089563769947,-117.58535722386205,point1,-117.0851270549145,-117.17789127898621,-119.1617479832997,1.0595490215079286,0.24190621659927436,0.007139476592600502
HDOK,PLOK,17472,47,47,-129,-13,11,2,33,-118.46288938891246,-117.87914859387323,-117.89936720981896,-115.50731521733944,-117.917003167608,-116.4096598468811,-117.20331031984956,-116.67601866521545,-116.44398180931738,-116.37399520220772,-118.60490696702063,-116.09755088980675,-115.92846815859095,-116.92728945087137,-116.98158580706789,-116.67484078513601,-117.18730098181275,-118.10545958336355,-116.1081915527191,-117.391055019679,-117.31077744413327,-117.30558539529224,-115.16812478539316,-117.53164466279325,-115.03829489892274,-117.05354587773469,-117.93055160065313,-116.7349994552052,-118.14788518218138,-117.36326949320602,-117.02783786419918,-117.06766643727335,-116.70026373892658,point1,-117.00484198342438,-117.05354587773469,-118.60490696702063,0.7576183467125529,0.3542293626867661,-0.12316493406263307
HDOK,PLOK,17472,47,47,-129,-13,11,2,33,-117.31484590049426,-117.77362554871644,-116.58634747820739,-115.5528803501087,-117.9445217849041,-116.31695664343644,-116.54364391840028,-116.89425833434314,-117.87606367888371,-115.5745326746988,-116.55806274554737,-118.41389219742993,-117.42775020997388,-117.84930196680722,-117.94118757468016,-115.8230507704353,-118.49850535623536,-116.17562316422246,-117.68124835772592,-117.48165371385409,-117.1850253185756,-116.66801946358204,-118.44577058919234,-117.56097670914579,-116.92892051620841,-118.23275108385336,-119.20727863004328,-117.05051258554768,-116.13870152766442,-115.92151578859605,-118.66456959752162,-117.3246618423748,-115.17245477831506,point1,-117.17360941817351,-117.31484590049426,-119.20727863004328,0.9820176467286987,0.1025821907463478,-0.686187120576295
HDOK,PLOK,17472,47,47,-129,-13,11,2,33,-118.15809440892292,-117.81424320039704,-118.91683572925184,-119.17875040377386,-117.24900448802754,-117.58926389861129,-116.5190028020931,-117.35616367735142,-117.10610271254443,-118.32468907911182,-116.63980132789104,-117.43967274465068,-118.26457181361289,-117.18052581229071,-117.81618611429957,-116.98109785690339,-117.22484657657827,-117.91997581294467,-117.44512917578754,-116.20965957844415,-115.89172509840523,-116.50045241721548,-116.83493935384293,-117.42188840144671,-117.59435719190503,-117.65532019064824,-117.60224170035143,-118.69569065245639,-117.81649184681659,-117.31597161275357,-117.71697093162906,-118.1512765332877,-117.84160458941469,point1,-117.52644084041397,-117.58926389861129,-119.17875040377386,0.5203748398871444,-0.02150150723165179,0.2858335465158457
HDOK,PLOK,17472,47,47,-129,-13,11,2,33,-119.79566348595941,-118.40123473668845,-117.82925571171485,-117.48306912977932,-117.9059466929489,-116.91997952718161,-117.95703598138162,-115.65115474901835,-116.44397525360276,-116.51742590648296,-118.06451631385056,-117.19539747054623,-119.41810684757124,-116.4162378011556,-117.34030550166943,-117.31474149948882,-116.74903290456946,-115.70747554615116,-117.67587544735008,-117.57850430848828,-117.33350909654644,-118.98995881073795,-116.21270339868376,-118.06352770842207,-119.03129639177736,-116.04599961471439,-117.23528996000326,-117.79836647261794,-117.64966487560626,-117.1257176774983,-118.02767024688079,-117.25230281395834,-117.26492573729855,point1,-117.46654144304074,-117.34030550166943,-119.79566348595941,0.9363688956533581,-0.32187641869586153,0.21617585098262548
HDOK,PLOK,17472,47,47,-129,-13,11,2,33,-117.24058258137723,-116.93469726386452,-117.02651526246989,-116.90613801781132,-117.23746511628374,-116.16098019655922,-116.82279886248219,-116.62616951715279,-118.57322130982608,-115.22863839845141,-120.02114233689595,-117.1353229438156,-116.2442524844118,-118.14568214474205,-119.47473726366219,-119.03559036090238,-116.56849464523353,-117.83006835353467,-116.61325019052752,-117.88517848281715,-115.64350888846583,-117.26733994856629,-117.09574729154735,-117.7802140487928,-117.80218339111835,-117.07346906851707,-118.1327230975048,-116.09312824925182,-116.96496208541187,-117.37682769242473,-116.94971149182442,-117.96795439634556,-117.99170500758214,point1,-117.32880001182349,-117.1353229438156,-120.02114233689595,1.0152698586780355,-0.5595022714607452,0.8315252972855549
HDOK,PLOK,17472,47,47,-129,-13,11,2,33,-117.44820156418056,-118.48897961031447,-117.70145622133032,-116.9055168298543,-117.09713569208677,-116.40927048477013,-116.33856079775629,-116.6451152230151,-116.55553933482646,-117.11555181607547,-117.39352629679026,-117.25896916298655,-118.25401969114974,-115.59335700474195,-117.27719170438574,-118.58844086569117,-116.73093275672187,-117.20099896354598,-118.35382778411629,-117.59361424043487,-116.75227456400312,-116.76000578993667,-115.68971683029822,-116.94681729506574,-115.65519085246775,-115.95497553169076,-117.94966537442006,-118.04115989535102,-116.0845813562081,-116.25520477136239,-118.49083908126771,-117.74577487761323,-118.13453692075888,point1,-117.13366512682477,-117.11555181607547,-118.58844086569117,0.7368779662844465,0.03028148769617278,-0.8958290536151097
HDOK,PLOK,17472,47,47,-129,-13,11,2,33,-118.3650151509206,-117.69876863559765,-118.3699421592817,-117.23947798565797,-118.41659455381317,-115.63958539696436,-117.46624412524044,-117.25756100982868,-118.05592763699494,-117.78024645412623,-116.11297451849887,-116.65697127995006,-117.32188463096301,-116.34815459831167,-117.20706577721941,-118.60710578560571,-116.32875042656758,-116.04554764704825,-117.74727142724898,-116.9443934157654,-117.8524216413531,-117.07631075526675,-116.66832870645332,-118.20308345078219,-116.07523479456299,-115.33505396668359,-118.47356526163934,-115.32478523736893,-117.49047655552197,-115.41951404473978,-117.31473552347879,-119.1557383470582,-118.81612742134786,point1,-117.23681388854123,-117.31473552347879,-119.1557383470582,1.089684009566413,0.23376165096983523,-0.8148950184887784
HDOK,PLOK,17472,47,47,-129,-13,11,2,33,-117.07568148103908,-117.82834958089636,-116.53342005060254,-117.79418294857406,-117.07839062698847,-117.20715015618013,-119.92627315308478,-116.97810921384182,-117.49694156052274,-118.04628608284662,-116.20669336149581,-116.02985038016983,-117.79189506717637,-116.24148140627412,-118.11111615434307,-116.2122081514952,-115.37777150934238,-116.31666307877987,-117.76949320568133,-115.85685110722315,-118.3442864645814,-115.73023682666505,-117.58896965401222,-116.19486482442287,-115.84665480089475,-117.34019098494608,-116.59656922695186,-116.57276800989479,-119.51132482963689,-119.94442398445321,-119.310506192647,-116.34384520455829,-117.55806216221544,point1,-117.2351973164375,-117.07839062698847,-119.94442398445321,1.4108273745371431,-0.7571973696777116,0.03549660614045935
HDOK,PLOK,17472,47,47,-129,-13,11,2,33,-117.36673200531457,-118.06208481022138,-120.47866302130635,-119.15490205995202,-116.80662293507322,-116.99584266098766,-117.02660401014032,-116.56930050276884,-117.49071655139765,-117.02964918362755,-117.783648684693,-117.81824268951354,-117.90497957191558,-117.336005715477,-117.13428401867075,-118.8166654855456,-116.30325310016337,-113.55912649582531,-117.98477891036939,-117.6628741431114,-117.50414583507514,-117.90908693064327,-117.79054392855528,-117.22144277409714,-117.65464295247789,-114.9677725512311,-117.10765771825062,-118.89940023037978,-117.71305872984047,-117.44081550493135,-118.74513716992955,-116.99419517363576,-117.11164713823554,point1,-117.46498555131387,-117.49071655139765,-120.47866302130635,1.3423880478521961,0.7733789851691387,4.088355642771932
HDOK,PLOK,17472,47,47,-129,-13,11,2,33,-117.4683494508875,-117.25953298183747,-117.23943242588588,-117.77497654537316,-117.08582938679673,-117.27996536793951,-116.55379382618878,-119.29368855250893,-117.55118171823601,-117.03404275981298,-117.33418071144524,-116.00779313889238,-117.47577342316065,-116.89987025182664,-117.05482084455218,-116.91465845993812,-116.68138585343357,-116.74632513542564,-119.31266518713697,-117.16446139029274,-116.49540910192253,-116.98471338967423,-115.74829326006369,-116.18749801857427,-116.71508554311946,-118.39519884461698,-119.30989578648224,-117.3835305559,-118.79683540391528,-116.65178397282867,-117.39241029373802,-117.32376257892275,-118.5080558738542,point1,-117.33409697076314,-117.23943242588588,-119.31266518713697,0.7839779138535884,-0.8616513756073455,0.49632707074536775
HDOK,PLOK,17472,47,47,-129,-13,11,2,33,-120.2486821930568,-119.25706985492795,-118.10101542316347,-119.09153130938095,-117.11700818883176,-115.81203608076481,-117.88931391930745,-117.38259760677762,-115.96173356290403,-115.97833037883775,-117.08248186695923,-115.69052086806406,-117.2301828094477,-116.07670943840306,-118.01697145652643,-117.34351956134762,-117.24927315073639,-118.07045351639822,-116.81753084552014,-117.88552403911298,-114.90756160363672,-115.93918223871988,-117.95225667118991,-115.62859765967468,-118.41068534899263,-116.88767922690536,-117.20360123015233,-117.9154298487225,-116.87839964606522,-117.57757013782786,-116.45481448301732,-117.137237337467,-115.8154596035582,point1,-117.1821503365575,-117.20360123015233,-120.2486821930568,1.323323984837982,-0.39621452412011104,0.3120773088385924
HDOK,PLOK,17472,47,47,-129,-13,11,2,33,-118.22430689365453,-117.44679166348043,-116.97655065861476,-117.13698200528873,-119.0489590739819,-116.88352962680185,-118.10489620442061,-116.99475587812024,-117.38639192745089,-117.85254573091383,-115.96175740487902,-115.98717750260604,-117.92732746365537,-116.61462778991249,-116.59892502182531,-116.23631951319518,-118.24103479620592,-117.19915050874496,-117.68907252976506,-116.92661359968086,-117.10253214378189,-118.40524873716979,-116.36252039422916,-116.65565326153306,-117.96427209877064,-117.73028525747584,-117.73060424260785,-117.29216049455613,-116.80320607375351,-118.09201664908613,-116.99123637588828,-117.7657805876141,-117.89997652957689,point1,-117.34040026179521,-117.29216049455613,-119.0489590739819,0.5254331072586875,-0.04278989221402636,-0.39587366145861536
HDOK,PLOK,17472,47,47,-129,-13,11,2,33,-116.42781299857832,-117.49651790869571,-117.42428311655381,-117.7831972146281,-118.52289221441407,-115.68018952183687,-117.27489936486063,-117.8813705438407,-116.19705940358864,-117.89083410661878,-116.23510690104087,-115.76640247196893,-116.20453666459446,-117.23644219133554,-117.85072367991397,-117.34575535865675,-117.14130339409935,-117.32096261197998,-115.67521996920794,-116.48761816770211,-117.94114489843327,-117.73452024477326,-116.68600485975898,-115.35680217513028,-118.0171807651476,-116.98341610823854,-116.20496213674298,-115.67234585992728,-115.27621153926852,-117.93660205702784,-117.92809014543748,-117.31875889201098,-118.30398601012564,point1,-117.00615616654964,-117.27489936486063,-118.52289221441407,0.8382684980859837,0.36225624049241206,-1.0930584782728667
HDOK,PLOK,17472,47,47,-129,-13,11,2,33,-118.22389833555702,-116.46152886600706,-116.28420711309404,-118.50172464892886,-116.90964327483823,-116.1923344317082,-119.56874827915763,-117.62063116697296,-119.11872323409874,-116.59684885191919,-115.850724270892,-116.56079492563653,-116.05000909466298,-116.7390506840896,-115.50856597158058,-117.3624219501746,-115.70975211286526,-116.44987663824148,-118.16374919642156,-118.17840067330562,-116.19201446298814,-117.2671018372406,-116.04227378709625,-118.15544296238602,-117.63614444259676,-116.60260600677324,-117.1732359615457,-116.20528999472165,-116.72728232872252,-116.41392476370979,-116.8072289138786,-116.64538082832996,-116.09809714290624,point1,-116.97023203494086,-116.64538082832996,-119.56874827915763,0.9686980503593786,-0.9214428376487098,0.2377516917541671
HDOK,PLOK,17472,47,47,-129,-13,11,2,33,-119.16397231785074,-117.8174973130412,-116.98459340907587,-118.35493133452526,-116.39420346631023,-118.88894193149308,-117.31560365710322,-115.81511647045913,-116.77135045571417,-115.12170244633127,-116.89821133631203,-116.40178756359165,-116.78904534823556,-117.31452105961328,-115.95531648672076,-116.8952911925408,-116.35396015929798,-116.98230963169597,-118.72912603368961,-118.4968646509982,-115.39936622266843,-116.80494733311484,-118.95049033055854,-116.3386113982059,-118.34139308889142,-116.10305424257412,-116.7563886556132,-116.77456957744036,-119.22964258179003,-117.03133237304091,-117.71509869658676,-116.47067263492444,-117.65655501254882,point1,-117.18231722462296,-116.89821133631203,-119.22964258179003,1.1552166466357299,-0.34681594317516445,-0.6110963741570377
HDOK,PLOK,17472,47,47,-129,-13,11,2,33,-118.60382836311412,-115.99528196395036,-117.2209981192891,-119.94531392840545,-118.30401002157971,-115.47487617595309,-116.34888208217808,-117.25171150700143,-116.16819788574743,-117.08585222681893,-117.21703635800978,-119.52112035767567,-116.97042441703056,-116.38383987051114,-117.69662124742042,-116.09544865411455,-116.3743027268392,-116.28070642523318,-116.98882556727835,-118.35865839853811,-116.12850437512915,-114.77584017745869,-117.16323039867925,-117.38463833438712,-117.05611828601961,-118.91239835859189,-118.84178332474232,-117.45381655807282,-117.05464158772807,-117.52982558252046,-117.54461296269511,-118.89969958528457,-116.79984156081223,point1,-117.26760264814577,-117.16323039867925,-119.94531392840545,1.3141262371934306,-0.36352586444045915,0.0443011084778826
HDOK,PLOK,17472,47,47,-129,-13,11,2,33,-114.8908436939713,-116.73547659985653,-117.75789505790443,-118.84589809967892,-118.0172975574286,-117.41840133169403,-116.00446837948901,-117.2449569212872,-117.11221691347926,-118.29497351645391,-117.76986978046206,-118.44973093741743,-117.73910271865812,-117.65571465960025,-115.93265655200419,-117.4010864721596,-117.74059269886625,-115.53526316835526,-118.99073852322812,-117.26869610369369,-117.43449682038474,-116.37978683485491,-117.41866772439289,-116.84811185716863,-117.03190115211008,-116.5092796808256,-116.31055913885835,-116.8938343401576,-118.79299500613668,-116.77502444392161,-116.60217914177356,-116.59397384315588,-119.05468555493997,point1,-117.25610227952633,-117.26869610369369,-119.05468555493997,0.9483900466029802,0.102340326161527,-0.026832808112884354
HDOK,PLOK,17472,47,47,-129,-13,11,2,33,-118.76042708415423,-116.42332444936308,-117.01119358531275,-119.55310201543556,-117.00137008302168,-115.94678508079728,-117.00602929338353,-115.49293094086582,-117.32469949186616,-117.96599655396446,-116.51671936934403,-118.29787983373919,-115.94260171128563,-115.7341470936571,-117.58374003061606,-117.25557099509015,-117.90749124402566,-116.9297629544366,-116.65575072524429,-117.20620866996222,-117.46122686410747,-118.57448485612335,-118.26269335083273,-115.70040822258156,-115.85702248342184,-117.69323205666043,-116.94775335384287,-116.89222688134421,-117.18254558258512,-118.75182167929317,-117.60052502636057,-119.1290810142981,-116.98868532307303,point1,-117.25931630000275,-117.18254558258512,-119.55310201543556,1.0289876061285301,-0.2726699359085122,-0.3743581801287488
HDOK,PLOK,17472,47,47,-129,-13,11,2,33,-119.3827611442492,-116.97989455360461,-117.64913676389537,-115.89900459764354,-117.16624150886607,-117.0713050205701,-116.23217861164001,-116.61062841856065,-119.1977317465364,-116.07522910580902,-117.94557806383585,-118.7892894000593,-116.34402028954939,-117.15690640411148,-117.60634541457806,-118.12819071444127,-117.42284824245701,-116.88205949519812,-118.59236110249056,-118.00424487633241,-116.36617379194988,-116.70799544338655,-118.26145288546014,-117.8677325388246,-117.53683643254101,-116.04876345339781,-118.04257194259004,-116.09738185197956,-118.18431743581286,-116.45984392470871,-117.39912523598046,-117.11769620493902,-117.44776030910461,point1,-117.35374566439707,-117.39912523598046,-119.3827611442492,0.8352427996134058,-0.3280534125903364,-0.5312164656886726
HDOK,PLOK,17472,47,47,-129,-13,11,2,33,-119.16957537114051,-117.17118777500744,-117.57945802507903,-117.39408907680125,-116.14484980977441,-117.38135590777843,-117.6956185711338,-118.03526238477136,-118.32493359867135,-115.89364679005418,-117.87182294618552,-116.0399997383879,-117.39127108172788,-118.28983489703147,-117.88959701897939,-115.23766458897545,-117.378054295473,-115.34938642052495,-116.40773396205655,-117.79580250028548,-118.86290207476421,-118.16620895770616,-118.73505456279797,-118.18216928577282,-116.77521125114569,-118.91981399332339,-115.98490891373419,-118.12700224463434,-118.22329624415329,-116.79804185386482,-117.00082422948451,-117.63361612288645,-119.00171709091089,point1,-117.48036095712175,-117.63361612288645,-119.16957537114051,1.0755316863262274,0.48252617804570425,-0.4665827450247644
HDOK,PLOK,17472,47,47,-129,-13,11,2,33,-117.33701344168716,-117.2992197146365,-119.12372423378922,-116.90025970745283,-117.66382627439903,-116.64827866853516,-117.89892476823547,-116.62791673159248,-116.65981065265132,-115.26896728328359,-116.72924840503448,-116.65358899318929,-117.42625836972611,-117.56350165597901,-118.65942088136256,-117.83859458618552,-118.47072842342833,-116.83149712725424,-116.14341862378483,-117.17360173991149,-117.61651006975589,-116.52111464536252,-116.4473644961017,-116.2607381436902,-114.91061079118104,-118.00660144606266,-117.3895397245469,-115.55627413447603,-117.64488799996552,-116.00151789432041,-115.94158109221986,-118.94463374034751,-115.51128678646313,point1,-117.0203170074731,-116.90025970745283,-119.12372423378922,1.031656489391894,-0.054984788782637815,-0.301076582561445
HDOK,PLOK,17472,47,47,-129,-13,11,2,33,-117.92476194332922,-116.80978892604494,-118.71108268054014,-116.18269519890214,-116.93640804041387,-117.6847868655889,-117.2715571141728,-117.55040877499836,-118.24920901381591,-116.61397051380625,-118.33921842896059,-115.75052697229498,-117.5005400765598,-117.46717268114844,-115.41386239163828,-117.88539559708391,-116.71875970088401,-118.20324860894189,-119.5036359891208,-115.67154372105568,-117.09336050248601,-118.09265397496715,-115.0170317171237,-118.28645791414829,-117.31403005036195,-116.90540293110489,-117.32132448279101,-118.29992079369582,-117.07020732201266,-118.45292427679973,-117.41644378791555,-117.25180094645434,-117.40031371233721,point1,-117.34274077731817,-117.40031371233721,-119.5036359891208,0.9410999484519804,0.419147282818618,0.3364872098181615
HDOK,PLOK,17472,47,47,-129,-13,11,2,33,-118.45143303017711,-116.26336589130597,-118.33291847077071,-116.39499985419485,-116.86494686791374,-118.84008391414878,-117.9005401628744,-117.00807599440245,-116.65879618243392,-116.53219205397053,-116.7303157794356,-118.87374180836386,-117.71351655423267,-116.91627643270094,-118.1574325470082,-117.1781465275431,-117.90224887350024,-116.55884259199942,-118.07039555781823,-117.11635557006609,-116.446530077936,-118.64829933606654,-116.60060377934123,-116.34353444432622,-118.41862071273756,-116.32011201986101,-117.47422746520243,-116.8603060327126,-117.49138537921179,-117.81846455532829,-116.32207067426873,-118.87324960321806,-119.04574264488829,point1,-117.42811428454424,-117.1781465275431,-119.04574264488829,0.7979125291181611,-0.34159579968144954,-1.300601845089747
HDOK,PLOK,17472,47,47,-129,-13,11,2,33,-118.29319212569757,-117.39921646793587,-118.07155585561691,-117.27959397025003,-115.35717878528037,-116.73426627061953,-117.06484749534721,-116.69263588810601,-117.40328150913125,-117.13567403875395,-116.70288743531567,-116.0024828250567,-117.29535132754427,-117.75991455788673,-116.07336839693801,-116.00373238778249,-116.0975212331817,-116.25428966277808,-116.96564889339524,-116.7866301569456,-118.61951354350843,-117.7787708521462,-119.7846884882695,-116.28278199209073,-118.00533789726892,-118.60254858250602,-116.08750924256461,-117.21338128619674,-114.69713896453312,-118.28382931093999,-117.85872188188324,-118.2763878170293,-118.45279998111975,point1,-117.19141451889757,-117.21338128619674,-119.7846884882695,1.130257905671679,0.0019449950506901818,0.07596593134804364
HDOK,PLOK,17472,47,47,-129,-13,11,2,33,-117.84957532473446,-117.86245449617546,-116.75353268069965,-118.04110054466602,-119.29035499013992,-117.87768592032118,-118.07951203858721,-117.04083502598739,-116.10786945778689,-117.70964785835272,-117.4788982000326,-117.2636296230715,-115.65786860419794,-116.56052755331139,-117.42077078629713,-117.58213949936061,-117.19356803425228,-116.9279405558282,-117.9359543578554,-117.48585475246477,-116.61671574719196,-117.91079055427277,-116.30713922486919,-115.71237385833916,-116.21756735474705,-116.46603754787847,-116.04523802336234,-117.112374822124,-117.95871642563043,-117.40503436880235,-118.18692479917827,-116.43954383170579,-117.05550024587318,point1,-117.19859627600295,-117.2636296230715,-119.29035499013992,0.6515274008932416,-0.05499755613214223,-0.04713260265932506
HDOK,PLOK,17472,47,47,-129,-13,11,2,33,-117.68226839472686,-115.2878256240619,-116.25011553548617,-118.32013126869043,-116.45334041266018,-116.11355565672274,-118.3309118049579,-117.3162947692489,-117.5316726926296,-116.8610311917447,-118.04054035465128,-117.52891133840077,-117.45885429144637,-116.8068355253178,-114.39731163022297,-115.48458119304208,-116.94676813652646,-117.08037987736567,-118.36386134229974,-117.82144215648344,-116.47096426001151,-117.02964019602086,-117.58020800770008,-116.9514837444021,-116.76238464163899,-117.90888103649826,-119.64457973987162,-115.84465479092164,-118.3311903288532,-119.75575163304164,-117.23364724490523,-119.08449933557145,-116.80041359470611,point1,-117.25681611366147,-117.23364724490523,-119.75575163304164,1.3225840936501938,0.03967198733266649,0.5125273003955813
HDOK,PLOK,17472,47,47,-129,-13,11,2,33,-118.38673281640011,-117.2799921044179,-117.91615591923032,-117.14584050743422,-117.73276347641593,-118.98615336732044,-118.52372095226116,-118.15131422613736,-115.55225000811798,-116.33360752851469,-117.18129047451161,-118.48875221435516,-118.83322446341494,-117.08074127225049,-117.67050562462437,-119.02790492650345,-118.10396244801616,-117.04859666807592,-115.9719107642038,-117.05099873140178,-116.23669005150121,-116.27625404357302,-117.01593389830319,-117.10220874575906,-118.46695757091258,-117.52488922694114,-119.25430537065787,-118.4292425306817,-117.35599460123105,-117.76765297782507,-117.80888638435705,-118.90581526170155,-114.72051515714058,point1,-117.55550800952098,-117.67050562462437,-119.25430537065787,1.1113491885937867,0.5972311204225995,0.20206389078271725
HDOK,PLOK,17472,47,47,-129,-13,11,2,33,-118.59915954067665,-116.26411840719467,-116.52697567401032,-117.67535079785017,-115.74186603701045,-117.97665707437324,-114.42673933400347,-115.99778599182937,-118.51166341442973,-116.2056172944513,-118.6225939102608,-117.19992534377927,-118.44660278386114,-117.23422139187288,-116.40705323638664,-116.58789810253565,-116.32693550247427,-118.13373755571597,-117.81539350866413,-117.36170448706095,-118.76625515929922,-117.42809586241168,-117.13589395541739,-116.60435697565268,-117.51572870470719,-115.54069216115103,-118.55634609921893,-118.64852085742247,-116.44585351305594,-115.64675794767392,-117.55535267279522,-117.6244006128948,-117.30606033207282,point1,-117.17685800733987,-117.30606033207282,-118.76625515929922,1.1407553831930142,0.39181891361238685,-0.3159799341125411
HDOK,PLOK,17472,47,47,-129,-13,11,2,33,-117.8615171996017,-117.30291974661597,-118.53550795334047,-117.56852427364248,-116.48877375352893,-117.56580422024805,-115.29960215670768,-117.93985834138883,-118.4561452130879,-116.60619164907438,-117.70996479087832,-117.5495453647134,-116.09033637644951,-117.42855263244925,-116.42966863515095,-117.59075372670102,-116.52911434956943,-118.37023827128276,-116.16380428197628,-116.83112526941436,-116.4141155168574,-117.51827588405303,-116.9720989029131,-117.20959835232262,-118.87666810035627,-120.12601322796834,-118.72775842859602,-116.90613809031635,-115.76216582808567,-119.08898986085903,-116.89383478572033,-116.44586130128775,-116.52741963395395,point1,-117.32687533694275,-117.30291974661597,-120.12601322796834,1.0703419648167798,-0.5341979209635819,0.30411338977714575
HDOK,PLOK,17472,47,47,-129,-13,11,2,33,-115.72448962384765,-116.6345898909,-117.25168683605916,-117.04814513667549,-119.0008362565328,-117.83188842655055,-116.7483453487376,-117.08138053239148,-118.39210391501209,-117.59305791973412,-117.07867987891194,-116.20003440049469,-115.52273926757876,-117.14705419353814,-115.48699677703563,-117.07427001681259,-114.86646803634459,-118.09668579605547,-118.61172630772118,-117.79134235528527,-117.74881825048828,-118.39182329818044,-117.2378108880253,-118.01097033312651,-116.2112088195146,-116.22023008674252,-117.0404301219407,-116.5458659966645,-117.35796072969066,-119.023332806578,-117.43180326592473,-117.11746705722396,-118.68590195278871,point1,-117.21836801585174,-117.14705419353814,-119.023332806578,1.0215151375119211,0.23557412087962135,-0.22692427756984257
HDOK,PLOK,17472,47,47,-129,-13,11,2,33,-116.23368601495328,-117.31730749218131,-118.2305199589683,-117.22204892699772,-116.45410364133552,-117.71503261615153,-116.74849035353371,-117.57826840584306,-116.97591335045837,-115.94340358935234,-117.10768926852836,-116.84923361059174,-117.12584973153024,-116.85900527974003,-116.806019373432,-117.9408473924112,-116.44042752436057,-115.49719316206854,-116.96946732574803,-116.29146200606993,-120.17582985405924,-117.825291357595,-118.06842901178534,-117.79768450392766,-118.1308768681569,-117.15884629422168,-117.46358130042066,-116.98072347440514,-119.77882296305714,-116.20547427116752,-116.43199377798737,-116.32953288631585,-117.45709020923057,point1,-117.21545896353292,-117.10768926852836,-120.17582985405924,0.9245209739612186,-1.2128556556967665,2.4509068171898485
HDOK,PLOK,17472,47,47,-129,-13,11,2,33,-117.66490882849526,-117.31220336860183,-118.80178031094033,-116.78109379756688,-116.33573834845005,-116.28353470869938,-116.92561893853659,-116.74016444677206,-117.1498433774316,-116.59286085942146,-116.31890311501468,-116.23167538038093,-118.95342838685588,-116.95726724571354,-117.19339222752787,-117.50267609727553,-118.26093191689715,-117.12447627615194,-117.56808335897698,-115.88808463481476,-117.87385998475027,-117.36730422279163,-116.85485758149636,-116.06572483689699,-117.17806271263794,-117.01150745889076,-117.66921793013583,-116.58378968175296,-116.84886085669928,-115.92822192028693,-115.6796703019256,-116.5600200689196,-116.9255576960845,point1,-117.00404002659978,-116.92561893853659,-118.95342838685588,0.5737900357484965,-0.6822099017625299,0.6191643032449816
HDOK,PLOK,17472,47,47,-129,-13,11,2,33,-117.50045070409726,-117.48520306487976,-117.64758546682911,-116.60522848969782,-116.52533579673766,-117.87752338163209,-116.37265966271869,-119.21777457171068,-116.75233744990109,-116.80663698231352,-116.59230588120481,-117.11608001018278,-115.63025838406139,-117.31267923894742,-118.09115577582453,-116.80474077183969,-117.27495847835182,-115.94159916314345,-118.57948600874565,-117.02224256926708,-116.60045449450442,-118.57474321047656,-117.51605066185479,-117.28515001874298,-117.38923988444921,-117.00418960113667,-117.51420991213676,-116.73399198314144,-117.73293729923263,-115.83052258447015,-119.33159299269688,-117.33056106527961,-116.50168952455154,point1,-117.22732045711396,-117.27495847835182,-119.33159299269688,0.7275156784616639,-0.6101374590993048,0.5509797670790375
HDOK,PLOK,17472,47,47,-129,-13,11,2,33,-118.34629380284765,-115.52981957905085,-115.5115570860386,-116.41304306032106,-117.08270512063011,-114.86591668389043,-117.6480484643975,-119.21053647799098,-118.51048439607561,-117.06000794526202,-117.84203534044534,-117.9101170114284,-114.80050587640353,-115.99141954205297,-117.44679122517974,-115.697656941935,-117.81191745209047,-118.39310758348721,-116.69889660337672,-118.24678951504367,-117.1534543939246,-117.29282275268507,-117.43488295097366,-117.94320064277679,-116.03622213442786,-119.03899719865592,-116.61877109721506,-118.32346582220755,-116.99259261005496,-118.48787932382992,-118.23403369006886,-116.26386695880117,-118.78563895075334,point1,-117.26131752225221,-117.43488295097366,-119.21053647799098,1.3819628358106926,0.42625090762715434,-0.6700291554688484
HDOK,PLOK,17472,47,47,-129,-13,11,2,33,-118.36302014665756,-118.35243791461534,-118.20783731039133,-117.74986036863233,-117.5253583551952,-118.41300462369256,-115.293976124789,-119.38291272773617,-118.61691379514879,-118.54224760712029,-117.71175022886672,-118.22149705636568,-116.07203715219035,-115.60000956137884,-115.79549713777587,-118.0320302409719,-118.2365935288882,-117.3816936189107,-118.36867822535811,-117.35159978905783,-116.61191207068848,-118.87111537403936,-117.56165423315228,-116.79014803270861,-116.972389031226,-116.5251515790394,-117.5102581965287,-118.82862652311832,-118.1143038747684,-117.12557311676854,-116.34724354528089,-117.63680299878658,-116.97536264237185,point1,-117.54816656764301,-117.63680299878658,-119.38291272773617,0.9874256837713243,0.50803867425811,-0.35987293085177985
HDOK,PLOK,17472,47,47,-129,-13,11,2,33,-119.51200790691473,-116.87049006965375,-118.01640497252302,-116.57697888916113,-117.4183867771331,-117.07129341260563,-117.86783832241714,-117.23511673570597,-117.23532611314002,-118.11690317255085,-117.25849271477065,-116.57947011001144,-117.51700290914243,-116.52722425065492,-119.93301197541368,-117.45697905515372,-117.4513219150119,-116.00592080585838,-116.45465654188936,-116.57715085762125,-118.81650737573342,-118.40189776364474,-117.52112319015815,-118.34342212586218,-116.73058028035099,-118.0552183177306,-117.15921556580535,-117.69176056172935,-116.77920334238819,-118.65904138940323,-115.28915651833829,-117.59154993839056,-116.16769456339908,point1,-117.42085904364446,-117.4183867771331,-119.93301197541368,0.9394375755641908,-0.4718877923877583,0.6322928541951245
HDOK,PLOK,17472,47,47,-129,-13,11,2,33,-116.90391775103512,-119.67392852158459,-118.40302527210275,-117.46683620765413,-115.40025997793184,-117.0175747911625,-116.9240780497351,-115.83638320273577,-116.55451084200794,-117.59405132702727,-116.05928394451578,-118.03327699364928,-116.4094705539631,-116.591739646177,-117.02429223732416,-118.72006444170817,-117.07275759984708,-116.60971179182978,-118.49861910277708,-117.5351358544442,-117.28208598484635,-117.09883923525354,-117.91935399753253,-117.00502153693728,-117.24102527445848,-117.40271402689638,-116.218598460524,-117.4657288095762,-117.3969835259459,-118.4546381461772,-117.09721385684304,-116.7025684346641,-117.49942109825066,point1,-117.24585183324602,-117.09883923525354,-119.67392852158459,0.7436920733532906,-0.5017320391419566,0.9480889825481973
HDOK,PLOK,17472,47,47,-129,-13,11,2,33,-119.12264327812747,-116.06953203867198,-115.61508061753017,-118.3548159788078,-117.7323349736516,-116.95939080811509,-119.10534026425093,-115.99961389831306,-117.1395041144758,-118.19946310779764,-117.52815287208844,-117.87448754436187,-116.35331033186722,-115.39272348531405,-115.3866165109244,-116.4887062634412,-117.65478450047569,-118.08703742281088,-117.42596441466833,-118.50043451119053,-118.80386916070488,-117.54089421755016,-119.32536647147253,-116.55530547823084,-117.04687957721815,-117.59259620030696,-117.14987259783915,-116.85265176409501,-116.03728983362885,-118.84061855457672,-118.43492889305159,-116.13201747713484,-117.95928500464875,point1,-117.37156097476795,-117.52815287208844,-119.32536647147253,1.2287161766196377,0.08209797473551284,-0.9263411566565236
HDOK,PLOK,17472,47,47,-129,-13,11,2,33,-117.87292432275962,-117.79143943046931,-117.07931609349072,-117.88983269810565,-116.67541816251172,-117.78343496814739,-114.93904685544962,-116.61055117589957,-118.46912639506569,-117.64165144841198,-116.44466837953561,-116.79035526051618,-117.17385408247148,-116.57092587417046,-116.40382856967835,-115.62953804979632,-116.81732218152746,-116.37241795575255,-117.66930760898241,-116.50058261801304,-116.22606467788181,-116.50610967995837,-115.14609655775091,-118.89516946690614,-118.00151311850047,-118.02716786788412,-116.88049140764954,-117.62202712256402,-118.6819722831519,-117.02942965835162,-116.46911194449805,-116.50401353942013,-118.25105453935674,point1,-117.07168981801904,-116.88049140764954,-118.89516946690614,0.8752675026676617,0.1468117370253163,-0.19018943990401782
HDOK,PLOK,17472,47,47,-129,-13,11,2,33,-117.34896993505205,-115.98204106205428,-116.27280827713834,-118.55230425391322,-117.75887473972554,-117.97191189145803,-116.099342569502,-118.72749765584845,-116.13562582886978,-116.7499576413102,-116.85219257090925,-117.19914961684654,-116.56912509420006,-117.70178972343388,-118.19086852192876,-116.296644428217,-117.44321197832816,-117.51994074366088,-117.01841347292476,-116.73581264512737,-115.46919325515753,-118.01260135745311,-118.04418711721577,-117.0316368065217,-117.18352297194707,-116.32743266646361,-116.30905340556488,-117.82283974758853,-116.53170045234992,-116.40533270614608,-116.81065499771776,-116.24173080333448,-117.77637239198522,point1,-117.06341640393622,-117.01841347292476,-118.72749765584845,0.6413905333087848,-0.21508847064822859,-0.7804629017262603
HDOK,PLOK,17472,47,47,-129,-13,11,2,33,-117.72338916409758,-117.92031867801907,-116.34154805476832,-115.82915017608414,-117.70339912536394,-117.35443112900188,-117.65666387056075,-117.33515268576946,-116.3329485378921,-116.45052220694738,-116.39431792939267,-116.77908244308183,-116.95920057031366,-119.0773268342078,-117.17788171520128,-116.14724143962752,-116.26280690669941,-117.69496417672381,-117.7751319266,-119.554489595932,-118.48024547164547,-117.62923933722702,-114.98916981503167,-116.68003868650071,-116.66950337094401,-116.251624228598,-117.41270404204634,-118.46246127498458,-116.33600470052801,-117.20400626282955,-118.24470431707233,-116.8588358697972,-117.79862296337893,point1,-117.19657962142021,-117.20400626282955,-119.554489595932,0.9047041789921836,-0.26098396678561026,0.30412324087489084
HDOK,PLOK,17472,47,47,-129,-13,11,2,33,-117.7266859860527,-118.11448968718844,-118.11455718330194,-115.55241877945791,-118.47587634322905,-115.9619605185275,-119.0354773087197,-116.58599708042259,-117.31467248774838,-116.81131020655458,-117.62430146985217,-118.09633196509878,-118.9176027144829,-116.97133370011478,-117.79899698930595,-117.22802008675747,-118.11419475432629,-117.22608271889764,-117.21275653115623,-117.77504909802697,-118.52391527101653,-118.50990018955763,-116.2830135767274,-118.93573131328328,-116.65333358326033,-117.17111145927167,-117.18789403069296,-116.46492457170137,-118.58154906985331,-116.64255727126638,-117.77226411349231,-116.108487551375,-118.35989549522783,point1,-117.51068766987723,-117.62430146985217,-119.0354773087197,0.8275406778350813,0.20117377956866503,-0.780185036409645
HDOK,PLOK,17472,47,47,-129,-13,11,2,33,-118.79401825263713,-116.60773706316783,-117.04219494509704,-115.84758220038795,-118.54463710578045,-117.94196266952112,-116.15560471650554,-117.27858154124839,-118.21120907065716,-117.49503510429916,-116.36397312267613,-117.67674185987475,-116.02050398759424,-115.80761520694155,-117.25711250589332,-116.449000516106,-115.7569785623367,-118.74379376410317,-117.29630337796819,-117.8527764399661,-116.83681798267041,-116.13482326501612,-117.73656459905284,-118.85820876261036,-117.09631214730724,-117.86759131282233,-119.74116078048685,-116.6434836582463,-118.1490295923327,-117.02057835396724,-117.92228519743384,-117.42897772455846,-116.6256038770046,point1,-117.30923634140217,-117.27858154124839,-119.74116078048685,0.9698773725299529,-0.3441120787164382,-0.3707041090945067
HDOK,PLOK,17472,47,47,-129,-13,11,2,33,-118.81972349769761,-114.98273799809414,-118.97800334399804,-119.1642661480179,-118.91206325869054,-118.27040037910689,-117.25793680363252,-115.02055023098553,-118.70947117480752,-116.31222819309423,-117.46245158867504,-115.92874144294271,-116.96798597360196,-117.7509522566135,-116.78154775955872,-116.88461911951622,-116.02262339177149,-117.36245723131734,-118.64929259690535,-116.86064727311084,-117.47103958540853,-117.08607898355643,-117.41796035727248,-116.21284871802047,-116.36528802468997,-116.69784960165849,-117.58945043267332,-117.40397217990231,-117.49298143949926,-117.95312375173356,-117.18006049301519,-116.48115144074201,-118.10457405722778,point1,-117.28954784022842,-117.36245723131734,-119.1642661480179,1.102298502190093,0.1640579502595707,-0.1959942300017019
HDOK,PLOK,17472,47,47,-129,-13,11,2,33,-116.39705625360283,-117.7508600438278,-117.75289804065243,-117.0085016586839,-117.74945618886801,-117.11920072149286,-118.04703560610535,-116.9241433747545,-117.37522613303244,-116.69775954364287,-117.06253712714009,-117.79961310132039,-116.07485109458867,-117.1650875839733,-118.7284376394445,-117.40960541346577,-118.99697632143709,-115.1465989328185,-118.62447866477373,-116.85401485582898,-115.2217801117829,-117.60078784129472,-117.76961226807903,-115.24531329045459,-118.03286429075173,-117.96574141325006,-117.81874956093127,-117.62410973273485,-117.33544399496056,-118.1731103851693,-117.6490471454732,-116.62652737420746,-117.13087718746206,point1,-117.2993425120002,-117.40960541346577,-118.99697632143709,0.8343170892671803,0.7598315435621612,0.6953429304831538
HDOK,PLOK,17472,47,47,-129,-13,11,2,33,-117.80086178373712,-117.56069368980872,-117.56669207262159,-116.28058968031026,-118.32933136745565,-117.6909597437709,-117.28722963079731,-117.50352121797212,-117.05669164703586,-117.48438519064334,-117.12314194129557,-117.05194785200756,-117.72386089087277,-117.06907401007437,-115.70952936958747,-117.29215932567612,-116.79691802714417,-115.88192972946553,-116.34419326460012,-116.36674327425516,-117.62106213919999,-116.52896128374066,-118.06464998649261,-115.53790391506871,-116.18134816366067,-117.05653899469092,-115.86934370403698,-117.41361534417904,-118.22758175602627,-117.75692228184994,-117.14611597257826,-117.87621563217735,-117.48011197074973,point1,-117.11154014707824,-117.28722963079731,-118.32933136745565,0.5370654973709271,0.553163988689356,-0.542611635297995
HDOK,PLOK,17472,47,47,-129,-13,11,2,33,-118.15960131763596,-117.8538607571178,-118.11366273013536,-117.57342857856536,-117.83900778319655,-116.01076751011415,-117.8940769523886,-115.9860400286238,-118.14298775104538,-115.44696881778816,-117.98281221950329,-117.78521386553736,-117.22825698507576,-117.2722684018934,-116.54067620478969,-117.67296737858362,-117.35472798330562,-116.8541282126464,-118.13592480242986,-118.67222642723857,-117.38454076490223,-118.593673299094,-117.3059231472033,-117.50077725122229,-116.25583354954178,-119.11191460253467,-116.90581454862148,-116.79101547008578,-116.56376774589705,-117.35702198080394,-117.98087078826887,-116.62606883546808,-116.40037926413761,point1,-117.37264260470899,-117.38454076490223,-119.11191460253467,0.6900855734094462,0.2560543363701617,-0.2598607084643523
HDOK,PLOK,17472,47,47,-129,-13,11,2,33,-117.77057635442918,-115.12290870797636,-115.66977289210061,-117.53532311577602,-116.02601834368791,-117.01544472378453,-117.21997405207505,-118.01608186525034,-116.21910740058871,-115.24617633940257,-115.72010747315545,-117.12761268714988,-117.12150742989901,-115.55612918415551,-118.61901222526126,-118.27830391365903,-115.72719151047134,-116.75999536645239,-116.4035947248723,-118.6030745696495,-115.22444965212561,-117.31634301487074,-117.48234631251111,-118.06365953699954,-117.24137180588184,-117.23933675164106,-116.74413999556673,-115.74102818161293,-117.85035768092547,-118.50698329634214,-117.86314271699857,-115.8296573386584,-114.85227383944203,point1,-116.8397879697992,-117.12150742989901,-118.61901222526126,1.2047973944568933,0.11649449783542953,-1.1624418858800514
HDOK,PLOK,17472,47,47,-129,-13,11,2,33,-119.90488301151274,-116.37577245480075,-118.4168506327055,-118.7408315758155,-117.3051881535909,-117.72501939896618,-115.85688548189653,-117.92166877729971,-116.90703317779607,-119.15724787626384,-116.81408211175295,-117.17692122345646,-118.0205022642657,-116.24776655610991,-118.2814136112499,-118.77608185753638,-115.82442091580724,-118.29534448677497,-116.72579665746689,-116.46025335478589,-116.80553405479696,-118.71955357878355,-119.08959408519635,-119.2881851283232,-116.95754856483252,-117.0221656815169,-116.99059361219979,-116.75140473376713,-119.00330684651841,-119.13314924113605,-117.83166759071449,-118.24922288562333,-118.60577804855343,point1,-117.73883841308536,-117.83166759071449,-119.90488301151274,1.1891095931628435,-0.027703822573228502,-1.1040809835952938
HDOK,PLOK,17472,47,47,-129,-13,11,2,33,-117.78887450921435,-117.58846002457388,-117.7250460257036,-117.8214219063422,-117.86794691836403,-117.42784635576595,-118.4206952121729,-117.94920253457286,-117.46442356607454,-115.8909933311068,-117.59949276592862,-115.12283565946473,-118.38098831918711,-117.10388374686394,-117.89750728895126,-116.84770071010156,-117.01324241448384,-117.61658468341254,-116.23669467056237,-116.4481325461458,-117.4227661843964,-116.88312118698683,-116.29910254074804,-116.66714795747862,-119.05428833702992,-116.69375382338038,-117.11255566319166,-119.00098213112028,-117.64881748122647,-118.87347155251481,-118.90175835163726,-117.8348913275888,-117.60128068708033,point1,-117.46078516404161,-117.59949276592862,-119.05428833702992,0.7906689317750892,0.31746704959185595,0.34003735292475534
HDOK,PLOK,17472,48,48,-129,-13,11,2,33,-113.88787353510055,-116.20654178334806,-116.280358229408,-116.40645428539146,-117.19428494875304,-115.98326589379793,-115.65990944766267,-115.79314498551655,-115.96635131651816,-117.22475865236915,-117.86451743657749,-118.66095927994785,-115.35274133386568,-114.17886917468441,-116.2685761266601,-116.76507133526879,-115.57025720805211,-116.76166077955217,-116.35572854988791,-115.93732183322601,-115.79495262743987,-117.03007941115946,-118.620092244015,-118.0031541996445,-117.93738741998598,-117.79852012222534,-117.42504048445656,-115.2409783333692,-116.40491555313987,-117.07703506540163,-116.3169157873423,-115.91026193441736,-118.72060438353306,point1,-116.5635934455066,-116.35572854988791,-118.72060438353306,1.321418400439792,0.03018322775157814,0.04092071579373968
HDOK,PLOK,17472,48,48,-129,-13,11,2,33,-114.84219154641447,-115.78935251632784,-116.92412917049131,-116.61919441994543,-117.85353405362072,-116.95228459169907,-116.08063652332126,-117.44128958981887,-116.78276887764119,-118.0572880325296,-117.52584566832687,-117.18541942373797,-115.72720981897527,-116.7424909214822,-116.8709017189938,-117.40226174977857,-116.65242816930447,-117.40616832531555,-117.03367572178503,-115.6064290271295,-117.9315206406152,-116.64099306247317,-115.07691348012652,-116.9365595740688,-116.39925935415586,-115.94092380675932,-116.50293899104672,-117.62279479566692,-118.69545158138928,-117.16444891625,-117.5531944665744,-117.44523869972883,-116.35008521808318,point1,-116.84108552889629,-116.92412917049131,-118.69545158138928,0.7098263724180374,0.36096651383206024,0.19097591032560235
HDOK,PLOK,17472,48,48,-129,-13,11,2,33,-115.26949011409457,-115.7857311853635,-118.0921454510309,-115.91650845511272,-116.23129965210553,-115.49272576056714,-116.40037440944175,-118.9938469835459,-118.49552741458608,-117.69489445593366,-116.52963861400326,-118.28340988070919,-117.2344906986237,-117.46852729026462,-116.26584718438417,-116.36626231556647,-117.01022672070171,-115.65309022193985,-118.25250903975929,-116.83336067528111,-118.80815436080239,-116.86451573966661,-116.27702687250488,-116.80416243389428,-116.27147717745041,-115.08115462493934,-116.3019706879818,-117.2611219810667,-116.6815988990219,-118.02528119958228,-116.51493552501992,-115.20940173804844,-116.63509022874938,point1,-116.81835751490134,-116.63509022874938,-118.9938469835459,1.0758430147418172,-0.3984864558715052,-0.5692656776342044
HDOK,PLOK,17472,48,48,-129,-13,11,2,33,-115.08801014963089,-116.48096778881938,-119.44387732916412,-117.2232682822311,-116.26011320002098,-116.68946356221372,-116.55650490559056,-115.69768394642597,-117.01851142345656,-117.38060693409277,-117.68202697542002,-117.12741968154434,-114.96980762927487,-115.89165460815319,-116.76497573270389,-117.01979829041515,-117.47098428567564,-116.30535466435046,-116.93355454341457,-116.86418245034177,-117.12943336971941,-116.85339743364224,-115.65141907523294,-116.75080555064062,-116.33619447112183,-115.62849258238042,-116.93125491480848,-117.2171372768736,-117.08035446461784,-118.08124503259079,-116.20672185847465,-116.56141174196208,-116.44402991974137,point1,-116.71941406287108,-116.76497573270389,-119.44387732916412,0.7043770924339219,-0.5705613402110743,2.4866262081670336
HDOK,PLOK,17472,48,48,-129,-13,11,2,33,-115.46548431124145,-115.393153583498,-118.3667123358157,-115.11787186931349,-117.36783823132821,-114.93881159858185,-116.63538655241362,-117.222223100491,-117.866685825419,-116.21162647368403,-117.01233405151422,-117.40940499058877,-117.83489226535379,-115.5308231353738,-116.79288620129626,-118.03165030752582,-118.42738593500509,-117.15166537635051,-117.09121004931733,-114.57675588548082,-116.97560593167789,-116.50636777755234,-117.35913517642885,-116.52267499093625,-116.46278058181493,-116.97639152504107,-115.87707553957193,-117.72046939042876,-117.58165622715583,-117.05956301948613,-117.55714869215377,-117.66952610159944,-117.87499184898061,point1,-116.86630875401273,-117.05956301948613,-118.42738593500509,0.9789026078447727,0.6629654150004225,-0.30608285772838695
HDOK,PLOK,17472,48,48,-129,-13,11,2,33,-115.12605158907746,-115.30761450963784,-116.76662051739105,-115.64747538620313,-119.34215924787807,-115.80139302283895,-115.917499404081,-116.23219045385738,-116.72958873731967,-117.72836778184208,-118.89457202126476,-117.3256349422256,-117.16902921181459,-115.9242774695703,-115.11542660511661,-116.57113930547872,-116.05725110722793,-115.71299363042284,-118.3809333290365,-115.62439653720081,-116.08217333820095,-117.14244549066242,-117.41997400980553,-117.69013109979907,-115.61654679105001,-117.4394696565479,-117.57299348419713,-115.7220977934219,-117.0425081218259,-116.2880681161913,-114.71275779678523,-116.03072498606721,-117.25249941108969,point1,-116.58748499712515,-116.2880681161913,-119.34215924787807,1.188477134095477,-0.6017253812955626,-0.011890821110465577
HDOK,PLOK,17472,48,48,-129,-13,11,2,33,-114.63228603522595,-114.90336137313462,-117.14010507407706,-115.7015128563755,-115.3557953646295,-116.1586845194965,-117.49561702245185,-117.72340634753654,-116.11418338068776,-115.32577293967795,-119.33604034065345,-116.60661267720914,-118.83475906594487,-116.42412527751077,-117.99815182573593,-117.86983022710217,-117.65679963012064,-116.81569664053877,-117.01845679940122,-116.63850549430909,-116.24354781835343,-116.28667038849864,-117.01710029357292,-114.95196151149923,-116.87687030392745,-116.43293993223266,-117.32656748281424,-116.9383364238517,-115.76901668874505,-116.94271681623974,-118.22945712855538,-117.32254910393857,-119.0791671089144,point1,-116.82323042099884,-116.87687030392745,-119.33604034065345,1.3116239289769827,-0.1811151358419627,-0.15634154074324824
HDOK,PLOK,17472,48,48,-129,-13,11,2,33,-114.66342558418236,-117.131592262761,-118.19501304219838,-115.95923910982368,-118.21870158168797,-117.4614519176548,-115.91697946625955,-117.02829815983918,-116.62647041280523,-117.52717989259726,-117.01148435461016,-115.43116723984134,-116.64401037311507,-116.5612806503223,-117.26105763707355,-115.94621102935054,-116.31417549390238,-117.44825199053919,-117.07418168989429,-116.0076732712407,-118.69551980917703,-115.90603138339684,-116.05445280733831,-115.06715600517123,-115.03364352727402,-115.95478612039943,-116.88328531627945,-117.51528761169823,-114.8536955378324,-117.87096602709026,-117.6272250920598,-117.25867625679167,-117.5468403771856,point1,-116.687739728224,-116.88328531627945,-118.69551980917703,1.0225667366078035,0.21777173932199712,-0.6205576126905501
HDOK,PLOK,17472,48,48,-129,-13,11,2,33,-117.0752527820624,-113.99605515700142,-118.46816493927828,-115.52295668153221,-114.57620586486696,-116.74562890933524,-116.61943286455147,-115.2830181319013,-118.02603772283233,-116.4224519269667,-117.71946992021626,-115.65029901957229,-115.90150571910422,-114.6801989279245,-114.9627132229975,-117.59875523699365,-116.62433863169295,-116.74573535377962,-116.1469661666148,-116.79494078231883,-115.304062170263,-115.88210094407546,-116.17651310638409,-116.02540571823077,-117.16260069455943,-116.92314643180235,-116.16684755285635,-117.42317717416907,-115.58679805131949,-118.13827035653226,-117.37380530073516,-118.39327555549366,-118.31853090974288,point1,-116.49802005841535,-116.61943286455147,-118.46816493927828,1.322831410128703,0.10704951163358069,-0.6088803428046496
HDOK,PLOK,17472,48,48,-129,-13,11,2,33,-116.43206313927715,-116.34416773189156,-118.17641525329161,-115.71673034444841,-116.96683025717105,-116.15556361087458,-116.35301067085464,-116.91807858940334,-116.22472960119794,-115.81689929290957,-115.86966300263308,-116.87312478369078,-116.58453742436357,-115.1825180612622,-114.60905127957469,-116.33517062186552,-117.95216344668783,-116.38003418866549,-116.11998169150459,-116.9931653899531,-116.73117672641024,-115.40094528766194,-117.07463772076156,-115.57315336203007,-118.03152592583228,-116.34784437853523,-116.42219135794497,-117.76349906643931,-117.76212137926693,-117.94611859153272,-115.90874274586194,-117.96760152322646,-116.4040514439524,point1,-116.58598508760538,-116.4040514439524,-118.17641525329161,0.7665436807748026,-0.14287041232004002,-0.3490138660482578
HDOK,PLOK,17472,48,48,-129,-13,11,2,33,-114.08112682126446,-116.76930863411688,-115.99124108905141,-118.05907867203543,-116.22156167941375,-117.70585452421562,-115.74005583213794,-117.39078881047321,-117.84904923299838,-117.04809863053579,-117.85123696552452,-117.1023307618313,-116.89418478666742,-116.78323539225079,-117.27955355091038,-117.79117530741044,-117.57079615267426,-117.08218870432728,-115.98756779794235,-115.63619228065798,-116.06206261826695,-117.6109123926694,-116.82822880617672,-118.00000925731784,-116.87686421285144,-117.75341773228251,-116.99785463457356,-116.1417379058395,-116.73213366930975,-116.47500795367381,-117.21172624259856,-116.99469244106908,-115.57562270035793,point1,-116.85136049070994,-116.99469244106908,-118.05907867203543,0.7360194092456402,1.0235033816841188,1.6539781782232583
HDOK,PLOK,17472,48,48,-129,-13,11,2,33,-116.9989452625892,-116.69820447358516,-117.62424986510341,-117.97041285592555,-116.87567523506094,-117.86890998169815,-116.72238656257038,-116.74193492507754,-117.37690409092424,-115.90834099829823,-116.5994342134895,-117.43280744238243,-115.82663433923766,-116.5763241596773,-116.34126557398308,-118.93776336051927,-117.07542641133624,-117.91740525396762,-115.6476181218868,-116.56772383125062,-115.3815945324372,-116.87264581220994,-116.04269567718595,-116.40282718244167,-117.45946371588995,-116.00933640893854,-117.22178298720202,-117.58161002890975,-117.34028209892985,-117.0835385901351,-117.27739461078963,-117.03696899252078,-115.06845783200842,point1,-116.86324137661097,-116.87567523506094,-118.93776336051927,0.6493831003085614,0.014307518937701753,0.3771239992170732
HDOK,PLOK,17472,48,48,-129,-13,11,2,33,-114.33254272959097,-115.72059901304628,-117.75921248812203,-118.41987979120215,-117.28133182514865,-115.70353927849484,-117.15420755459351,-116.1880725472461,-119.38265711018255,-117.12410205483579,-115.88660527101355,-118.41602359738725,-117.27571144611302,-116.3428569194477,-117.28418633260564,-116.11571980676172,-116.57115498381104,-117.31444014564319,-116.05623193649126,-116.48712008444407,-116.95506838638674,-115.61791527551144,-117.95418153491659,-116.20166223234314,-116.25324696782384,-115.74158380122437,-115.63931436270147,-115.87346671454294,-116.8030682633503,-115.72068447755925,-115.5854392334758,-116.14255729004236,-117.35173634062097,point1,-116.62594302414186,-116.3428569194477,-119.38265711018255,1.0355073132902202,-0.5573069914599811,0.6238983272804002
HDOK,PLOK,17472,48,48,-129,-13,11,2,33,-115.44929683861216,-115.22842442447754,-115.82081450978363,-116.61354483654623,-116.97329914123554,-116.47036647261818,-115.61470075170857,-117.86183061138827,-116.24768349115016,-118.15292841966024,-116.57066527700857,-116.5957826925005,-116.58010828248021,-116.94289005228988,-117.77394319275388,-117.11990553470599,-118.65662664900718,-117.4495025460514,-114.86488216133294,-116.21026068405601,-118.22875035778837,-118.25422861392005,-118.5320656465875,-115.87041561583904,-117.80195368483406,-115.66551867962072,-116.98365628533728,-117.10743859658461,-118.92600263260218,-116.56014060401907,-116.89602625480387,-116.01031083627885,-117.61042528359826,point1,-116.8983148382176,-116.89602625480387,-118.92600263260218,1.0684036890589228,-0.11047334581832458,-0.7277441860781839
HDOK,PLOK,17472,48,48,-129,-13,11,2,33,-114.90022368397872,-115.9604433313843,-117.85514337272967,-118.38688462364108,-118.58373137110999,-118.28480142435684,-116.48782980361925,-119.07560967397623,-116.80429273646358,-116.91607059172831,-117.50282578307079,-117.66066708799502,-115.09317162396515,-114.43199094129926,-115.85772918338665,-117.0681373429077,-116.69726229975926,-116.99522905468757,-115.8481048113734,-115.63549965716676,-116.87906614430342,-115.92443700868046,-117.56374749618351,-116.89233828814683,-118.53084226349876,-116.24061780520017,-118.1085103935227,-116.02327295871773,-115.94081744649435,-116.938806303541,-116.00194308711727,-115.94443890754047,-117.93990356990379,point1,-116.81740575974095,-116.87906614430342,-119.07560967397623,1.274300246165764,-0.04381545586324837,-0.6103184078636188
HDOK,PLOK,17472,48,48,-129,-13,11,2,33,-116.53748311828457,-117.23785849065779,-116.16276551264082,-115.61381562214007,-117.78063578072214,-116.98164502257399,-116.0345646164865,-117.43389910487498,-115.16948583168175,-117.6561981625352,-116.68934612609283,-116.16111220322567,-116.61827771432112,-117.36420827084955,-115.75271513523909,-117.01797751046061,-115.03941753718553,-117.59396330850052,-118.10390653058026,-117.62319563187381,-116.86791284257892,-116.57013640268471,-115.3947166399522,-113.32447429271058,-117.66187446208502,-116.07045629614423,-118.20985488986442,-116.26222987133634,-115.83223958334058,-115.35373844215309,-116.84881408975129,-117.48953719014308,-116.9931256705005,point1,-116.58944187588396,-116.68934612609283,-118.20985488986442,1.0671370831572564,0.8972061231076551,1.383722237302314
HDOK,PLOK,17472,48,48,-129,-13,11,2,33,-115.39031389240807,-117.26383982598175,-116.91105732424275,-117.00992005890586,-116.4670894130889,-118.68903695035678,-118.07226939675535,-114.43038036005777,-116.73311507306167,-118.33884396564218,-116.93457393136612,-117.81154526257048,-116.00516333297742,-116.56447143718043,-117.28802939393394,-115.82508217776171,-115.85591724339294,-117.60943201204776,-117.2408018589502,-116.75479551413937,-116.416137217025,-116.57881125176075,-119.41950266805539,-117.31013854538149,-116.20515711074763,-117.81730050604061,-118.25363048225617,-116.80266490948476,-118.18507390050759,-117.0413466088839,-117.09426204138562,-118.62968356792771,-116.57252027455522,point1,-117.07642143966164,-117.00992005890586,-119.41950266805539,1.0292645476551812,0.06700544389199495,0.5311242866587431
HDOK,PLOK,17472,48,48,-129,-13,11,2,33,-114.22388865576141,-117.34315015001773,-116.24074329952695,-116.6112468901717,-116.78678247051438,-118.34421186180393,-117.2521563175736,-115.69195258387352,-118.10256467398526,-117.93772977933546,-117.6698595024142,-117.80237778436035,-117.95724791443764,-116.58727270963162,-117.7595433094276,-115.96799810058894,-116.33917230088403,-118.61416237720091,-115.27449485012447,-116.81533259800312,-117.7935786060917,-117.35056492222687,-116.16073824245514,-117.71600007985661,-115.01257290317045,-116.70482117358146,-116.32750890032081,-116.15253480435833,-115.70762953684077,-116.78404951512208,-118.02442916288283,-117.74121511270782,-116.03131653117367,point1,-116.8736014430432,-116.78678247051438,-118.61416237720091,1.0622068322087985,0.47757902331560825,-0.22729337244940506
HDOK,PLOK,17472,48,48,-129,-13,11,2,33,-115.47923635763394,-114.88089774847325,-118.50642452494812,-116.42574902554837,-117.93802214797964,-116.9975467478807,-115.14071712546406,-116.66119596498716,-116.1301326439376,-118.36938461662335,-117.00220957213371,-117.84674965102752,-116.41919572887228,-115.6132326945456,-118.50850263913392,-116.14456697855678,-115.60132045146855,-117.87494986070315,-116.7793089453978,-115.46178951829026,-117.02606974671326,-116.16509071120606,-115.92760708365853,-116.08046452945929,-118.44120881151318,-116.01126435862538,-116.5740875936831,-116.36438578872007,-117.35161850260182,-118.41397902961234,-117.00643338713635,-114.66648255785287,-115.7794812215102,point1,-116.65422140199692,-116.42574902554837,-118.50850263913392,1.1834286305720647,-0.26204737755806806,-0.8294270085982172
HDOK,PLOK,17472,48,48,-129,-13,11,2,33,-116.22501935337877,-116.28689878302625,-116.76859423004272,-116.41219626319307,-118.26458595253789,-119.12428071652896,-117.29554682509146,-117.08722573875781,-119.21583441840184,-116.93872367453783,-116.89664287229871,-117.0096628748298,-116.58513502871325,-114.73287839816206,-116.8264572232642,-117.89749869644643,-118.09483401188028,-117.03974507776216,-116.28114526968344,-116.80315099444059,-116.29094700139524,-114.61355728116635,-118.0080577050504,-115.21586037210098,-116.13138323914511,-116.32224065808062,-115.61735660226358,-117.95741448735029,-116.44571922137656,-117.6708095869182,-117.25330383193257,-116.88004822113305,-115.80215370554878,point1,-116.84833055504362,-116.8264572232642,-119.21583441840184,1.1058642626093216,-0.1422875466298682,0.35436429121744295
HDOK,PLOK,17472,48,48,-129,-13,11,2,33,-115.58961939719535,-114.77321222550528,-117.77166190901934,-115.51418573424098,-117.05926248819135,-117.54419374036895,-114.82727445848052,-117.17196369480851,-118.55763117823275,-117.99818956351194,-116.2436663627147,-116.86606028520293,-116.2936113424803,-115.55553838478659,-116.55314715254846,-115.58228545873047,-116.2228326165388,-116.22301896366706,-114.57085569685205,-117.22999435285935,-116.0013305854461,-116.61607442229847,-115.60402824021885,-116.0686936462152,-117.47624103829122,-114.84630016750934,-116.82725432154608,-117.94909331614758,-116.4062111142053,-116.66039625598137,-117.35523943722077,-115.65722875240016,-115.44995436878916,point1,-116.39594699006683,-116.2936113424803,-118.55763117823275,1.0086419321798081,-0.11430425468315247,-0.6461329500536315
HDOK,PLOK,17472,48,48,-129,-13,11,2,33,-115.4027070310794,-116.79418117005322,-117.68529506614121,-117.30014437765318,-116.68816380923063,-115.77797988841313,-118.10817454954699,-116.65155127224672,-118.33530663083386,-115.79618023209174,-117.38922685507163,-116.76901307179585,-116.75832578440719,-117.27282136198177,-117.7110392477153,-115.59239801936911,-115.67855376330772,-116.00993512340507,-118.07708466774771,-117.80431165297473,-116.27905940736123,-115.94438389302225,-117.84865797653701,-117.54728524831539,-116.38403522136656,-118.21418210029313,-115.15131403470103,-117.73909360856418,-117.36732560683446,-116.14880692501146,-117.69115956678183,-116.93605860888337,-116.97815114066276,point1,-116.90399717919398,-116.93605860888337,-118.33530663083386,0.7937190786526269,0.23891407178628615,-1.0823539113154603
HDOK,PLOK,17472,48,48,-129,-13,11,2,33,-114.51259154984784,-117.13267678872616,-115.87058218582985,-118.55606371645133,-117.99945731694802,-117.34826850413737,-117.96954462987443,-119.51077941142239,-118.25633926332927,-116.80048526835148,-117.86016041270562,-116.46547456009759,-116.14063202371798,-116.30452523610325,-117.78107206999921,-115.68811876927637,-116.3877103074943,-116.9199402067275,-117.31886281203202,-116.31301807751427,-116.0757220884285,-116.51548740717642,-118.54349456023218,-117.28904928717037,-114.82153100891709,-115.31147254296474,-117.2839943784392,-115.69740459190942,-117.09262097137388,-117.25339397340294,-117.39772895879499,-116.22193618027353,-118.13638132225394,point1,-116.93262182975526,-117.09262097137388,-119.51077941142239,1.2219730599272787,0.03293222746315512,-0.08367616764997043
HDOK,PLOK,17472,48,48,-129,-13,11,2,33,-114.72260880921455,-115.50877815431798,-116.72885422051746,-116.92236500865123,-115.69424057806144,-114.88775035418054,-118.42971251471205,-118.34952795203444,-116.9095508428783,-116.91612854721048,-117.46484758598976,-116.86250755350288,-116.77634910178304,-116.36974308217545,-116.34278383292538,-116.48968617323948,-117.22352175617179,-119.84788847545758,-117.03279557663328,-116.69120227807241,-115.69521603565255,-116.86314430496576,-116.90935839778605,-116.1888182596803,-116.81897413320884,-115.81100801743932,-118.08616776825814,-115.7812089139694,-116.30332844532948,-115.53863854330237,-116.72720103350893,-118.83223689617365,-118.16824617969293,point1,-116.7846784644454,-116.77634910178304,-119.84788847545758,1.1986280952563102,-0.6354562084784807,0.8129103092962375
HDOK,PLOK,17472,48,48,-129,-13,11,2,33,-115.82758609648627,-113.83606184600407,-114.72096286896263,-117.41532579342791,-117.43363997883658,-116.17111503685166,-116.96571927612091,-115.77219544258467,-117.42002887038214,-118.07176596627207,-116.61066919786879,-117.00982070353614,-115.84858274984995,-118.22919044267117,-117.37574014182714,-116.34661609600106,-117.04231742402571,-116.86602239201078,-116.94252554193916,-116.28302106455256,-117.01290472014789,-115.957624064122,-115.18956738022192,-117.10624836725366,-119.31286576526172,-117.24413987731609,-118.79095130399367,-115.24064238027131,-116.41263204900733,-116.31940660603624,-118.0378416490933,-118.34096116264821,-117.68015946781026,point1,-116.81317732495137,-116.96571927612091,-119.31286576526172,1.3222963476563565,0.26722168305344746,0.43528268342409593
HDOK,PLOK,17472,48,48,-129,-13,11,2,33,-116.11934195297977,-114.72213944579447,-115.85301485402337,-119.1023453580298,-119.01850489724852,-117.12349604232764,-116.99010669278437,-116.14351547779886,-115.90859019301196,-118.27317221668578,-115.91697437838761,-114.57404526308731,-115.25594772585661,-115.73756411270905,-117.21030988995687,-116.23087180707016,-116.32905593890591,-117.01304510898191,-115.23903557737985,-117.58760286024577,-116.90025095331859,-115.94015848388204,-116.67393099643618,-117.55712924016895,-116.7472773224171,-118.2014663488211,-117.89245157989457,-118.4484280432744,-115.32984599084202,-117.04513986521621,-115.61364296966214,-117.47926630309117,-117.67234638010713,point1,-116.72272770516354,-116.7472773224171,-119.1023453580298,1.3445756585902482,-0.20149283273222587,-0.5853856724599455
HDOK,PLOK,17472,48,48,-129,-13,11,2,33,-115.92785952996049,-116.4664831855628,-116.24500022166784,-116.5210277059005,-116.99569587197547,-116.35816876639862,-117.59466047309138,-116.94424974358103,-117.4228566387228,-117.19144318278545,-119.28781104991243,-117.22679643617137,-115.19069373195576,-115.2585270996524,-115.8766328226884,-117.1134679543406,-117.14082361423442,-117.87920555295742,-115.09563092853016,-116.85624407627226,-118.03188053165732,-115.69928853339182,-114.81189433759384,-118.19873293054657,-117.97299799292685,-116.43035103627928,-116.55672795346656,-118.13699523277518,-116.74784740775931,-116.14718673249759,-116.50762183629816,-116.45623873438225,-115.61784186165225,point1,-116.7245116275027,-116.55672795346656,-119.28781104991243,1.0000368778302107,-0.25136390193105695,0.039241676038821005
HDOK,PLOK,17472,48,48,-129,-13,11,2,33,-115.2071075550579,-115.95046088209486,-116.14768455213614,-117.51628739755591,-116.11720996320884,-116.0825040438309,-116.29844048719735,-117.6499391534539,-116.487663463259,-117.00304827330416,-116.46142280257972,-117.75423914700369,-117.73594148572077,-115.52714910477034,-115.83397487303631,-115.08454206353893,-118.32295775343424,-117.07079220287864,-117.00889733279682,-116.29689973862351,-116.04139467123746,-115.4664317583655,-116.28551892866417,-118.2309607225063,-116.98572075307379,-117.36794425858741,-117.89569689295034,-115.03063743327104,-118.66942951204707,-117.11894743953455,-118.46704813465725,-116.3910708901636,-116.97213816905523,point1,-116.7418212678665,-116.487663463259,-118.66942951204707,0.975555910532702,-0.16474598761901102,-0.7967765392608777
HDOK,PLOK,17472,48,48,-129,-13,11,2,33,-113.76725863289434,-115.16566239918589,-116.590707964595,-115.53795598953701,-117.11511210192266,-118.28366219265166,-116.88375395201784,-115.2716099882172,-115.51776773280814,-117.67875568244789,-119.07487815818611,-117.97138356061765,-116.44348916586297,-115.7362505763699,-117.07125462318763,-116.49508246701096,-117.8718685448674,-116.65823926138594,-113.90060867415846,-116.30223115776018,-115.3288745829924,-114.63813517389622,-117.17386263555231,-115.34819456279783,-115.43691072724484,-115.36258743121037,-116.97404892409773,-117.78434081205786,-118.29211265274357,-115.60996244604776,-117.77840848197883,-115.97201668976528,-116.66210615910683,point1,-116.4151240637932,-116.49508246701096,-119.07487815818611,1.599564162440328,0.04919416920958208,-0.45668463851139407
HDOK,PLOK,17472,48,48,-129,-13,11,2,33,-114.89202272277021,-116.34502647789053,-118.28429177482613,-116.79695119446946,-118.50438227634574,-117.0952382889565,-117.41581313868461,-117.24476986719544,-116.25831886396696,-117.8517803869781,-114.66602085495391,-118.42084419161957,-117.75093881033438,-115.4996449315919,-115.96606057091088,-117.85404252681592,-117.2258744297143,-114.92550459202093,-117.48042092900234,-114.7363173517314,-115.97994257620874,-118.32410176870178,-117.18611401590012,-116.31025275308787,-116.5465417746691,-116.15645511040411,-116.31420355062947,-117.87777841980567,-116.40141037976086,-116.19248472290441,-117.3293855323881,-117.21482129393341,-117.29878841901362,point1,-116.7983801363087,-117.0952382889565,-118.50438227634574,1.1366097813504665,0.3836582477628491,-0.570104833477159
HDOK,PLOK,17472,48,48,-129,-13,11,2,33,-115.3705127925935,-115.62425192408514,-116.87429126673962,-116.24669084081913,-116.82807590766913,-115.87686131392147,-115.65977387847937,-117.95542678847521,-118.39957271627664,-115.91379555009429,-117.26431355642345,-116.58454323884858,-116.26879457166754,-116.20184031623037,-118.11989888691807,-119.06793084557836,-116.33435067878585,-117.14641594896099,-115.26195559394849,-118.51868845321906,-118.63983185474912,-116.49527133551744,-116.18621968242961,-117.13838977739829,-118.48553641799764,-116.68532394448904,-117.20533246853638,-116.42757801687515,-114.37622599185876,-116.73210685157505,-117.10667186579052,-116.17032341753327,-117.49698483063064,point1,-116.80799337954892,-116.68532394448904,-119.06793084557836,1.1513111873743636,-0.2263113087117694,-0.19997586412486257
HDOK,PLOK,17472,48,48,-129,-13,11,2,33,-112.73910553442971,-116.10766419054599,-117.46928891714853,-115.71860323360056,-117.79387214212012,-117.71675663455555,-116.16759083343078,-117.3864966717857,-116.19132305784056,-118.22983323380147,-115.051920297796,-116.77478033762759,-116.57204392392487,-116.39911153737442,-117.24515091495573,-115.53147022629278,-115.54658836465991,-116.80984405817756,-117.1477427242465,-116.62564655769046,-116.34631753578631,-115.4440933915754,-116.36948950412769,-116.14940583339808,-113.82288858323608,-116.18710886292602,-118.28792721926457,-116.89879397480036,-117.36864177889939,-118.20921539853546,-116.92407550346583,-116.54686186081697,-115.42193907549787,point1,-116.4606543004344,-116.54686186081697,-118.28792721926457,1.3629263941945038,1.0382047129245142,2.179714479144893
HDOK,PLOK,17472,48,48,-129,-13,11,2,33,-114.54235637831847,-115.59213848669057,-118.31457486974585,-117.41802603499686,-116.3955066761692,-117.65769715103569,-116.41447700214808,-117.42378617190421,-114.13780855945981,-118.26321341057131,-117.0287155958024,-115.61323123882808,-115.86221015600137,-116.32647064491505,-116.18925536060398,-116.81583296839665,-117.30758878617783,-116.29973577207559,-117.16264643444899,-115.88874382355328,-116.74111543978745,-116.60984192514472,-116.95864550948112,-116.92216885839817,-117.43936907640459,-116.07939611587258,-115.16851083895781,-117.9938357823907,-115.97877266314242,-116.05024680627758,-115.58134073538177,-116.29909827770655,-117.51278224742896,point1,-116.54512544843082,-116.41447700214808,-118.31457486974585,0.931400545889887,0.32939888925400934,0.13299716579881737
HDOK,PLOK,17472,48,48,-129,-13,11,2,33,-115.58518815982058,-115.26642483182991,-117.05924104984054,-115.93418948957006,-116.67639129383087,-116.24489454196534,-117.30665572914506,-117.87268864011342,-117.0985700536657,-117.27647379420054,-117.5021331096885,-117.63932810765765,-115.84751292875642,-116.56702661808357,-115.49359069244392,-116.96763850622636,-115.87220635381895,-117.31673842778795,-117.04156420049911,-117.68111963305631,-118.13896753748386,-115.64435890170623,-116.36088945597018,-118.47938707327805,-116.54992242072284,-116.44929268401832,-115.07946262103384,-114.80410139844255,-115.67328691670393,-116.87455935795072,-117.91102194882923,-117.6670911626091,-116.26848946084326,point1,-116.67122445762404,-116.67639129383087,-118.47938707327805,0.8731861637312394,0.10822259913628922,-0.846804991854861
HDOK,PLOK,17472,48,48,-129,-13,11,2,33,-114.77054276420121,-116.48177631867945,-117.8900420381464,-115.60015487020846,-118.79048995567827,-116.114062904948,-117.29794266397737,-118.25748926664225,-118.24131891897927,-117.5147079434344,-116.05140521213013,-117.20987187726878,-117.25936531594057,-114.65293941118975,-116.3250550904,-116.78066411723144,-116.65463691641632,-117.48037260589805,-116.26303716553234,-115.1972138364713,-114.16633768255454,-116.32776697225066,-116.77271034588331,-116.38444130745083,-116.5246928151866,-115.28389326044731,-116.6301144988651,-117.6679662933652,-117.96654182998165,-116.50165268140329,-117.65087993359003,-116.09390794508614,-116.17133849572855,point1,-116.63561615924746,-116.5246928151866,-118.79048995567827,1.1521933410112375,0.2498331167325792,-0.1423555765318496
HDOK,PLOK,17472,48,48,-129,-13,11,2,33,-117.08899388378359,-116.29338726329458,-116.76342192252858,-115.98936748655294,-118.97940488248327,-117.35208392263672,-116.28758178130798,-118.32598622105216,-117.10443368562247,-117.15118417479003,-115.87368840924454,-117.38089062973299,-115.62969418149211,-115.50059630493432,-117.2823029788863,-116.29424385432422,-116.85142939222577,-116.07868529896868,-115.0874970621385,-116.99727952775737,-116.76487315182752,-116.31092975835632,-115.39997817196671,-115.7237093219593,-117.10600024922994,-115.56705810334495,-116.57568106533189,-115.85663368037449,-116.57480016111975,-117.77671251534424,-117.94688235506429,-116.47741139722,-116.63650024173911,point1,-116.63725221323136,-116.57568106533189,-118.97940488248327,0.7450490264582885,-0.558277152896934,0.38045592946617646
HDOK,PLOK,17472,48,48,-129,-13,11,2,33,-115.2987269114825,-115.77362391432231,-116.58096423018517,-116.62354053608487,-117.46817046250143,-116.57024125769912,-117.55067984177485,-118.68721584410723,-116.54802101182104,-117.90274330244483,-115.8727147825366,-116.49178445122851,-114.51257837153835,-118.77983204697465,-115.51904478078198,-117.4298992514456,-115.64243629429173,-115.86938955850466,-117.45036693912738,-115.18470627174142,-115.14121607797168,-115.94563732647511,-116.71382039529243,-117.42570162485431,-117.82698771099132,-118.63589334382384,-116.74463981538092,-116.02474481074624,-116.50978818231302,-117.53275742487386,-116.62450946009986,-118.18724265282323,-115.58590914788597,point1,-116.6865311525493,-116.58096423018517,-118.77983204697465,1.188126218611351,-0.18620939558397098,-0.6807067190966536
HDOK,PLOK,17472,48,48,-129,-13,11,2,33,-114.26770646865882,-116.09101041902079,-115.19197015640026,-118.58057642791947,-116.57052835033096,-117.12661206930441,-117.71447325755157,-114.97635392206871,-117.60847056784174,-116.22735897436846,-116.95452638952172,-114.40725669655461,-115.74180863147596,-116.33508245553081,-116.75862454407137,-116.4901043396496,-116.06558786096052,-116.84378052923536,-116.78821668692171,-116.59977043145062,-115.37827855528334,-116.15729572434614,-116.15996357842673,-115.89647429106573,-116.40848295430438,-117.38555894533117,-118.80499793849505,-116.24172896995405,-117.75001471477123,-116.86243512252977,-117.15066976896019,-116.08361880345936,-115.96079201531442,point1,-116.47212516851755,-116.40848295430438,-118.80499793849505,0.9977576187721426,-0.06123302005957688,0.5704928991651617
HDOK,PLOK,17472,48,48,-129,-13,11,2,33,-114.53853468831593,-115.68991615663649,-117.77460120794004,-116.80283020070392,-116.9704086382954,-117.50772586993835,-117.0618220000344,-116.40965818895982,-117.10665710128069,-117.34261503467887,-117.51669751900752,-117.09475574717437,-114.99647117656971,-115.76480924117428,-116.6352924447163,-117.62723895646987,-117.46941701591834,-115.32239410780444,-117.31376403914682,-116.35922974617151,-116.70448089082008,-118.27530339431615,-116.61119419248035,-118.43339655479674,-116.32721953546182,-117.03615269552178,-115.9229842108273,-116.92338414929141,-116.86015838403307,-115.52685621686392,-117.09499710049084,-115.56970776537607,-117.33403438131751,point1,-116.72499116825861,-116.92338414929141,-118.43339655479674,0.8011906307940785,0.5043343364703307,-0.006414128658597029
HDOK,PLOK,17472,48,48,-129,-13,11,2,33,-115.60778027509463,-116.1205958032031,-116.3401595431852,-116.02954333132573,-118.40119027922614,-115.55365160042064,-115.94062061219286,-116.67030683979726,-116.79186992917342,-116.85040236839288,-115.19933526655909,-117.05668948139892,-116.72599472244367,-116.72948190175576,-116.8146466741897,-116.0686188955508,-115.85051087428613,-115.56084356796273,-119.69196603539417,-116.77885301668466,-115.46754043200878,-116.75599566639536,-116.22164144877982,-117.66460903446882,-116.37484210276158,-116.8052295607762,-117.69585246216471,-119.25318499097527,-117.16641761505547,-115.93905917940036,-117.62506530132855,-115.91347147175156,-117.26509180149391,point1,-116.69488066926053,-116.72599472244367,-119.69196603539417,1.0179525199918482,-1.2193050568080137,1.790697669080624
HDOK,PLOK,17472,48,48,-129,-13,11,2,33,-116.63934371197497,-115.61105894491993,-116.49676184388437,-117.24482287123833,-115.95694239913479,-117.62183935697497,-116.81298740543254,-115.59180976739545,-115.72613615695835,-116.00155482982758,-116.91334840534466,-115.15749394669926,-116.71588237194138,-117.0015676411016,-117.44847508319653,-117.3196507322507,-115.15664690507566,-115.6285752584647,-116.68306407692045,-115.98891099893179,-116.32865549016246,-116.43233720729313,-115.62035933287164,-117.00319888521416,-119.04049206363422,-116.5843640086383,-114.48211725859863,-117.58823803059404,-117.02275761386764,-115.7021102206808,-115.3805353589576,-116.41887814610448,-116.0738693894876,point1,-116.40590259738705,-116.43233720729313,-119.04049206363422,0.7947496128000525,-0.4543207901703151,1.019852993736054
HDOK,PLOK,17472,48,48,-129,-13,11,2,33,-114.01859867107441,-118.25665712906697,-115.85652754539144,-116.86334926707195,-116.43892055283085,-116.65402249209463,-115.43107108896174,-117.49353177873067,-117.80487947614112,-118.12419073958613,-115.31322359656325,-116.67752681983038,-116.23284231065537,-116.09428197213532,-117.9288588221803,-115.57698053342702,-117.99555178811507,-118.5231372754542,-117.34320692742295,-117.45696436657113,-117.66779793521513,-117.30062367702786,-114.27014929287745,-119.02782615029132,-115.38809751874187,-115.81177402481264,-116.80893742379313,-117.87420823979907,-117.61228891181052,-115.76135085589281,-116.98283326602741,-116.27034812274768,-117.1905128816775,point1,-116.78942640769755,-116.86334926707195,-119.02782615029132,1.3834885032562445,0.415205888848919,-0.21961332115346988
HDOK,PLOK,17472,48,48,-129,-13,11,2,33,-114.58472829666655,-115.85722822056054,-117.659077872106,-116.48045906762535,-119.73716306610388,-115.9287844155606,-114.83642664265119,-117.74954816246623,-117.54999771660937,-117.73443863776984,-117.34147309393288,-117.19070501255194,-115.72781553725798,-118.89671470850901,-114.67093254907813,-114.5083918194874,-116.67632584781362,-116.11590018299091,-115.02577214982398,-116.3580953468006,-115.99662434075353,-118.82254015836183,-116.35219906301826,-116.31761422739409,-116.7145670132883,-117.27342919103836,-117.84325598371944,-117.8161106234489,-116.26738203999089,-117.55100107451281,-115.97713497210007,-116.58659483624841,-119.00435977317665,point1,-116.76220580737628,-116.58659483624841,-119.73716306610388,1.6885372337306472,-0.2200168331442852,-0.2933146160882072
HDOK,PLOK,17472,48,48,-129,-13,11,2,33,-116.49557875898748,-116.2630274562854,-118.28836365964102,-117.43650616029471,-115.70860810160393,-114.90776066617083,-115.7087113026698,-118.77654601905655,-117.60793213886241,-117.05983550165203,-117.70228658466088,-117.3249354086282,-115.87607159164091,-116.26640105727543,-116.55641819461144,-117.47302337183311,-117.69939192023473,-116.7517519587003,-116.35366749558459,-115.92697786973096,-116.38093607830677,-117.53191325986181,-116.73249616482146,-116.7749587868052,-117.24334038751478,-116.10855824762724,-117.33392241106043,-117.94776059014895,-116.07109108225136,-117.12863656372372,-114.96651099763176,-115.45919852473814,-114.55973762589048,point1,-116.67948048298504,-116.73249616482146,-118.77654601905655,0.9525973557306701,0.1551399483248672,-0.29399049620291207
HDOK,PLOK,17472,48,48,-129,-13,11,2,33,-114.58648350239413,-114.72460964527433,-117.44801712889453,-118.38100772057352,-117.6200566304364,-118.40560017025688,-117.6571866496158,-116.63159789431602,-117.12443386777436,-117.6557139514515,-116.09204978834839,-116.80741191137373,-115.81589905927912,-115.71832918535199,-117.61934415929036,-117.12323778450124,-115.31074961779734,-117.02238226117026,-116.11815810390871,-115.76827278636978,-115.26504535242515,-116.7259736956959,-116.75733977574671,-117.53072804704443,-117.70600858294895,-116.14216086723201,-116.41415651094775,-115.68681942111165,-116.53930206852068,-117.23255152990984,-116.48294866710161,-118.46203075335482,-116.58430789956313,point1,-116.70181560575698,-116.7259736956959,-118.46203075335482,0.9871221061762352,0.20233450153561058,-0.463355286795895
HDOK,PLOK,17472,48,48,-129,-13,11,2,33,-114.83629767749756,-116.37954624507107,-116.16456548375822,-117.08904078457019,-115.87381605113787,-116.87139488080577,-117.13427621684654,-115.47078470638569,-116.08489141558182,-119.14386317976312,-118.80343318160185,-117.51506440966904,-115.5959784559784,-117.44685077897716,-116.1096150490947,-115.5844107917596,-116.41808192802087,-118.31681294153069,-116.51662192413984,-116.12433213181266,-116.79479251964267,-117.07285779978538,-118.10577500238199,-117.3617833963324,-116.4260900596106,-116.15503361367142,-116.69220740525158,-116.8079699592761,-117.51035429451703,-116.42971819681684,-116.6945699944835,-115.73263617893657,-115.75814262831335,point1,-116.69762452372795,-116.51662192413984,-119.14386317976312,0.9027853119961328,-0.6918816517124973,0.5114934334516859
HDOK,PLOK,17472,48,48,-129,-13,11,2,33,-114.13164696376829,-114.71146690830102,-117.29778839574823,-117.79149782333498,-116.87710396904156,-115.8998452129733,-116.3329492387963,-115.62049627009664,-117.86714353680055,-114.79408475932061,-116.15719387002288,-117.95553307621825,-116.22264473904201,-116.6610967515676,-115.76544501278823,-116.32550966818442,-116.01372695935113,-115.78779869456899,-116.27135576254848,-116.67362601832167,-116.18670869461664,-117.13270669111029,-115.11681324899753,-114.16629670104263,-116.18795160962246,-115.72606780117869,-116.45747919935373,-115.93526991212053,-119.37799640877395,-117.19620377476821,-118.46387880476863,-117.38200825206673,-118.37672870944995,point1,-116.45042616480801,-116.27135576254848,-119.37799640877395,1.4135997141267238,-0.24043623445684198,0.16040670911986066
HDOK,PLOK,17472,48,48,-129,-13,11,2,33,-114.60638022383853,-115.68311837058556,-116.04399505727467,-117.65639552865244,-116.88935493715245,-116.05019535422609,-116.46236195036492,-117.52624659769722,-117.41251252543951,-117.41081590233456,-115.76715151380708,-117.18584392335084,-116.04877434269771,-117.06855536528407,-117.15734368081152,-116.4561454783791,-117.79436400626504,-116.90726900635956,-116.48683713192672,-115.05433171774156,-116.07005079743972,-118.50915443611606,-117.22046140495088,-116.98384586290821,-114.88668107311474,-117.25280497044012,-116.9883873305961,-116.8339755790584,-118.17995040540656,-117.47707153710412,-114.74043784745945,-115.49502893008446,-116.23636307278285,point1,-116.6224910867167,-116.88935493715245,-118.50915443611606,0.9309205746708994,0.3910464825768686,-0.37079136418062086
HDOK,PLOK,17472,48,48,-129,-13,11,2,33,-113.92452495758889,-115.6660438168062,-117.56054305527245,-116.81706096497837,-117.68081135827133,-116.6625467123503,-116.00740560088038,-115.6485038543054,-116.61320944201682,-116.27435343811638,-117.50693751803945,-115.89029458650852,-116.39454338309837,-116.73037182822544,-115.91974158180963,-115.86135703600328,-117.68347373949625,-114.67969190193979,-116.40382862362642,-118.5748999731179,-116.6590836026423,-117.20115386629766,-117.33332765634597,-118.47620900916186,-116.98391507390996,-116.19116406985928,-118.25260476892856,-117.60674095131725,-117.0503782775069,-117.64923642513024,-116.96835208212796,-116.02881193971685,-116.78321494953349,point1,-116.71770715287664,-116.73037182822544,-118.5748999731179,0.9864541014633461,0.4881271670856049,0.8466460262378042
HDOK,PLOK,17472,48,48,-129,-13,11,2,33,-113.09791495095186,-116.14397145732144,-118.11414145044101,-116.24516581330099,-115.66105075329448,-118.43840809566615,-115.03043907489074,-115.9750187847679,-118.98621865144092,-116.67677886474334,-117.26054951774708,-118.52957341828701,-116.01950528972291,-116.81237124184462,-118.661284832947,-115.42154379555897,-117.35294866002577,-117.82631471575999,-117.3831471974294,-116.39418924077572,-117.1746041220704,-115.77777907950596,-114.97891576668671,-117.81322893950943,-118.30667025387065,-115.3732058766224,-115.6234226995,-115.56023063809492,-115.24344819095988,-118.27591884223038,-118.06642009078229,-117.5406011443966,-117.02277396736346,point1,-116.75114410359122,-116.81237124184462,-118.98621865144092,1.7963586841843384,0.3971210216929186,-0.08510130369241997
HDOK,PLOK,17472,48,48,-129,-13,11,2,33,-115.27022781548047,-116.29728461558884,-116.22728968057227,-119.40063370034727,-116.7135755422878,-115.23293203254543,-116.80460415061275,-116.91622317740352,-117.79700183845371,-117.47000914563223,-116.60368303881927,-116.26148952538918,-116.10887643209063,-116.9294232276808,-116.15961755836997,-117.11512672735611,-116.4816972037984,-116.55963223105827,-117.87257334727492,-116.5985409986545,-117.47013093933991,-115.54697928410256,-117.10593967826944,-117.06145017145334,-116.03205452349782,-116.12468391915795,-117.6287786321972,-117.17187610650792,-116.86200735662915,-117.08658467394409,-117.05173698626383,-116.41879573711611,-116.89569764994094,point1,-116.76597447417686,-116.80460415061275,-119.40063370034727,0.6243616069168816,-0.7678021759999473,2.6697676383373845
HDOK,PLOK,17472,48,48,-129,-13,11,2,33,-113.95076675328778,-113.69625406433443,-115.75670241829835,-117.13964354172728,-118.95171769074248,-118.12461489834953,-116.82759526648525,-117.36088083067249,-117.34418979908568,-117.42572179253584,-116.43451472005272,-117.4256645867561,-116.05785443638436,-117.4851848199031,-114.94717870548477,-116.56838361025727,-117.40447982106124,-116.71120055965783,-117.254461115873,-118.02861527292647,-117.20484610761093,-116.56290726868764,-116.42164209440648,-117.68777345055472,-115.81256706048632,-115.98328282528564,-114.44690194964059,-118.16714353057212,-116.17416915723744,-116.22102776353195,-116.2881253195111,-118.40350275778354,-118.69821806480198,point1,-116.75659794102987,-116.82759526648525,-118.95171769074248,1.5383241930777791,0.6598512398610641,0.4178319320505395
HDOK,PLOK,17472,48,48,-129,-13,11,2,33,-114.5621174620355,-114.54608932218281,-119.66313653922204,-118.27640257643928,-118.88232796709836,-117.12277322222647,-116.55753338961162,-118.09508201256295,-115.80654224959505,-116.52405651971893,-116.04442628747218,-119.10023569830182,-114.89779983286905,-117.04256600132274,-115.60842888000005,-118.25065422416309,-115.52941302277901,-116.99170562839544,-116.48198497788113,-116.58820580535881,-116.37214173360097,-115.21541014903111,-116.71867082607352,-116.02965676897747,-116.54004252493252,-116.729953635255,-116.70237717518755,-117.48855172255979,-116.65120199591887,-116.7122904381248,-115.98597490930285,-115.73827067522123,-118.82255584296168,point1,-116.735714545951,-116.58820580535881,-119.66313653922204,1.5815074550072303,-0.49187025740672824,-0.07271486167796981
HDOK,PLOK,17472,48,48,-129,-13,11,2,33,-114.32188595467964,-115.03396509706167,-117.24479347594055,-116.02385090701918,-115.91076788535659,-119.09559188859654,-116.01212124324472,-115.33309363532446,-118.37769074427415,-119.33208999088306,-117.79613207071264,-118.27391813951469,-115.22598148756168,-116.71089749298949,-116.17437346614365,-115.40057484378647,-117.18463856171176,-115.6712870381337,-116.73614355515878,-117.23068671426782,-114.34223461739582,-116.73861169239582,-117.41829879372693,-117.74714045824265,-113.86047888042143,-117.14871196844354,-117.6974389658732,-116.87051216000725,-114.346255024174,-118.04256241066402,-116.47252752297018,-116.57665713660704,-116.88073701784465,point1,-116.5828076012463,-116.73614355515878,-119.33208999088306,1.8325325646990496,0.11200829993167404,-0.4244934843652661
HDOK,PLOK,17472,48,48,-129,-13,11,2,33,-112.46265411616427,-115.90763615644892,-116.9108603906755,-115.77770706197761,-116.78621934290246,-116.63668773000187,-116.66272949206264,-114.55979935428664,-114.65559945308009,-117.16611858397287,-117.26016892710216,-116.64022988012232,-116.39912658846778,-117.39387214075498,-116.98582901582527,-116.43867043243839,-117.682618958358,-118.78768145108357,-115.91458671129597,-113.59392336995371,-115.32187617260425,-116.54288612766547,-117.85686471936394,-116.42144531001969,-118.75607746878751,-115.6060700222021,-118.13510043780708,-120.18435310888236,-116.75343093085088,-116.18215906765558,-117.45103129830082,-116.72872473415343,-118.12451841572667,point1,-116.62688657487861,-116.66272949206264,-120.18435310888236,2.143908349644601,0.45802744340568985,1.6414285124582713
HDOK,PLOK,17472,48,48,-129,-13,11,2,33,-115.35604285737166,-115.12968653231219,-116.1527017802148,-115.61052247415154,-117.81996670013756,-117.22361898337037,-117.60715161111,-117.70561458358216,-117.5353511386966,-117.92558082182757,-115.78491968156668,-117.76830564523263,-116.76672521372018,-117.09705786609503,-116.83277868020426,-118.14221469481019,-116.12105741775513,-115.44534036700644,-116.96072624521011,-117.59572314436693,-115.62341075253575,-115.59759918295957,-117.92716400603017,-117.55027902210806,-117.92201141550557,-116.47485717198477,-114.38306213394586,-118.02641056642838,-118.3195303160993,-116.76163858894559,-117.21983085764217,-116.84002658706599,-115.51092642634384,point1,-116.81023737776775,-116.96072624521011,-118.3195303160993,1.0770711169876326,0.49561078755529925,-0.8484259041940918
HDOK,PLOK,17472,48,48,-129,-13,11,2,33,-115.10624561264615,-112.12653754460075,-117.8483967747411,-117.38481191862935,-116.8651510492279,-116.39176781831753,-118.91125890391065,-117.1759730288235,-117.18746530020266,-117.4295774898509,-118.10278801293349,-117.92630246846754,-116.85269041956425,-115.95925363589888,-116.30953932897911,-118.9772075367619,-117.49033148941825,-115.6923718281744,-115.74362168008096,-116.71173379120171,-117.68203734047341,-115.96725841002394,-116.27982523411485,-114.93521496130741,-115.99251934208868,-116.20614831410704,-115.82302900103468,-117.34442425949702,-117.97954334759193,-118.07707824477848,-115.95788769421665,-116.33738610241596,-116.41918140758555,point1,-116.70286543308082,-116.71173379120171,-118.9772075367619,1.6425697631555913,1.1175734113573237,3.599090303380281
HDOK,PLOK,17472,48,48,-129,-13,11,2,33,-112.72582526837598,-117.81668351666669,-115.44274607491134,-116.62252415397714,-117.70828697644787,-117.33678187074528,-116.40265942254706,-116.8918160448213,-118.15236162320879,-117.53163882503725,-118.46772083398022,-119.03105251764408,-118.27990211418,-115.14386150822577,-116.41764738958105,-118.16253389727986,-116.10036773782696,-117.88164584846373,-116.14692120446244,-117.85579956069763,-116.64565116977946,-118.45145511222492,-115.81271478945663,-115.04296441246986,-117.90904935013178,-117.91656285499053,-117.26599478426542,-116.67325086640797,-118.05488951023725,-115.23853203161207,-115.66834776221417,-117.67110308633653,-114.55860453168003,point1,-116.87963323184506,-117.26599478426542,-119.03105251764408,1.8616626432114012,0.9284342770551809,0.9311590299634473
HDOK,PLOK,17472,48,48,-129,-13,11,2,33,-114.62306817201286,-117.15869442878613,-114.84759242220602,-115.2533007388554,-117.99716105198725,-117.60040843666542,-117.1670338160558,-116.2561112309349,-117.29997378763227,-114.90509568041995,-118.1072216578534,-118.37772081621101,-116.38127151518465,-115.6262222511839,-117.06235365983102,-115.80255978438093,-116.05379964536255,-116.13230791565901,-116.95727496659491,-116.65780429069221,-117.30245344299412,-117.25487000928854,-114.94396904756216,-116.86537012969045,-114.6477725470164,-117.69950278468987,-115.82344702190609,-117.30675690182194,-116.21604977160422,-115.87014873166738,-118.39374793797762,-116.66511722906547,-114.26685077460911,point1,-116.4703949272243,-116.65780429069221,-118.39374793797762,1.2859098409497363,0.20642726307117834,-0.8631828320989632
HDOK,PLOK,17472,48,48,-129,-13,11,2,33,-115.01590999097799,-117.16140391774118,-117.89383524390328,-116.89639034016436,-116.66927769609505,-116.7503281454257,-118.45923034509953,-118.0133086931185,-115.71651608196149,-117.45896538800997,-117.83166082508232,-117.79201581146764,-115.03900898596115,-116.17824736146191,-114.58665112597608,-115.39650363567183,-116.18960176146763,-117.2256992652535,-116.36252862242497,-116.6364985163019,-116.81829264509355,-116.61803621820009,-116.42147444549187,-115.23853025695014,-116.54291208875267,-116.45020523716686,-118.5567355802707,-115.49352270286916,-115.77265374699414,-117.41879209737075,-117.59836519654795,-117.4602726496236,-116.4338041581214,point1,-116.66961147809145,-116.6364985163019,-118.5567355802707,1.0069723805860464,0.13180791052094334,-0.5915182686756957
HDOK,PLOK,17472,48,48,-129,-13,11,2,33,-114.95882185251962,-117.06433733030843,-117.21514591473988,-117.31258634020313,-117.3382110066789,-116.67146963500419,-116.90675673301803,-118.20448149953975,-115.76150005628749,-117.92565870607878,-116.63935127555457,-116.66932252342122,-118.69733558060031,-114.85472243619206,-116.29907776919576,-117.84207365743859,-117.45721862054937,-115.78912817461303,-115.66280337931386,-117.43862999299643,-118.03556969851881,-117.20491249179794,-115.63031433901456,-115.61351746127716,-115.96084470997546,-117.28508183094796,-116.84879529530596,-117.23584850686842,-117.97935776303547,-115.62316628293685,-118.11207230496862,-117.24888902331136,-115.91852886131838,point1,-116.83047063798577,-117.06433733030843,-118.69733558060031,0.9543259249569346,0.24506739031835903,-0.7772946553735371
HDOK,PLOK,17472,48,48,-129,-13,11,2,33,-114.96640388302187,-115.28376434912526,-117.03190159400431,-117.35218464258685,-117.71354876169656,-116.74237656559535,-118.19336536784488,-116.27481951086452,-116.37351103611782,-119.0890044200793,-118.01403245988678,-117.87389538091121,-117.57922364423216,-115.70744069446776,-117.16862053568376,-114.63502329579008,-116.5981512244242,-116.87010552439384,-116.92603231560169,-117.96338509401295,-115.6894213829196,-117.27110644310598,-117.17847793477422,-116.64387848248724,-116.11005599427396,-115.92384274134488,-115.49004019316168,-117.11529398249723,-116.43411681981536,-116.33063133781121,-116.67758585784757,-115.19201319661062,-115.85671680679198,point1,-116.67484762041765,-116.67758585784757,-119.0890044200793,1.0052139923714083,-0.07478063138458417,-0.18780456683299462
HDOK,PLOK,17472,48,48,-129,-13,11,2,33,-114.02308517257745,-117.01599869565487,-116.91419058598626,-115.66230959184163,-117.19597426821807,-117.28210852533994,-118.04052730966258,-117.78874049401244,-114.96528258763215,-116.13566017710974,-117.41195740732421,-116.87009222877148,-116.08657832832745,-115.83834021623703,-116.91467008664246,-116.20867723551552,-116.92748932945841,-118.09349058726094,-117.4722007775144,-115.95671720152922,-118.59541567123266,-116.8164336177786,-117.20951191097431,-117.61923134401135,-117.51173574729327,-116.40451753786556,-116.78105645273926,-115.12745943790034,-117.41277234973802,-114.58165825823262,-117.22578147386392,-116.167478885792,-117.1742572915092,point1,-116.71004244804692,-116.91467008664246,-118.59541567123266,1.0327627120544773,0.7631313845040768,0.47831590250935996
HDOK,PLOK,17472,48,48,-129,-13,11,2,33,-115.58833386223338,-116.4531104068935,-116.08030938969208,-118.35328620213984,-116.92995719460923,-118.1641720662424,-115.14280143843266,-117.09872622645477,-117.44723542400183,-117.6247574858612,-119.12005683754688,-116.17819939462863,-116.97091394704303,-118.16996973346909,-116.29622223852711,-116.97302350120113,-115.96661297724191,-114.26478451965085,-115.52188660677993,-116.7622434768459,-117.9134393603109,-116.95027490244443,-114.71705326313163,-116.96223562703213,-115.46051505033307,-117.8384670102261,-117.71183048334647,-116.56273057529664,-116.94484862698212,-115.95129381818259,-113.55123236298311,-115.99662080015563,-116.59778647181557,point1,-116.61408882671925,-116.7622434768459,-119.12005683754688,1.432628884219206,0.3869778719293139,0.3150833349531519
HDOK,PLOK,17472,48,48,-129,-13,11,2,33,-116.4633498627054,-118.22091532040034,-115.96276166828532,-116.06037063543567,-118.51644270067553,-117.54101827452445,-117.48152197689228,-117.23048792465521,-116.29407680071405,-118.0667841124513,-117.68533885191528,-118.13978109586634,-117.29711082238808,-115.65578189379254,-117.78780767748697,-116.1078170558234,-116.69724109187406,-116.76392683079145,-117.01526599882264,-116.56427536515417,-116.55220621310818,-116.00452285720583,-116.18369834982781,-117.56214549648074,-117.97516139981967,-117.06365581584721,-115.2934686680829,-118.00403966952788,-117.73089305584189,-117.1460745171475,-116.12815198791093,-116.2617385459377,-117.93442748548176,point1,-117.01188666735982,-117.06365581584721,-118.51644270067553,0.7105305716552328,0.09323264263599339,-1.0970388390123964
HDOK,PLOK,17472,48,48,-129,-13,11,2,33,-113.8088956332017,-116.51548415004899,-116.42381985997295,-119.410651407898,-118.73154228877381,-117.5917694401134,-117.53700834702356,-117.74005063846091,-116.8198266063085,-116.52230633211875,-117.77500140556981,-116.93003216635051,-114.25674807429324,-116.17212129482206,-115.89725120067962,-115.77197719127865,-119.25088735226213,-117.2715606843806,-117.83277458394559,-115.5436117527734,-117.0285102282836,-117.59592424710294,-115.15488398768508,-118.28598177928167,-114.40352951057197,-117.08462881974594,-116.77734203382262,-116.21539505860032,-116.1795263369036,-114.29569649967988,-116.3056015528439,-116.13961958189793,-115.42938353272672,point1,-116.62725283574008,-116.52230633211875,-119.410651407898,1.8309192949939617,0.0745938106609752,-0.1258045893560955
HDOK,PLOK,17472,48,48,-129,-13,11,2,33,-113.9389955329593,-117.59348258000625,-116.02770180599867,-116.63368831743237,-118.55587958407767,-116.13604180439778,-117.91185715336448,-117.20489227576051,-118.1080343634712,-118.62812753170387,-117.44274187662042,-115.94035591644321,-116.40559248811658,-114.24536507567754,-116.31339301100444,-115.59464481282829,-116.9618671885133,-117.23810672339167,-117.7380986857657,-115.59683639118055,-116.73500447572391,-115.7109797453286,-117.99134817876653,-116.52139291358006,-116.1586173575133,-115.46661472732369,-116.3389771444694,-117.38961508452796,-115.91273640818568,-117.04817802035898,-118.74355745608267,-117.20194293129558,-116.26541979466292,point1,-116.71818446534951,-116.63368831743237,-118.74355745608267,1.2659008690209346,0.30286497078098973,0.17686833469954477
HDOK,PLOK,17472,48,48,-129,-13,11,2,33,-113.99301768466553,-116.96396772322177,-118.14419568927423,-116.01390087096743,-116.73290594103666,-117.111763067173,-116.04031399542109,-116.19814763453213,-118.1677268389139,-116.43620149118578,-116.28450793902931,-117.14140990974897,-116.55085389739672,-117.12274189543335,-116.95945603578654,-115.90332666259349,-116.8444883218103,-116.70773199689819,-117.12965995029079,-118.1979328614787,-116.13149384443243,-115.86350683315506,-117.53765772283361,-118.55519366455016,-117.25659998682903,-117.92668620762352,-116.96066865072683,-116.57073409079123,-117.09023960781116,-115.44500739889226,-116.52849984451645,-117.34363067113118,-117.02073800666778,point1,-116.81439111929751,-116.95945603578654,-118.55519366455016,0.7776579543923866,0.6266266646659381,2.0271962960561942
HDOK,PLOK,17472,48,48,-129,-13,11,2,33,-115.43797414900608,-116.00323553338536,-117.72719366531132,-116.45733764482783,-116.20762247107291,-119.43265657458292,-116.90597118759632,-116.62891542961718,-117.35948654478221,-116.22599426891179,-116.13344861354297,-118.9132937184108,-116.5906145073924,-117.25811149192307,-118.59195854241358,-116.53363688458799,-116.35745124337204,-118.14620582132267,-117.56636900298776,-116.12341843178328,-114.7073653752916,-116.26335646542292,-117.2362147885873,-116.1099408133103,-117.0686568543449,-116.76874112513892,-116.45559168921868,-118.66080863239031,-118.7281851147673,-118.51370434071372,-116.4061723986235,-117.7519783755569,-113.95289370820626,point1,-116.94619713358796,-116.62891542961718,-119.43265657458292,1.4253275773285887,0.013954914825880328,0.22642874406356084
HDOK,PLOK,17472,48,48,-129,-13,11,2,33,-113.9254580742853,-115.99077321729844,-117.51308096083515,-115.98203715377342,-117.52735052175795,-117.68499599148296,-115.49342112568726,-116.39104230066148,-116.35245495599992,-114.94451317463617,-116.81557931060922,-118.56868095359857,-116.18372370715713,-116.79297408863874,-117.9239063445754,-117.19978811829093,-117.37034168071125,-116.0594059040433,-117.73402539064438,-118.57868617597846,-115.67288790498175,-115.70076658609808,-117.47892629538211,-117.87537267853203,-117.20426677821514,-115.56823927883748,-118.49360212664415,-114.72561232505797,-116.83936930966678,-119.48533739517228,-116.90881989371125,-118.60820224946909,-117.16269800407403,point1,-116.87140424171238,-116.90881989371125,-119.48533739517228,1.5203576708101914,0.19776259424684792,-0.14273758447492657
HDOK,PLOK,17472,48,48,-129,-13,11,2,33,-115.16882862309832,-116.36446982091648,-115.7571777901642,-116.85696361923745,-116.35115941852109,-115.44164953302077,-119.13568596120695,-115.21285549725468,-116.60304421007905,-116.29711652985297,-117.2910477186196,-117.69598353689167,-115.94858205016371,-116.72865493114463,-115.49792030278319,-116.123470790967,-115.46505023287571,-115.99042823212214,-115.72197372169671,-117.19977995728465,-116.41705553863837,-114.82545772209907,-116.47163019156889,-116.50329821266257,-117.72269992843393,-117.71081298270443,-116.29373727987877,-116.72086509881183,-116.62348865485755,-117.53488649173062,-115.896242612861,-115.48268890129005,-116.95181817499036,point1,-116.42444012934631,-116.36446982091648,-119.13568596120695,0.8065765083795705,-0.7350841493677395,1.0508466814903756
HDOK,PLOK,17472,48,48,-129,-13,11,2,33,-113.78680185164713,-117.15682876090511,-116.30988580590524,-119.56907698659332,-114.6423054335454,-117.42994469697254,-118.14380151813153,-117.14087605493296,-116.51513866785446,-117.61327169294098,-114.95260773478574,-116.55005533371609,-115.28485129598765,-118.58487365143509,-117.50421025914963,-116.36476924635703,-115.86735587607497,-116.95943493210441,-116.6863083171581,-117.2223041446617,-115.9222969000028,-116.96773836462185,-115.65962702564765,-118.07841603488299,-119.6979415071996,-117.68422459094211,-117.45207225328033,-115.82855056046245,-117.95471616069463,-117.51470974288364,-117.89682941512966,-116.61069509200682,-117.66706766326159,point1,-116.94604810823864,-117.14087605493296,-119.6979415071996,1.6052558415884135,0.1985223963093658,0.5055276959927935
HDOK,PLOK,17472,48,48,-129,-13,11,2,33,-114.8091889654109,-115.65405142130776,-118.75034014196369,-116.87844869081651,-117.24228977419111,-118.25132359378668,-116.51928013699714,-116.64950107337042,-116.25918764281548,-118.74549993806167,-116.52499273401217,-117.57873635661957,-116.21863746633296,-115.67401033666422,-117.31415538470803,-116.79265063260813,-118.28375892371439,-116.46229380717723,-116.0587987343529,-116.65727716274206,-116.8075083079677,-116.97100093913417,-115.50977055415126,-116.29664803766937,-117.27241849233583,-118.82978473107138,-117.56426230758503,-117.56867358555819,-116.27098250553017,-117.30162220661735,-115.73883705328313,-116.11822860553814,-116.92146389481425,point1,-116.86350376178513,-116.79265063260813,-118.82978473107138,0.923471513060782,-0.3536952697657254,-0.10018431561999197
HDOK,PLOK,17472,48,48,-129,-13,11,2,33,-114.17107737183034,-115.98739583459539,-116.53689155436425,-116.83286113046735,-116.66823095370846,-117.65414735557155,-116.39259160193821,-115.92983684839412,-115.82667316733945,-118.85267518418281,-116.04158543152823,-117.9424115688988,-117.47207034530659,-115.5585751323791,-116.13558192588928,-115.81197227026307,-115.69957703082713,-115.62011160493383,-116.02169273502012,-116.64926002310986,-116.09498568709442,-115.66258140787642,-115.13625042778521,-116.8205588755175,-117.1070447933588,-117.2345563784637,-116.86840637728746,-117.69208308156621,-117.57037893883565,-115.80234729668766,-117.57125783045906,-116.42252819940876,-118.27767472066984,point1,-116.5474506995624,-116.42252819940876,-118.85267518418281,0.940692049719456,-0.18019011345712807,0.20155914569829259
HDOK,PLOK,17472,48,48,-129,-13,11,2,33,-114.5035128622181,-116.35066795283291,-116.48075139248004,-116.52208204670582,-117.41594338614816,-115.25592152695242,-116.30296642514051,-116.98650162372383,-116.75008032764167,-116.26017914768626,-116.3226575734062,-117.0964824053017,-115.28437880952697,-116.45708493170306,-116.39960616673302,-117.70629876578639,-117.25244084026572,-117.10785739753862,-115.39622330044529,-115.93972101196124,-115.64565653407568,-116.44295071997347,-116.48445379855829,-117.8049435027249,-118.11676323117085,-115.68576898800616,-117.48924584281897,-116.3570707874878,-114.52334463345389,-116.23593571293414,-117.4023975294374,-117.23998614813316,-116.45170213430843,point1,-116.47489628658428,-116.45170213430843,-118.11676323117085,0.7461773228662189,0.40467187747084005,0.03955794327685602
HDOK,PLOK,17472,48,48,-129,-13,11,2,33,-114.80769609404233,-116.81424113770903,-117.914925417068,-115.8988364367383,-116.74368142615918,-116.172424647235,-115.87689162382047,-116.34854853296358,-115.16044545722909,-117.17804496872621,-117.58542340066063,-115.73152744119945,-116.10107190345238,-118.24762439801343,-118.65372395387256,-118.02292373511705,-115.09988991606593,-117.4383462096916,-116.89160965651074,-116.4375989028323,-117.3920561103743,-117.01893054877782,-116.77300948342221,-116.89571844075144,-115.84342028595304,-116.45282433195776,-116.94079688952453,-118.06701279029012,-116.79355016324534,-116.9337842216151,-116.42815284198097,-116.54197218491706,-116.55212376311052,point1,-116.71996446409172,-116.77300948342221,-118.65372395387256,0.7928068967215554,-0.012498504548729512,-0.04938239365478392
HDOK,PLOK,17472,48,48,-129,-13,11,2,33,-113.86247362773703,-117.25978946132975,-115.9973897197353,-117.05514614736578,-117.3687473714052,-116.72886021743228,-116.007301455744,-115.87359329276137,-116.7973160917482,-116.84936363884067,-117.52077654191426,-117.43816597489611,-116.10677592567968,-117.54024281697434,-116.61999900748958,-117.99559765418337,-118.61336319516043,-117.34126209557168,-116.268973231875,-117.81687525475239,-115.93300984992739,-116.17380489019916,-115.4828794252686,-116.98399844217884,-116.54007574008378,-117.09250549569066,-117.1098023562212,-116.60236176379549,-116.95305744084862,-117.43163938782496,-117.62036770026431,-116.7558929347337,-115.85806120479974,point1,-116.77574149558887,-116.84936363884067,-118.61336319516043,0.7529556852079349,0.9137061886751777,2.6034250692831287
HDOK,PLOK,17472,48,48,-129,-13,11,2,33,-114.71131130643492,-114.75681014417604,-117.66172873166902,-117.06891379296661,-118.52449494888293,-114.09256441597161,-117.04474430175722,-116.73059288276522,-117.16371767678899,-116.08013268125988,-116.6695546107801,-114.96515905583615,-115.56171147516191,-115.31308954559533,-115.49841853076217,-116.31322767632565,-115.186957393417,-116.69215651092928,-117.17107051572361,-116.42507117411338,-116.97369864044286,-116.51833197773247,-119.03133108932369,-116.73836779616242,-115.08050236160578,-116.56813566273603,-118.7387136140723,-117.35113731457373,-116.03212772324828,-115.583187448063,-117.92950003913856,-116.91124302191602,-115.8824184199413,point1,-116.45364007515981,-116.56813566273603,-119.03133108932369,1.3554144347713866,-0.197612810859179,-0.18179513537801206
HDOK,PLOK,17472,48,48,-129,-13,11,2,33,-112.47266825666651,-115.84140618404396,-118.23948780724383,-117.64839389237609,-117.13143063929519,-117.4941871481463,-114.94083219571681,-118.2978805302063,-116.89031737201093,-118.23144016609672,-117.10987059806288,-115.59019583962073,-114.52915014032425,-117.25704600167066,-116.41815621904124,-117.39446779075487,-114.78552036142787,-115.72707945618674,-117.6120207998936,-117.95886388255335,-117.42451187874998,-117.10062833559671,-117.9516090290316,-116.10135888960806,-115.31024460338479,-117.7054814353505,-115.3037106325229,-118.95387112088503,-116.90790421431207,-114.29950510746413,-118.2780145277215,-115.2646020986693,-116.49397676404323,point1,-116.62623739147513,-117.10062833559671,-118.95387112088503,2.0465805240281236,0.8000320150938091,0.4793728065573686
HDOK,PLOK,17472,48,48,-129,-13,11,2,33,-115.6651438167696,-116.96508931129048,-116.64498373062533,-118.38711250375441,-115.07915684713596,-117.96553818400176,-117.7404216443823,-117.14692346099613,-116.23156052703182,-115.41555979346623,-116.43574927649225,-117.9929092975754,-116.47023185472524,-117.00248039692929,-117.0946823698582,-118.4752081740638,-116.73028363928941,-115.7717861556699,-115.28342093554957,-117.40101456197179,-116.61232617945983,-117.46366580747038,-117.52115945143701,-118.34471060829708,-115.92461273663737,-115.73053575390462,-116.11706999159611,-118.48835260756087,-116.45888968050583,-117.30639040136583,-116.10613686921084,-117.18636945107485,-117.99617573970585,point1,-116.88350459878197,-116.96508931129048,-118.48835260756087,0.9259839272213553,0.005399880215055,-0.937419072528709
HDOK,PLOK,17472,48,48,-129,-13,11,2,33,-115.5531213356869,-116.40246604899296,-117.42486439792424,-118.85704663088039,-117.16873389015292,-115.89628685883862,-117.54032989297512,-116.4040211974047,-115.06061670009623,-118.00437328636886,-117.11972764943604,-116.25398860731732,-116.04833672274793,-114.73560668603554,-115.62615767127609,-117.90780321514433,-116.63029728866489,-115.98497810595772,-117.03038613561156,-115.67011215911546,-115.76097810014852,-118.712905913337,-116.36944158196489,-115.97888133348086,-116.6886542382358,-116.20426937128758,-117.28308607370082,-116.94585084825543,-117.18589963318634,-118.76707805266383,-116.18671642771821,-118.08295071738793,-117.77538550042486,point1,-116.76549552340666,-116.63029728866489,-118.85704663088039,1.0756350345771717,-0.30756210651979726,-0.483024368795161
HDOK,PLOK,17472,48,48,-129,-13,11,2,33,-115.10443421144333,-115.51408697121185,-117.53092326440547,-116.89674516307458,-116.53418826280041,-116.77022471670895,-118.96075492843272,-117.53965614662987,-116.93558769860655,-116.42616438057877,-117.6148104079656,-115.33731040591876,-116.20242174843577,-116.6669450731999,-115.92242446110166,-115.81324033693953,-116.09781922600541,-118.02872857243237,-113.15140646242895,-116.41589122747487,-116.77062938944358,-116.76541428987483,-117.26275306263159,-115.42335822731398,-116.6778707032762,-117.78562263610964,-115.86286804762919,-117.5333123985318,-115.12206175621002,-117.2168855771902,-117.99388925447106,-115.25687248838445,-118.9638172508785,point1,-116.60906420447698,-116.6778707032762,-118.9638172508785,1.3845749975645016,0.3864270410855133,1.0962215226964207
HDOK,PLOK,17472,48,48,-129,-13,11,2,33,-115.45713784085807,-115.90009486361893,-115.92086319086673,-116.13241710158876,-118.04323811538883,-116.26864150118308,-116.93281122902305,-117.73786357946729,-116.30285834341589,-116.4158162354429,-118.2536943005239,-116.81977043802469,-116.13116738798098,-116.85475125056348,-117.96520449433108,-116.55629783143114,-116.26587376003496,-115.93953537985226,-116.43440889511066,-115.69636646858471,-117.37901713858868,-119.55077591010483,-118.80542007034927,-118.09317139264662,-115.64190998593614,-116.48407610668757,-115.54882202230999,-118.49998671341785,-115.60173259149809,-118.31436843356884,-116.02245591536992,-116.35272250585814,-116.56091416350698,point1,-116.8146722774889,-116.43440889511066,-119.55077591010483,1.1329173074786545,-0.8584852179677394,-0.22649553148191037
HDOK,PLOK,17472,48,48,-129,-13,11,2,33,-115.68840277756418,-115.74575606783955,-117.62315085530841,-116.4842873923384,-117.66337702549069,-116.50297382396128,-114.49072905133674,-118.1162755586358,-116.01499870804543,-117.7595613252349,-117.31312715270948,-116.98148535872791,-114.01654231195413,-115.69022551716984,-117.81213691764785,-116.93823006181354,-116.59018915326959,-116.84863227108296,-116.46265149121986,-116.84447467728639,-116.44775543696102,-114.71413356027942,-115.22314413612173,-116.82158770920786,-115.4234134153916,-116.74908344137388,-115.97735643107681,-117.9065126966658,-115.83194286769192,-116.48062524913864,-117.35818134536679,-118.31477556605674,-118.97172564833073,point1,-116.60022560613031,-116.59018915326959,-118.97172564833073,1.2377760206569166,0.23042489012404396,-0.05229840522275975
HDOK,PLOK,17472,48,48,-129,-13,11,2,33,-115.6646474651838,-115.50684299746074,-114.45612309459379,-115.3646028550853,-118.43865430982812,-116.23084479386846,-117.75649430481654,-117.40369239473644,-116.2166863674971,-117.18764847736927,-117.04718078021027,-115.61379830874692,-117.53167827957634,-116.4213262151064,-115.97851219645435,-116.77777705709578,-116.88843973024795,-116.10471318438944,-117.24983495059871,-116.48924073945264,-117.54430309403914,-115.98063941567727,-115.256145955858,-116.57767189653256,-115.10389486792006,-116.51148560762071,-116.69955680181047,-117.39943594717099,-116.65864949620776,-117.57441386073617,-116.05675804892316,-115.62731905592621,-115.81316310323884,point1,-116.45855077739331,-116.48924073945264,-118.43865430982812,0.774794802061504,-0.0013726588231477773,-0.3267298821741429
HDOK,PLOK,17472,48,48,-129,-13,11,2,33,-115.254779671835,-115.66448901464284,-116.99826372482431,-117.70292053001074,-117.08336834333824,-118.09495150918242,-117.08248900004256,-117.67540705852761,-118.96608402976851,-115.35452947375623,-116.78559272582142,-116.2036282798395,-115.71357444888876,-115.99599350119831,-115.60507042065342,-117.13585397471965,-116.0593246166585,-117.01926086428777,-115.97576277594766,-115.51229309267144,-117.61895718283401,-117.3493518979116,-116.05392621563121,-117.91070129857086,-115.99627196639497,-117.2000406465412,-117.15900676489639,-116.37291695206767,-119.1156643482287,-116.92036234242269,-115.66873342875145,-117.53451737993741,-117.66866531745349,point1,-116.80159856964413,-116.99826372482431,-119.1156643482287,0.981952325884765,-0.3884210185212581,-0.3852011430873916
HDOK,PLOK,17472,48,48,-129,-13,11,2,33,-115.09010648513932,-115.96150071239289,-115.53034369521703,-116.8156861429576,-117.10263037572949,-118.1563194978291,-116.46179236405509,-116.57657441412236,-116.34712100447341,-116.25995983640303,-118.13364451006221,-118.95113382515818,-116.44219508593658,-115.84474284335977,-116.85944541280212,-116.46722551949298,-118.37705453753539,-116.02464294913898,-117.21231230249539,-116.03217484790395,-116.64064832525396,-116.54841292546374,-115.54576668711053,-119.24502062652329,-117.54486678829696,-117.68641231623624,-118.27132490015447,-117.38467448764152,-115.91062646880071,-117.01324603814497,-116.41778419991277,-117.58303939026305,-118.41935777893696,point1,-116.93508446348315,-116.64064832525396,-119.24502062652329,1.0406942193082525,-0.4825925938489694,-0.45878013748856095
HDOK,PLOK,17472,48,48,-129,-13,11,2,33,-114.83857608373962,-115.80894120109072,-118.41090274491775,-115.35917034328351,-117.5842875828855,-116.3332169153129,-114.83944257670994,-116.93780238930812,-116.39736936686467,-117.0322300694552,-117.10100361162834,-115.7686973479356,-115.4295032624251,-115.01708466482897,-113.91733723356441,-117.12423367042001,-117.25747062073928,-117.91346284857418,-116.81266393907593,-116.05879542221913,-117.1257330936219,-117.33177017352504,-115.69241900576964,-116.70636656416168,-118.31319080527743,-116.82205975586734,-116.56955186779115,-117.26934586518453,-115.20328116836522,-117.1842643368054,-116.77599102196338,-116.92853942030322,-116.72834296381545,point1,-116.5028196344676,-116.77599102196338,-118.41090274491775,1.0615121642972205,0.47146237507613104,-0.06096174036324431
HDOK,PLOK,17472,48,48,-129,-13,11,2,33,-113.12958491359696,-114.72062813323926,-118.21903086929302,-118.20333885957093,-117.96034354293937,-116.56500914799292,-115.03938645898316,-117.45365766251957,-116.08003540487555,-118.3309343976275,-116.02459221747864,-119.67483597034018,-115.00618483564284,-116.14349731682944,-114.58107585375674,-116.69418859908508,-117.16295546483637,-116.42728847170417,-115.74004328461909,-117.50844579948213,-117.30618739478423,-116.07731745465026,-116.803320289508,-117.27681402518085,-116.17876650764379,-115.94391249622817,-115.40285508435082,-115.90548003563914,-117.41608383635287,-118.50356006406551,-117.42874884237605,-118.02066714998514,-116.04176114767468,point1,-116.63547065251066,-116.56500914799292,-119.67483597034018,1.7769874098018346,0.21868401741331264,0.36810208215266815
HDOK,PLOK,17472,48,48,-129,-13,11,2,33,-115.63475494104868,-116.08888348198992,-117.6836068851336,-116.92209179229943,-115.82551079744147,-116.0937081506543,-117.54099341751648,-117.14323958141574,-117.00938751095536,-117.37784941844839,-117.19760615814306,-118.25082484658299,-116.56480055321634,-118.30683596837605,-116.5643145778139,-118.1816792365407,-115.85607422638348,-117.49612055418785,-117.01705685852608,-116.66092888837203,-115.81892829696935,-117.14250728447665,-117.16683959566231,-117.59025865893025,-117.72483849570143,-116.60508848476316,-116.34745072211668,-116.08109795345358,-117.74999026353117,-116.58997324933017,-116.48799309854184,-117.31040575724583,-118.24836124617923,point1,-116.97818184702872,-117.01705685852608,-118.30683596837605,0.574426307316819,-0.029381330318993246,-0.9035863483268769
HDOK,PLOK,17472,48,48,-129,-13,11,2,33,-115.38805361739105,-115.4493196982397,-116.76114450546577,-118.01749605605862,-118.36626246992967,-118.0813024886987,-116.35658319280503,-117.1732759127626,-116.41989783047914,-117.97406406250924,-116.9735804454901,-116.56048263786049,-117.23902721219184,-117.91294957435713,-117.92421274940996,-115.31263243497155,-118.39731961605955,-117.30029503035152,-114.96742796130746,-117.98102322902831,-118.65971363494903,-118.36191380736238,-115.4713103723742,-115.84230515713095,-115.22350825790016,-115.97051599073555,-116.92500819382784,-118.24392875555989,-116.58200777452666,-116.47490516826204,-115.34885085982553,-117.29103943663937,-115.561249023611,point1,-116.86401839872946,-116.92500819382784,-118.65971363494903,1.2593768932810563,0.09109727902986135,-1.3407004467549186
HDOK,PLOK,17472,48,48,-129,-13,11,2,33,-115.24581691358526,-117.4689791928163,-115.4757231363314,-117.25661472133122,-116.82248894969516,-116.5627777363876,-116.9869302873796,-116.86681176471645,-115.28920675482907,-117.42970618082123,-118.63988388020996,-117.06695316126961,-116.61950507421021,-117.07580180314888,-117.37046637224194,-116.35279850611492,-116.22484483284404,-117.50070218202985,-117.81930942114488,-117.63144686226838,-114.67155691862287,-119.40422492633174,-118.3712659204823,-117.21029365001576,-117.98110477257767,-114.55778494018294,-116.72946362947215,-117.67402095158033,-116.97402496369892,-117.5676681227492,-117.18349435968541,-116.18015869938337,-116.92345771440077,point1,-116.94349355462299,-117.06695316126961,-119.40422492633174,1.086986405513186,0.3641689831664886,0.6581782092928496
HDOK,PLOK,17472,48,48,-129,-13,11,2,33,-113.88498131744115,-117.03528770877281,-118.47034710603687,-116.70175732552508,-118.25107126235383,-117.94433994533603,-116.8452279926623,-118.05820740831889,-116.86443736037637,-116.82593381634499,-116.91023385936079,-116.68893405185564,-116.07857961704501,-115.95680801230026,-115.81422839880615,-116.31437399068751,-116.87011362770541,-116.08654599860898,-117.46448618566342,-117.31312910553223,-117.23870265559708,-116.67002464102447,-115.15108544791892,-116.76009218991668,-116.1806899863115,-117.65205478160887,-116.38794754309677,-118.38277458850874,-116.91604936517699,-116.65754664890895,-115.5311832232242,-115.84440329979738,-116.74999208622687,point1,-116.74247183478943,-116.76009218991668,-118.47034710603687,0.8849764865112452,0.5161753836474987,1.453673711678531
HDOK,PLOK,17472,48,48,-129,-13,11,2,33,-116.73889404591542,-114.20495637820422,-115.99178336047073,-114.84759432714374,-117.81851182554311,-116.37831155158045,-117.69166745550488,-117.57627949119647,-115.0025371718508,-116.37536716062642,-117.73365110671973,-117.8076894390647,-115.75080531002592,-118.53249095236858,-117.69469593028681,-116.54233174780171,-117.16357642912033,-116.02916560676141,-116.21509794862754,-117.20715520416421,-117.89969595670026,-118.09514266736771,-117.35546892530476,-116.12048977390718,-116.1788871416694,-116.29106762754535,-116.83932523326187,-117.29101532257833,-117.64168438117348,-117.04015522598647,-115.9849924922397,-118.9667840961345,-117.5855214729995,point1,-116.86644826544988,-117.04015522598647,-118.9667840961345,1.1048129356660752,0.4534543407960011,0.11586097424009667
HDOK,PLOK,17472,48,48,-129,-13,11,2,33,-115.2172674797585,-117.27213003425015,-118.37840313208078,-116.17902522544149,-118.3477800340557,-117.29493879086728,-116.15720951442397,-115.78165095405704,-116.72571654256592,-116.62741424436535,-117.16431468495401,-119.18531634843993,-115.27807945191178,-116.36793839881021,-117.14744202738109,-117.71002597324178,-117.97877711938402,-116.81426687005134,-116.57931313181304,-118.84092362277596,-117.37043762813344,-116.08798930145379,-116.46850501896357,-118.67786806791985,-115.6558391829605,-119.07322825705396,-117.75322836773829,-115.60088872311903,-116.94881490211323,-115.26415610681018,-116.21334590119254,-118.3322725930585,-116.38179991592743,point1,-116.9962517438507,-116.81426687005134,-119.18531634843993,1.2690230785909427,-0.30826394470540114,-0.8326056433379141
HDOK,PLOK,17472,48,48,-129,-13,11,2,33,-115.90313974043481,-114.98782333426422,-118.50118356553779,-116.05408407372876,-117.54653751068807,-116.83079868326033,-116.33395552464148,-115.39829249678225,-116.9486901739554,-115.72080129004038,-117.68074531286403,-118.32170109527539,-114.02214487938869,-116.52754402867852,-116.49519859877047,-116.21551391164164,-115.44102190490001,-117.3362346235309,-116.5050667369622,-115.86875620028187,-117.34349748963217,-116.65459622240975,-117.08867733865038,-116.77248492959102,-117.21169178571422,-115.11714670025812,-116.93106901771965,-115.9814721459926,-116.41628943794299,-117.65266855392512,-116.36928150930532,-118.31458161633425,-116.19418135866168,point1,-116.56626884217468,-116.5050667369622,-118.50118356553779,0.9660038745802806,0.1697495241298608,0.3007946417864833
HDOK,PLOK,17472,48,48,-129,-13,11,2,33,-115.08799982070504,-115.86637550270503,-116.72739788395634,-116.36938121375135,-117.52905143353297,-116.82107547282878,-116.56352732315125,-116.44025055578315,-115.99652629597107,-116.13281931141702,-117.09838561291531,-117.31136673791956,-114.64497025644519,-116.43539595594092,-116.98428942941648,-115.89919312036142,-117.11431014835794,-116.64181412353622,-117.26055600899609,-116.87192022962422,-115.41399773934958,-116.71808238547567,-116.4701023208321,-117.01062482398142,-116.72102520645277,-116.16393638642641,-116.55451092899878,-117.69933129122174,-117.98350910937484,-117.60697773492582,-117.54237177338122,-115.99068881655064,-116.25503165310133,point1,-116.60384232143599,-116.64181412353622,-117.98350910937484,0.5382256941673326,0.5252380942733016,0.5075497910997271
HDOK,PLOK,17472,48,48,-129,-13,11,2,33,-115.17303641776024,-114.75994692498797,-117.03554764340925,-116.47630573432353,-115.59787250665259,-115.66567909098765,-114.98487563910753,-115.5200351073925,-117.5040390474079,-117.5840601904359,-116.29315506095352,-118.51673138685129,-117.91217835964116,-114.8694777386786,-118.63138392066297,-117.21967933191279,-116.7924605034656,-117.38821017924681,-117.80374116773753,-116.79274828481286,-117.73109618377185,-116.34369508137472,-117.07174964133642,-116.41127335913447,-116.84723103885575,-116.14928865991828,-116.7435172518705,-118.05842767290774,-117.12473648429163,-116.57382542048279,-116.9158542339013,-116.47561733006494,-116.52665983349978,point1,-116.71194352811631,-116.7924605034656,-118.63138392066297,0.9758359726955861,0.1921004699910201,-0.3687815939251129
HDOK,PLOK,17472,48,48,-129,-13,11,2,33,-114.09015158430735,-115.66771151066267,-117.09495184285925,-116.26261114870493,-117.10392508481577,-117.85795069097126,-116.14532295298189,-116.93859978004735,-116.88480818822597,-118.1901675021196,-116.9014585123304,-118.46861292137204,-118.01532933552802,-116.98537307732285,-116.04315621006116,-116.21942925855174,-114.78695625668831,-115.16386937580789,-118.34851396628478,-116.52457758032907,-114.77294924775751,-116.21997874912631,-117.58690858974013,-114.66067533212437,-116.00771027186725,-116.85315942958464,-117.4554462268773,-116.83051028094579,-118.97444436754168,-117.73975608897916,-115.64131747059808,-117.53910425132764,-117.22501041449328,point1,-116.70304386366473,-116.88480818822597,-118.97444436754168,1.3664290602046958,0.31315135236668945,-0.33973150978492894
HDOK,PLOK,17472,48,48,-129,-13,11,2,33,-115.51181112977807,-114.95099812672119,-116.09858383870527,-116.04006820793599,-117.08167103491824,-117.434240922884,-117.81041901056227,-115.62905384876782,-116.91790034370842,-117.53697777654179,-116.80240685382755,-117.50432587488221,-116.85297304683885,-117.26857886273595,-116.77812176322017,-115.19906671697743,-116.40573383471113,-116.87369323151526,-116.52826064466544,-115.6252248826971,-118.62080457671641,-115.83814933056314,-116.18348572340771,-116.67332009202276,-117.94537190081371,-117.33617034153333,-117.30724361028818,-117.61252233593356,-116.54663302009666,-116.83007924143037,-115.31323743006674,-115.99270547219169,-115.66399430199398,point1,-116.62769173726217,-116.77812176322017,-118.62080457671641,0.7535345849069642,-0.022904989581274918,-0.5345587935004534
HDOK,PLOK,17472,49,49,-129,-13,11,2,33,-116.12542725828753,-115.16047137000129,-118.29323467463519,-116.77187421082786,-116.48532734346574,-116.84115016968362,-114.67130868929912,-116.39822941735223,-114.7387733163531,-115.42704674846166,-116.25757135583403,-116.6891063833608,-116.41189808521321,-117.31072424685036,-115.45239491141163,-117.93957610262102,-115.03725511778504,-115.56169400327325,-115.31033009124745,-116.99899612197633,-117.85841210209486,-114.39500647647225,-115.6838513791657,-117.66544504613148,-116.77882778379731,-116.88581765786022,-117.35640537425236,-116.87002924464011,-115.55100251506926,-116.44762351315524,-117.2125182383669,-117.45181492073047,-116.75604352595485,point1,-116.38773295138276,-116.48532734346574,-118.29323467463519,0.9977708439221842,0.1945027763460002,-0.7516343185967651
HDOK,PLOK,17472,49,49,-129,-13,11,2,33,-117.07134834658412,-114.72962384882767,-114.8539729655134,-116.60870056043309,-117.80198052284383,-116.42553258208548,-116.49012055077898,-117.17852099865986,-115.70699302394505,-117.38481230589002,-116.9104523967647,-115.92259027546216,-115.92940787957431,-116.78006737751826,-115.86027819294313,-116.93899549702226,-115.98647269609643,-116.42676545830936,-115.84871148804163,-116.57289191281538,-118.83429164685055,-116.90495098412916,-116.61385639724074,-116.12748896067836,-116.8612796850325,-117.09555620016725,-113.61269520280038,-116.45064726811138,-115.7436824565619,-116.94729084928787,-117.62300807338607,-117.81477721927372,-117.37653026328864,point1,-116.52831194202783,-116.60870056043309,-118.83429164685055,0.9410234201669864,0.6151948900941591,1.8546708469117799
HDOK,PLOK,17472,49,49,-129,-13,11,2,33,-116.69093426790182,-116.70765019013395,-116.66356146906433,-116.14354690538796,-117.10880484091852,-116.3297946245333,-116.78467158170592,-114.25609045363095,-118.76897988008129,-117.51371821241148,-117.01421978771647,-117.08244080128067,-116.60382182496326,-117.88839872200074,-115.75877840573733,-115.73092313043867,-117.07391761481888,-117.33619567495033,-117.11651016666832,-114.33144556851148,-116.75170675474843,-117.36154906123421,-117.33567108292922,-116.06041683093643,-115.69355097846031,-116.22234289086676,-116.01250707995818,-115.8662028886235,-116.56555126671988,-116.29252890399206,-118.1636603121355,-117.38050196527526,-116.29245025982813,point1,-116.63342558783526,-116.69093426790182,-118.76897988008129,0.8433136277222537,0.4556220589972108,1.3538706930079871
HDOK,PLOK,17472,49,49,-129,-13,11,2,33,-117.24760508216542,-115.50656160301763,-116.5700297911776,-115.73327661814105,-117.67053528035783,-116.88210752216183,-116.50303632507953,-117.20073498488715,-117.24926923983483,-116.41882653607355,-116.71731810490796,-117.99010961437087,-116.19434062656376,-116.39699723010486,-115.30643405961584,-118.41624045601566,-116.53020972422114,-115.79643607365266,-117.50003679642593,-115.6830477994275,-114.84132834102797,-117.58134196364458,-115.25648784680787,-115.33608871300585,-114.93640568302423,-118.29113808651393,-115.2619886822322,-117.60393149970201,-116.37719317532394,-117.76453323664191,-116.75979049122425,-117.29015761081753,-117.29244907748338,point1,-116.60927235986824,-116.5700297911776,-118.41624045601566,0.9730670085851517,0.09349854900720125,-0.9903571724380917
HDOK,PLOK,17472,49,49,-129,-13,11,2,33,-116.49212330207015,-118.5349997071932,-115.30161927905027,-117.33952881928153,-115.794399276691,-117.38109029513343,-116.50799046624775,-117.16102102233161,-116.2036183816099,-116.77779106110748,-117.364873622999,-117.0476289685965,-116.53146172049517,-115.88279852767538,-116.8714206590331,-117.34182598845946,-117.25007645829712,-116.42396240476191,-116.56827006759961,-117.56415852518475,-117.65597446674927,-115.37376634295596,-116.0653664835339,-115.74386112730276,-116.82938027703732,-115.87352247810291,-118.4766591590455,-116.15783472565596,-115.76039064283883,-115.6140578698358,-115.28003508380915,-116.31143675764977,-117.34074451773215,point1,-116.63102086321419,-116.53146172049517,-118.5349997071932,0.6977900459945674,-0.34808308775113556,-0.3338122317441483
HDOK,PLOK,17472,49,49,-129,-13,11,2,33,-115.70256229047278,-116.34007660253994,-115.86685131934769,-116.44613023516207,-115.99246073267194,-116.60425313570705,-115.71897195807497,-116.50829211644208,-116.13370181941849,-118.47277639945203,-118.75376051298592,-116.48141574454074,-117.72292041842374,-116.26010328116578,-116.10691219405916,-118.99393436528935,-116.11617704940454,-115.17943735399201,-116.39839531101073,-116.58461075846583,-117.22993018423766,-115.57084071278562,-115.7282130987371,-117.79866604899318,-116.77375859884637,-117.23004869496374,-117.79833425192324,-117.34539226891135,-116.94743704061376,-114.7665903886329,-116.96330264239178,-117.02749412407029,-116.21287819277929,point1,-116.65989787413675,-116.48141574454074,-118.99393436528935,0.92450685293779,-0.6241028656654106,0.31269133930254256
HDOK,PLOK,17472,49,49,-129,-13,11,2,33,-116.58641020609112,-116.0558978903257,-115.03690134373433,-116.73171385161979,-117.12295747170418,-116.30276743084505,-116.97711617409432,-116.84328230446748,-118.76205910092816,-115.65109260077075,-117.15018530406833,-117.10428271948788,-115.0308469924319,-115.05152260565981,-118.94232046806604,-117.59721500817604,-116.52477391478446,-115.97701552505349,-113.52179270623776,-116.5601474202213,-116.65077857867271,-115.84868830467167,-114.57071624478628,-117.77032671917941,-115.22362724254741,-114.3692844167516,-115.92240275666238,-115.9820529678719,-117.1062576814699,-116.92106237428563,-116.09022714503065,-116.88390400968058,-116.02788278792623,point1,-116.33022764449403,-116.52477391478446,-118.94232046806604,1.3047085343877902,0.07380035442547359,0.5958594108201267
HDOK,PLOK,17472,49,49,-129,-13,11,2,33,-116.83448166769165,-118.61352558228751,-115.90141454474006,-115.49609030166587,-115.98569155186331,-116.28042847277293,-116.73631436569107,-115.9595028204366,-115.1288147364353,-116.31201445978287,-115.2113303740764,-115.97832617528809,-116.9501111547721,-117.06403632020606,-116.5720830358208,-117.27989903689648,-116.63612423642503,-117.01741813945395,-115.93440988706135,-116.51271501043979,-114.48916086552045,-116.72522687561637,-115.75353105901371,-117.27863684164657,-116.14343763845247,-116.97584254017536,-117.18142728960512,-118.63801838411624,-116.6184217356636,-117.91014871764966,-115.68933146431519,-117.90283000189736,-117.5078401787564,point1,-116.58238137776469,-116.6184217356636,-118.63801838411624,0.8563835142126386,-0.1981259450688195,0.2276419481535652
HDOK,PLOK,17472,49,49,-129,-13,11,2,33,-119.17042678923367,-116.76091668932814,-116.49724985388094,-116.96805868353891,-116.63115341646265,-118.57306123539303,-117.850082919182,-114.94749869902448,-116.1756013533882,-116.89326605448068,-115.7275672641738,-116.75587232315591,-116.3419587660854,-117.90210172965897,-117.94123047666254,-116.87654790320231,-117.06885308031325,-116.86206587474535,-116.49741484007389,-117.61988436670698,-116.46771117364712,-116.96407832835271,-117.50103811217535,-116.04461382029751,-115.69502687533277,-117.50915537121912,-116.92273517326628,-116.74618025643329,-117.68185616733383,-114.3541341106393,-118.08061042579945,-117.48713490823896,-116.81988361904897,point1,-116.91924153516592,-116.87654790320231,-119.17042678923367,0.9065070216794825,0.291707325964295,1.1171890965168454
HDOK,PLOK,17472,49,49,-129,-13,11,2,33,-117.45937156529232,-116.3832837016996,-116.01753214210513,-117.801154137916,-115.89124829949958,-117.1720209237218,-116.02863713017746,-115.1315973279391,-115.79230317932043,-117.86651426786868,-116.21689090036188,-117.02705018517723,-116.90792230044289,-118.44844140066981,-115.23724924722403,-118.68247191555317,-113.77130198226993,-115.98586419231994,-116.47553572448702,-117.55601599540756,-117.7354817485227,-115.46806377396457,-116.77679486278086,-117.62824393051487,-117.41201592924784,-117.15534308494645,-114.36245227212693,-115.12162818472075,-115.57699952532788,-116.92054731997914,-117.31726075946214,-117.32462725692027,-118.6091718340006,point1,-116.6442738485445,-116.90792230044289,-118.68247191555317,1.3775399525464418,0.38946579522833336,-0.2100974450898998
HDOK,PLOK,17472,49,49,-129,-13,11,2,33,-115.88002481805873,-116.04707509126892,-117.1208302378191,-116.05482601436825,-117.75103652155637,-115.71333246339553,-117.65051189766564,-118.03911986393192,-117.87985779294384,-117.17989630627892,-115.02050165663715,-116.14151818907288,-117.40703961882595,-115.76112793722204,-117.40815872442323,-117.2804311874096,-115.40842381384864,-116.99815577604411,-114.79980716286751,-116.0898623297225,-116.86250836519842,-115.0632343210816,-115.50235884696411,-115.52017194680971,-117.3781356605087,-114.93199356739433,-116.92289432023667,-118.20784506114614,-117.63657868445232,-116.8300176701312,-116.81422777763831,-117.05039909861938,-117.81587296025961,point1,-116.61114471769095,-116.86250836519842,-118.20784506114614,0.9890009006389723,0.27118890346526586,-1.180351816592852
HDOK,PLOK,17472,49,49,-129,-13,11,2,33,-116.14611593083198,-116.11370383834843,-116.36189721452111,-118.16054811477794,-115.51108648160738,-116.59068621887312,-117.74897237586404,-116.19419551082788,-114.49220760483486,-117.01190205758002,-115.80879768600593,-116.19265387652828,-118.6887443523976,-116.4907259156965,-116.06298933413629,-116.41541214954546,-115.38484070077597,-116.63149492389587,-116.99114818840971,-115.94846369071006,-118.33628771091912,-117.25896559676717,-116.21482650344801,-115.4877678200841,-117.65507006202452,-116.77587859791451,-115.13408208446302,-117.72127512456609,-116.96167327439616,-116.53090628493983,-117.84601386668567,-117.05450187348296,-116.2943159928816,point1,-116.61267124117397,-116.4907259156965,-118.6887443523976,0.8827073048862571,-0.20245266511016236,-0.05696125544929176
HDOK,PLOK,17472,49,49,-129,-13,11,2,33,-116.1035336392254,-118.84748454743095,-114.62276688653758,-116.70127352543915,-117.72572788222317,-118.89703624275039,-117.791907831055,-116.49955691580446,-116.52552385500331,-116.49685232382222,-117.57209638558699,-115.94408832878723,-116.54150212614041,-116.00837099224455,-117.2685053242418,-115.51687618020944,-116.9772415718967,-114.73289370771516,-116.13686113643618,-118.17014735360792,-116.9991785659458,-116.80430911688511,-116.24762867642764,-117.63301228272351,-115.99909307484582,-115.29512987022996,-116.1276126883658,-113.02710463334562,-115.14346252976998,-116.7763327604479,-116.56947612784326,-116.254566974928,-115.46458651462841,point1,-116.46732547189528,-116.49955691580446,-118.89703624275039,1.40275411138093,0.33648785634760886,1.2469521617157668
HDOK,PLOK,17472,49,49,-129,-13,11,2,33,-117.84809575778498,-116.87230559755314,-118.10158147126296,-117.21956551900506,-115.48853237889347,-115.70484612759678,-115.58156374822498,-116.22109434852624,-116.12131075181959,-117.52178796963828,-114.42646923870514,-115.58586676696311,-116.29629004952166,-118.16845129385771,-118.05857075205304,-116.22927372153804,-117.93584291317102,-116.95286126294423,-116.59860811495808,-116.7585754407651,-115.85293056536102,-117.1619522721338,-116.36262157704877,-117.56622580856327,-116.33762778994073,-118.50798111330884,-118.31152795245842,-117.85684781676618,-115.39903241056402,-117.621312260724,-117.77711512294759,-117.12407016372927,-115.6330710044645,point1,-116.82435785099374,-116.87230559755314,-118.50798111330884,1.047646486701239,0.2310355807412053,-0.8156258335761692
HDOK,PLOK,17472,49,49,-129,-13,11,2,33,-116.50407816898012,-116.52280351374301,-117.3999889332945,-116.99381581239379,-116.65572194427341,-116.67542987829724,-117.05690567558285,-116.87218732954949,-118.00343788525215,-116.38162144681,-115.64594468350943,-116.25752070543638,-115.0678686254467,-115.0000147665245,-116.08984751400845,-116.1481243553329,-115.74422862403729,-118.30810084900236,-116.79823192078653,-116.0081724947873,-117.1894795547876,-115.83676140310565,-116.1763069223406,-116.4885392171409,-116.31560005290557,-115.236077042152,-116.00189009928124,-116.74600889893307,-116.54933977345203,-117.32471326989648,-119.11825912374444,-118.30117514686113,-117.91301155120058,point1,-116.64640021766215,-116.52280351374301,-119.11825912374444,0.861108707316141,-0.6067460863339038,0.4871572913544071
HDOK,PLOK,17472,49,49,-129,-13,11,2,33,-116.65810896220708,-117.9668543554807,-115.96505770298093,-116.60196944493866,-115.42992962292718,-117.45771077835882,-114.72981545642057,-116.6662349510919,-116.34110316388723,-116.02476781087236,-115.8777384576324,-115.8457490280341,-118.24584095909297,-117.86538973118599,-118.49411019997855,-116.67663505226481,-118.36213215142692,-114.1983432543278,-115.93655627940005,-117.61729205539594,-118.06682601675163,-118.15246354142089,-116.88407723981723,-116.25175697538631,-117.47836757988651,-116.14162568058111,-118.2561293418705,-115.9904297048204,-115.98193085300412,-117.80978587836528,-117.66431450904743,-116.8182974912828,-115.86609212786128,point1,-116.79767988963637,-116.6662349510919,-118.49411019997855,1.1744362138769384,0.24148510816759505,-0.5505957751819128
HDOK,PLOK,17472,49,49,-129,-13,11,2,33,-116.38895264413415,-117.3794279635253,-115.0597035172338,-117.69695158543168,-115.95902830265594,-117.27734876783947,-117.17081603568687,-117.4413586116853,-116.78717269492115,-116.14991274441392,-116.67890747371139,-115.99437801644508,-117.24143915198063,-116.7705361427552,-117.80191560047118,-117.2815764421616,-115.17583925728412,-117.31914299821757,-117.58572376808574,-115.5235170005161,-114.76454218089033,-117.13463297687191,-118.03006530134783,-117.95248844192427,-118.08705436214211,-114.96797724821924,-116.11630910107553,-115.6857863748137,-115.61305417927542,-115.65513484084762,-116.42169792581049,-117.24091627750215,-116.53475075241244,point1,-116.63297147522087,-116.7705361427552,-118.08705436214211,0.8945086868455286,0.3329872643055151,-0.9841616422500041
HDOK,PLOK,17472,49,49,-129,-13,11,2,33,-115.93376260506875,-116.58843218696119,-116.83535668471963,-115.7023331955128,-116.59865890378576,-118.710783825726,-116.6473784422044,-116.32520000037826,-116.61925416414495,-117.38022362106594,-115.79001440499509,-116.26842853084067,-116.7468356237819,-115.74942346295587,-115.28508902735122,-115.55819740668358,-114.92130907781896,-116.6572874955852,-117.71907294973921,-115.5938408750886,-115.29378208380979,-116.27234247035217,-116.19150769512267,-117.88038018156229,-117.34397244121075,-116.27244472453329,-118.57293867360924,-115.23955673284817,-117.04240350017511,-116.4216234394591,-115.85709010735297,-116.83017329966354,-115.26899254874068,point1,-116.42782092069235,-116.32520000037826,-118.710783825726,0.8335895077198442,-0.7065747644554007,0.3445859478361286
HDOK,PLOK,17472,49,49,-129,-13,11,2,33,-117.50552221400467,-114.88753324529242,-116.74867372231665,-116.90873362419329,-116.17682137419192,-115.78576599444935,-115.84878078004344,-116.93576911281158,-116.80013381571534,-116.4980046854568,-116.98528589191301,-116.26012378542757,-116.79401972171385,-116.07140896856951,-115.38944115062826,-116.33126678201546,-117.0314324462975,-116.93341722205008,-116.15458421509163,-117.2680678192791,-116.50509685276236,-116.49792149922537,-117.46387702227163,-115.90956950289703,-117.31680461391905,-116.60856299751596,-116.04866993061442,-117.96745851885288,-117.40931283480488,-115.59597620232658,-117.48430138513181,-116.52647171657266,-116.97996371379077,point1,-116.59481131400447,-116.60856299751596,-117.96745851885288,0.45528294147250437,0.33718234143139364,-0.0050471890520205065
HDOK,PLOK,17472,49,49,-129,-13,11,2,33,-116.8913755180774,-117.72631748260766,-117.5061709085565,-115.82724832065388,-114.46741103444305,-116.78728028333542,-114.89172587891063,-116.70507232578082,-116.08326170183787,-118.44747286843484,-116.90607650954168,-115.85078254403517,-117.1291608345927,-116.28085493983932,-116.03637070659872,-118.37022185912919,-117.61966103153898,-116.6615141867577,-116.74178868099594,-115.26604113244632,-116.41090085120595,-115.56021460919135,-116.8552410112784,-116.25073418283785,-117.9081466145596,-117.60096341051577,-117.30748065407876,-116.57730434538192,-118.81773251751918,-116.24749146771659,-117.80837527383162,-116.73070258682638,-114.3050926611588,point1,-116.68412693740049,-116.73070258682638,-118.81773251751918,1.1323228564327925,0.24935158755822512,-0.0075930076567840565
HDOK,PLOK,17472,49,49,-129,-13,11,2,33,-117.69246766929516,-118.24853661759633,-116.48215358434787,-115.91662455591852,-117.37342683049042,-116.48054223509425,-117.21687238233167,-116.34436431685991,-115.43398660273343,-117.88862531135895,-116.05970804238744,-114.71552153617962,-116.80391655494348,-116.37161787877261,-116.99099680184578,-117.67814646561729,-118.53021076250894,-116.37693204144237,-116.15224432664411,-115.70832675868726,-114.69888867140614,-117.21382450352814,-116.5411939291657,-115.59687394860939,-117.2528622918831,-118.25883296107655,-117.26174463830948,-115.94423383000225,-117.02306756984338,-119.89730891460722,-118.24918612641048,-117.82237879307138,-116.33876078035351,point1,-116.86558721919158,-116.80391655494348,-119.89730891460722,1.2286719899542455,-0.3273392281403581,0.4719408371504765
HDOK,PLOK,17472,49,49,-129,-13,11,2,33,-116.1220318170212,-114.10334863373436,-117.34253593781982,-117.17827616436104,-116.7205648916583,-117.03270411916618,-117.68212528279126,-117.25736731879996,-115.6370854054338,-116.01206355071506,-116.8381800832238,-116.72005064508197,-117.92521828962916,-117.04613316196918,-116.82898334270864,-115.43645283802049,-115.28342534075514,-116.1058343756502,-114.84316623600618,-116.6224427361998,-116.58671477371898,-117.93273718298856,-116.81901028079838,-117.30488215861654,-116.70579477020041,-116.37864421557998,-119.2992781350682,-116.78090678593124,-116.22365607937492,-116.74189492666125,-119.14177469227201,-116.82575637094787,-117.46626471396033,point1,-116.75591834111712,-116.78090678593124,-119.2992781350682,1.068005366310898,-0.03814627441835779,1.429718395033563
HDOK,PLOK,17472,49,49,-129,-13,11,2,33,-118.33167019096558,-115.98311810923647,-116.40434908821858,-116.51158130916704,-117.94357328447741,-116.20863541841771,-117.67182743833756,-116.05490467415011,-117.32599816603319,-117.06277669031722,-114.89538398714703,-116.05494420907436,-117.70590399609661,-117.01479858588458,-118.15116210305034,-117.0026273417196,-115.79438252704668,-116.91252035516241,-114.46161204997084,-116.40690530947379,-116.70284243344229,-116.86243762197334,-116.2207242022204,-116.82517649094078,-116.17164732402404,-118.87088445862459,-117.82586074902997,-117.09715735683456,-116.57844696740402,-117.33633761214543,-116.63561946555016,-116.13484840263014,-115.65170586702872,point1,-116.75188981169077,-116.70284243344229,-118.87088445862459,0.8592776631892216,0.05274457962902485,0.4587281705357307
HDOK,PLOK,17472,49,49,-129,-13,11,2,33,-117.9745193301341,-116.35355193247958,-117.08845574793611,-116.63661784479599,-117.4679033929063,-116.99383964947857,-118.99052716894484,-116.39005734743931,-117.27520855248201,-117.08997987199683,-115.56223236773901,-116.81884254642915,-117.99430925330991,-117.2606397050373,-116.35049502605831,-116.23254440970294,-117.84886448555295,-116.53132895672721,-115.30260129329136,-116.4084776471352,-116.3212010299021,-115.84605377506759,-118.18556253445529,-115.88455445098099,-117.5064322028717,-116.78421664784264,-115.83127997324084,-115.22200403482191,-116.9788053147034,-116.8009631661354,-117.4259887474859,-116.10301094205505,-117.09632045478578,point1,-116.80476938799771,-116.8009631661354,-118.99052716894484,0.713125762779074,-0.30642286499887217,0.11138227015375257
HDOK,PLOK,17472,49,49,-129,-13,11,2,33,-116.1641355546355,-116.5741459410832,-116.3222658974043,-116.2661203261401,-117.06923754551362,-116.99767833231157,-116.95118619421957,-115.94163854631485,-117.52795484052395,-115.71013980208964,-116.01775656416496,-117.1730747514139,-116.99665348457582,-115.48869486585339,-117.27013480465779,-119.92156520458182,-116.43263860796782,-115.55136140619294,-116.77050775859158,-116.31175329433493,-117.38444321262153,-118.47570658967085,-116.25512236799138,-117.34841954630686,-118.13375738977709,-115.60631515641037,-118.08594829317835,-118.2229557885847,-116.84261536209499,-117.65231712138869,-116.05464215235226,-116.2003220022304,-118.43218564170748,point1,-116.9137392226329,-116.84261536209499,-119.92156520458182,0.9841010128522936,-0.89446930587997,0.9663570979303224
HDOK,PLOK,17472,49,49,-129,-13,11,2,33,-116.1369795205772,-117.24579183738805,-116.11104013300795,-117.92881681731349,-116.78937920077286,-115.07095387499345,-115.93202414310043,-118.15612997310478,-116.6749061856052,-115.68467771783375,-117.78699470926684,-116.75823778454453,-117.56463324566201,-116.43624825687453,-117.01338484604013,-116.36636752471549,-115.87261062414878,-116.02495071275527,-116.74257621049358,-117.99338922558304,-114.71515151315768,-116.88138926171091,-116.09979377384485,-116.74743818016174,-118.50342061213325,-115.78405256986353,-115.0538640661287,-116.4040841000017,-114.85595183671244,-116.73397705111056,-115.42600916828063,-116.00287262790366,-116.01273593752312,point1,-116.47002524976709,-116.4040841000017,-118.50342061213325,0.8897895608048387,-0.2397604815999447,-0.33210942833798196
HDOK,PLOK,17472,49,49,-129,-13,11,2,33,-118.13031270335667,-118.12641878055507,-116.27040270238767,-115.51818569845386,-114.15006026135424,-117.5059837487724,-116.9925525679035,-118.18692560209782,-116.18653681470231,-117.12952203169127,-115.69667551898321,-117.8015702552262,-116.17599025929381,-117.03358028679843,-117.61063679164215,-116.43870354559225,-116.8659528170706,-116.50677434496502,-117.04471040770979,-116.59079636141672,-117.5793186786579,-118.70015777328797,-117.58564111187872,-115.7388638604778,-115.79132877867134,-116.17433576000066,-116.53577377284479,-117.53324129684361,-116.28593930507432,-116.96085801316903,-116.18580006443428,-117.83904427815062,-115.35858361107411,point1,-116.79488417589512,-116.8659528170706,-118.70015777328797,0.9353386169336996,0.3328892017200661,0.244799499521982
HDOK,PLOK,17472,49,49,-129,-13,11,2,33,-117.90569242088577,-116.2747532603574,-116.63410820387587,-115.667541420248,-115.0998412349859,-116.20159804016214,-116.81250196709344,-118.59404641741781,-115.2134645027072,-115.96378154614477,-115.91377113713132,-116.52879045527555,-115.94933818906935,-118.41676186343268,-116.02392491212706,-117.57134531305348,-116.17309019520572,-115.52011229036383,-116.28070427492717,-116.81685165419809,-118.21217370313157,-115.5395791018846,-118.2149688247963,-115.38019046772403,-117.56802826668053,-115.71784606249558,-114.63356821777614,-117.68734743729459,-117.12194207460281,-116.29378087132174,-116.63921754518938,-115.6374931546664,-115.33365662039854,point1,-116.47096398929165,-116.2747532603574,-118.59404641741781,1.0710376671751543,-0.5147385409943285,-0.6376928914632307
HDOK,PLOK,17472,49,49,-129,-13,11,2,33,-116.6990071225435,-118.72566169506949,-117.10749527482486,-116.74690159454128,-117.13492180520745,-117.55484039832385,-116.69260105449382,-117.48740027763944,-116.19433770037878,-116.27844484945555,-117.0737882103989,-115.03731365687452,-115.8726894022471,-116.86399091330799,-115.99731879254328,-116.29491974392108,-116.60264831898529,-119.28924837759173,-115.44051066497927,-115.59067314008621,-117.01681426257173,-117.82086965173194,-116.5150680038836,-116.51571188534018,-116.110241381973,-115.4794266941218,-116.494577826865,-117.33139800900668,-115.76901669756757,-118.58810989410728,-116.12647687692959,-114.56317277761606,-118.70331782738474,point1,-116.71875499340946,-116.60264831898529,-119.28924837759173,1.1236557498959754,-0.5180389489391043,0.301282570793282
HDOK,PLOK,17472,49,49,-129,-13,11,2,33,-118.4989052537227,-115.29389215798128,-116.36704715057223,-114.3340051431253,-116.24371142313197,-115.01957164038683,-118.8141209334495,-116.93523076016038,-115.69338479232306,-115.65275492506635,-116.89234492838,-118.28611132841772,-117.12319334007303,-116.8618648113932,-116.01875063891244,-115.72252166120535,-117.0393859713515,-115.41136933714442,-116.07543964901687,-115.89970651375258,-115.90088737134687,-116.4691039536868,-115.18612406051923,-115.99906769787522,-115.85870821436978,-118.87598726112199,-116.72379506263394,-115.25521229240744,-116.87522676651945,-117.1249346100254,-116.30807312436065,-116.78829355451654,-117.55106315521732,point1,-116.45756937830815,-116.30807312436065,-118.87598726112199,1.1435134612425815,-0.5998930116777069,0.20816919188496774
HDOK,PLOK,17472,49,49,-129,-13,11,2,33,-116.46601540530594,-116.37179929646688,-117.38731940510498,-118.81588297360423,-116.00079259651923,-117.14114495030593,-116.85534610503043,-116.49358905508363,-115.36646194127312,-116.26968191778364,-116.31467599724893,-116.11432955292709,-116.66710762352692,-116.75088769496473,-117.01681361277427,-118.49279025172481,-118.34564100371247,-115.96871279164837,-115.43982716408736,-116.73551597823936,-114.85075493848322,-115.97590399874913,-119.02272092704183,-117.07961916729933,-115.685802744661,-115.90112749005176,-116.3979450943225,-114.93399489371383,-115.87631476561671,-117.37765090563751,-115.68396715797026,-116.73908871722932,-116.96424284098471,point1,-116.59101421088162,-116.46601540530594,-119.02272092704183,0.9902044449737564,-0.737608026778868,0.5314428674674221
HDOK,PLOK,17472,49,49,-129,-13,11,2,33,-117.02996283561662,-114.27408527739199,-117.7041552804914,-117.4673374980667,-115.44159869448751,-116.59479297826995,-118.09606737132562,-116.59636153785539,-116.57635466604253,-117.92694572120232,-117.0192078821947,-116.93559101140663,-118.1390135345097,-115.52184880094754,-116.55293528740471,-116.55518968221338,-115.58566297194199,-115.86994712637444,-118.06924118034368,-117.89245342513809,-116.38499434373666,-116.33158735931012,-118.27017736731835,-116.63556037176342,-115.72687372140923,-116.99163561666668,-115.52322230033933,-116.0598913511968,-116.96694838512518,-117.03746478209698,-118.29705412424744,-115.39047146227885,-116.06603013069045,point1,-116.71305042664864,-116.59636153785539,-118.29705412424744,0.9675898543123963,0.1713165934986724,-0.3753394234936476
HDOK,PLOK,17472,49,49,-129,-13,11,2,33,-116.04828632101622,-117.33118490255963,-115.96540303852578,-116.71012469696217,-115.90532955524992,-116.34230010297895,-117.81386585279023,-115.69279626805604,-115.52276079255462,-116.89906926795823,-117.63020679125906,-117.00176710680927,-115.70930474585415,-117.6728501315782,-117.12387415729808,-117.62196691984214,-116.73881032059046,-116.02154586184811,-115.576989993461,-116.46625329116013,-115.23192149732043,-115.28731044177262,-116.35426295140392,-116.75915934375857,-116.46244221212852,-117.33003512926976,-116.58304293671156,-117.46024511024785,-116.22370413861043,-118.43762762978284,-116.44944955537994,-116.85275861615632,-117.09634714038881,point1,-116.61584838852379,-116.58304293671156,-118.43762762978284,0.6081596277881989,-0.1735610790200979,-0.5173514200368463
HDOK,PLOK,17472,49,49,-129,-13,11,2,33,-118.5209167498126,-117.09602247085968,-115.78166436187311,-115.84996198497221,-117.08168095276854,-116.47918683986896,-116.12028440869068,-118.29773592837539,-116.97713337816248,-115.96748985940121,-115.96826958183584,-118.44910590982387,-117.02109463360453,-118.32202129767504,-117.04942091082229,-117.98425285102238,-118.26457346265275,-116.8082400389979,-116.10655778094693,-116.21806401250406,-115.81808809198668,-115.8299619686628,-115.0827064469663,-117.00442276177981,-116.30348465624529,-116.64466120262888,-116.36067609493345,-115.7707541124743,-115.23461310817977,-115.32016534157228,-116.37550568866202,-117.34320945675624,-114.67960660639234,point1,-116.6100464530882,-116.37550568866202,-118.5209167498126,1.0195961315514515,-0.3722015779371027,-0.5314114001615415
HDOK,PLOK,17472,49,49,-129,-13,11,2,33,-116.93094476295961,-118.16508296050674,-118.41157764731761,-115.51582052445757,-117.2783812438126,-115.1705067425768,-116.97784662567918,-116.91096987770415,-117.11230733079303,-114.10971270494983,-117.83505467066185,-116.44244386396093,-115.52079338260343,-118.75959974602337,-118.44899600921845,-114.40853724085417,-118.01997255939463,-116.85544645901834,-115.9919084739185,-116.90863658134622,-116.68331392438347,-116.75341099663483,-115.12293325438031,-115.43015848624637,-115.62336553662337,-118.00580652028083,-117.16858965281052,-116.9454931476106,-117.5789999388188,-114.59088766526212,-117.33232593000103,-116.35455819234282,-117.71203759296979,point1,-116.69928546200369,-116.91096987770415,-118.75959974602337,1.4492837829652845,0.4107488152998715,-0.5649036387848745
HDOK,PLOK,17472,49,49,-129,-13,11,2,33,-116.4770241530313,-118.38518383997317,-114.7924311893941,-115.55623973437073,-117.49138882618843,-117.86561409307245,-115.41196049089416,-117.08331080294784,-118.30866468007,-117.39494073529106,-115.399827783737,-116.8674945278309,-117.18347961312583,-115.30870087328758,-114.25520838160568,-118.12868907905836,-116.83179977612238,-115.62393630168205,-116.50555828718527,-115.71791136040227,-118.12871389554306,-117.55333079354266,-117.31660579534505,-116.88402224028113,-115.87544080780116,-117.51352683092665,-116.65553509306746,-114.98616979962273,-115.89406229695726,-116.72203325308047,-117.15086506088443,-116.18080119315236,-117.5480756093867,point1,-116.63631961208671,-116.83179977612238,-118.38518383997317,1.150139786561483,0.3042453021366135,-0.7498706613378086
HDOK,PLOK,17472,49,49,-129,-13,11,2,33,-117.05332111632976,-118.61872006459195,-115.29955896411397,-116.49370568830939,-116.6407648745436,-114.83130028430084,-117.06439227243865,-117.38386924785405,-116.75693261676304,-118.03463843970574,-116.21053655990471,-118.2552746082034,-118.11681262490994,-116.19326391713359,-116.07915059911952,-116.58037147479743,-117.07675485758067,-116.7572551188565,-119.24913507135149,-118.43158451081146,-117.8758357396184,-116.97278783687625,-117.36554167884876,-117.10446016209755,-115.91929444329375,-118.08436171049935,-117.56396837162484,-115.61374753773042,-117.52617121846146,-117.87533177794934,-116.506182480919,-118.71984739403285,-115.5430311287056,point1,-117.08478498158415,-117.06439227243865,-119.24913507135149,1.0849843817268452,0.06440637218697538,-0.46182959904766063
HDOK,PLOK,17472,49,49,-129,-13,11,2,33,-116.55058304244768,-117.28498623332513,-115.89236785261062,-114.95043534724626,-118.30348592007076,-116.81842456977033,-116.58448645707722,-115.75873593904268,-117.07530155812816,-117.66776854912706,-116.29414193200324,-115.76889044966636,-115.99704162101582,-117.03091205612381,-117.4848585696349,-118.8507500455805,-117.87749530221174,-116.49681545240752,-119.15487517929827,-118.87025271053439,-115.62856204576876,-117.75652892869286,-117.51784106071403,-116.4673484588083,-114.59215767858917,-117.95358811940997,-116.33830603420657,-114.94239832824847,-115.02013197184365,-117.84026383822243,-116.20713218688626,-118.42338397585279,-118.56411794663083,point1,-116.90801119276352,-116.81842456977033,-119.15487517929827,1.4934808411325202,0.013434415487142198,-0.8456612797106189
HDOK,PLOK,17472,49,49,-129,-13,11,2,33,-117.4592424538582,-115.78888570700876,-116.91404652924345,-112.80575891569833,-115.4620364356507,-117.97453217038166,-116.94242248815597,-117.98981988479714,-117.05649150399707,-116.43211525546191,-115.58234248606617,-118.06139412087704,-116.85067159621293,-118.12728663011846,-113.316760833944,-116.88562006409893,-114.71601243428022,-115.60015055023209,-116.74083502552942,-116.35639565889798,-114.86710868919606,-114.91064731613561,-115.68041933365471,-115.00349177051989,-117.28685807502238,-116.02544003133016,-117.67815899042392,-116.73367142372871,-118.63342538052561,-117.3770621752686,-118.08686456731184,-117.56276959230607,-116.94396884641192,point1,-116.48038505867714,-116.85067159621293,-118.63342538052561,1.8537289707136206,0.8350904202374141,0.5184632058827172
HDOK,PLOK,17472,49,49,-129,-13,11,2,33,-116.87019757475608,-117.15939530553395,-116.66346196052064,-117.36510250910152,-114.54211791290021,-116.91340792686157,-116.85106729589297,-118.96697538719509,-116.9816971565397,-115.26226198407484,-116.76018067515128,-116.72596095159216,-116.65341441759603,-116.14493256808306,-116.66491173309153,-115.10857175967844,-117.76165554580167,-117.42289692779326,-117.04894463681269,-116.75758921863189,-117.9057033193085,-117.8313659591363,-117.29090715503422,-117.20671176869493,-116.11776714704442,-117.29916365707605,-117.19369340008394,-116.22797462990776,-115.8836029883708,-116.7061177581037,-116.3615428454596,-116.539424635587,-118.30280422796505,point1,-116.83307645270851,-116.85106729589297,-118.96697538719509,0.745847986415276,0.31195365707194,1.3346359480936942
HDOK,PLOK,17472,49,49,-129,-13,11,2,33,-115.57678505536538,-117.59471020305999,-115.32990473066744,-116.6774326526752,-117.62439421863257,-117.4216855443136,-116.43177694259191,-118.43242900013173,-116.14189353176798,-116.48405072582918,-116.85990810169505,-113.86376240031755,-116.4977424501167,-116.0977411111989,-117.23480189474556,-115.00490046369653,-117.65127223807241,-116.44538557111667,-117.38133663921946,-117.8812662837577,-116.84120155131504,-115.93628192011822,-117.48157516137171,-115.63843361542159,-118.09172006241094,-115.10891282310492,-116.10583011985193,-116.52843327674582,-116.20767392764301,-115.57173949975483,-117.28161974975653,-115.86580977708154,-117.68904423226884,point1,-116.57519562047928,-116.4977424501167,-118.43242900013173,1.0125537758779362,0.41037665054777767,0.07984213067607282
HDOK,PLOK,17472,49,49,-129,-13,11,2,33,-116.71651659105322,-117.42768619892784,-117.1134271064173,-114.95321450213648,-116.41108466194608,-116.83646643206403,-117.27720996051278,-117.01257690880776,-119.5522331808417,-117.35981094505802,-115.48371437866093,-118.12140894605551,-115.47938183006198,-115.82487842173035,-116.0229044558302,-115.1913318657223,-115.98864180955945,-118.33097797522862,-117.53240352749171,-117.93412771876125,-116.04034336613967,-115.85810372188135,-115.71905182592769,-115.39716690419161,-116.87687001914071,-119.05982664497228,-115.90097189780278,-114.6293307089372,-115.8478599874749,-117.47938629362993,-116.96861426782664,-117.49523704353074,-116.2881661470449,point1,-116.6706341286475,-116.71651659105322,-119.5522331808417,1.3102031579286761,-0.5068411868604014,-0.02087750366668084
HDOK,PLOK,17472,49,49,-129,-13,11,2,33,-115.8189943484721,-117.21604877548542,-116.42609308195595,-116.20930572893506,-115.42180454824482,-116.12487837147683,-115.99250539689243,-115.4500467824976,-117.01998176461868,-116.87537917548195,-116.3653229464134,-117.04155251237218,-114.63581319428214,-116.38952218358885,-115.36241064726546,-114.66924774094034,-118.71259550854751,-117.93081532750057,-116.7511509479358,-116.79750926987404,-118.5905326973094,-117.84824403594374,-116.84305751102882,-117.73565386164817,-117.32092191036291,-116.67261896161784,-117.75154175251777,-117.62338364273583,-117.08839869344204,-117.76816749223018,-116.99002626966688,-116.30725475167665,-115.46831682161627,point1,-116.70360898953265,-116.79750926987404,-118.71259550854751,0.9991702529786392,0.13408133064341052,-0.2921042596112349
HDOK,PLOK,17472,49,49,-129,-13,11,2,33,-116.32820115064541,-117.26115180747173,-117.48516273709295,-116.20309276627248,-117.65323443267644,-118.15818342653202,-117.52122676005547,-115.60752470986782,-115.79117152628179,-118.33574752435096,-116.09559045278075,-116.08370736801821,-115.65681737206906,-117.59102664435459,-116.68921479552857,-116.11120190606351,-115.6010869125313,-116.6044685223122,-119.27431506340434,-116.25671916611194,-117.90810788017531,-117.29216678091797,-115.42172326664638,-119.13826671139957,-117.25550949491276,-115.46039667701228,-115.45980235594189,-116.81440901514812,-115.06452590888523,-116.24003581372871,-115.49408450073359,-117.67621279519773,-115.59635367421112,point1,-116.70092242179796,-116.32820115064541,-119.27431506340434,1.2131131080575677,-0.6151829965184826,-0.4135596787593956
HDOK,PLOK,17472,49,49,-129,-13,11,2,33,-116.02410904765144,-117.77839638688579,-115.836421562941,-116.59794986408667,-115.10455898265674,-117.68944948432352,-115.90494133759174,-118.92581728950653,-116.3553908311266,-116.18055408643336,-117.62685784378989,-116.86503837816028,-114.84828977119442,-117.22261387766348,-115.78496581104085,-116.64358667432347,-118.11831505290361,-116.4125049302931,-115.253708602295,-116.65938816700157,-115.52293444888424,-117.62615529961055,-118.01773582213231,-117.07336716912695,-115.58484347794382,-116.64194559197111,-116.58384959239719,-117.44537452372049,-117.31801115994628,-116.70123045922163,-117.21562505566223,-117.83632622371248,-116.22776742374674,point1,-116.71600073424075,-116.64358667432347,-118.92581728950653,0.8963774896316843,-0.07590125506460609,-0.4092936919812593
HDOK,PLOK,17472,49,49,-129,-13,11,2,33,-115.22458163697915,-117.92541187043715,-116.3883060096304,-116.58604994676864,-117.9321464887147,-117.33386889571197,-115.85246785817846,-117.98235611677991,-117.40103764569439,-117.52027853982484,-117.853648146516,-115.75617145807821,-115.75316260363694,-115.89691646049339,-117.14087643347521,-115.51382379897503,-117.9368148987962,-116.52864071441877,-114.81898121766709,-117.04788216599484,-118.20876322096782,-116.55179575090095,-115.59348295225645,-118.21320221652151,-116.55815566295729,-115.77721919212546,-116.99149951643064,-117.85616119619543,-117.63218011160869,-116.60121070825265,-115.2574315203144,-117.46964356223464,-117.1690836705887,point1,-116.79615915721593,-116.99149951643064,-118.21320221652151,0.9512525216021149,0.2827904805705688,-1.131906331288512
HDOK,PLOK,17472,49,49,-129,-13,11,2,33,-117.44576935916959,-116.574152538976,-117.83759011219718,-116.16743241835478,-116.81285536363275,-117.77320157602168,-117.9616381339165,-117.19290003541097,-115.89310282926449,-115.53137313359693,-118.35550337299355,-117.24547361373865,-116.81660059478706,-117.83677817018437,-116.60352252485505,-117.83883685909787,-116.50928376670366,-115.75724304636879,-115.25723311220109,-117.21272457378086,-116.16608862007375,-115.39364006433715,-116.16372939393557,-117.06072200536721,-116.82954594912157,-117.36851367821927,-115.16931884565506,-117.83197939766927,-116.12239169818982,-117.7002462828154,-117.85561418186468,-116.7169848732627,-115.63520510575886,point1,-116.80718773428855,-116.81660059478706,-118.35550337299355,0.7881083772796704,0.21214344098713306,-1.0640533082729244
HDOK,PLOK,17472,49,49,-129,-13,11,2,33,-119.02909593878056,-115.51173889653155,-115.96122825384232,-116.7837619489871,-117.43297871452236,-116.2512202457384,-116.29914160592774,-115.56778984482692,-117.40351334931003,-116.49382056529403,-116.81959469153652,-115.99397467557664,-117.54341714472834,-115.34369878516584,-117.1371082442204,-116.52148503658978,-114.66710855746226,-116.2340407856127,-116.34051694546883,-117.53743917886153,-115.91439172840718,-117.9241191887251,-116.60717412606223,-117.93717249023406,-116.66153156290693,-117.86152477766312,-116.52311299546365,-115.86077098556625,-118.02763446744004,-114.7308375008266,-116.82464519791283,-116.03647404908186,-116.53154949138315,point1,-116.61556399911079,-116.52311299546365,-119.02909593878056,0.915310509341572,-0.21204532614541513,0.16994606980053417
HDOK,PLOK,17472,49,49,-129,-13,11,2,33,-118.34128923912625,-117.53443859523148,-117.30542955901407,-116.98122093842072,-116.3391001975514,-117.91162761719036,-116.83108791494205,-115.19287784480336,-117.67589649126364,-117.34463036642101,-118.45684464313098,-115.6565912602308,-117.67627722433016,-116.77825568925076,-116.40054502878957,-116.62208126018018,-118.7219971741607,-115.85566727923796,-116.10122916861235,-114.82854870941712,-117.87096559146829,-117.1264015225864,-117.34057350208589,-117.62098203245486,-115.16146182182439,-116.65090703892037,-118.21222127853248,-116.62055294766995,-117.82410570782007,-115.49978552680213,-118.35417298428794,-114.5628553540499,-117.83684679263902,point1,-116.94658994855898,-117.1264015225864,-118.7219971741607,1.2045679370003255,0.494773983730499,-0.6021754952780851
HDOK,PLOK,17472,49,49,-129,-13,11,2,33,-117.3845442108013,-118.07700100823703,-115.38597117241964,-114.29969165323917,-117.26616220539378,-117.97524112372967,-116.19116894556176,-117.2961872318067,-118.45743811019669,-114.72418914945229,-116.30099764640342,-117.08507799738045,-115.91603521010286,-115.64510522708491,-119.80587431708132,-117.60607014312099,-114.6351911808895,-114.8408075159943,-117.89704372449243,-116.79710016681648,-117.28131999502328,-117.22358162303894,-116.8293929745797,-116.2816889275262,-115.6231502461493,-116.40067901203545,-117.11653007550566,-117.23190458516356,-115.84370407725389,-116.08555805533844,-116.73705413321392,-117.04348841520249,-117.15484053025808,point1,-116.67999365425739,-116.8293929745797,-119.80587431708132,1.3637678762953884,-0.07190524882318526,0.46863393175736157
HDOK,PLOK,17472,49,49,-129,-13,11,2,33,-115.61198778150593,-118.40057671983762,-114.76678807977213,-116.15496841216624,-117.06792608681263,-116.54822051702276,-115.98259519440484,-117.55410184003335,-116.92226475109305,-115.95220379169166,-115.70294596667893,-115.78884810925854,-116.63575249245258,-116.73528358369335,-117.2371293075566,-115.17980454787592,-116.25845271460477,-117.05811562037546,-116.85735187316521,-115.32537731494574,-117.71041837394597,-116.92484315117531,-117.0480265751594,-115.47874821848163,-117.69734316197696,-116.46617608352398,-115.36471466875095,-117.90120975242891,-117.51964711410373,-118.50260621921572,-118.95859645431358,-115.47209825325235,-118.34368769595372,point1,-116.70087304324933,-116.73528358369335,-118.95859645431358,1.1205832126196646,-0.22531450155978877,-0.7117508603425078
HDOK,PLOK,17472,49,49,-129,-13,11,2,33,-116.7741339163032,-117.02773557485769,-115.72449422132813,-116.10831057515388,-116.75809431606503,-117.20625412537358,-116.83133204469472,-117.13572573264713,-116.00959280572768,-115.9243173508401,-117.87072674338687,-118.27034489003985,-116.80886121350278,-114.88764524385888,-115.65481731201383,-116.86753719672417,-117.1688509520962,-116.53464135461836,-117.980600467194,-115.60622076368429,-115.72293806305062,-116.3818566955453,-117.86678461654265,-116.48573547470558,-116.46252837705852,-116.48590297103685,-115.77518267465193,-116.34896871918636,-114.64703211008863,-117.07743551583935,-117.99029684640632,-118.69772287948913,-115.19542037160836,point1,-116.61478915500969,-116.53464135461836,-118.69772287948913,0.9053841777838358,-0.11534283219117301,-0.24374334153298927
HDOK,PLOK,17472,49,49,-129,-13,11,2,33,-116.12517726814954,-119.08362009611878,-116.45803465530061,-116.21701945124684,-118.01579656315208,-117.22447155415017,-116.15455579612701,-116.89283675402041,-116.95089908843917,-117.2314492869214,-116.51297109803525,-115.65396153311154,-117.41433467518561,-116.61844817946515,-117.56824378364158,-116.49416359839121,-114.5117812697668,-117.34625999048168,-114.70880919434225,-116.38852832890115,-117.40163223422505,-117.96500397832814,-116.44336432907303,-115.04985251989389,-115.50205371912168,-117.58974339963008,-117.4384454899236,-116.82947153314741,-116.61549164087441,-115.50155709677071,-117.38479503739784,-117.2825232752853,-116.34492288609864,point1,-116.69455210014299,-116.61844817946515,-119.08362009611878,0.9317401103659589,0.2158301561216646,0.4551738211741738
HDOK,PLOK,17472,49,49,-129,-13,11,2,33,-116.6151700302154,-116.15117188188879,-114.93773023194822,-116.84529990712265,-116.80790596954874,-116.80905680343544,-116.52744743473198,-116.24773826180085,-116.90221685442175,-117.50143346577492,-115.88166360173561,-118.1803207843691,-117.22492127164786,-117.21986876599674,-117.14972789802009,-116.92139419558441,-115.93274232390672,-117.02173679877771,-119.70395238255512,-115.4751637513659,-114.93931813381906,-115.99642797875195,-117.19648872136429,-115.27052986299675,-115.75612589516778,-118.0918869353984,-118.24149729698195,-117.81783324677855,-117.08961160110825,-115.42447192929963,-116.28548674417304,-115.56139434608862,-117.08204582843409,point1,-116.69120548894577,-116.80905680343544,-119.70395238255512,1.059992134566231,-0.5370777733441711,0.8159508182189508
HDOK,PLOK,17472,49,49,-129,-13,11,2,33,-116.14884787532677,-116.65934480529809,-115.25192814641424,-115.49964847254105,-117.33908043461514,-116.25145161702271,-116.08577775803225,-116.74573315530446,-116.28776203494867,-115.92276538919883,-116.63399122102973,-117.2345144174679,-115.53078157232562,-117.28545966314894,-118.14662339384418,-117.09020740601807,-116.43002892645642,-117.29601840122247,-118.56548421651354,-115.82111830265043,-116.78955350276614,-116.02979568641979,-116.7692653554428,-115.24389835453488,-117.27773820590815,-118.29450220935962,-116.74803723801082,-116.24045172889653,-115.7458921987866,-117.44564536389551,-118.22058669622679,-117.69245831523874,-117.44019651736626,point1,-116.73226026006762,-116.74573315530446,-118.56548421651354,0.77213950953588,-0.23657530784901742,-0.6346472285260152
HDOK,PLOK,17472,49,49,-129,-13,11,2,33,-116.39971295628513,-116.89066554294902,-116.21019603228017,-116.32062727536342,-115.97395150650196,-115.56677694620535,-115.87054718065701,-115.34951226894438,-115.84890020994469,-116.91007063479181,-116.37904719083873,-115.1745979729406,-117.22866004035481,-117.3344502108655,-117.97586051349313,-115.07685099509969,-118.04702306015582,-116.06033908626463,-116.77110209654107,-117.94289632633976,-116.34408285275212,-118.79795890815512,-117.12002131165295,-114.82620193360428,-117.68825935962182,-117.3233133823722,-118.48624398157773,-115.13966695982434,-117.5922041086891,-116.03098194717722,-116.1046649641913,-115.61315843443035,-117.4242886217652,point1,-116.60069196401915,-116.37904719083873,-118.79795890815512,1.0586160769147832,-0.25024321462693333,-0.7607414349496251
HDOK,PLOK,17472,49,49,-129,-13,11,2,33,-117.05856300245405,-116.29636695654312,-115.1326504480542,-115.39986052960985,-117.03708989293399,-115.70175695158702,-115.61667739782258,-115.55317013741741,-115.70729613299368,-116.99211530337672,-115.69532451402003,-115.49154292956734,-115.86042774812188,-116.68149954455713,-115.54010718903297,-116.6369454727527,-118.24913356560367,-118.39579399150263,-117.38169474024477,-117.4492113079685,-117.307295380875,-118.5885180068828,-115.49234285424902,-115.19034220448081,-117.01575953249646,-115.33844714780801,-115.56601232546947,-116.80478794701628,-116.58968007199691,-117.78891607858645,-117.23613992293146,-115.66471582595041,-116.77129411899304,point1,-116.46155997496665,-116.58968007199691,-118.5885180068828,0.9558585314506798,-0.5029469551607898,-0.7731827159941882
HDOK,PLOK,17472,49,49,-129,-13,11,2,33,-117.08863164331507,-116.01968783137896,-116.61826432656174,-118.0669570727604,-116.45617289189653,-116.06699370192197,-114.27033133128954,-116.4431904032777,-118.06287941940855,-116.57549081382845,-116.63022398795484,-115.47177028049123,-117.30636900083884,-118.36994030890722,-117.30635811160089,-117.17154616790349,-116.17581687978236,-117.8064487301063,-116.63643838044175,-116.32353854249178,-115.7602681998708,-116.39475950908216,-116.5157941629025,-118.16729204294522,-115.79855451594153,-115.16119403359497,-115.38417487134096,-115.51593651552635,-118.56326817034974,-116.92842082699501,-116.45812982212223,-115.3103323794564,-116.17360583634986,point1,-116.57572062765563,-116.45812982212223,-118.56326817034974,0.9834582325230898,-0.1462666178263291,-0.15461581771292998
HDOK,PLOK,17472,49,49,-129,-13,11,2,33,-114.7837073480477,-116.91621669614868,-116.3958703380358,-114.44343346995083,-116.97138102818414,-116.95289857945363,-116.8314188415379,-117.28970260705721,-116.43657455142913,-116.58011178145767,-115.53591023815812,-118.61511199238142,-114.96479163448521,-113.02207807439633,-115.50138502412364,-116.56633118509728,-116.3464185177695,-116.70846894448378,-116.91867342611722,-115.21047084980783,-117.40557467881153,-117.10958996075021,-118.10271174817748,-115.60791220488636,-116.57812758976725,-117.3735549573387,-117.42755721286252,-118.63421930675233,-116.4587665889371,-118.24161012576712,-115.25399465305419,-115.49708636674549,-117.24549355746993,point1,-116.4826410327104,-116.58011178145767,-118.63421930675233,1.459787035337024,0.5819675601787068,0.7616098329404593
HDOK,PLOK,17472,49,49,-129,-13,11,2,33,-118.31645011048263,-117.41761690633874,-116.64817071002928,-115.48863592556415,-115.28631983095066,-117.48246930278651,-117.17204721373538,-115.2413009828707,-117.47654101975317,-115.98328829959533,-115.87277482656036,-114.40294636988426,-116.83397217466617,-117.09544766760318,-117.66431240757021,-115.48384606885351,-117.6603148164176,-117.72196711629597,-116.7754349931793,-116.71129105438325,-118.03542605484151,-117.08248269586612,-116.36498260183454,-118.6426200015757,-119.09554195020557,-117.82110293101128,-117.90466867843071,-116.45015356376135,-117.53745587842758,-115.54732616287205,-117.64369731404099,-117.09053735106107,-116.16980912712349,point1,-116.9127561245022,-117.09053735106107,-119.09554195020557,1.1326585543085113,0.3095854366155943,-0.2868874695051149
HDOK,PLOK,17472,49,49,-129,-13,11,2,33,-116.36165239062886,-115.3070695669601,-115.98098148336514,-115.1552827293801,-113.89525975766841,-117.01927736768499,-116.40328916376767,-116.36560135185184,-118.54687121271297,-116.96535990099633,-116.87222225423864,-116.050704091026,-117.6580652997538,-116.21841337489803,-117.12330741180195,-117.53770947727682,-116.08926355269068,-117.26366531717481,-117.40484875508551,-116.15671213017896,-117.44276035131622,-115.72023016291108,-116.71124123485602,-115.85095333469941,-117.3470621141828,-117.39895630954983,-116.27325690222568,-117.94085180924478,-117.42891102281091,-117.65558912720421,-117.03474212012694,-117.58195148968746,-117.72083205081296,point1,-116.74190589753849,-116.96535990099633,-118.54687121271297,0.8712874523265807,0.8022212531619705,1.1793339689125388
HDOK,PLOK,17472,49,49,-129,-13,11,2,33,-117.48030177209903,-116.38344921867416,-115.88179549403804,-115.49590415905352,-115.50262310313124,-115.78247022983187,-118.02438047813668,-116.60217887895328,-116.53851354558816,-116.88825457528216,-116.62566072954091,-116.52702759095794,-117.87970809618271,-115.53034277627515,-117.320750743122,-117.60350145266193,-117.30304441174661,-115.37007114919741,-117.50590795356312,-115.18356935961069,-115.98173319691612,-116.73456331954664,-115.09527951276404,-116.22378654027455,-116.90805017176095,-116.17146067664109,-118.26274546721848,-117.19433332744015,-116.93296484581718,-117.1413853266894,-117.57165242999237,-116.28629712720218,-116.06715911637711,point1,-116.60608687200869,-116.60217887895328,-118.26274546721848,0.715908903855034,-0.010968880647944757,-0.8784890103266614
HDOK,PLOK,17472,49,49,-129,-13,11,2,33,-117.69768064011066,-116.57056726268785,-115.6314757666486,-118.05155261319209,-115.49871087139148,-116.42818880081536,-116.80515805133001,-117.95461492112223,-117.18278213527172,-117.360934780506,-116.42850818715529,-116.3907895030686,-116.87886777376107,-116.1060050309789,-115.49844545934897,-117.62754599148452,-117.95307790758928,-115.11249918447089,-116.67606761367568,-117.46609268157195,-115.4600751729205,-116.30667014002326,-116.14989774493,-117.54614501786716,-115.49042182553728,-117.4789124592433,-116.1789881370776,-116.93973425752088,-118.26259657715546,-117.66079048604907,-117.04940767714164,-116.60118355095202,-114.7180552088188,point1,-116.70189222519448,-116.67606761367568,-118.26259657715546,0.8431116960771878,0.24874465168180873,-0.7871549811595395
HDOK,PLOK,17472,49,49,-129,-13,11,2,33,-117.20064367672038,-117.34908530253473,-116.97989860531834,-115.57039643365296,-116.00087999577347,-117.14006362495427,-117.10124246026939,-116.72722772978409,-116.8797086172372,-114.38534544256723,-118.17630638315794,-118.36920159213415,-114.73965793915916,-116.15728009195003,-118.2457662816476,-115.6485817923929,-117.81046864512932,-116.70714683900418,-115.6893714119097,-115.37725190940506,-117.12133049335682,-115.4467963355549,-115.76831167344827,-116.25696569413829,-115.19664606390039,-116.84245101370287,-117.4792486253677,-116.8135946152974,-115.18377599763585,-116.0059291017497,-117.43764855597634,-117.02311549750607,-116.60140018149389,point1,-116.52826480678273,-116.72722772978409,-118.36920159213415,1.0012483449644076,0.15167230660828207,-0.6072746648559182
HDOK,PLOK,17472,49,49,-129,-13,11,2,33,-117.51375388378442,-118.12542498473056,-116.73161751820477,-117.81784866596412,-115.57900752664963,-117.46129375442378,-117.80750287624545,-116.48489788973876,-116.21964214970049,-117.19668854621099,-116.51335408527741,-118.07950322152735,-116.2296306036431,-117.32517054481711,-115.49339075154742,-117.41978112975163,-117.85849412389871,-117.41717283694824,-117.80174149489147,-115.5087456577234,-116.86119644429535,-117.58518056056532,-118.55305789758798,-116.9158211405412,-116.36630183751076,-116.7365451406575,-116.28143449718578,-118.00957618807115,-116.0330720188624,-118.43530594667281,-115.89873310150087,-117.5938883270661,-116.20178413478665,point1,-117.03201695396916,-117.19668854621099,-118.55305789758798,0.7377212526036295,0.15414015601429595,-1.0376490963988578
HDOK,PLOK,17472,49,49,-129,-13,11,2,33,-117.58121838093544,-115.95495627463862,-116.21178898110492,-115.84274864857902,-117.38874605221686,-117.15023770752056,-117.24747738109554,-116.6872525651505,-118.46416004543393,-115.98891181377448,-115.67086479129708,-116.81418216601953,-116.44106261831458,-116.5147989821061,-116.70463039534145,-116.23227604680551,-117.7605025888068,-116.21674923222257,-117.91070733246244,-115.79391711007483,-115.78087553569992,-116.17940885938076,-116.41991293886898,-116.23883314756476,-116.61924544983047,-116.62716379708534,-117.9281705286943,-116.67667467918669,-116.31363844434593,-115.89699355833973,-117.4793800523511,-117.51128214972894,-117.74030659263535,point1,-116.7269416620489,-116.61924544983047,-118.46416004543393,0.5449312912911172,-0.5568172312771211,-0.699399499411212
HDOK,PLOK,17472,49,49,-129,-13,11,2,33,-117.2151222398286,-117.4979884245912,-115.72607509258286,-116.34323199311604,-116.69634072807897,-118.08941760371455,-115.34626873383586,-116.77604533435805,-115.67430365129601,-115.19346402314373,-116.71585346766258,-116.66244351099103,-115.96366141603065,-116.49037619229175,-116.73766688643775,-117.21094690025225,-115.77914943853547,-117.85898802025362,-117.19625006549865,-116.55081914958386,-116.0534656299217,-117.83101422776839,-116.85813421829462,-117.05206364515007,-115.06286591974727,-114.13933263096233,-115.783041551071,-117.43641844335394,-116.97304141176976,-117.84960680933419,-116.7920010093273,-115.9625972195134,-117.79846485911487,point1,-116.58534728628524,-116.71585346766258,-118.08941760371455,0.8353410009627222,0.5130296257340642,0.06812079182383357
HDOK,PLOK,17472,49,49,-129,-13,11,2,33,-117.83847870885816,-118.45184414725722,-117.45425290076487,-116.8578700486671,-114.68269275255338,-116.16880108367886,-114.66537832659772,-116.5920543224445,-116.5497400402222,-117.18100646578955,-115.75723530941535,-115.4401068032519,-114.60590916130018,-118.23793451555996,-115.08249503215539,-116.73202303318861,-116.7153831342316,-116.40984186141178,-115.29006070152593,-118.01326473041428,-117.5620830593732,-116.8454840716671,-115.27892466882857,-116.1141306218035,-116.49274401637805,-115.8572896124225,-118.15703800902718,-114.74864413420579,-116.51338805261253,-117.50662606558986,-115.07548110497493,-115.60354749445966,-116.60669366717481,point1,-116.39661962599413,-116.51338805261253,-118.45184414725722,1.2323004029918163,-0.06747542270136409,-0.9441300825822636
HDOK,PLOK,17472,49,49,-129,-13,11,2,33,-119.13412279156562,-118.84007525592278,-116.58312315203916,-116.59076965254555,-116.62561336799148,-118.62169990595626,-116.29384693018469,-116.26607315550422,-115.47711268893549,-116.80977573033049,-117.6891820825666,-117.47478788982986,-117.50769567968602,-116.5636994847574,-116.85885235949853,-116.23458020377244,-117.48449127874781,-116.4290671902324,-116.61858139470596,-116.7851212270589,-117.17815632230537,-116.22213263770253,-117.67059449287358,-117.89830659276882,-115.978042279034,-116.75961496257308,-117.18133452290037,-117.03492382537985,-115.98027415682682,-117.23898278981846,-115.99063915514962,-118.35255584019339,-116.01434079881561,point1,-116.9814596908537,-116.7851212270589,-119.13412279156562,0.7541246210596255,-0.7732207330386138,0.1806354697659298
HDOK,PLOK,17472,49,49,-129,-13,11,2,33,-117.63329404518821,-117.95622877775888,-115.76164880533254,-117.49554281810268,-116.62741952515468,-116.38709948608798,-115.95285730652157,-117.40276953495284,-117.6623223024051,-117.10859232352723,-117.06895342820673,-116.01476561775696,-118.16991552692113,-117.04666348993293,-118.98901870922883,-116.56995955168017,-117.04707544039513,-116.07605563442934,-116.92081437635484,-116.76025206284436,-116.43651716065183,-116.87291612630632,-116.0868697402984,-117.38249486151076,-116.78241319340893,-117.77887342842895,-117.22256391683595,-116.62406375669394,-119.42287616776991,-113.92303973184576,-116.16031038333321,-116.2555579267873,-117.09664601534355,point1,-116.93019367187868,-116.92081437635484,-119.42287616776991,0.9493849047116922,0.13380363527825376,2.530973033001928
HDOK,PLOK,17472,49,49,-129,-13,11,2,33,-117.79139049761972,-117.81857630440216,-115.84690482720478,-115.83311223138399,-117.34993550224729,-116.06381277314814,-116.43764050847372,-116.2129785064226,-117.44805370224205,-116.55774164917806,-115.645556225452,-117.54140315763921,-116.01431704823194,-117.21500388364811,-117.12799944489268,-117.88416438509537,-116.91399913485873,-116.73070943974717,-118.46116168170721,-114.8174096067139,-117.38800361315249,-117.28283003630183,-116.91943277487324,-117.16294396156209,-117.20126398577013,-117.1785844812666,-116.22639546906319,-116.73517012526216,-117.42505055943732,-115.9374072735196,-116.35817933701038,-117.11704969472883,-115.66994839393837,point1,-116.79739788533925,-116.91943277487324,-118.46116168170721,0.6180345852187823,0.3168617423919963,-0.14111419861901542
HDOK,PLOK,17472,49,49,-129,-13,11,2,33,-115.27433351353577,-116.63855806982596,-117.19545583113006,-116.79909011185859,-115.33750754719628,-115.3796965551331,-115.74333084852888,-114.77694436054435,-116.11932123941796,-115.79006729159362,-114.8202575239672,-116.07254891265632,-115.55981963206742,-117.87667441657173,-115.15308302475268,-115.75317187475208,-115.98068017082964,-115.042382766438,-115.22464325092383,-118.14889654089832,-116.66429170073305,-114.648466309408,-116.19795996541947,-117.79641165712881,-116.68409749716578,-117.3775646285648,-119.55138594310348,-117.16902594940652,-115.72208238090633,-116.19311136866436,-117.15999938394475,-117.11988788641263,-116.89714296797855,point1,-116.29902700368055,-116.11932123941796,-119.55138594310348,1.209703354005618,-0.7755495820987873,0.6966653689810829
HDOK,PLOK,17472,49,49,-129,-13,11,2,33,-117.50365888066145,-117.89174010976589,-117.79981992830159,-115.50570193192368,-117.26808578099643,-118.67163478532058,-116.4107396575937,-116.5774194186801,-114.48431987289646,-115.33202025869431,-117.67304371110795,-115.03560084798254,-116.79970925092175,-118.13714246342101,-116.89697812991182,-115.7958338008014,-117.15597943782942,-117.06416634086895,-116.72302726203417,-116.62892977506324,-117.8536337446684,-115.1542381233995,-117.15501816576773,-117.1660888242161,-119.48211068339671,-117.04849910077016,-116.68978166902806,-117.856686259967,-115.79686767227,-116.6610572348591,-117.05800576235951,-117.54734130357399,-116.88331527144247,point1,-116.90024834728769,-117.04849910077016,-119.48211068339671,1.1061823998192897,0.16916574291414097,0.43227277348966053
HDOK,PLOK,17472,49,49,-129,-13,11,2,33,-118.07754595925917,-117.28631802627837,-116.67749239998604,-115.91175384101018,-114.8383225057817,-117.20507753555592,-116.08691510131062,-116.5941016647481,-116.44379039400154,-116.72195781080453,-118.16663680627644,-115.59931155120111,-118.65766856958041,-116.75736474140982,-115.59535686539063,-118.66703070852344,-114.24764653607367,-116.11780252086486,-116.63528321894465,-116.59081509215406,-115.0428105172819,-116.66049946962566,-117.12128995099695,-117.30166732712853,-117.45102905501209,-117.57779874707701,-114.85324711476717,-116.92833532960955,-116.71890806287605,-115.68843365476333,-116.41550419864778,-117.50047899165409,-118.4529630114302,point1,-116.68458052363715,-116.67749239998604,-118.66703070852344,1.1693678442846056,0.16139431798151696,-0.17762462316018635
HDOK,PLOK,17472,49,49,-129,-13,11,2,33,-116.48935771811962,-116.26059149031668,-117.34274004601625,-116.57901530904782,-116.84909226257281,-116.38087005729582,-116.10570879919591,-116.58785735943873,-116.86814478957334,-117.44843760550728,-116.69291705776351,-118.0609416468616,-114.77652291393274,-115.7524676073234,-117.4217279989698,-117.45016967338655,-116.11369465884694,-116.66591528194908,-116.6773288417145,-117.06083153447337,-115.72269789097393,-118.69715522652845,-114.48942669289956,-115.70753318863174,-116.38894815023933,-116.10648168040852,-116.61830318249142,-117.8568562521696,-116.06868766838754,-116.60564100230849,-117.98194829415073,-116.42709387509349,-117.77299552151919,point1,-116.6675182205487,-116.60564100230849,-118.69715522652845,0.7758710436126356,0.10798816520373314,0.6207535604050309
HDOK,PLOK,17472,49,49,-129,-13,11,2,33,-116.06183279144071,-116.69617344685724,-116.76968637885456,-117.72917371989317,-117.16481069093102,-115.23055184440737,-116.84860651454457,-116.9856203104626,-115.94870094197914,-117.284774104106,-117.31463874863373,-116.8975201859872,-117.7922250706141,-119.31083556102072,-117.66421938497673,-117.52332637590321,-115.41972127153102,-117.71994939751997,-116.50797074072649,-113.44761579097668,-116.02160241666049,-117.61060083837843,-116.65007890124785,-114.68024455537999,-118.17173647733321,-117.2150736587097,-116.12141676236328,-118.08825923810137,-116.8597550391672,-116.9185805808846,-116.57572370014886,-117.14648240887333,-115.75374676292782,point1,-116.7918562003498,-116.8975201859872,-119.31083556102072,1.1865003989677982,0.7532083744842286,1.9273663553530516
HDOK,PLOK,17472,49,49,-129,-13,11,2,33,-116.38814411846342,-117.36686449147965,-117.9294166160402,-116.76931941613923,-118.16532471682697,-119.52721861334302,-116.66177817593476,-115.37820789140198,-116.45948772597899,-116.11141764232899,-116.8631837228996,-116.65077663050249,-117.78728150983014,-114.59403143704887,-114.2680291415626,-116.06153020589073,-115.96782751084544,-117.10456998139568,-117.12226921207856,-117.87077684537863,-116.71952843711775,-116.37385353809341,-116.08729673574,-117.68137489981876,-117.53417285370614,-117.50027361562864,-117.88588043582428,-116.57026183830241,-117.60488455670536,-115.26149553335321,-115.95873915956145,-117.12047282942372,-116.90738361336979,point1,-116.7955476864247,-116.76931941613923,-119.52721861334302,1.0948329491090543,0.15263353240535749,0.8956715061254363
HDOK,PLOK,17472,49,49,-129,-13,11,2,33,-117.00823260111622,-117.1707844173209,-116.6638024671453,-116.30339321842654,-117.8327367160296,-117.88259935090514,-117.1128922281451,-117.10981916348466,-118.35273863067043,-117.37830141191162,-116.38124338688368,-116.78506894642581,-115.73422072323996,-116.50828359750781,-115.59856678173313,-116.40547630879324,-114.60067101113657,-115.83278157484855,-117.45973911250533,-115.79681051509621,-115.79623812022568,-116.26299549747745,-115.72243239778868,-116.94033573710342,-115.93973259874369,-116.55376043003952,-116.23308035197675,-116.97334644931667,-117.14365295591779,-116.54259429097146,-115.76664027369432,-117.77460876410431,-116.57693625471238,point1,-116.6104398874363,-116.55376043003952,-118.35273863067043,0.62208091381459,0.03734115161624869,0.15108135680100254
HDOK,PLOK,17472,49,49,-129,-13,11,2,33,-117.64039571229142,-118.05747510280396,-115.94719875208608,-115.24183310916004,-116.45107204904234,-117.2310570349034,-116.20441633354436,-116.88127798351452,-117.71554211197761,-116.22700604880441,-115.11862207104397,-115.16292588412624,-116.1726743015895,-116.44381972281742,-117.6130879329117,-118.28337685471594,-115.29903523601926,-115.74654069250492,-116.74457841920729,-116.96717057251458,-115.90212041818178,-116.57804712556235,-115.7009438524681,-117.35817578349658,-115.6795193492758,-116.31439588353913,-117.26432741080582,-116.99115140535783,-117.09426036619938,-118.60865709046655,-117.41497042962898,-116.44309314284361,-117.41170475625078,point1,-116.66395372544414,-116.57804712556235,-118.60865709046655,0.8274516656911066,-0.11355306580112516,-0.6802926784662442
HDOK,PLOK,17472,49,49,-129,-13,11,2,33,-116.45011643856466,-116.28765486290382,-117.20686315048718,-115.13312208652636,-117.40185659091938,-115.78006066361199,-117.19279157137824,-115.38716401918859,-117.65061581660302,-116.47156672915943,-116.60217878638993,-118.35548130026538,-117.07546305578248,-116.48510826942832,-116.31949565389361,-116.92788506772622,-115.98681414992865,-116.45917489383612,-115.50992991783792,-115.08398090068623,-115.1190791014895,-115.37576222096311,-119.81330744549376,-116.3237556500253,-115.6148484285895,-116.98058452511243,-115.07090746402888,-113.84498576815756,-116.75089090337609,-116.31472461065454,-117.5050079963794,-118.25057717677227,-118.45801464604857,point1,-116.52090211703663,-116.45917489383612,-119.81330744549376,1.403576699316094,-0.4283503416348386,0.8111446399876159
HDOK,PLOK,17472,49,49,-129,-13,11,2,33,-117.22717834220353,-117.0387441194098,-115.99941579635787,-116.80676283461999,-116.6162670400858,-116.59759266104848,-115.55437274552942,-116.1210021270726,-118.63917697994295,-117.67461850552502,-116.28866981004272,-115.4126930645172,-116.75075741280875,-117.88553740339812,-117.07656633014894,-118.01817291655128,-118.29555473292825,-115.80705029334514,-115.36298888787788,-117.05405348240797,-117.46861668386835,-117.13445160186298,-118.1564779445643,-115.76290852127067,-115.64291670831543,-117.47938466119065,-116.51356769813499,-116.68628833553973,-117.45945002671992,-117.79644592792043,-116.1112172566284,-116.93479493484044,-117.21186830849119,point1,-116.86622921500513,-116.93479493484044,-118.63917697994295,0.748787360144223,-0.02384908000173107,-0.7660999958650367
HDOK,PLOK,17472,49,49,-129,-13,11,2,33,-116.35012811588763,-116.53148857895613,-117.57792556861712,-117.93766423275575,-117.33115632268563,-118.03658926218688,-118.22181300249723,-115.70699201387723,-117.42907490691623,-117.22481390960189,-118.43639920081336,-115.55363974589056,-116.47586698907864,-118.7055815768429,-115.95914024268508,-117.62393979959165,-116.31279867948247,-117.19502647485992,-118.77173938316015,-116.82953067411486,-113.59345792868244,-116.706094229025,-116.96547869502119,-115.46273150070445,-116.36110832615908,-116.5403572305537,-117.67990618448185,-118.693670351536,-117.12458640481589,-116.92737370600149,-117.3564470045699,-116.64294579591866,-116.61273767456156,point1,-116.9963092034101,-116.96547869502119,-118.77173938316015,1.132090660998781,0.721652152219696,1.799471955064058
HDOK,PLOK,17472,49,49,-129,-13,11,2,33,-116.27913855735282,-116.20682684839633,-115.53770125196627,-116.12221613584028,-117.10522044915251,-116.62410463074471,-115.39000954735258,-115.10430739597923,-117.02999592780654,-116.2390737384085,-115.63550353259568,-116.3987833899096,-117.72904818800504,-116.59633783937552,-116.76815379293781,-117.88898387586404,-116.55010409531413,-116.71446744941389,-115.98408114504021,-118.30211424276686,-115.94706679881983,-116.89187357607074,-115.87987723769531,-116.03387773103402,-116.23318382777755,-115.41365461023395,-118.05285086508563,-116.31204586091047,-116.03520232106823,-118.10973887305423,-116.56171787514816,-118.61080210369681,-116.11959636040183,point1,-116.55780788106725,-116.31204586091047,-118.61080210369681,0.7580377882451759,-0.7694218047492748,0.0015850408387185766
HDOK,PLOK,17472,49,49,-129,-13,11,2,33,-118.02211835614916,-118.41821657684865,-116.45687598374636,-117.22994465613063,-116.3790457648814,-118.55483469373712,-117.0936500216692,-115.39984063993691,-116.31724755835077,-116.2166942510504,-115.78541247157588,-117.70670087971904,-117.8541797990688,-118.14744297974657,-117.4655867076923,-116.57950835477878,-115.83758265206292,-118.64468891785684,-116.83573069704381,-117.71060629146496,-115.65225234475076,-115.32355165970735,-115.94124025251432,-116.82298280188627,-117.02879089515923,-115.25433393412732,-116.84643505627638,-116.93396024266318,-114.79712951338982,-116.46824712797125,-116.21015526056817,-116.39806746289224,-117.10950314552795,point1,-116.77098660457406,-116.82298280188627,-118.64468891785684,0.9732365055073634,-0.11868795339027781,-0.6264451095422419
HDOK,PLOK,17472,49,49,-129,-13,11,2,33,-117.85857700919662,-115.69454629792017,-115.75823811044789,-115.89729112998694,-116.98843571162021,-116.95528763984571,-116.42050168533578,-116.3593898044863,-117.9494948002547,-117.46957909781906,-117.26113900028619,-116.3545445727751,-117.04567337076357,-117.26837751336124,-117.21518787008635,-116.8587547805479,-115.75070245423643,-118.40121453102292,-118.18889091004317,-117.40787046939434,-116.98082082452153,-115.92508772340592,-117.50372294044188,-116.34150442875352,-115.25347047772905,-115.60732091250449,-117.21903117549259,-117.81026805478815,-116.77302192051697,-117.57449995937368,-116.60213028851467,-117.12523961485829,-116.02146488155444,point1,-116.84367515036017,-116.98082082452153,-118.40121453102292,0.6376684350771973,0.10803154906990114,-0.7833963539488482
HDOK,PLOK,17472,49,49,-129,-13,11,2,33,-116.85568200492693,-115.78309252493838,-116.54149553787502,-116.53021054411398,-117.37336358068752,-117.1517034030645,-116.69168282690757,-115.51145458571797,-118.10757518305017,-116.63050210283461,-116.5796010954352,-118.26748941265629,-116.23523447046297,-117.68441877393845,-117.86707430775657,-117.57538138394149,-116.38640003238699,-118.41713185288968,-115.65016104225663,-117.38769575591797,-116.93609603057871,-117.89906717065574,-116.75972997588805,-116.71010338077856,-115.72570374436671,-116.21210641981843,-116.57982458075004,-114.86952601021652,-113.79097623442298,-116.64982641475957,-117.58160023250764,-117.60924805621895,-118.97791920162513,point1,-116.83421448104075,-116.71010338077856,-118.97791920162513,1.0937880655968533,0.5419788786756304,1.0565961591722126
HDOK,PLOK,17472,49,49,-129,-13,11,2,33,-118.88340852212146,-116.6755629631493,-115.71818748192179,-115.45397604012149,-116.1736573300873,-116.32220202234572,-117.66385437798918,-115.4320466582332,-116.90200301784719,-116.8228067929247,-114.70012330825499,-117.06050240474694,-116.70428382932678,-116.72026125075662,-116.39434750568348,-116.66293108584057,-116.41784177153411,-117.23305984359708,-117.35887200556591,-116.53349110476053,-117.24098904845627,-118.07140909010792,-116.91735487229494,-116.81037170937277,-116.56979778620472,-118.17390860282174,-116.32503704771311,-117.70217425169211,-115.38977232939256,-117.68154786030782,-117.8813252525261,-117.16428904747886,-117.24445763051565,point1,-116.81835920744527,-116.81037170937277,-118.88340852212146,0.7587760405306505,0.13510363263695516,0.41970395796697657
HDOK,PLOK,17472,49,49,-129,-13,11,2,33,-118.01214668524597,-117.51638988048269,-117.03143367187515,-118.35552531475159,-115.55036050942809,-118.31654720931104,-116.70158127532757,-117.934436167798,-116.82844193373985,-116.26202098846046,-117.05870939718335,-117.29545096050603,-115.99859254175026,-116.69483794520626,-116.96505486068311,-117.18284880859449,-115.64274173093658,-117.67796459355625,-117.65113983186149,-116.70095461353432,-117.40127112813721,-116.18826047870861,-115.23699715022008,-116.03086073058795,-117.15920369125952,-117.80784211741106,-115.79025681908062,-115.66428476413462,-116.72537768484743,-117.39893552495622,-117.42289062214921,-115.95685630553146,-115.7870045345845,point1,-116.84688546884367,-116.96505486068311,-118.35552531475159,0.713007958093876,0.10626505450457384,-0.9737191662546114
HDOK,PLOK,17472,49,49,-129,-13,11,2,33,-117.48718275488532,-116.49871347221432,-115.96960685865255,-116.3877921629201,-118.30100625863791,-119.3627630237135,-114.080157799206,-116.42195085704674,-116.36858090620379,-116.81585476317426,-115.91712841777117,-116.72892580246162,-116.4237723111299,-115.81460350195918,-117.13813371737376,-116.63537160060045,-115.26189810184411,-117.76606888999497,-117.91917519483242,-114.88473691043366,-116.03767025573904,-115.06096251550667,-115.40862928280275,-115.49839672654892,-115.90708415445704,-116.34754716277536,-116.12554896661122,-115.87733478246875,-118.14971088197305,-116.39123498311822,-119.17437304836518,-115.21317111216841,-117.21625891752147,point1,-116.50276806348823,-116.3877921629201,-119.3627630237135,1.3689213960149686,-0.5968038925742192,0.43471877213833565
HDOK,PLOK,17472,49,49,-129,-13,11,2,33,-118.00175386504586,-117.02316223514583,-117.14522078140749,-116.66779452893634,-116.40014877098471,-115.99550944981742,-116.0033639710211,-115.29307486003003,-113.6249448985766,-116.15311975208121,-114.07180511660272,-114.70246027259282,-115.47032827778962,-117.23558061450872,-116.5411910150151,-116.79993695870841,-116.03829937909379,-116.12129276525182,-116.62416486654769,-116.48589102765548,-116.89550680437532,-116.90080981763525,-116.14124360447688,-115.88180122785059,-115.7298786030915,-113.5852306192348,-117.15974061122355,-116.9655621412962,-115.34934543773218,-116.87974243912961,-115.2795217120665,-118.4128729564816,-115.87307334097412,point1,-116.16525371886003,-116.15311975208121,-118.4128729564816,1.1636648379173835,0.6244499663752499,0.7249439242400935
HDOK,PLOK,17472,49,49,-129,-13,11,2,33,-116.63230312829235,-116.86735219232382,-117.79496263783003,-116.0810523865966,-117.3462772652537,-117.5532300046027,-115.39248777492392,-116.82779086193155,-116.06551806557955,-117.90190072118412,-115.79314822767417,-116.00051204602262,-116.12005938859882,-116.75084971233697,-116.33134759800402,-118.3715578915054,-117.14829199640528,-117.50506436268513,-116.58012737580613,-117.31637940792278,-115.8470220640814,-117.81629096360142,-116.49405217118647,-116.84545044002405,-116.09447646205872,-116.31070044718275,-116.93995723278586,-116.55713452692487,-115.14208914839735,-117.00925955527953,-116.12279504666509,-117.74196246367255,-116.3807223469227,point1,-116.71764017922007,-116.63230312829235,-118.3715578915054,0.570425234426107,-0.15141559894323448,-0.4502056685424165
HDOK,PLOK,17472,49,49,-129,-13,11,2,33,-114.86670783105764,-114.77348850209471,-116.8939749108346,-117.26231690512951,-115.3734490323505,-116.82025920381373,-117.36799998332836,-114.47646036061977,-115.17813921751859,-115.30514361002693,-117.72058173600237,-118.02726797343249,-116.16955997072054,-116.46165802909735,-116.6274350076443,-116.23277338192342,-116.63042029881389,-116.56461048861225,-115.44502617937243,-116.36293082668114,-117.02435743072247,-115.57200630970404,-116.79390592418554,-118.10489877541036,-117.31345660200435,-115.37280913307572,-114.81780941170952,-116.89681961146417,-115.55612225865703,-117.49654306920121,-116.98566686860119,-117.39412588289957,-116.83034586605218,point1,-116.38542638159886,-116.6274350076443,-118.10489877541036,0.9777648882378459,0.2570345047354372,-0.9587126917614195
HDOK,PLOK,17472,49,49,-129,-13,11,2,33,-118.13369202313473,-116.2187449146139,-114.8222067694114,-116.6565052644353,-116.50484652622026,-117.87444086345464,-116.30092604231929,-115.96545435555646,-116.03756564519361,-117.12458927923261,-116.54712037522482,-116.50050497171713,-116.73470202521911,-117.16213831197355,-116.68674133507326,-116.43476392253815,-117.9307501707753,-115.38725611294012,-114.686795419341,-115.34758894384703,-115.82704296207059,-115.77767214511456,-115.67425472577239,-116.49100636150979,-117.3584071367688,-115.68371781114509,-116.67501698396818,-116.59199851959883,-118.24913728001236,-116.94101511750766,-117.69622281860688,-115.5457635267744,-116.02179386691287,point1,-116.47243583418131,-116.50050497171713,-118.24913728001236,0.7799934248457858,-0.17145743189402696,-0.27623876822674953
HDOK,PLOK,17472,49,49,-129,-13,11,2,33,-116.40076815952185,-115.01209748206003,-117.62028157549909,-117.97131218503094,-117.78097190904346,-115.41548439426988,-116.19720414878896,-115.7198748325184,-114.0176698090868,-116.0800306581544,-117.41672759903524,-117.37165176305727,-116.40976790128008,-115.32375570730188,-116.99703574071461,-116.06474626500842,-116.66715409429511,-116.05935482459725,-116.32653406640856,-116.84402263432618,-116.97596907081333,-116.2107749015736,-117.05234263209312,-114.8876169710202,-115.12311871545808,-116.93739401424095,-117.00893357058969,-116.02930508609724,-116.9243383137125,-116.7656361290225,-116.78656029749904,-116.72788487494215,-116.34996906988962,point1,-116.40837240596818,-116.40976790128008,-117.97131218503094,0.7639679324985778,0.633026930512938,0.43363433490242365
HDOK,PLOK,17472,49,49,-129,-13,11,2,33,-115.75297123508692,-118.5159970029704,-115.45601950965766,-116.24643878291884,-117.04412728176159,-118.58676715862144,-117.15473986387158,-116.22042772533072,-115.6269543927613,-117.6955514251756,-115.96131733993477,-117.37587328863874,-117.37312847602448,-115.85564244403805,-115.49377974540158,-116.67479502618858,-116.27331664783595,-117.0046362639004,-116.91450700551796,-116.46090369249099,-116.77338068352445,-116.26748446573474,-118.07500568334562,-117.10796144010186,-117.41107726439832,-118.99372159512575,-117.27692253810773,-114.9098231221293,-116.29717974368764,-117.0144894788948,-115.45653661575896,-116.48303525473075,-116.48766805972818,point1,-116.73461152283018,-116.67479502618858,-118.99372159512575,0.8976237394595233,-0.441851631912445,0.002249899450426529
HDOK,PLOK,17472,49,49,-129,-13,11,2,33,-116.40853268092499,-118.05353092377837,-117.28399117860866,-117.64014720981677,-116.76069273103212,-116.01037068808529,-115.73403186844125,-117.82416834550207,-115.20709073553087,-117.00569203536882,-116.11345806788131,-117.73915492763027,-115.53657516188518,-117.29147114689661,-116.16053995725568,-116.12266467051622,-114.47198763359681,-117.27245860331521,-117.3659318702147,-118.38688073323777,-117.15295373908152,-117.50895530983775,-116.18932604702101,-116.1984871446595,-116.99218182721029,-118.22011533057268,-115.99606864101223,-116.71081966520111,-115.28905757592233,-120.12479064314432,-117.70375312175062,-117.91076242608202,-117.88496668366957,point1,-116.91732149468743,-117.00569203536882,-120.12479064314432,1.2356152742312596,-0.28318207852988486,0.8532728289895464
HDOK,PLOK,17472,49,49,-129,-13,11,2,33,-118.42624046945531,-116.31390428592354,-115.80907518788563,-118.085007893227,-115.71590244819294,-113.77950059984569,-117.37464970974976,-116.85205730312734,-115.83978557798514,-116.37638793658589,-116.00710315197831,-116.73053863128008,-118.66430893263745,-117.05236137636071,-117.8983953806215,-116.52177571858621,-115.32132064613833,-116.2200809811893,-116.10345483111065,-116.06127202366487,-116.95574359857277,-117.90268647118478,-116.85943291968309,-117.95846923650133,-118.19332034342497,-117.37535391925582,-117.57338121043117,-115.4821649232766,-116.82865106355176,-115.30187791189968,-117.56086394803876,-116.24568713947377,-115.26427394753826,point1,-116.68651605207208,-116.73053863128008,-118.66430893263745,1.1671328549700455,0.2700945932326915,0.06523140905913882
HDOK,PLOK,17472,49,49,-129,-13,11,2,33,-119.73449265894887,-118.02094774569669,-116.80131894965088,-116.78216601783649,-118.15881868189778,-117.57877202896289,-116.20228570965219,-116.7822811806803,-117.32062190603024,-117.90749892485375,-116.68713788816788,-115.78876657110062,-118.18473981103415,-115.06212278273965,-117.51496108450885,-116.33494072241014,-116.17575983293693,-116.22025300372033,-117.91777694917671,-115.83726062654074,-114.80712486747886,-115.50916095330204,-116.70391165553578,-116.70979528746223,-117.27725320372156,-116.81262669884168,-117.89561011406461,-117.47274423400036,-116.59101266152445,-116.9724217268694,-115.98850245814405,-116.34774808195984,-116.67240559288813,point1,-116.8719163821921,-116.78216601783649,-119.73449265894887,0.9797285449651045,-0.39632942701930035,0.9417990176218987
HDOK,PLOK,17472,49,49,-129,-13,11,2,33,-115.14213397575881,-117.06414241905397,-117.20935848508128,-118.12471287527515,-117.58632338714172,-115.57933578647585,-117.84316758813023,-119.18642084885701,-117.20370281236875,-118.17630782083249,-116.25803739081357,-116.90811081183972,-117.00799032909524,-116.81142339271648,-114.73959545243089,-116.71761596093074,-118.15162282293993,-115.7959518076672,-117.13540530134215,-117.6983788896225,-117.29025723359153,-116.22660923880149,-116.8138228473488,-116.17836546511745,-117.24297592517273,-116.04419674656246,-117.39990299099473,-116.1651556985544,-117.16920600677335,-118.13609874670207,-117.23981409332481,-117.38369802966267,-118.21854849470816,point1,-117.02570877805117,-117.16920600677335,-119.18642084885701,0.8884164894427163,0.30759017397678984,0.30276068173410575
HDOK,PLOK,17472,49,49,-129,-13,11,2,33,-116.91028737817068,-117.83287404423326,-116.74232469324642,-116.17469110901854,-116.55289197828736,-116.25801557825207,-115.88694156079974,-115.54657997353401,-117.42059448730495,-116.08550062211101,-116.29273724688888,-115.88405011795605,-115.54026856003635,-116.31974898070749,-116.54592455110676,-116.36827024580387,-118.50132414958237,-115.67604566050402,-116.7107372236577,-116.82685202511571,-116.14252947297241,-116.1595158725953,-115.9722916756767,-116.23894670597149,-119.59270026546496,-115.77367189290504,-116.66124028932893,-116.26911550749332,-117.3288813690216,-116.88840463449615,-116.68637124680863,-115.99315974632762,-116.90309322897272,point1,-116.56626006346524,-116.31974898070749,-119.59270026546496,0.6852997769094232,-1.8693638955400709,4.657060122718196
HDOK,PLOK,17472,50,50,-130,-14,11,2,33,-115.61138826956265,-114.11262516462523,-117.14923855033389,-117.11102760642028,-118.24175440017297,-116.68236759783825,-116.75889659164403,-117.06502406976159,-118.31558158382585,-117.41196191208515,-116.72232800878427,-116.00831648061428,-117.24758106583188,-116.53686110543903,-116.7876502989255,-116.44342832527708,-117.91623749653463,-117.37577502568337,-117.23905036357526,-117.47604441043111,-117.02461267997698,-117.21021973280261,-116.39784497650871,-115.9199673240376,-117.65528829267564,-118.27394632980423,-116.49965763601938,-116.98912185134454,-118.19010322062182,-116.86773527654111,-116.12993361187672,-115.2296981757544,-119.66537170726717,point1,-116.9777769437151,-117.02461267997698,-119.66537170726717,1.0045605622558873,0.17260031801760584,1.8679411291662933
HDOK,PLOK,17472,50,50,-130,-14,11,2,33,-114.12375731022352,-114.94468929194504,-115.48511063007307,-116.37519614851703,-115.01288946963246,-118.75161508036796,-118.06755447586588,-117.38330724227976,-117.14616620505102,-119.1296190701378,-116.56907526472729,-116.7332118082933,-119.32733560904589,-117.76955903740026,-117.46044502475162,-117.95375136100596,-117.82187242836831,-116.92537502649158,-115.91471849620818,-116.77394670290958,-117.24693594962316,-116.22908248729377,-117.55489969487175,-115.45998158259951,-117.61872567313107,-118.23694489617493,-115.95221586313436,-119.16519737248926,-116.63468474502677,-118.6182500227497,-117.92301246196223,-117.38904018108622,-117.66115749008364,point1,-117.13210073040976,-117.38330724227976,-119.32733560904589,1.5754533335383074,0.36454153597811084,-0.20173557759738214
HDOK,PLOK,17472,50,50,-130,-14,11,2,33,-115.67285155543841,-115.05891928703612,-115.6616946628027,-116.69417672514858,-115.89148225502022,-118.20124352178995,-115.90922093873773,-116.2751362347857,-117.50419097155894,-116.66743947198715,-115.42816017195852,-116.19085511789513,-115.72622231979871,-119.19502622118732,-117.33212587306262,-117.9097740918777,-116.6792678907468,-119.94779486730062,-116.4639954620105,-117.37749185765387,-116.80712711548688,-118.17432446492613,-118.14935957134597,-115.56299279630707,-117.94592344864971,-117.7972978614995,-116.48127659582839,-115.77253276232756,-117.15481656309618,-117.11138023108943,-117.68327251090525,-116.50671227122727,-118.84385996573054,point1,-116.96296805018838,-116.69417672514858,-119.94779486730062,1.3364040717082883,-0.5752196776553065,-0.09448012897298064
HDOK,PLOK,17472,50,50,-130,-14,11,2,33,-114.43072302614092,-113.15936094306271,-115.24968097221497,-116.39045590055575,-116.50908912144074,-115.61585817260887,-117.63674749467279,-117.7971863751318,-117.9631455676108,-116.92100018104311,-116.35806155674825,-116.97359412597518,-117.95807745602417,-116.79460437588372,-115.68755646889724,-118.22071674314486,-117.0383060408924,-115.95344275430834,-118.82916278572547,-118.41534608329859,-115.56858794479942,-117.12026616310004,-116.72796490203527,-118.32502697988339,-116.08964341942459,-116.68314322704289,-117.65923449689363,-117.35478917827635,-117.94207412207767,-116.55620880884777,-116.20937230353701,-119.68726906218734,-119.13266890252761,point1,-116.93813229260645,-116.92100018104311,-119.68726906218734,1.7783488695226353,0.44415016529431056,0.8570675378629109
HDOK,PLOK,17472,50,50,-130,-14,11,2,33,-114.73612278309962,-113.81027932219757,-117.00985346146419,-116.53079232619451,-118.16457832983731,-117.93394629074898,-118.28277664336932,-115.97640123059524,-117.65759083960198,-118.11942318168964,-117.27908911445328,-117.68666383599329,-116.17694750550305,-119.54917967863287,-116.17687393269004,-116.59675431284894,-116.59696382518482,-116.69420809240907,-117.14470905202708,-116.12616794187777,-116.36604380540281,-116.70159143364091,-117.95805686063808,-117.8972323305005,-117.54597092982418,-118.00855790151584,-117.07442433707891,-117.44515872949674,-118.86233776897716,-118.02917595958844,-115.8808718174786,-115.59779455841004,-115.80441394683325,point1,-117.01275612363042,-117.07442433707891,-119.54917967863287,1.3525991702744424,0.434088368302649,0.6985733877702551
HDOK,PLOK,17472,50,50,-130,-14,11,2,33,-114.63764832361704,-115.13322089811635,-115.55519602383475,-117.7623776265803,-115.92832637328453,-116.40162288960124,-116.67695542515901,-117.87864012485896,-119.0731050967748,-116.09848680118516,-116.73299201634066,-116.9436703603361,-117.56819015358704,-116.61946717211266,-115.39745542752756,-119.42266417960211,-117.31683757803155,-118.30105911151004,-117.74627609836674,-117.50218444242383,-117.30941032202088,-117.38301244143639,-115.41411423780724,-116.95212774594458,-117.10889380682991,-117.64889162797438,-117.4721566758424,-116.62965649672307,-116.8377189659992,-119.22125862038858,-115.83187612810525,-117.43075822509073,-117.44457121987094,point1,-117.01154007990557,-117.10889380682991,-119.42266417960211,1.2444202396983624,-0.06035597988638506,0.04645685299179325
HDOK,PLOK,17472,50,50,-130,-14,11,2,33,-116.16846112402033,-116.48148074987989,-117.01643898964653,-115.993677012223,-116.33704844209657,-116.91911631866553,-117.84768173270061,-118.37198809073602,-117.91946533055192,-118.08608436228972,-117.61163208333032,-117.3115286083673,-118.14977497726764,-118.24140668202818,-117.95221961860052,-117.70159629457397,-116.92560915656252,-117.80205939792835,-117.02365576507557,-117.4890900787865,-116.83132773943744,-118.6923223491482,-117.03653651914026,-118.91889366171601,-116.80689745166188,-115.83415529194679,-117.66855263439615,-118.48498493955668,-116.43826048688464,-115.77829253766917,-117.58861422072,-115.770225980205,-118.76116649189308,point1,-117.33212863999111,-117.4890900787865,-118.91889366171601,0.8006047843633038,0.13657700835514155,-0.9263655182884891
HDOK,PLOK,17472,50,50,-130,-14,11,2,33,-115.2724359651754,-116.3189422091356,-115.54950767090084,-116.73702157206137,-115.81686641100828,-117.13435090981592,-116.22022658060575,-117.81338396413236,-115.48346415216247,-116.26914652039216,-118.20372581819493,-117.2817304844367,-116.80619986708865,-117.48230541424566,-115.90702678870088,-117.61225154800687,-117.89237736488523,-115.49564856897076,-118.73454206351411,-117.53105135064602,-119.32486211345386,-116.61131918934811,-115.81898358822963,-117.35031265202056,-117.35785519452949,-116.30357825281472,-118.74339671996755,-117.62653999754268,-117.62318435775401,-118.2847135791842,-118.82461424745087,-116.1910450571079,-117.72929339864119,point1,-117.07126980521593,-117.2817304844367,-119.32486211345386,1.1626145793683353,-0.14434465479487676,-0.8580616087929012
HDOK,PLOK,17472,50,50,-130,-14,11,2,33,-114.62799214778437,-115.74405491730545,-115.59363932907841,-116.54579174495095,-118.38585365356869,-117.30032271503337,-118.19005677046202,-116.89460142499752,-117.27010028561202,-117.00965623793957,-119.6769569259559,-117.67857118217162,-117.73437470726473,-115.6666215892278,-115.35040116316101,-116.15054517791096,-119.046259292187,-119.04201633358716,-116.29207059078351,-117.91363181360495,-117.55833123445998,-115.46278953278781,-116.5449581120832,-116.956533545821,-118.06240560426983,-117.16971544206106,-118.74442572394628,-117.12223583313684,-115.4214709071464,-118.05633133145389,-115.96387988053695,-117.31634969100884,-116.67325186073681,point1,-117.06564232430414,-117.12223583313684,-119.6769569259559,1.4491973496902606,-0.10496607927014709,-0.5221596590711193
HDOK,PLOK,17472,50,50,-130,-14,11,2,33,-116.68745906115858,-114.67649501383224,-118.21245132489533,-116.70708092124008,-116.53662752324249,-116.27712458037865,-117.73818409939133,-116.74880720780817,-116.25723021068657,-117.99188506303081,-115.20682862671907,-116.89102109897696,-116.57664675557096,-116.68701025141422,-117.34887206642956,-117.23315841495321,-117.35079209495007,-118.37678548395427,-116.28320620943997,-115.93326829054865,-117.00790557240062,-117.56899760953193,-116.07256503065032,-116.29981539512059,-117.87942093379478,-117.3089299149008,-116.26975631914533,-116.73292503828226,-117.61334220533662,-117.62252863234298,-119.31432539958763,-116.4926611981468,-117.77516223500282,point1,-116.95997787220803,-116.74880720780817,-119.31432539958763,0.8289935391569037,-0.03132593382406703,0.8250041756812734
HDOK,PLOK,17472,50,50,-130,-14,11,2,33,-115.33568364928831,-115.92912954557396,-117.6840321965192,-116.24807016167058,-117.24176118767551,-117.13500196232361,-117.64384624453824,-117.76932132762485,-117.2157244505613,-116.90788144103551,-117.72151551469088,-118.05836875307283,-117.49380624465148,-116.40320637919118,-118.2168831913505,-117.093551499638,-119.25528353986462,-116.31050869710334,-116.27488151827832,-117.3488765693601,-118.92526760189976,-117.17048860050579,-116.28680294678448,-115.9315469295248,-116.40390318740376,-116.65274236841123,-116.7320766771569,-119.20441439916473,-117.72545577041316,-116.19672715682229,-117.61926175463202,-117.34974181487503,-118.11485398652229,point1,-117.20001870509478,-117.2157244505613,-119.25528353986462,0.8612335391819544,-0.3612956456780901,-0.06929626171758319
HDOK,PLOK,17472,50,50,-130,-14,11,2,33,-117.37337446276008,-116.93649761152385,-116.34455879840607,-116.6671851871372,-114.80257922305726,-117.04746267361053,-117.29098558578576,-115.4924804280379,-115.31147343049096,-117.05605630770684,-117.52677055620799,-118.3972485486031,-117.4260063207183,-117.88868133804893,-117.88172232152324,-116.67337582986801,-117.93030867631417,-117.5060269984183,-115.19503188585314,-118.20274312176034,-116.379765017471,-119.51606307525044,-119.20256041237384,-116.77290518384481,-116.44170857951292,-117.17954634567275,-117.43914238098807,-118.60725322224877,-115.96367301337904,-115.70985131892927,-116.49540580578166,-116.97528796815497,-118.35002959900658,point1,-117.09041700692259,-117.05605630770684,-119.51606307525044,1.209760010256877,-0.015642814140397296,-0.12516039511867394
HDOK,PLOK,17472,50,50,-130,-14,11,2,33,-116.40603006499548,-114.6730087036609,-117.91241169397883,-116.39173533168785,-116.84731548595101,-116.56819529502351,-114.74482697332643,-118.63922061665392,-119.03317076238628,-117.91889782147568,-116.86933072875982,-116.60855270499897,-118.42675476502191,-117.15894716713083,-117.19021608175888,-116.26030152937551,-117.63513508624763,-115.71757767974317,-116.63271560579504,-117.85121053734055,-116.1181413799471,-117.41846598566835,-116.71093659310273,-118.16456051797408,-120.61122574571701,-117.95516810959963,-119.37117944159299,-116.89063962692927,-115.35473262813905,-118.59990041350021,-116.42133569983545,-117.17491664310643,-116.94257973442615,point1,-117.18846476226821,-116.94257973442615,-120.61122574571701,1.578680037682097,-0.36728959944760586,0.6744158559546563
HDOK,PLOK,17472,50,50,-130,-14,11,2,33,-114.36678762930839,-115.7301656551768,-115.94850447692895,-117.31475677316685,-117.2142656932521,-117.07642099861155,-117.12004405830754,-118.40540295296222,-119.43632789849283,-118.68949299169157,-117.34300647995583,-116.70775989743925,-117.3861617929925,-116.09046487808172,-118.64913252133725,-116.54271497276923,-117.35845986717166,-117.21916919485878,-116.65610135596857,-116.72607111503225,-117.99990342401621,-119.06957484178226,-114.86003123263883,-117.98105887369974,-117.22557930959564,-117.56729162391947,-115.93760085060558,-116.45378078353467,-116.14603498561233,-119.01520581153322,-116.28746704598235,-117.06255650118969,-116.82500022825354,point1,-117.10340293078393,-117.12004405830754,-119.43632789849283,1.2928716812360006,0.04099360657073029,0.20556377621312194
HDOK,PLOK,17472,50,50,-130,-14,11,2,33,-116.25532248860294,-113.22166749680886,-115.36843641549983,-117.29942995788134,-116.5423006578624,-116.76663981118197,-117.55043973105839,-117.96887543233088,-117.49474678207648,-115.43393887978729,-116.19098889301097,-117.11450698581871,-117.39894354063033,-118.36545912077388,-117.7965830544686,-117.53862428565924,-119.20538979757553,-117.19595653888811,-118.0308583698081,-117.07942093321668,-117.1421609453499,-118.77846548339302,-117.29711863680336,-116.9342820203088,-116.47600023156224,-118.2404681671175,-118.51874455309404,-117.21064118007743,-115.60596326424118,-115.8486534651907,-117.5359207100866,-117.11756274526992,-119.18188344602738,point1,-117.14261800065037,-117.21064118007743,-119.20538979757553,1.408224345408673,0.9425769036409104,2.348675214279288
HDOK,PLOK,17472,50,50,-130,-14,11,2,33,-114.71652202421312,-114.91044156769229,-115.94214204981995,-116.96367952449793,-116.510199427876,-118.55471386500496,-118.8424213548589,-117.55402242116956,-117.91535569121673,-115.2056196428995,-117.33681440936824,-116.05587890627872,-119.18805596358155,-116.1754456970938,-115.40836408689357,-119.30021441498263,-119.08684023402505,-117.50300032295175,-119.18830235156966,-117.2072647555349,-116.57037542797694,-118.3176646776794,-116.72920352377432,-115.84472550923557,-116.61305132641692,-116.9041967632751,-117.92628722039395,-115.53149971690607,-118.60964042126453,-116.74633830424554,-118.14905549817172,-117.06297061041307,-117.11585219513431,point1,-117.142004845649,-117.06297061041307,-119.30021441498263,1.6570593720975335,-0.004344801827574859,-0.8686704402938448
HDOK,PLOK,17472,50,50,-130,-14,11,2,33,-114.89214379554528,-115.45467307332652,-116.18163870771339,-116.03650056954508,-115.81223307973883,-115.08095797395929,-116.77496595608918,-118.84390230648529,-118.611524690953,-117.11905140293877,-116.15196335708728,-116.84823249854836,-115.5720801597599,-116.4645749842331,-118.50403701032175,-116.01208375692393,-116.64396684611901,-117.51946852994732,-116.57821134887162,-118.12422345542679,-117.72770994726446,-117.8127765911065,-118.86017178656327,-118.22258553575706,-115.63951375489222,-115.97566225983967,-115.00720789157364,-116.04591089554519,-118.88744416333233,-117.94428543556441,-118.29469208558828,-117.28339463732213,-116.5663643842179,point1,-116.89376220824549,-116.64396684611901,-118.88744416333233,1.4449045666048836,-0.16696414485793828,-1.1603929546361589
HDOK,PLOK,17472,50,50,-130,-14,11,2,33,-116.30789965082519,-114.09239970244592,-115.57983946787806,-116.92794397732965,-115.97237770229913,-118.31981982038036,-115.91934807960571,-116.80909364690454,-119.07809304852313,-117.63834389257408,-117.51727318059362,-116.8485479606674,-116.44899890487797,-116.86381452024226,-118.26203204510284,-115.8771564185866,-117.57458016714034,-117.18306383706812,-117.67909331267632,-119.0054974284786,-117.96492512725395,-117.17636240266846,-117.83172330435933,-117.85713489150508,-118.4979968325482,-116.80826904539296,-115.78322684815062,-117.69225941203246,-116.68027528676042,-117.71744328357082,-117.2737811449588,-117.74627805640978,-116.06103067217185,point1,-117.12108857793886,-117.18306383706812,-119.07809304852313,1.0991549891674877,0.5171293770216436,0.7312729662031017
HDOK,PLOK,17472,50,50,-130,-14,11,2,33,-116.752804408431,-116.35835912398483,-115.96656321233147,-118.86606758891924,-116.53616377331767,-116.57399454945887,-115.36792065732178,-117.88271801290817,-115.79816301034593,-114.86056770654778,-115.1657639158489,-115.99283099976122,-115.85470297562969,-117.64230654350632,-117.78354120500876,-116.90131228097296,-115.64313165641319,-118.8343450954554,-118.3699427790365,-119.1352592115076,-117.31718249478075,-117.65781272469037,-116.46592870014926,-116.61354865897096,-117.9668648353482,-116.2913190895532,-117.83603381236772,-118.08124705371503,-117.23335671531592,-118.08122980878105,-116.56068688421028,-117.87157302564648,-117.11103139725434,point1,-117.01134163356032,-116.90131228097296,-119.1352592115076,1.2033352774240822,-0.018950729591113064,-0.7791695477742948
HDOK,PLOK,17472,50,50,-130,-14,11,2,33,-116.01268730041035,-112.25927682090621,-115.28238378607954,-119.13951860358875,-116.3791296435137,-116.48765128342073,-117.97445523460706,-116.63750659648503,-117.09122681450037,-116.10229279789017,-118.1702466268982,-117.56915063201346,-116.6577143214431,-116.9361623230702,-118.61048947225017,-118.465642535802,-116.47078250699072,-116.3488810944602,-118.69624283797287,-118.00626581891028,-117.86282355251423,-117.87090345853909,-115.21768459593147,-116.88378159277084,-116.27090807030183,-117.6434313828468,-116.9516917028108,-118.2278387275718,-115.60298843453981,-116.27022379606301,-115.36348663893362,-119.30829240070794,-118.09139539669606,point1,-116.9958532364073,-116.9361623230702,-119.30829240070794,1.924247705041235,1.0019311223980767,2.5755401785333434
HDOK,PLOK,17472,50,50,-130,-14,11,2,33,-114.85650037645101,-114.97913648095478,-116.2523185693365,-116.75414523323718,-115.06433421306834,-118.02534327873394,-116.13158683721626,-117.07572576982443,-117.8065688342448,-116.43242705103619,-116.41129929464795,-117.6619408570339,-118.37615318282582,-117.76687665941814,-115.41968244125715,-118.75988685656127,-115.20362970219874,-116.82085673060993,-118.68712781759996,-117.25654377254376,-117.71229466009538,-117.01273765556638,-117.95927740525285,-118.20703543317332,-117.28408412619034,-116.89185997531483,-117.7953855400606,-117.52322262234868,-116.84261747556819,-117.88417842603559,-116.62339564001643,-118.77910046250707,-117.75706471470019,point1,-117.09134357865547,-117.25654377254376,-118.77910046250707,1.1865451495114538,0.5343784591700772,-0.44252082532846826
HDOK,PLOK,17472,50,50,-130,-14,11,2,33,-115.98504974846158,-114.75473625306334,-116.0622167307225,-116.41439957233064,-117.07282959263205,-115.95985547873676,-116.77108698086383,-118.21775919917278,-116.51095245567929,-116.9371001671487,-118.27866418533935,-115.19188743926361,-117.82568165872541,-116.9332467247278,-118.09410598646913,-115.62603411162287,-118.51192354107401,-118.96619745776856,-116.53368357674657,-118.30700243426487,-118.38311118059444,-118.5878238861009,-117.1718632114809,-116.1500983222907,-116.89733045575238,-114.98919935306571,-115.74955228535917,-117.01644789728282,-117.28015634371104,-115.60995386803181,-116.81801246856986,-117.47585049653085,-118.17574140820115,point1,-116.94725922641776,-116.9332467247278,-118.96619745776856,1.250814327038083,0.05992709845019432,-0.8890211963975085
HDOK,PLOK,17472,50,50,-130,-14,11,2,33,-116.08316741270143,-115.08114419529575,-114.7121309247718,-117.87258641636677,-116.09342508397202,-117.73886461245446,-118.04462080968658,-117.55868490432456,-117.45590260540126,-116.13030190873343,-115.23625788899767,-115.54282931512788,-114.86922773896204,-117.57413388950154,-117.63049672424378,-116.24128024374411,-116.20058248728272,-116.14591084273036,-117.39246647640894,-117.47250277663775,-116.70737070283045,-117.08999134937059,-118.6401795938154,-116.8638628107879,-117.32253516873612,-118.20143108438536,-117.55519171364183,-115.1682455119304,-116.90036786671324,-116.58303530888605,-115.62752592175573,-117.35624946717277,-117.01425502990904,point1,-116.73050784203876,-116.90036786671324,-118.6401795938154,1.057214970942117,0.33723373766646886,-0.829218673794204
HDOK,PLOK,17472,50,50,-130,-14,11,2,33,-114.6433936158145,-114.44283325917385,-118.5408050832355,-116.86046995177924,-118.56923832055774,-116.72038320795005,-115.37503153106343,-116.5843833908776,-118.26009488155353,-115.64157055913073,-116.18615512188427,-118.8401947003424,-116.70736027039331,-117.07888272652022,-117.72381002396848,-118.5965100540536,-117.77334747442185,-117.2069605983682,-115.47533343395047,-118.2372248536801,-115.03814491145788,-119.05758785136244,-118.19379231669242,-117.2964664747823,-117.97039928567422,-117.0878374687611,-115.49521886609215,-117.37129590774312,-116.80823257163117,-117.74976235269183,-117.03157332323792,-117.33463577832195,-116.9827545711022,point1,-117.05702074964455,-117.0878374687611,-119.05758785136244,1.4707562970902455,0.45686965527621487,-0.4995402734287304
HDOK,PLOK,17472,50,50,-130,-14,11,2,33,-114.63755208601924,-113.97689456961986,-117.3173866329156,-115.46175566224392,-115.350512909766,-116.17672826893961,-116.80068280952892,-115.81565912541396,-118.52901802796737,-118.35995476601528,-116.37980501942829,-116.88179990327163,-117.90746525095048,-117.16307916739832,-119.38176817896546,-115.76330730520996,-116.16609159613537,-116.10165294748494,-117.32859045411193,-116.92135053093564,-116.98518508415916,-117.85567988790199,-117.72100321397687,-117.71511009054923,-116.81181165316957,-116.8361176613979,-115.28608320949621,-117.79517792135465,-118.29517763927663,-116.7929017632496,-117.6602555426815,-118.43845443972572,-117.83894021046468,point1,-116.92281677362807,-116.92135053093564,-119.38176817896546,1.4064104014574437,0.3919741278680428,0.01897531010944098
HDOK,PLOK,17472,50,50,-130,-14,11,2,33,-116.12441145430462,-114.94358728629197,-116.01071979559988,-117.5001582943251,-117.23109681069784,-116.7323184950815,-116.81071744824744,-116.78609165429427,-116.84102551587404,-117.13631224934974,-118.89686113233586,-116.9076562432591,-117.909285832773,-115.97158280819048,-118.16242580697664,-117.05472431749884,-117.26420647507528,-115.8536995117205,-118.17162548857817,-118.39598160937638,-115.25412224989815,-116.65836329673111,-116.02723775464541,-115.963189570616,-116.29884713854595,-116.85450411273624,-116.19680757008547,-117.51514400996672,-117.2463415702688,-117.6127827151402,-117.14881459746536,-117.78655740361089,-117.70579697043313,point1,-116.93857567242408,-116.9076562432591,-118.89686113233586,0.7904651954617155,0.07050967471396302,-0.16128043668983683
HDOK,PLOK,17472,50,50,-130,-14,11,2,33,-117.73552068198181,-115.2380391360339,-116.18851344216719,-119.00739601568267,-117.08882460118366,-116.66338618579842,-115.66524464744215,-115.88364280656842,-118.38279994058954,-117.4725420178778,-119.05512377537075,-118.83826101836739,-118.1841421898363,-117.66623636060639,-117.61061936117855,-118.18841291317888,-117.38232442360584,-115.10794382966976,-116.72879727502269,-118.00583615627089,-117.03249838340068,-117.30973350744772,-118.04122375316796,-116.35685759203011,-117.9718180283787,-115.94380022594885,-118.18601349335904,-117.61651769073835,-118.62980104444713,-116.31779800390935,-117.14036048982373,-116.62620003495337,-115.6656306641094,point1,-117.24035938454992,-117.38232442360584,-119.05512377537075,1.1593937255073592,0.24086438043405375,-0.8168637924765236
HDOK,PLOK,17472,50,50,-130,-14,11,2,33,-115.39927213891204,-113.67121349147911,-116.19684107422259,-116.45327366558774,-117.30850248284028,-116.10116760328468,-117.01746481400392,-117.10219348103867,-116.78131441141092,-116.93561305017056,-117.39080481525369,-113.88333246023174,-117.67836760067037,-117.00990676686828,-116.87910879769875,-118.12363448174035,-116.05009961521007,-118.02551112420157,-117.43961541461996,-118.43833007429474,-117.07738538854224,-116.80967951494131,-116.40463801078988,-116.44414391833541,-117.70285935876085,-116.97968722940432,-116.47603825012546,-118.28261230940294,-117.31645171661175,-116.63683247338497,-115.71973669265728,-118.12489399625994,-116.31034696326596,point1,-116.79305676321881,-116.93561305017056,-118.43833007429474,1.1118580953924717,1.1813826989060643,2.293064766331795
HDOK,PLOK,17472,50,50,-130,-14,11,2,33,-114.8990513735931,-114.89985528920023,-116.39280923531545,-117.13512165795973,-116.30334809951376,-117.39578026503314,-117.78702406179916,-118.44619758080837,-116.35715610200458,-116.64640729432094,-118.9075613340491,-118.58359232187708,-116.62653308416094,-118.12162177998206,-117.43273984386113,-117.29242348912216,-116.85333218924431,-116.12192479909174,-117.93825502048016,-116.19867429709322,-117.7954310957058,-117.13399430682396,-117.8026686955743,-117.71815750931218,-117.19129905277997,-118.7025524522294,-117.67229208405627,-117.38968452530959,-116.31424488031722,-118.13021020252995,-117.60237871565656,-118.5972824667309,-117.79069802703877,point1,-117.2781910040174,-117.39578026503314,-118.9075613340491,0.949012699851113,0.6206143052405667,0.2863107041537738
HDOK,PLOK,17472,50,50,-130,-14,11,2,33,-115.75699841122893,-114.18222514122944,-118.18251198527805,-116.61923197621884,-117.95087984136664,-116.21658657677305,-117.89931451387343,-115.845758699366,-119.48148119947379,-117.58315480471668,-117.02250328761153,-117.40011431730947,-118.99201096706427,-119.92675768914872,-116.94355218684787,-115.8910122825081,-118.53805233597679,-115.66681525283376,-117.49800325808512,-117.54819067037042,-118.09588528592099,-116.84379601570593,-116.12168102077632,-116.00906139103695,-117.45217014069532,-116.0940755853578,-117.33096857878917,-119.45789497100353,-117.49169889694183,-117.44181838473186,-117.46812076551704,-116.43044376863111,-116.47006375937606,point1,-117.20766163520497,-117.40011431730947,-119.92675768914872,1.509004062981165,-0.13941542607406937,0.2694508054489768
HDOK,PLOK,17472,50,50,-130,-14,11,2,33,-115.33707376444096,-115.1773605364206,-115.16683279730682,-114.7580884405054,-117.37415415708615,-118.95185476335585,-117.16229682940985,-118.03586965697414,-117.46155559822843,-115.95573414129508,-117.47630391794877,-115.81729959483032,-116.98876483527782,-117.55135127836564,-116.88876541321748,-116.00245923567653,-117.42782396803206,-116.70447378761303,-115.46782944769357,-115.49799525717597,-119.83063387004043,-116.61869891006037,-115.80151218496289,-119.17182507728191,-118.00311375827764,-117.44313859696636,-117.68039805847785,-116.84633890468272,-118.7133695654078,-118.48859453782937,-117.71284043448487,-119.45172524552744,-118.60548566511088,point1,-117.13853218878683,-117.37415415708615,-119.83063387004043,1.765240689350092,-0.08126868405250479,-0.7751992011086788
HDOK,PLOK,17472,50,50,-130,-14,11,2,33,-116.20628546495853,-116.05970179317296,-115.98631863457904,-116.47050925592136,-117.53925347757266,-116.98152145644151,-117.63470857600508,-115.76657771565301,-116.97712843589318,-117.11768255535006,-116.66435798277014,-116.1149384116648,-119.17818850466418,-117.25554027622941,-117.85992537766545,-117.42885107999831,-117.14024041568018,-116.72008646027426,-117.83397189707914,-117.98981465034657,-117.15892840910539,-117.87482686004174,-116.78364862715452,-117.20073206970832,-117.97750091265047,-116.67522108226851,-117.016396512377,-117.53690727694664,-117.89159904153472,-114.93994736404265,-117.24787026537959,-117.12543538552265,-116.24003696342078,point1,-117.0483228240022,-117.12543538552265,-119.17818850466418,0.6453885851974899,0.11879781317202401,1.0118851467195582
HDOK,PLOK,17472,50,50,-130,-14,11,2,33,-116.22863896784907,-115.48916416693828,-115.01988803894687,-116.58729822775318,-118.09186359070432,-117.49855411404852,-116.99209877898237,-117.65106524103398,-116.93267374177631,-115.19544163835545,-117.0202837553304,-116.94150748598912,-115.73814069564642,-116.40753218448255,-116.00117440410486,-116.21217709234078,-118.60065910060159,-115.85662990051163,-116.72533214321328,-119.31604293121572,-117.44314147828979,-116.83312494413713,-117.3316880892388,-116.37474639466544,-115.47815014891192,-118.31306141148143,-117.12834891390519,-116.19017228453924,-118.2333196180233,-116.25745391414675,-118.09241169825306,-116.60913687919354,-117.46812838223661,point1,-116.85633485929841,-116.83312494413713,-119.31604293121572,1.0110011882230516,-0.33636764379296646,-0.20076573454495872
HDOK,PLOK,17472,50,50,-130,-14,11,2,33,-117.20832522405824,-114.38697277859399,-115.66575326865944,-116.52745591322521,-115.99199073934392,-119.32600414585151,-115.75864139977807,-115.98973320391389,-116.36715422992428,-116.8932434579411,-116.4301009128737,-117.54933866464081,-117.50039334352205,-118.88104277303195,-117.44516410272023,-117.73598284564855,-118.44709979185446,-116.41337768172107,-116.54065872675295,-117.9892581898641,-115.67097005337908,-118.7517970206649,-115.10477206589148,-117.59806242063274,-118.41819854826058,-116.9805850293008,-118.83308281194128,-116.45017277107598,-117.14004717850254,-117.03132965654441,-118.42384790486224,-116.36626190228179,-116.7701170584519,point1,-117.04808896411242,-116.9805850293008,-119.32600414585151,1.3315941804073061,-0.011508064310246792,-0.36635376747384063
HDOK,PLOK,17472,50,50,-130,-14,11,2,33,-115.96004097295013,-115.51795984932336,-115.6250158601094,-115.52863013302682,-118.23786681849076,-116.96695672141156,-116.71239013598301,-118.36644895038651,-116.68516497532474,-116.28455380669436,-116.22289776967986,-118.77860260410664,-118.46752429136043,-116.62419364236155,-115.03312656196786,-117.13369509993063,-117.09481329678671,-115.91159557964964,-117.7867095218781,-115.05485309494433,-117.56615529087108,-116.27597332058458,-116.3286318729506,-116.84016914073844,-116.30299927400993,-117.43271930566033,-118.10670340709679,-118.12528769815972,-116.10962335220292,-117.19880935131624,-118.07971990115675,-116.65659911215927,-116.31924738066267,point1,-116.82835388163438,-116.68516497532474,-118.77860260410664,1.0019651617525738,-0.18290261518946355,-0.8055209619459491
HDOK,PLOK,17472,50,50,-130,-14,11,2,33,-114.44239141493924,-115.42233943087237,-116.90969311361593,-118.21539900775848,-115.55677123423236,-116.88531084060307,-117.14193268455082,-115.7938098043418,-116.91665731706658,-118.23928604771181,-116.91933102836863,-116.46538768294295,-117.17257716620193,-115.14537134924656,-116.9883807132213,-116.62448497875803,-116.967889607061,-119.46720840589484,-117.14418905794219,-115.74634609267373,-116.35389145911516,-118.77648907134105,-117.08622032944707,-118.70212579096354,-118.7992954929977,-117.30324025925744,-117.77038110365646,-117.78417931072295,-118.92634823298577,-117.16599409837411,-115.56283726111856,-117.60446495131065,-117.40284612958452,point1,-117.07282031723871,-117.08622032944707,-119.46720840589484,1.3450134106739164,0.06976831686723708,-0.18800241372890314
HDOK,PLOK,17472,50,50,-130,-14,11,2,33,-115.93599394634846,-116.1190364428155,-116.75611438845996,-117.2374287140459,-115.46080787195388,-117.09945516597722,-117.06380816057305,-118.43944129960761,-116.48424363152303,-116.61946177912048,-117.17517044414099,-116.9712834424281,-116.98224594819646,-117.12485994882445,-119.92267108765297,-118.61955791240277,-118.85083288632666,-116.6942286583969,-117.39122930558703,-117.48319316315808,-117.21244774564619,-117.07247028815046,-118.38103195713033,-116.51919934591965,-117.65305798892497,-119.90746752381541,-118.99530357234919,-117.0840055961197,-117.38327118871068,-115.11722829162034,-116.28767142833065,-116.27351361968228,-117.19965117134416,point1,-117.25810254288739,-117.09945516597722,-119.92267108765297,1.201009530325269,-0.716398775445827,0.6594838051560132
HDOK,PLOK,17472,50,50,-130,-14,11,2,33,-117.0109484037542,-115.99374073690258,-115.72878504650143,-118.3240012998268,-116.04515886889735,-117.20748136216092,-117.88605555223367,-116.31019727843551,-116.20249267220814,-116.38956385882953,-118.44932733891046,-115.12737678893292,-117.57097586853432,-117.67576696280796,-117.00575089279268,-116.80716524462437,-116.49915203903892,-116.87686183546548,-117.06490155356167,-118.92706181847812,-116.9868908222166,-117.13129962016752,-117.25410610540081,-117.89052609941973,-118.26022975887751,-115.92084004816029,-118.00203128779921,-115.7982064827081,-116.99961387274253,-117.48410151815042,-115.3779185384686,-117.57221630520198,-116.5714205278684,point1,-116.9803686790933,-117.00575089279268,-118.92706181847812,0.8320300842180244,-0.013582168488091012,-0.512535234995378
HDOK,PLOK,17472,50,50,-130,-14,11,2,33,-116.64780679152749,-116.26674313603664,-115.37740730926471,-117.04384923429532,-116.71582798088528,-117.36590544791397,-117.92961483620454,-118.58674461823594,-117.286182012099,-117.6063825051783,-116.47686138664474,-116.91432512034604,-116.92384907192688,-116.54042528122055,-117.7749566479065,-116.73659933870108,-118.96551721523484,-118.1222464187686,-119.15247440689468,-116.22428392917553,-118.49360259476738,-115.38221296646357,-118.45362535607603,-118.02916681978185,-116.9148328703076,-117.31263126821563,-118.26538436851692,-117.11210265881958,-117.59924439852973,-117.53546822986685,-118.52100491743947,-117.39936443049749,-119.13216092609572,point1,-117.41844862102539,-117.36590544791397,-119.15247440689468,0.9240547979931829,0.09503423020120129,-0.3573163423303414
HDOK,PLOK,17472,50,50,-130,-14,11,2,33,-115.88709870139392,-116.31947689791293,-116.32176125125244,-117.36201313305098,-116.96135087341025,-118.27264980534235,-118.0695756290273,-116.50536566255721,-116.82071249288882,-117.5221789066732,-115.76325220829565,-114.29945664131719,-116.71355673576458,-115.85691972155337,-117.19459656699063,-117.56058380908584,-115.86629482303877,-116.76548707738823,-118.0518152670014,-117.63469071895041,-117.27275331144789,-117.19644890526163,-115.69623412278345,-116.72772660956598,-117.62221731426082,-117.03043183752067,-117.94907004972902,-117.04772861348688,-118.49185332495941,-115.9549687388042,-118.66885779812347,-117.43106726256462,-116.26238899240315,point1,-116.9424419334487,-117.03043183752067,-118.66885779812347,0.8764067075123918,0.4349857140101613,0.4519941445545812
HDOK,PLOK,17472,50,50,-130,-14,11,2,33,-116.71707529268608,-114.66724903947438,-116.09164343294631,-116.46243630010306,-118.26317570691364,-117.21183059221701,-116.33344089776143,-117.14884542572979,-115.11143606744557,-118.07514596602245,-116.48253245740521,-118.33942047903628,-117.67606206964246,-119.20311918134352,-116.85719699471456,-118.10244373866853,-116.40356221974905,-117.29113889176561,-116.67530361745848,-116.84851934749855,-116.52852417263806,-118.2135943794561,-117.97187746674058,-119.26027515302256,-116.79254747297855,-116.95404804844465,-115.18808259194682,-117.16524607232284,-118.14956922863196,-117.32963575896765,-117.79486260146375,-116.92089069734286,-116.45356151900062,point1,-117.11164523883453,-116.95404804844465,-119.26027515302256,1.0818836656778454,0.13886961660807134,0.2594808432216227
HDOK,PLOK,17472,50,50,-130,-14,11,2,33,-115.3842570473619,-115.93323119998931,-116.21133015210853,-116.59044654919187,-116.98567000605065,-116.68059430551818,-117.91013401015121,-114.28355217963534,-117.45060759833098,-116.16360144531158,-116.64844606336914,-115.96868694684133,-118.31765272842955,-115.92204803941767,-117.46602574248058,-118.68299629963832,-116.3137247840961,-116.21661145106087,-117.74815042455685,-116.64513943539215,-116.63031864864519,-117.770011644346,-117.91402414484824,-117.99087441556664,-118.83486205962454,-116.63491961691405,-118.16627413509703,-117.69157955952414,-116.87671795315346,-117.33107398443228,-116.42219225903074,-117.1987869022261,-117.10832180877482,point1,-116.97251101639743,-116.87671795315346,-118.83486205962454,0.9401912161379787,0.3093119574291956,0.43395442317452604
HDOK,PLOK,17472,50,50,-130,-14,11,2,33,-115.96503372629168,-113.93710265799837,-115.6018293977509,-114.92556937347463,-116.62112720380169,-114.45473649832472,-115.62645853368542,-116.82047528227517,-115.54990984089089,-116.0549824087013,-118.02520897133229,-115.1206087657388,-116.91572481944509,-116.62554678185927,-116.24755073632578,-117.48047599775984,-117.83604169037531,-119.05618643168941,-116.44025683300954,-116.98247074285206,-117.60777776085135,-115.39066934351023,-116.70565241845097,-117.10040456860133,-117.77628572212593,-116.75449566200146,-118.50025457596783,-116.22976872610224,-118.12988884696662,-117.81213267753128,-117.8139901049962,-118.32277269163808,-116.53911290479878,point1,-116.69607583930679,-116.70565241845097,-119.05618643168941,1.4269975982108611,0.2489910420931758,-0.3379599720486439
HDOK,PLOK,17472,50,50,-130,-14,11,2,33,-115.78756247582797,-115.26218813533539,-116.7026220294739,-116.51606728565304,-116.32223922406175,-116.79737214247378,-115.87160472390016,-117.2311744862824,-117.70229853275185,-118.46922962498361,-117.39797291432167,-116.8878899887223,-117.95188744001734,-117.39947717146079,-117.33418751682896,-117.08325516719783,-117.41867716300864,-118.89545799480007,-115.29046623902563,-116.85689231290323,-117.23367092763506,-116.99590702217414,-118.26475427698334,-116.18840400314966,-117.83494770784043,-119.54342785960226,-116.71524249495693,-117.33963251823812,-116.93292465444851,-117.64308021861375,-118.96020310446963,-117.12162704621043,-117.19502340292648,point1,-117.18628387291751,-117.19502340292648,-119.54342785960226,0.915197446189503,-0.2460599038500334,0.47868746305012344
HDOK,PLOK,17472,50,50,-130,-14,11,2,33,-116.85212515962324,-114.31963348861566,-115.83026268319732,-116.78518541991816,-115.15674909780589,-116.04188782178778,-117.69374539897457,-116.32905484040809,-117.48300647087724,-118.16042343492558,-117.84144793926785,-116.15263591058506,-117.36937876723368,-117.79544722855073,-119.61769570702359,-115.93770776071972,-118.20822992719357,-115.88232172333599,-118.76411570647403,-119.69737640023551,-117.68193238340196,-116.39312743767924,-117.15799338884813,-117.53549253974644,-116.17923971952288,-116.62562321995472,-118.23755088375734,-117.04939987741275,-115.7722187348881,-116.53012652117123,-116.79808663898051,-116.21334928129319,-117.40841703252832,point1,-117.01518147108902,-116.85212515962324,-119.69737640023551,1.3563750698298085,-0.27305078556007845,0.3436843317278866
HDOK,PLOK,17472,50,50,-130,-14,11,2,33,-116.48788344683086,-115.85268547200563,-114.09242540823317,-118.0812557210094,-116.87847536504141,-117.44521887308794,-119.09469736199767,-115.66320145500737,-117.18869824688912,-117.58224819343587,-117.63594420916822,-117.63266592917542,-117.4237790161501,-116.76103766692201,-115.7314350135371,-115.51231996156002,-118.91471818072529,-116.60937163539968,-117.59965116858667,-117.72802825953042,-116.398850168872,-118.13642414275107,-117.26930000190988,-117.00048493007479,-117.07114398301793,-115.92364373788527,-115.04016531369405,-116.34280382986664,-119.03147495887421,-118.63347364473563,-117.64692820507739,-117.07443326096654,-119.16922543928673,point1,-117.11073006670622,-117.18869824688912,-119.16922543928673,1.4005514888276869,0.28811510557682335,0.0722633015808376
HDOK,PLOK,17472,50,50,-130,-14,11,2,33,-115.77041844270789,-114.60684016859788,-116.9985200242672,-117.7060322033176,-117.29953975042375,-117.11610715990507,-117.33703563624708,-116.27422974412275,-117.41003262090261,-118.22502477548701,-115.50715289043515,-117.23869617623319,-117.57350921725713,-115.77504554169761,-116.45012336293104,-116.39406173250161,-117.33430861275957,-118.3766752205789,-119.68947830597259,-117.59632290839077,-117.41465746502053,-116.81245778749299,-118.58055203225996,-117.94621746445304,-114.6832656595029,-118.4756044925114,-117.75923740165143,-117.67418683149832,-117.57672416016703,-117.06956001494817,-117.09697899232422,-117.81414350202404,-117.55628406872572,point1,-117.18603104143382,-117.33703563624708,-119.68947830597259,1.1176860830405833,0.5422236833100192,0.9716942659450152
HDOK,PLOK,17472,50,50,-130,-14,11,2,33,-114.17768876952013,-116.16070625194723,-120.43654337174063,-115.91694806172126,-115.46142199812593,-117.5073211838072,-116.49811178847229,-116.42957482130373,-116.51193784458222,-118.7516618122276,-117.96239677711107,-116.99291819089171,-118.68167068314982,-117.39064922843299,-116.65560486438754,-119.85383569817543,-117.09853660138488,-117.53248323374741,-118.46672935612874,-117.57617508256,-120.16177503050551,-117.70689131932956,-117.86968660569451,-118.25211777607419,-117.12182129755134,-117.34697198994587,-117.66292814147504,-117.20766896495448,-116.10273539229644,-116.77237167675548,-118.28643124234657,-117.01561196954452,-115.17251712328238,point1,-117.35583164088405,-117.34697198994587,-120.43654337174063,1.7642236399764697,-0.22592061709863845,0.6791313675982278
HDOK,PLOK,17472,50,50,-130,-14,11,2,33,-115.51397720347913,-114.9932537456099,-115.81698955958025,-116.47168794548017,-115.90111763258568,-116.71172198703471,-116.07111016962305,-117.39746774211889,-115.30478629156167,-118.20348995704971,-117.45386823842375,-116.94947165382577,-117.95400700452119,-117.14496540305994,-117.73175480576413,-118.60593832420784,-117.28162039756053,-116.9280824447472,-115.63179706612239,-116.46583512081176,-119.50073087026996,-117.55805351980182,-115.94255521003706,-115.95160624908196,-117.19152017087885,-117.34307840541749,-116.48538482553387,-117.52573963953733,-117.65406342626626,-116.81450428224281,-118.3219995292762,-118.33814749906617,-117.56415285041282,point1,-116.99165088396943,-117.14496540305994,-119.50073087026996,1.0556976259066477,-0.11681844026428541,-0.26187049342556357
HDOK,PLOK,17472,50,50,-130,-14,11,2,33,-115.94541546560983,-115.21338209874321,-117.20005442159339,-116.62463184962212,-115.71808882575951,-117.25006285598317,-116.88441599872478,-118.19047882080514,-118.12737546538341,-117.4875087052811,-116.64663678098594,-116.44300875177693,-117.35440822474077,-118.64670043112783,-117.0649299221369,-117.41050809879057,-117.65993211262885,-116.58516335554174,-116.55312714159786,-117.48822271161603,-119.09612489647363,-119.16377807504888,-117.26915933919035,-117.20012243873968,-117.33216677375418,-117.10637820968756,-118.35808619293186,-117.81517801141509,-119.20247211302353,-118.55559289962575,-118.92696927151506,-118.18585435431991,-115.30437173237726,point1,-117.39425170747128,-117.33216677375418,-119.20247211302353,1.0780494832394023,0.12551837265432653,-0.33936421553652707
HDOK,PLOK,17472,50,50,-130,-14,11,2,33,-116.4291966302627,-115.2941110977611,-116.39581864190917,-115.5026782609555,-115.08446883275678,-118.54942343676689,-115.98949196419103,-116.73654177562742,-118.3321912889426,-119.08897842689743,-119.03762372734278,-116.32453136862837,-116.40732502807943,-116.70117465357619,-117.58183917777724,-117.31459479909606,-119.59486745135689,-116.44360095848582,-117.75749401747487,-116.21824090384543,-117.039117618013,-116.98601417076449,-116.69326988195085,-118.41967679822723,-118.00373285854268,-117.22601723300289,-117.7972761779648,-117.72167104647156,-117.87006006923195,-118.08063251981275,-118.84398941969857,-117.58089112478255,-115.90934997711503,point1,-117.24108761628219,-117.22601723300289,-119.59486745135689,1.2762520594234452,-0.10352911059522707,-0.6587549627336595
HDOK,PLOK,17472,50,50,-130,-14,11,2,33,-115.00178365015856,-115.23925898720012,-116.51805986900462,-119.42083619521819,-117.8993549700764,-119.14541737686037,-117.90197269261331,-116.90742188135643,-117.94476030803642,-117.7659298350066,-118.25016307608756,-117.86231988780928,-116.5580119760487,-117.44134524745085,-117.59598120874088,-116.89270297378889,-118.79070723159239,-117.94453616974621,-116.46129703561755,-117.1967258910834,-117.37608500742597,-116.69842715626217,-116.91379162478144,-119.22185976560245,-116.54205827319706,-117.88013218096887,-115.96813599332458,-116.31856193880995,-117.60656417851386,-115.751033338735,-118.06503084934597,-117.23805968939125,-119.47387750467023,point1,-117.38764254437957,-117.44134524745085,-119.47387750467023,1.2230247240851013,0.03639060513661177,-0.20001355748658955
HDOK,PLOK,17472,50,50,-130,-14,11,2,33,-115.39244496020214,-114.86825449207572,-117.04105709205007,-116.50150561767484,-115.79524280010602,-115.36197304392459,-116.52591051187714,-118.03819383720244,-117.23425817879287,-118.34945954667413,-116.3512232667684,-116.28837536837592,-116.291237265173,-116.3312833876917,-116.68892981337893,-117.00373200572744,-117.5416304767969,-117.35103679340453,-116.28765617001893,-118.69857767560072,-118.26445376934879,-116.86621148628464,-117.32296984603437,-116.35094139696133,-115.69644564669235,-119.69815709733693,-116.87843140108632,-115.45286470893052,-115.9778102083031,-116.97233934507851,-117.30545282017896,-117.52796625895336,-116.82789841609876,point1,-116.82072499105468,-116.82789841609876,-119.69815709733693,1.042163970698193,-0.59976450235114,0.7470227018256694
HDOK,PLOK,17472,50,50,-130,-14,11,2,33,-115.265283372337,-114.69429463318875,-117.17037790247586,-117.42214814660011,-117.99974220035904,-116.20649172842903,-117.57995825462389,-116.76730434165923,-116.69568396712137,-117.44994164237015,-117.9277560565469,-119.15873838058914,-117.10056575463122,-117.61598335035826,-119.2588232138426,-117.69010516289497,-116.54956927785956,-119.6890254194452,-118.1818150526687,-117.13280889401611,-116.81507155050272,-116.9524856059503,-116.92398351450882,-118.01417906687742,-116.85241757877297,-118.42192497875214,-115.84704635045092,-117.60034645377637,-117.27442493725297,-116.65174867191445,-115.44273496225492,-117.08984474340963,-116.11708069606681,point1,-117.19877896553052,-117.13280889401611,-119.6890254194452,1.154363432862858,-0.06223681102828779,0.5434535874441964
HDOK,PLOK,17472,50,50,-130,-14,11,2,33,-115.45980297812233,-114.74319883834195,-116.36987853926223,-116.30334957143734,-115.48470314566156,-116.84155769155925,-116.20377207321397,-116.03944008685019,-116.50764812635404,-115.52376793371835,-116.8118965179168,-117.82019041860332,-118.88035564131106,-117.62981056410001,-118.4733284695221,-115.91881199980737,-115.57778736715936,-118.78917796368505,-117.90929955818773,-116.44278892490932,-116.53155757327585,-116.10271832030611,-115.9088024909391,-117.73703148832813,-118.11014466530538,-117.59984937992334,-118.60919575035405,-117.34560420001682,-118.42579347008726,-118.14068925426389,-116.8607944170925,-117.11474376704759,-116.22311038444766,point1,-116.92244247185185,-116.8118965179168,-118.88035564131106,1.2066647306505982,-0.14669926601657882,-0.9893841514830353
HDOK,PLOK,17472,50,50,-130,-14,11,2,33,-114.46867394919923,-115.73740202656474,-115.38380480041758,-116.00164554260876,-117.72655789671087,-117.6725412430882,-117.35776753958062,-117.28991970369971,-117.45636235458218,-117.13743548117033,-116.43530469275096,-116.72154763352107,-116.5911103847962,-118.28918547068218,-119.44520884345428,-117.99196443759385,-117.43395730474425,-118.0803987912408,-117.64573810496746,-118.18320958130789,-116.54907136955552,-117.19633407570278,-118.39579820467603,-115.20139448781826,-116.94282103112535,-116.72101749621743,-119.67863477662056,-116.98950010035038,-117.08238803865672,-118.36085841926656,-116.33437688858119,-116.75093537859517,-117.75695390378108,point1,-117.18211575617056,-117.19633407570278,-119.67863477662056,1.2095417458301307,0.1242850523262761,0.5902469962214951
HDOK,PLOK,17472,50,50,-130,-14,11,2,33,-116.49409808922898,-115.25684032390177,-115.9125732360929,-116.32854007429987,-117.14562198666276,-118.09592555761617,-116.52778462156327,-117.80717759340666,-116.89093088333804,-116.17900972651992,-117.37559806872365,-116.33817827551646,-117.13812020957312,-116.8656767942434,-118.71920054843979,-118.68125546543261,-117.11663672999906,-116.49027773249146,-116.91614504726772,-117.54650723635747,-117.71441945863783,-117.2370593886295,-118.0287816602255,-117.09348485459809,-116.10312385365447,-116.26277250758203,-118.33275849433169,-115.62176025956437,-117.08881389790534,-116.0550768896629,-117.92088756920383,-117.15533792596678,-115.28640226567094,point1,-116.96141749170629,-117.08881389790534,-118.71920054843979,0.7880552910818716,-0.0824497571681794,-0.46931778214844977
HDOK,PLOK,17472,50,50,-130,-14,11,2,33,-117.44398897339427,-115.66458873563325,-115.48184192204609,-117.30505444006822,-116.66787590613733,-117.194726893717,-117.88642572420973,-118.10384296006131,-118.46940976657847,-117.05171452620277,-118.39252998506393,-119.08134370711245,-117.09940507615805,-117.3876755883387,-116.63459689920059,-116.91945737124259,-117.51496229241116,-119.39621617409226,-117.19729715071554,-117.35212892038955,-119.9773804364754,-117.91339641078174,-118.50031134037384,-116.42508901938663,-117.05504745576766,-117.921850862044,-118.81094561501199,-117.56565343366678,-117.38459522981347,-116.56831484232468,-116.84036135808282,-117.51706900754756,-119.43782796114081,point1,-117.58069472682395,-117.3876755883387,-119.9773804364754,1.0184558547894855,-0.36862481195894736,0.21606153158491503
HDOK,PLOK,17472,50,50,-130,-14,11,2,33,-116.60012014644794,-116.01523788853302,-118.07019750839073,-114.82461071455533,-117.87976046422688,-116.99412659539352,-117.63096415588043,-117.65197492288144,-116.6730002589278,-117.45473215072313,-117.74223563520678,-117.00117821213726,-117.48803659312323,-116.09403231017083,-119.30875138147056,-118.4906652355929,-117.81824511444675,-118.20134145311785,-117.04181582977647,-118.55241687393489,-117.00577157544545,-117.14476833885372,-117.36293892702498,-116.42655178795671,-118.29667549716577,-118.19141038064164,-115.13612962096916,-117.94741658082238,-118.22085428013749,-116.4370652510344,-115.81042299386911,-118.89899195349058,-117.00006063975583,point1,-117.31553034157895,-117.45473215072313,-119.30875138147056,1.0333991860072609,0.4777227544115366,0.10943758945407334
HDOK,PLOK,17472,50,50,-130,-14,11,2,33,-115.00204960898493,-115.98045436936908,-118.2962605259318,-117.0576164711408,-115.84736098201007,-118.79894441658612,-116.81182432459929,-117.0396115914854,-118.28687066445505,-117.57204347447572,-116.19324493445122,-116.9493600948021,-116.09469662750061,-117.18450006181223,-116.65338371000759,-116.92402238539327,-118.07723904005569,-116.63048028694632,-117.50782005417196,-116.12919151831875,-116.91067052770924,-116.67525336842223,-117.38985061894275,-117.24692081363743,-117.54775192869573,-116.13445217906855,-117.52763936221173,-115.45033486117863,-119.47547039510226,-117.53688153940328,-119.27811282919039,-119.20403157582795,-117.73338983572563,point1,-117.18629499932162,-117.0576164711408,-119.47547039510226,1.1259946480183545,-0.3286323176677235,-0.058405990803336305
HDOK,PLOK,17472,50,50,-130,-14,11,2,33,-115.16546233863822,-115.22014826146732,-116.62955719463972,-116.4056264766037,-117.83164584059041,-117.5145386478916,-116.43769117132632,-116.2850456657047,-116.23768744988774,-117.66481768621526,-117.47375978759756,-116.21958697328861,-116.0436840020324,-116.11429037160062,-116.4804999250975,-117.51486320516194,-117.50182156103467,-116.06086634419567,-116.94236720946257,-116.50337854130473,-116.6803531675843,-115.7021404409462,-116.8720706616619,-115.55199343404142,-117.98585520537384,-117.10644425479043,-119.38915732879849,-117.88049154159538,-118.9100863886986,-116.67145972643095,-117.65785771171426,-118.00132059598039,-116.75895031322064,point1,-116.89137937650236,-116.6803531675843,-119.38915732879849,0.9245092071923542,-0.4786088003053112,0.2394515571748923
HDOK,PLOK,17472,50,50,-130,-14,11,2,33,-116.81127269636802,-115.75053317206935,-117.28680647152112,-117.26360812710428,-115.45162098650263,-117.3557983233749,-117.3494251420645,-117.39201800481705,-117.25472256125573,-116.38851167318737,-117.60582776625587,-117.44327002399609,-117.17365883061244,-115.17952189981564,-117.87900428292974,-117.02883725427722,-116.69459775389213,-117.76842646492227,-115.50734500365736,-116.45241895828967,-117.35918113139176,-117.82965422723494,-118.07728122141087,-118.69212205214438,-117.94461360457247,-116.27811215476805,-118.33260085447759,-118.35511019200669,-117.35492684347045,-115.10009608840065,-117.38117942367305,-117.54453280710638,-117.38575700930642,point1,-117.11128463657207,-117.35492684347045,-118.69212205214438,0.8080106479515488,0.7543489692001981,0.06659666142207055
HDOK,PLOK,17472,50,50,-130,-14,11,2,33,-116.55091145576154,-115.00087346327679,-116.86145965259837,-118.21118649343488,-115.77963133979259,-116.97963388139166,-118.8888768453572,-117.83401099942043,-117.20123458064029,-117.48277228242064,-116.13515204427061,-116.97920533055803,-117.33243209091547,-118.02015670843272,-117.45782218335275,-118.198649615665,-115.87783842835063,-115.24903634144319,-118.60542296243736,-116.0884601615898,-116.86233578691437,-116.02841445739502,-118.36878680601689,-116.06324348219033,-117.46014256045984,-118.22772136418442,-119.24800739483639,-117.41009244975072,-115.9562878121116,-116.3981225093453,-115.8894123033148,-118.12160215829334,-116.73476356095932,point1,-117.07586968202675,-116.97963388139166,-119.24800739483639,1.1354122861627671,-0.06590978424677355,-0.7964031577204036
HDOK,PLOK,17472,50,50,-130,-14,11,2,33,-115.62153551281952,-114.91267085780711,-117.92823394923383,-116.27848136274984,-115.10631456683534,-116.58163202998092,-117.44121695070325,-116.43226760992775,-120.02738653383513,-116.62507203851669,-115.83877974039015,-118.1983425195928,-116.91320182964212,-117.94430226715573,-117.5165428432025,-116.98519427225403,-116.08541203814673,-119.005997384224,-115.84254911439844,-116.72265634878316,-118.43194506257883,-116.0416181321109,-116.69392964990847,-117.14688077841228,-116.61008385216833,-115.731141779868,-118.02961731969077,-118.69785662686246,-115.40110421812484,-116.72136059210345,-116.68466858749039,-118.49449820972347,-116.6693039563104,point1,-116.95035753138038,-116.69392964990847,-120.02738653383513,1.3707590367434097,-0.5567518910602287,0.04896925849864253
HDOK,PLOK,17472,50,50,-130,-14,11,2,33,-118.70953889105901,-114.66720096471997,-116.64143126418504,-116.3969377859519,-117.69623798635266,-117.52842685220965,-115.27195601224919,-117.42320824842415,-117.60335680556587,-116.34710572825759,-115.75468003838208,-115.66009651162786,-117.09299429858791,-117.21080479819383,-116.75037391543378,-118.13990582067761,-116.46965870504451,-116.51383794502136,-116.62354963633554,-118.03664189079566,-117.44727675685685,-118.35392360721782,-118.49444228023565,-117.4927381041822,-117.9871779174737,-118.19241271721695,-118.67925430401739,-117.61101238468567,-117.8474638493397,-114.22414815662185,-116.60386197117082,-117.94195292062528,-117.7024602041649,point1,-117.12472937190556,-117.44727675685685,-118.70953889105901,1.2005420400071865,0.8593439090200344,0.4112523576425935
HDOK,PLOK,17472,50,50,-130,-14,11,2,33,-115.23871177796231,-115.9092303519775,-119.042162596663,-114.37178735117323,-116.97204978320491,-117.1636420698925,-117.51210400204128,-116.3885577862506,-116.0672356337555,-116.77660676910575,-117.3494476347441,-116.58334050515225,-117.90779270464796,-117.10340701603222,-116.89041095257265,-115.95030642075704,-116.68389034907945,-117.62365328292188,-119.1739681115641,-116.25298456152586,-117.44529148283925,-117.45515970454102,-116.4864463059327,-119.17160077892245,-118.07419197643696,-114.69235145130887,-117.58153473701974,-116.18221781669632,-117.75387396575867,-118.7943368582944,-117.42275854392742,-118.20890231473815,-119.57558892445756,point1,-117.14562256126963,-117.1636420698925,-119.57558892445756,1.4910303015707773,0.09172324367427259,0.016032804584789062
HDOK,PLOK,17472,50,50,-130,-14,11,2,33,-114.67587963848156,-114.63932887885392,-117.03911651548317,-116.81138582379396,-117.12351867564345,-117.63839176985752,-116.75166549297715,-116.15283415831493,-117.25120611173631,-117.51846362163866,-117.78008367891478,-116.28529314112066,-117.2657828886153,-115.86432922278883,-117.38853805156494,-116.80219973809605,-116.5610502760178,-118.39921790318047,-119.10685851360098,-118.86054157015523,-117.45439986282861,-116.24719019134791,-115.8643946217975,-117.83070385722817,-118.09872303235356,-118.3607994921594,-115.82249763403121,-116.17507336709005,-118.67911416590232,-118.63831472461348,-116.17535462037418,-115.92008482281753,-117.4750200352868,point1,-117.0502229120808,-117.12351867564345,-119.10685851360098,1.2314322085985214,0.16365568909683828,-0.3464382397480339
HDOK,PLOK,17472,50,50,-130,-14,11,2,33,-116.97646320589757,-114.49064350256472,-117.19192123729972,-116.43320275807788,-118.50447830699278,-116.20245588146895,-117.9065928656638,-117.93177258846231,-116.71786567887717,-117.55762664565543,-117.54323753123235,-117.28158059635697,-117.07851446671874,-117.71760650438078,-117.0153267718987,-118.80956261888515,-118.31616130222187,-117.08397790696903,-118.30870498416164,-117.16645045949552,-117.57623186499072,-117.39113402507164,-117.17770690205329,-117.35746715931776,-117.38874607031256,-117.23631011593923,-117.60571738876573,-117.13790543471463,-117.74962051141526,-117.01195726902935,-117.5557594214534,-118.17716798053789,-117.52402227269985,point1,-117.3673906736237,-117.38874607031256,-118.80956261888515,0.5636380043391154,1.466680196352458,5.579214746649649
HDOK,PLOK,17472,50,50,-130,-14,11,2,33,-115.22819517911404,-115.60790069512798,-116.90926242419506,-117.39088857442465,-115.9916381536727,-115.67663740412206,-117.08180820495905,-115.04435323072968,-116.30465731541874,-117.63333776476232,-116.99504832433007,-117.15447101380637,-116.68514402087469,-115.28401908471028,-117.35909616205969,-116.53281092726236,-118.57719843645835,-117.82099563968343,-117.42998447410814,-117.24527068688971,-116.06264254082377,-116.73855042402147,-119.12144152770188,-116.96135391930592,-117.43656680463225,-115.53428693393175,-115.55373880063637,-118.28136717173064,-116.69094193832937,-118.05680331987259,-118.77888259173076,-117.33155008629821,-116.824702816959,point1,-116.888652927051,-116.96135391930592,-119.12144152770188,1.0658617016022787,-0.10551068941699733,-0.4564938437161197
HDOK,PLOK,17472,50,50,-130,-14,11,2,33,-118.90809753648281,-115.90698124858012,-115.9656445764287,-115.1982537124889,-115.578201810683,-118.62634317985693,-116.90691606760898,-116.65921176582019,-117.69757404195495,-115.70979547010529,-117.43671115634733,-118.6279796439668,-117.67747433073828,-115.54282126732714,-116.03509756947984,-115.63634445817428,-117.86062052900041,-118.05819969428919,-118.41300443518365,-117.22726537463711,-116.99817928584291,-115.25047886242831,-119.20136573704512,-116.30882036877942,-116.94668425278279,-117.62308812142855,-120.31732331500152,-117.81352387343524,-118.05613980812159,-117.55566391143958,-116.84669275655237,-115.41331557695344,-116.85112487981908,point1,-117.11681632178136,-116.99817928584291,-120.31732331500152,1.581700443018425,-0.3572613887143307,-0.326263223766039
HDOK,PLOK,17472,50,50,-130,-14,11,2,33,-116.38654925975275,-115.17374122146671,-117.03682531672364,-116.22062161470879,-118.1300910987726,-115.35334015927968,-116.44149025122518,-118.35139070861216,-114.87769339850668,-117.2418706423717,-116.30316880540111,-117.37987479859461,-116.0635210846572,-117.43583422452697,-118.49766209611937,-116.80719610634448,-118.34101562075702,-118.72119570265644,-115.9797132882701,-117.61392594085389,-117.21429375307362,-115.73885015310378,-117.81200393149422,-117.31289615395778,-116.30499718242304,-118.42861032646054,-117.64585671655458,-117.6514501886604,-118.52647585241706,-118.06105972469044,-116.49878753025361,-115.81985461686476,-117.86890707830008,point1,-117.06790195599557,-117.2418706423717,-118.72119570265644,1.1099226281027692,0.2769782308116941,-0.9312580042783907
HDOK,PLOK,17472,50,50,-130,-14,11,2,33,-115.43685351246027,-116.92296861616002,-116.39342932971444,-117.25034932812528,-116.93129960651935,-118.53019724402976,-116.09646444537083,-115.79051178900473,-117.25186317201165,-115.83352111474548,-116.82320747068528,-116.31682377112166,-116.79672794587023,-118.8545062318678,-117.64219454537441,-116.65947253831456,-118.1915174998158,-116.52058209903106,-119.25127681702912,-117.13502333024515,-118.11574547950065,-116.32595248475832,-116.40840922333621,-115.52476227392762,-117.70266335779117,-118.78393486214198,-117.4446732549102,-116.58613490387116,-118.44303738849108,-117.58069329141952,-117.64566174139598,-118.27543756222701,-118.15553132419875,point1,-117.2006493198626,-117.13502333024515,-119.25127681702912,0.9973636268684037,-0.17403329740783402,-0.8096964916893468
HDOK,PLOK,17472,50,50,-130,-14,11,2,33,-116.90863379102757,-114.25223660097035,-116.60324734683516,-116.31305435199862,-116.59305465998672,-117.45964561329833,-116.87386540924216,-116.61176968843351,-116.82123552489699,-118.0404398926402,-117.15766096057983,-117.8669636183437,-115.98617404684944,-116.61698192210693,-117.17749765757814,-117.73721312409138,-117.3822119686889,-117.4609507230694,-117.39936841465929,-115.17969001963675,-117.38556298620048,-117.1147997211194,-117.56107678140296,-117.99238779953454,-118.35523593221384,-118.05338870363788,-117.31093415945779,-116.74187048391664,-116.46452884689384,-116.89071446249646,-116.36152106340109,-116.27429992850503,-116.92681323255039,point1,-116.96590998291708,-116.92681323255039,-118.35523593221384,0.6658939535730566,1.1434395210509951,2.688869765553848
HDOK,PLOK,17472,50,50,-130,-14,11,2,33,-116.0510330754553,-113.26526343384498,-116.46078839746443,-118.02797681016915,-117.7423067179211,-117.6972096595186,-117.29799530854672,-117.42004803443834,-116.36519995419155,-118.12048042028432,-116.57820428522024,-117.2308541430504,-116.51557468863794,-116.12831165658824,-118.47019354813084,-117.5074510769298,-118.15098632875403,-119.6462682859795,-117.51496231344605,-117.36020745805976,-116.54192221344336,-117.65885921870601,-117.56894883348525,-118.42897289353476,-117.01772829991414,-116.5130158270324,-117.68500805982181,-117.47950107573045,-118.00548311459862,-118.3369157840745,-116.90080572304244,-116.01409666720893,-119.0051418208277,point1,-117.29417318569851,-117.47950107573045,-119.6462682859795,1.224711282525661,1.1648406355582712,4.226626618385827
HDOK,PLOK,17472,50,50,-130,-14,11,2,33,-115.25206417432899,-115.02660713507521,-116.06236311380322,-116.67226339258913,-117.66521990091414,-118.08395505801684,-115.45753595330375,-115.23399005426269,-118.90653946341253,-117.21167306457453,-116.74291140671005,-118.71720263944259,-116.94687331444506,-119.39921480218335,-117.86361446325947,-117.0305574279322,-115.47561396733957,-118.49343656155122,-116.535625529908,-117.3638565037151,-117.24744483619179,-116.3096072585729,-117.7856607559851,-115.35599516496404,-116.82656633752096,-117.67013708483367,-117.60433969079857,-119.08756745239677,-117.86838383852475,-116.90315846053686,-119.68986611498323,-118.0308007250214,-116.29660968841664,point1,-117.17628046471253,-117.21167306457453,-119.68986611498323,1.5377282785714752,-0.064483435848792,-0.6404703305268948
HDOK,PLOK,17472,50,50,-130,-14,11,2,33,-116.20720975722065,-116.64879989467333,-116.25435931303629,-117.4687718441299,-116.55477182382629,-118.20219240109616,-116.88910313149206,-117.33589828847813,-116.19310516182641,-117.00429502528692,-118.1697419483867,-116.81408673368614,-116.22362102517582,-117.98084855482979,-116.36559571695213,-116.78324363004864,-117.15695210267987,-115.93400250713813,-116.88024450940074,-117.4550991558231,-118.1260514261461,-116.04825062224253,-117.07807686958006,-116.3731502602955,-118.00257090486815,-116.6256422868853,-115.89304080083,-118.06194650884156,-116.26914108842881,-116.82946120786498,-117.17222108040836,-117.47234253143587,-117.01217813905106,point1,-116.95412170460806,-116.88024450940074,-118.20219240109616,0.4716610985246532,-0.389658453879874,-0.8731319476719284
HDOK,PLOK,17472,50,50,-130,-14,11,2,33,-115.90243660223771,-114.96733842102486,-115.48831270493785,-115.93821848397127,-116.81434214209919,-115.14194277300791,-115.98153411741808,-115.65019124485336,-118.13083769820692,-116.59024065096366,-116.22093556983168,-116.83934588070692,-117.71604139446171,-118.51031704693818,-116.52938524148063,-119.20594899739933,-117.16759389981476,-117.3179099590079,-117.779077142978,-116.45559292225481,-116.98875441486413,-117.67514062347628,-119.21752687999081,-118.27444924356494,-117.58644134403244,-118.66163385354324,-116.35911814517088,-117.70544561080662,-117.72088245760563,-116.49996211562808,-118.31922740145443,-117.06853786765727,-117.1006946233471,point1,-117.0765259840829,-117.06853786765727,-119.21752687999081,1.194878982566166,-0.0734845691957808,-0.5902332701416597
HDOK,PLOK,17472,50,50,-130,-14,11,2,33,-115.72751159747143,-113.70046348405687,-117.32885167625291,-117.92554531429893,-116.5537188288368,-119.41147241296886,-118.3660117962453,-115.35107399287668,-117.40490194554071,-117.59302951636819,-117.15743048460371,-116.85709084920418,-115.81243437845175,-118.04753549066103,-115.66840148363809,-117.23127989103011,-117.86391546375572,-116.06276511103141,-118.23520873407064,-116.97610020385599,-116.17075055841725,-117.24476234766747,-116.63903531271548,-116.66542587456729,-117.21119642474723,-117.14903222193888,-118.52862840530074,-118.18995914841273,-117.49796112603738,-116.59136005357865,-115.89099388074649,-117.67815428971231,-117.31277700198567,point1,-117.03165997881958,-117.21119642474723,-119.41147241296886,1.1847049887194052,0.6428825510221382,1.4868018071031233
HDOK,PLOK,17472,50,50,-130,-14,11,2,33,-115.65835662406998,-114.94235779846215,-116.67880886058244,-116.28929363275489,-118.25541343600906,-116.86138735323205,-117.29683162185782,-116.00840183398789,-116.24241889325722,-118.34508117706447,-118.22173394764636,-114.65676354147006,-118.46237503310927,-116.39187880084086,-117.61746690994856,-117.80630512560221,-117.07296644510494,-117.62425652290769,-117.33826356826432,-117.74864643555266,-118.1015850715881,-117.62297210628601,-117.30918263944322,-116.3691676324745,-117.38963088661129,-118.35584139273628,-114.22520884908035,-117.00106791451326,-117.09951152189069,-117.21803032633672,-118.06319407327871,-117.29931264796365,-119.10631499387239,point1,-117.1115159884182,-117.29931264796365,-119.10631499387239,1.2234346603733566,0.835555785180644,0.6031901049037396
HDOK,PLOK,17472,50,50,-130,-14,11,2,33,-116.65775667382623,-114.05366885888161,-115.9195913103702,-116.55567187195638,-117.28443055970435,-118.15469938169434,-115.41862479304388,-117.16272156522993,-117.2177270703469,-118.70573490733624,-116.76325772379326,-117.0791288677512,-115.65375078218165,-116.51128507850885,-117.17194565791564,-116.8471932703159,-118.04329778493423,-117.02867823692078,-116.76152388988294,-117.88121786165297,-117.97090945071851,-116.35826345761451,-119.02571991722398,-116.77386978899926,-117.20485238816048,-117.6386844862452,-117.53586330715322,-118.00945194876635,-117.73972685063384,-115.4333133447965,-115.15692248113655,-118.00828939031996,-118.59539468106368,point1,-117.04009598906299,-117.16272156522993,-119.02571991722398,1.1613021491516944,0.6083137455174487,0.5466289678110239
HDOK,PLOK,17472,50,50,-130,-14,11,2,33,-117.16219536626292,-115.58596114708261,-116.34577146755953,-116.3623430896827,-117.63334400440415,-116.69004986905757,-116.47364659743677,-116.95690478414255,-117.99184650271845,-116.82533214825743,-118.19240761759814,-116.6546895786025,-116.09027595874758,-116.76539735279638,-117.21369210796907,-116.31046903744979,-117.01141003750202,-118.0019600430747,-119.09133074869573,-116.99066796429487,-116.7523022467898,-117.5589145609694,-117.19931497454755,-118.18026507007352,-116.80675448020588,-115.6850815567046,-120.56859777812593,-117.88595306125093,-118.72292805549489,-117.83814039572994,-116.57217486094213,-118.77212142253283,-116.9839511826564,point1,-117.26897560816239,-116.99066796429487,-120.56859777812593,1.0507052005122546,-1.080970153656397,1.8676195306075036
HDOK,PLOK,17472,50,50,-130,-14,11,2,33,-114.95646922545203,-116.69689038231742,-116.54351154988044,-116.88431483815603,-117.6238089057739,-117.5987184177138,-116.9958494664105,-118.84495979038776,-114.42152800044033,-115.13149548837622,-118.64581868790884,-117.20621604124514,-118.02327732506951,-117.34693047254652,-117.93382562460252,-117.39721073838732,-117.93068366323806,-116.98141815737094,-118.4567290918013,-116.28767458008824,-118.81205891681743,-117.64483012510455,-117.0751878974874,-116.20401565373722,-116.41482069729508,-119.04369022776196,-115.27496531491435,-116.90291764026409,-116.57365368015665,-117.73003107412958,-118.61496334984835,-118.1558093073844,-117.97456503712552,point1,-117.22208604149071,-117.34693047254652,-119.04369022776196,1.3045217366357575,0.6124946962629956,0.046048217163464855
HDOK,PLOK,17472,50,50,-130,-14,11,2,33,-114.80200973042285,-117.07062264238662,-117.62559377551823,-116.91709928366865,-116.88035080965226,-115.83223874071817,-115.15058104116177,-118.19237919671133,-116.77837131856296,-116.72138261573723,-115.9854562806648,-117.4375058090488,-116.81064547537994,-116.84811189280276,-116.4564292097492,-117.7288560180435,-117.09883305795627,-116.68206846634713,-115.80231478251552,-118.85861562960496,-117.37398341125545,-117.48846339796397,-116.79035374262746,-116.29422759354192,-118.94442205243044,-116.41412252381895,-117.17057403526469,-115.76521781443714,-117.10828055335028,-114.92001217386043,-115.96926850886516,-117.61139954438418,-118.01445452371911,point1,-116.83467411067187,-116.84811189280276,-118.94442205243044,0.9450634125569214,0.028568124178529785,0.14900008955670696
HDOK,PLOK,17472,50,50,-130,-14,11,2,33,-115.99946725001291,-114.45071610895542,-116.70919261257056,-116.32826718989142,-116.00970487221323,-118.28042917252301,-119.33843819253028,-117.66636998973782,-115.75016322530665,-117.70423155398106,-117.16320428527256,-118.42101187061725,-117.77012076076811,-115.62439290295917,-117.26501168453999,-118.29154573527956,-116.43092569798111,-117.44501012510032,-116.93843534731846,-117.28404615810557,-116.60451953145513,-117.53499696554798,-117.94725505692021,-116.50361095768658,-117.47429722421023,-118.00268532762836,-117.32492391664644,-116.6392869943203,-116.59378643754759,-117.6431604025002,-115.32300443722755,-118.17841545944314,-118.07807881846678,point1,-117.1126880686444,-117.28404615810557,-119.33843819253028,1.0326490993032509,0.4157982850532731,0.28291344644078453
HDOK,PLOK,17472,50,50,-130,-14,11,2,33,-117.35359972789124,-115.54472124900931,-117.40290573153153,-117.23302243723137,-115.50882648114786,-117.71445975732925,-116.67159257531905,-116.5597328140325,-116.94033604678832,-115.65224380325395,-116.46801997099041,-117.83476202516607,-118.29531755159859,-117.43063592165689,-115.92245837944805,-117.19237314987812,-117.33926682828272,-117.79286786735462,-115.96100842204393,-117.12179462117186,-115.47239479088722,-117.03023902631566,-118.33403607907117,-116.56970105948155,-116.42653713973226,-118.1496577952684,-116.95961022174667,-117.4302265640185,-115.71617347386834,-118.21578280601962,-117.37369726602331,-118.09637582768208,-115.53374896608749,point1,-116.94691292052508,-117.12179462117186,-118.33403607907117,0.7835173344323552,0.2500817000977869,-1.030859878523462
HDOK,PLOK,17472,50,50,-130,-14,11,2,33,-115.66191805432922,-115.61550878910643,-116.72563104777124,-117.27485215645024,-116.59288097224244,-116.7673460911804,-119.0586477875599,-116.90061950892607,-117.08044489282383,-117.83989406645476,-116.92769381845885,-116.1186657053169,-119.79527104839356,-117.63768677692997,-116.27810105496218,-118.20188676499943,-116.7589045323375,-117.27189864522752,-116.1595669202447,-116.42244494966488,-117.02208516916275,-117.4065916076347,-115.91996308242986,-117.44245419039726,-116.46400600813008,-115.443900516188,-116.50107032503404,-115.39274839902079,-118.81689899966571,-116.4376930135716,-115.47563838875708,-116.42049793598206,-116.70149800709112,point1,-116.86469421898323,-116.72563104777124,-119.79527104839356,1.0305545008285963,-0.9965558573360243,1.1970901559447005
HDOK,PLOK,17472,50,50,-130,-14,11,2,33,-114.573975506344,-114.83173759819539,-115.40354820056675,-115.10094497487735,-116.35417076561356,-115.37743655048301,-116.35830781494383,-117.20040406649942,-116.85221596021375,-116.2098437054043,-119.26082457524957,-118.79375155181646,-116.75212270896853,-115.01649082555822,-117.68371711102135,-118.57861986148525,-118.74435217253328,-117.09045775251815,-116.87063139525546,-117.07672461471633,-116.9419166633398,-118.25373635328263,-118.4597745541292,-118.26240358540493,-114.95548643945982,-116.9104918093309,-118.29591055157618,-118.56419487503949,-116.45176951468926,-117.20327439219665,-118.57031355690665,-116.94670553434636,-117.2956612250903,point1,-117.0073308111229,-116.94670553434636,-119.26082457524957,1.689632386287136,0.2104458228920693,-0.8944082571740735
HDOK,PLOK,17472,50,50,-130,-14,11,2,33,-115.28806817680484,-114.39206506562765,-114.84261301674287,-115.08820372702714,-113.61282445796961,-117.41769686958132,-117.49201323022655,-117.16991995851885,-118.17898020060802,-117.05990952498777,-118.58836634987398,-118.32448198603593,-116.98604899943813,-117.22552742649705,-118.31376336829705,-116.03329951110955,-118.65149303104387,-119.81247886554496,-119.99035862269308,-118.06668428831202,-117.19081921238032,-116.0038351095534,-117.00459626247542,-118.40338202609189,-118.56643458027604,-117.17339586938867,-117.03904692131809,-118.8478692176377,-116.67805769062836,-118.10859906633856,-117.08087208761549,-117.33758374051543,-116.61493574431832,point1,-117.22982497592356,-117.19081921238032,-119.99035862269308,2.0550323814178593,0.5208347166290963,0.3484262267972982
HDOK,PLOK,17472,50,50,-130,-14,11,2,33,-117.40606121048668,-116.56685736840765,-117.13610016085667,-116.97634266229105,-115.7667701706642,-117.66854508251092,-116.97838395230225,-118.76269564062575,-115.9561946025997,-117.7225543494379,-117.26942591181141,-115.60938879472302,-118.5697061779093,-117.55791163710832,-117.88466613091234,-117.10586703873895,-118.14038339643027,-116.45097289573084,-117.8086350779391,-117.37870495415578,-117.06188800738697,-116.01580715095814,-118.02374696193228,-117.08243229028588,-115.63708923014588,-118.29043405080795,-116.15427783597713,-117.63811511069159,-119.38680270763143,-117.16176241542111,-117.62013089592013,-118.0004104421825,-118.33276258212659,point1,-117.30672202718513,-117.37870495415578,-119.38680270763143,0.8329031162438485,0.10649926589108726,-0.26459745296975967
HDOK,PLOK,17472,50,50,-130,-14,11,2,33,-116.00575547681692,-114.42902576851748,-116.78606777137726,-117.25631190465775,-116.35351024874585,-116.39604114169671,-117.00270971288258,-115.79031141329828,-117.68587246982676,-118.96025119302966,-116.66094301304851,-119.3003189023235,-118.22302485519685,-116.74507735438341,-117.15560506152747,-116.47289639795545,-116.91634614886257,-118.0219921792361,-117.68513947720773,-117.85549269707718,-118.08199052478192,-115.12587978061624,-116.25971371043701,-117.26745501082357,-117.38808265206795,-117.40334370023584,-117.83822341990715,-117.66392078674892,-118.8622331628976,-117.38793837267657,-116.29127538955751,-117.1280261629012,-118.52397171973735,point1,-117.17953780548659,-117.25631190465775,-119.3003189023235,1.0892764995860729,0.31027064884962674,0.512914916738251
HDOK,PLOK,17472,50,50,-130,-14,11,2,33,-116.49935785286291,-114.64124532453185,-117.16470457327624,-115.85013151592183,-116.52473270512084,-115.98824873957882,-119.34187461926203,-118.1801493803331,-116.80974739854999,-117.64187664468818,-116.9081623608788,-115.77525499493174,-117.47667353037335,-116.89731920657793,-116.20131090116291,-117.3115788010098,-116.69962585116481,-117.96468996206934,-117.47084844015646,-117.88639757222273,-117.36293491391542,-117.13354929165057,-116.36835325521871,-116.75113965840649,-116.78348536913617,-116.2930604822932,-118.06465944723169,-116.65354214322176,-116.25379224868757,-117.3330414406502,-118.20789071069417,-117.97873513923267,-117.88799445227302,point1,-117.03957905840261,-116.9081623608788,-119.34187461926203,0.8024278482616164,0.05486504829418737,0.8802749242727059
HDOK,PLOK,17472,50,50,-130,-14,11,2,33,-115.77313984762115,-115.1201599539505,-117.69051072963488,-115.75460476613947,-117.14927262518772,-118.8782383234177,-117.0051774810535,-118.87646244760131,-116.47170350580048,-117.68523961487928,-116.80667869435743,-114.85480109274715,-117.42485561408486,-117.97725142436632,-120.11977073185892,-117.18210982793717,-117.77066926077094,-116.8515753927006,-114.39515372683464,-114.48898877591724,-117.64091981237154,-117.49291881286621,-117.93998822386907,-117.38457468239146,-120.08649040853214,-117.36072172334931,-117.73841944530696,-118.89221110742109,-118.00342997856798,-119.38540103218433,-117.98506639008433,-119.4606809281047,-117.3623340813176,point1,-117.42453092312809,-117.49291881286621,-120.11977073185892,2.0456829861977925,0.307782259438986,0.04747136316817935
HDOK,PLOK,17472,50,50,-130,-14,11,2,33,-116.47414416028889,-115.64659000849838,-117.57649790829045,-115.87134971365411,-116.98768027578873,-117.99051389309109,-119.40949402287335,-114.5187854717967,-118.4434132870088,-117.55285387548624,-116.52036331289904,-118.52599192743902,-117.4858853675307,-117.83553863878014,-116.20425158520067,-118.05907833357497,-116.87460664256771,-118.55029635212746,-117.63047792883948,-116.07949239330813,-117.61052027666317,-116.00415734134573,-116.72237323061366,-117.37863977857616,-117.3069541128323,-117.78198546553507,-116.30302775138675,-116.40174056674371,-116.89562018775395,-115.71554692416088,-116.83718786040349,-118.69575326458832,-117.45096145697588,point1,-117.13156888838253,-117.3069541128323,-119.40949402287335,1.0693290440043417,0.14139929942628524,0.055790289707572605
HDOK,PLOK,17472,50,50,-130,-14,11,2,33,-115.15710799280991,-113.60449190262831,-115.32278637895699,-118.13004092400071,-117.22787084237316,-116.25577215969037,-118.03751752476181,-116.82757561738072,-117.83164384478218,-116.53064901157173,-116.46866303063418,-116.11725056180673,-116.97777340320043,-116.96415484978117,-118.20599270179535,-118.56278077786465,-119.80958078114796,-117.91625789179402,-114.8391624678392,-117.16416180878335,-118.89740561532679,-118.29369828191643,-116.34897701510609,-116.30603307042087,-116.69361953513645,-116.61500022640361,-116.2219969450631,-116.5883224412703,-117.26466466582235,-117.63538452592522,-116.5275658400741,-117.70984155528275,-116.59555078577137,point1,-116.95906954476126,-116.82757561738072,-119.80958078114796,1.4707380521402855,0.27999490284188633,1.0174068473703257
HDOK,PLOK,17472,50,50,-130,-14,11,2,33,-115.39171015778706,-116.19418401319331,-116.2379395465782,-116.98795427686264,-114.91873072876788,-116.02552942737658,-118.59093934236304,-117.24015718321088,-116.56125396787287,-116.72474038072865,-117.84548530749622,-118.6413255697955,-116.43189054122526,-117.53293388644146,-116.20920697660944,-116.2810077814776,-118.3212100430844,-117.59090127306906,-115.86577101402386,-117.38107134620229,-117.23579340266475,-117.39021237306798,-116.60933732805015,-117.60652534877242,-118.84898867410766,-118.0608785433078,-116.84677189216674,-118.01675681223254,-116.53494726844531,-118.06470382016232,-118.81325306288058,-115.96233796794992,-116.07244221249177,point1,-117.06172398395351,-116.98795427686264,-118.84898867410766,1.0126794957831717,-0.05801192442606284,-0.7433772105835033
HDOK,PLOK,17472,50,50,-130,-14,11,2,33,-117.16541175300446,-115.67747801414339,-115.42644192745237,-116.97802865453392,-117.09890076653275,-116.99056045021172,-117.55436934205305,-117.01523992596964,-116.71915187085905,-117.61307595327456,-117.78471598254215,-118.23107919829506,-115.63187049608048,-118.69026831311552,-114.85814437190783,-116.29349882203748,-117.0670775859772,-115.47995625522992,-116.78526437146351,-115.77656684635456,-116.34135625315628,-118.38468066391934,-117.08929783949938,-116.73251177790617,-116.2997368151641,-118.04618729748847,-118.85826369836111,-117.37234505262728,-116.22891370729018,-117.09791832807487,-117.95207589454805,-117.52121098423287,-114.5531633915592,point1,-116.88832613954139,-117.01523992596964,-118.85826369836111,1.0846962126213435,0.25820501452941275,-0.2837742972791619
HDOK,PLOK,17472,50,50,-130,-14,11,2,33,-115.51897721285714,-115.72057850801033,-114.54257895087615,-116.12343908378367,-116.81293086727673,-115.76441604584343,-116.35194417724477,-117.11200561546848,-114.86047608865151,-117.47414854067738,-118.28907224496577,-118.56400913508442,-116.82994237302874,-116.58915601250382,-117.37161483678477,-117.43877619528745,-116.86527233278268,-116.76975520040924,-117.73808020834916,-117.31017295267812,-118.064449524602,-114.98935362319743,-117.76375056294188,-117.62848083211206,-114.9942499231828,-118.37118211361587,-115.61893053884509,-116.53564462550254,-117.93990954984723,-118.2713225133455,-117.80481049393084,-116.71472874656854,-116.69107200350452,point1,-116.83137065556846,-116.82994237302874,-118.56400913508442,1.1923799976959486,0.421990862530497,-0.7062713526056061
HDOK,PLOK,17472,50,50,-130,-14,11,2,33,-115.84305458505226,-115.32441394065579,-116.09934402438365,-117.43473217262171,-115.46564011730521,-116.44536423741998,-118.29445213553034,-118.44372403452346,-117.51656129553278,-116.98868597075464,-116.59456580246304,-115.48220868350533,-116.39665204511529,-117.13438496502073,-116.28042308395449,-117.04817271309439,-116.08537807059223,-116.20629603586173,-117.49646340250868,-118.82576100797725,-116.3302549480182,-118.04906030759966,-118.48600081930216,-118.01809466090711,-117.2208138219093,-115.42613557640682,-118.4658071258959,-118.32567893011706,-118.16762576012019,-117.13113139075188,-115.8366680406662,-116.66539333718556,-117.7978321032777,point1,-117.00990227715245,-117.04817271309439,-118.82576100797725,1.059287660853762,-0.048249411372235686,-1.203475521058151
HDOK,PLOK,17472,50,50,-130,-14,11,2,33,-116.66385572217185,-114.93068763181275,-117.84719257038623,-117.9445069422279,-116.91367756574647,-117.91876017855755,-115.03758826117777,-117.61356022717152,-116.11525099603779,-117.8502667685178,-118.03557205846928,-116.35722155969574,-115.62625469795864,-116.78788751008501,-116.46682310945462,-118.19901787641962,-117.77872222223841,-117.15526583679454,-117.85734083848058,-115.70188635952213,-116.02070593712955,-118.99298120302511,-116.12343527058053,-117.90795290184649,-116.1587809245255,-119.94641132817289,-118.68011262409986,-117.96937603951893,-118.34746395498082,-116.56922102549115,-116.73374573897118,-116.27566094084484,-116.79981673643923,point1,-117.13112131995615,-116.91367756574647,-119.94641132817289,1.288627278549311,-0.1629234586725509,-0.20281115393398874
HDOK,PLOK,17472,50,50,-130,-14,11,2,33,-114.64422104507497,-113.71184025562269,-115.27567896413969,-118.2344058295717,-115.8095554317532,-117.23784408796672,-117.03619169873285,-115.54465339490903,-119.01065310321574,-117.02390900013566,-117.26915957757605,-117.6458710969387,-115.88793381591486,-117.40273015110081,-117.57122200174386,-115.77114671204208,-117.60485959508216,-115.06566051341474,-118.23775302325883,-117.50342634257872,-118.13064101078271,-117.49671913466594,-117.91570347144315,-116.68556329001109,-117.4683468122513,-118.23130195497997,-115.06944709316173,-118.01873216517038,-116.66212250445055,-116.38693992385066,-115.89526230052708,-118.5311513898583,-116.54042348772781,point1,-116.8642748539289,-117.23784408796672,-119.01065310321574,1.537390738040132,0.5904073884544883,-0.2370863063124018
